1.057445740998778527e+00
1.058282513884460929e+00
1.050578868169793623e+00
9.985938011675181691e-01
7.670247849000852991e-01
2.264387928700998254e-01
5.382877061765509695e-03
1.291309052239902888e-01
2.524285272834364546e-01
3.355493204486074132e-01
3.427392666788199871e-01
3.725510833679093747e-01
3.628756893731422406e-01
2.513709597783950755e-01
7.363399778271304541e-01
5.608881171751254335e-01
5.269503107936350794e-01
5.138108251922460790e-01
5.071344215859315829e-01
5.033109788458136613e-01
5.010578826352255488e-01
4.998198929790896305e-01
4.993193386300141534e-01
4.993994996802521014e-01
4.999593433110059437e-01
5.009341142722217866e-01
5.022710365207793126e-01
5.039313739849315965e-01
5.058843891700229856e-01
5.081059008744307492e-01
5.105773349920584847e-01
5.132851258519842697e-01
5.162202937147221116e-01
5.193781058358517555e-01
5.227577746530907010e-01
5.263621710210957261e-01
5.301975430302686698e-01
5.342732372389153994e-01
5.386014220350237025e-01
5.431968138879620378e-01
5.480764073020104599e-01
5.532592087597915098e-01
5.587659738584548341e-01
5.646189436335458112e-01
5.708415489143620070e-01
5.774524441843021938e-01
5.844949398040865107e-01
5.919760853547586521e-01
5.999279771782917159e-01
6.083762275286910270e-01
6.173459713293475426e-01
6.268615017525038802e-01
6.369458631733404541e-01
6.476203933046824623e-01
6.589042022953854882e-01
6.708135831200254806e-01
6.833614243616068507e-01
6.965578192767968302e-01
7.103309106256643357e-01
7.248560439014937185e-01
7.399395827014894067e-01
7.555105457610543640e-01
7.701106420724520563e-01
7.905056999019225428e-01
8.074536072186639935e-01
8.253205906450212792e-01
8.436819258288617007e-01
8.623963594411532263e-01
8.813395221648195887e-01
9.003710387827972284e-01
9.193206609324454659e-01
9.379739571350153016e-01
9.560509477436477388e-01
9.731703718341204734e-01
9.887826664924163067e-01
1.001828694878796222e+00
1.012586467660634870e+00
1.018605066086176736e+00
1.023288523320741605e+00
1.077058965761217957e+00
1.925147984366233078e-01
4.024931073190659570e-01
1.685061884689359468e-01
5.437466631281645188e-03
5.798259100359890589e-02
2.030772329715605229e-01
3.228582151667783728e-01
3.834279993706590783e-01
3.837188846886723237e-01
3.120436525858539256e-01
1.682639611656946421e-01
2.192508140865183711e-02
3.397800047159636044e-02
2.033065748493724512e-01
3.784350448558310154e-01
4.999668937695279647e-01
5.755330911176517183e-01
6.212459421134980397e-01
6.483708448954932368e-01
6.637220913007735312e-01
6.713728407469446990e-01
6.738172204542363097e-01
6.726223185526576387e-01
6.687684935381393858e-01
6.627727714910357504e-01
6.544505882609442660e-01
6.400391589542354653e-01
3.753580129773393392e-01
6.462451239991768848e-01
6.347186261556703180e-01
6.252295599337895915e-01
6.164424028186418214e-01
6.080456564623119009e-01
5.999411970030734675e-01
5.920850558500689864e-01
5.844422685281410734e-01
5.769689654703191728e-01
5.696018939624443167e-01
5.622497619412191172e-01
5.547880575027868133e-01
5.470883408294406891e-01
5.395704565145873488e-01
5.238252140460467610e-01
5.136081767731993653e-01
4.979474853472333762e-01
4.740967462924532971e-01
4.351399001692802804e-01
3.611295309781051288e-01
1.882484822721877948e-01
1.697692151104765457e-01
9.918311477081619421e-01
8.791797852143914405e-01
8.160161439579132203e-01
7.859713426587606744e-01
7.724975732660263050e-01
7.686573501990410229e-01
7.712299292295330400e-01
7.787196071016785348e-01
7.901178533812894811e-01
8.049025935657180275e-01
8.229807079544542159e-01
8.437705558871080314e-01
8.669877938914989368e-01
8.919885019116925440e-01
9.176328149298507153e-01
9.418696521446302539e-01
9.610247133466648384e-01
9.685661465321321328e-01
9.529995355606497576e-01
8.945294968006830549e-01
7.611816907084608674e-01
5.128480804084937228e-01
1.628902710764515982e-01
1.741634223628974604e-02
4.867620834413045605e-01
9.276103848057822843e-01
9.394880372820593184e-01
7.482157705956201665e-01
5.286131024941229661e-01
3.453555737916494950e-01
2.112372383865922520e-01
1.203923553215442144e-01
6.261401207517761081e-02
2.861511332353829096e-02
1.545834816507853267e-02
1.207231557731609827e-03
1.091164070190591556e-03
4.648895163218931537e-03
1.005392962138731104e-02
1.549621469499122550e-02
1.958591697403124984e-02
2.097633168790167049e-02
1.859379055062111014e-02
1.214969652430516502e-02
3.724344476204129607e-03
1.797099818413408360e-03
2.910865763165284767e-02
1.272809427100946578e-01
3.242664055281972435e-01
5.651004631155875924e-01
7.201244324379652006e-01
8.736084611606473871e-01
9.265111700163392028e-01
9.526460143785426826e-01
9.673826724367637908e-01
9.844599989252138528e-01
7.806595248303555001e-01
9.406096031266082402e-01
9.468592678305406407e-01
9.455556776090756621e-01
9.411566324254977411e-01
9.347266891283183554e-01
9.267482600618006661e-01
9.175490778684162185e-01
9.073889324780286536e-01
8.964569350781879109e-01
8.848272556460556881e-01
8.723736612351468134e-01
8.585853522193395149e-01
8.423102391623780161e-01
