9.956409779536199434e-01
9.951669583180156042e-01
9.948376307052314571e-01
9.946219226971291238e-01
9.944886774469210433e-01
9.944073945894720268e-01
9.943488313419638347e-01
9.942854765718971422e-01
9.941919110011447902e-01
9.940450667320386291e-01
9.938243990002502137e-01
9.935119825436152796e-01
9.930925442968443484e-01
9.925534433165675852e-01
9.918846079591601139e-01
9.910784394088131277e-01
9.901296897078082360e-01
9.890353215045688540e-01
9.877943558220185771e-01
9.864077132702786521e-01
9.848780533021853634e-01
9.832096153338765188e-01
9.814080648408706198e-01
9.794803468877703034e-01
9.774345489638069928e-01
9.752797744716174000e-01
9.730260277560279780e-01
9.706841111576455239e-01
9.682655342324453240e-01
9.657824349874960523e-01
9.632475127429256379e-01
9.606739720353215661e-01
9.580754768260891785e-01
9.554661141612035280e-01
9.528603663475467833e-01
9.502730906550924672e-01
9.477195055233582632e-01
9.452151822355546740e-01
9.427760410236355471e-01
9.404183505718380909e-01
9.381587298925497809e-01
9.360141515463614725e-01
9.340019451618364332e-01
9.321398001680494261e-01
9.304457665725220927e-01
9.289382524842747513e-01
9.276360168732843414e-01
9.265581557497306608e-01
9.257240795006410616e-01
9.251534784895451002e-01
9.248662731362128353e-01
9.248825434548835212e-01
9.252224313003011291e-01
9.259060061614130532e-01
9.269530819684697054e-01
9.283829676362248540e-01
9.302141273552656520e-01
9.324637170839764622e-01
9.351469499673084051e-01
9.382762235299589859e-01
9.418599124415694135e-01
9.459006877856774853e-01
9.503931598701146344e-01
9.553205453716739903e-01
9.606499130333526759e-01
9.663253363666050033e-01
9.722579299262122943e-01
9.783111903116886721e-01
9.842791736698449645e-01
9.898535897490671198e-01
9.945734435735016365e-01
9.977464089785659240e-01
9.983213733205563711e-01
9.946584283232393631e-01
9.838923271811419458e-01
9.438874176421905293e-01
9.373891193980971037e-01
8.804191830732437385e-01
7.948058270234340528e-01
6.715574905994955435e-01
5.093066968314661214e-01
3.236971425211092046e-01
1.519870190983510505e-01
3.734521005246984465e-02
1.643433068928893109e-04
2.894900956469840039e-02
9.720227858130094101e-02
1.814569475136049992e-01
2.672920849090247852e-01
3.477764396230626498e-01
4.204118740477655325e-01
4.848839105102575875e-01
5.417874884624001020e-01
5.920405191970466996e-01
6.365310344067108828e-01
6.760876052632488475e-01
7.114092594345614584e-01
7.430763210232957938e-01
7.715648611192206241e-01
7.972640346810816459e-01
8.204925262471143288e-01
8.415128004965014563e-01
8.605429153623597172e-01
8.777660775384583669e-01
8.933382567750184355e-01
9.073941904598832320e-01
9.200520786193140399e-01
9.314172248066685533e-01
9.415848341277316402e-01
9.506421407899370291e-01
9.586700051291816571e-01
9.657440936039705104e-01
9.719357338084591014e-01
9.773125191629398190e-01
9.819387237479224595e-01
9.858755760746020780e-01
9.891814309175042119e-01
9.919118702887571581e-01
9.941197579219502867e-01
9.958552660427210101e-01
9.971658885707485043e-01
9.980964510879921647e-01
9.986891248139915245e-01
9.989834493531596360e-01
9.990163670354518244e-01
9.988222701841873441e-01
9.984330615397570829e-01
9.978782272836507206e-01
9.971849215850332460e-01
9.963780612831477645e-01
9.954804291835004371e-01
9.945127844605194944e-01
9.934939788377199488e-01
9.924410776972124593e-01
9.913694868130830118e-01
9.902930929957671768e-01
9.892244961753859922e-01
9.881693398680369000e-01
9.871516692202739751e-01
9.861681937760001793e-01
9.852303348199726862e-01
9.843455566695231695e-01
9.835206370013926946e-01
9.827619272358739666e-01
9.820755878313812692e-01
9.814678973998277600e-01
9.809457339270556409e-01
9.805174592133297784e-01
9.801948706526405486e-01
9.799985017708573443e-01
9.799757989310987627e-01
9.802290774722360878e-01
9.748507752258159798e-01
9.788472939532883998e-01
9.795699319910954328e-01
9.801909394642124296e-01
9.809094118294676701e-01
9.817819325432352029e-01
9.828329450586682503e-01
9.840582420546276632e-01
9.853837601026534943e-01
9.865177619072684756e-01
9.863942691994318501e-01
9.805439520613909998e-01
9.431266327842527941e-01
6.802393460326940922e-01
2.022388061935360415e-01
7.317217904981894172e-01
8.551050355411576875e-01
8.986039442171916969e-01
9.197620625567063390e-01
9.321755568477529952e-01
9.404067185149728170e-01
9.463624706402414821e-01
9.509658287875321081e-01
9.547124132644497774e-01
9.578893173647090586e-01
9.606723757283163190e-01
9.631736224640975452e-01
9.654662106997354831e-01
9.675982925592299111e-01
9.696011319355871683e-01
9.714940403396813418e-01
9.732874847191226308e-01
9.749851058649291469e-01
9.765850701948342039e-01
9.780810068146864600e-01
9.794626855339894078e-01
9.807165351843762924e-01
9.818260670675891255e-01
9.827722455972184301e-01
9.835338308829931764e-01
9.840877009216457694e-01
9.844091374458701083e-01
9.844720160996064395e-01
9.842487453303326861e-01
9.837095518663850902e-01
9.828199767343852589e-01
9.815327474851023304e-01
9.797551717330037491e-01
