5.341448552871288502e-01
5.384641536834904318e-01
5.405250093904422348e-01
5.408700770532112179e-01
5.399672537410244999e-01
5.382144643951012331e-01
5.359451260004992612e-01
5.334339627995045019e-01
5.309029433024908817e-01
5.285271730785039423e-01
5.264406210807888176e-01
5.247415896816199909e-01
5.234978638706131449e-01
5.227514954300347405e-01
5.225231945658206367e-01
5.228163151565040634e-01
5.236204309484195907e-01
5.249145090210985964e-01
5.266696939631503316e-01
5.288517217088666289e-01
5.314229861794775855e-01
5.343442850777132547e-01
5.375762738646427952e-01
5.410806598741693119e-01
5.448211732876908631e-01
5.487643621721970399e-01
5.528802858493484518e-01
5.571432597230082662e-01
5.615330708660761783e-01
5.660381954246062053e-01
5.706690778576415379e-01
5.755650795121062258e-01
5.770690626958124847e-01
5.840879573413377823e-01
5.890499807985154490e-01
5.939533372326516458e-01
5.988802898238710926e-01
6.038531138176010948e-01
6.088843550712405017e-01
6.139852083766771385e-01
6.191697081052880414e-01
6.244732050290303649e-01
6.290052911331222019e-01
6.351134867554482089e-01
6.407294839128148123e-01
6.464912425328094292e-01
6.528009736071770375e-01
6.570210477531815974e-01
6.617415246006307372e-01
6.703734570242477764e-01
6.765011781538117219e-01
6.828542603347105278e-01
6.893335099190834869e-01
6.959139616759334457e-01
7.025776010512964076e-01
7.093055873850951931e-01
7.160765119604639573e-01
7.228658343179553691e-01
7.296456429959669032e-01
7.363845290127947196e-01
7.430475038271265875e-01
7.495959320873091247e-01
7.559874602530491927e-01
7.621759240474833552e-01
7.681112160995370308e-01
7.737390917987566619e-01
7.790008868753804938e-01
7.838331147014521161e-01
7.881669047851568299e-01
7.919272363444155305e-01
7.950319121329197936e-01
7.973902078423829032e-01
7.989011215442921587e-01
7.994511361643655833e-01
7.989113968045218339e-01
7.971341955626527476e-01
7.939486522532454016e-01
7.891554840870941279e-01
7.825207726797515084e-01
7.737686394289863268e-01
7.625725120518245248e-01
7.485417973281860426e-01
7.310825985473552446e-01
7.102978936932087262e-01
6.848116381387551188e-01
6.543200836128080233e-01
6.181086767627457235e-01
5.754858436044456571e-01
5.258447072264018640e-01
4.687748617286738861e-01
4.042082656648063321e-01
3.325734098381866177e-01
2.548981069765203222e-01
1.726979339598112007e-01
9.077449478600747856e-02
1.518733568065162333e-02
8.491168769302566421e-02
8.133973116711882279e-01
2.410757032752166573e-01
8.555172331776131345e-02
2.725288965773411259e-02
4.547562089913562491e-03
4.674199676524574618e-04
7.603012201775723872e-03
2.169915189157995902e-02
3.997556107968128908e-02
6.053229552556157328e-02
8.206228760807572631e-02
1.036573031418825674e-01
1.244777826405811111e-01
1.473515624578624894e-01
1.656822235300831891e-01
1.839915131727638542e-01
2.013302099804306355e-01
2.176538290744594872e-01
2.329990350384944786e-01
2.474295918813494699e-01
2.610207620374209170e-01
2.738519217743171641e-01
2.860024464781946163e-01
2.975493661298870274e-01
3.085661362715408362e-01
3.191222119341815544e-01
3.292833795774039451e-01
3.391133069142147072e-01
3.486786082886546567e-01
3.580686581728473317e-01
3.656817797271490478e-01
3.750379195800161436e-01
3.843342060330980359e-01
3.932130903936640887e-01
4.020006471177450802e-01
4.107749732463825132e-01
4.195857427726999433e-01
4.284771325176207624e-01
4.374939031526480226e-01
4.466846673757530750e-01
4.561049279990698757e-01
4.658208163654465883e-01
4.759142754784641549e-01
4.864906965580999554e-01
4.976906710286044255e-01
5.097088229636548284e-01
5.228253171808708855e-01
5.374612236549889399e-01
5.542816012429863104e-01
5.744013987367840857e-01
5.998340976124676427e-01
6.345814056747004495e-01
6.876440923212305822e-01
7.819178689076512478e-01
9.270357571046707879e-01
3.995334497729708528e-02
1.768575115807241582e-01
3.112100363934063307e-01
3.760085944160762028e-01
4.121744114682128202e-01
4.332945275853603562e-01
4.440568810142550560e-01
4.453012282024036983e-01
4.348692532765745522e-01
4.053638254332775359e-01
3.256421582229822587e-01
3.437471889598303632e-01
1.409264895845047383e-01
5.956904685092744706e-02
8.321448836542241212e-01
9.890852945783422667e-01
9.678895070881046170e-01
9.434128510226770237e-01
9.217204233162867855e-01
9.214290842549759386e-01
9.189065523489714504e-01
9.196039752289149050e-01
9.224651746301801847e-01
9.267254599022216599e-01
9.318359302117020793e-01
9.373881356451259084e-01
9.430671840916728943e-01
9.486233054658891328e-01
9.538546952607250828e-01
9.585973323255096989e-01
9.627191859091920323e-01
9.661171501043605003e-01
9.687153380076619635e-01
9.704625606471484200e-01
9.713214942083595593e-01
9.712072584641822104e-01
9.694816575329952002e-01
9.527696239712249993e-01
9.035349477797021134e-01
9.534456071772937635e-01
9.546252737926150811e-01
9.521090823230631273e-01
9.480193179053201247e-01
9.416922444512010326e-01
9.291269112687872145e-01
8.937345991978947746e-01
7.564343299689088029e-01
2.868876352674596952e-01
