9.778827499798734557e-01
9.768264336755800858e-01
9.765024255719049195e-01
9.768212833110299087e-01
9.776945617549208656e-01
9.790376929085217172e-01
9.807728043301868759e-01
9.828318255648784696e-01
9.851605493245598755e-01
9.877250481743241606e-01
9.905237203263053125e-01
9.936136262825083776e-01
9.971779374727890444e-01
1.001737836539712045e+00
1.009070128397411281e+00
1.029874975955749061e+00
8.806374423121923201e-01
9.756766385193794688e-01
9.869612901114326320e-01
9.917460602377193846e-01
9.945006874568468325e-01
9.962766210418499968e-01
9.974535803565987013e-01
9.982059928319717557e-01
9.986288172366416527e-01
9.987812347565319104e-01
9.987044737988861609e-01
9.984299297511244342e-01
9.979831625231219139e-01
9.973859759820229431e-01
9.966575424934086547e-01
9.958150283649116474e-01
9.948739499460376168e-01
9.938483821286981934e-01
9.927510862853531348e-01
9.915935955741961294e-01
9.903862794050958263e-01
9.891383996011665625e-01
9.878581653343627700e-01
9.865527906306663652e-01
9.852285562450442402e-01
9.838908764922874584e-01
9.825443708938361720e-01
9.811929400851409078e-01
9.798398452132517367e-01
9.784877899739349294e-01
9.771390044430835475e-01
9.757953299246417966e-01
9.744583041443870552e-01
9.731292462558396306e-01
9.718093412817896404e-01
9.704997237923083109e-01
9.692015608109174618e-01
9.679161341529385343e-01
9.666449226315193544e-01
9.653896848284178045e-01
9.641525434248836568e-01
9.629360724379860681e-01
9.617433891267630486e-01
9.605782528454993585e-01
9.594451737628394428e-01
9.583495351808017926e-01
9.572977342407652523e-01
9.562973471827325156e-01
9.553573271506415887e-01
9.544882449827336579e-01
9.537025867295967352e-01
9.530151261437179722e-01
9.524433965535622493e-01
9.520082950322007465e-01
9.517348634855536949e-01
9.516533073683899335e-01
9.518003344899864659e-01
9.522209247437556368e-01
9.529706754754952991e-01
9.541188982362103221e-01
9.557526399299796083e-01
9.579816656669525310e-01
9.609438634159528370e-01
9.648085354600529628e-01
9.697683858620345099e-01
9.759880853204556672e-01
9.833920068661180514e-01
9.908166568783040029e-01
9.922951080345258079e-01
9.577454673767679116e-01
7.235899406587374960e-01
7.161521444223456490e-02
2.144700180577873705e-01
4.776388682304710809e-01
6.076038846699033380e-01
6.739910490258473885e-01
7.071523178691028200e-01
7.310264324865412000e-01
7.530732082220702450e-01
7.685743390267170128e-01
7.794665766279788022e-01
7.874261904429913361e-01
7.934111947930064801e-01
7.979939678050385066e-01
8.015394218380097469e-01
8.042920661185859466e-01
8.064216090169348261e-01
8.080486130891059160e-01
8.092597301030550749e-01
8.101170434534494813e-01
8.106637758223076418e-01
8.109274396424319686e-01
8.109206916837086165e-01
8.106391583008087931e-01
8.100532735654892846e-01
8.090839242400426068e-01
8.075202760911286415e-01
8.046405561596259304e-01
7.957839099730531496e-01
7.089396329262335206e-01
8.083130497659268832e-01
8.058715994361668189e-01
8.028687814725343763e-01
7.996072899941247814e-01
7.959235633271818378e-01
7.916535481934129370e-01
7.866185340175854135e-01
7.806004738084970640e-01
7.733147221811162986e-01
7.643730902559309204e-01
7.532271649798067958e-01
7.390751355550416735e-01
7.207005781811192113e-01
6.961797662501897355e-01
6.623241583323925541e-01
6.135727932396122242e-01
5.397720699333705685e-01
4.223858764540542321e-01
2.361907359580239785e-01
3.116497278954904679e-02
1.859779944528952844e-01
6.352570015488006039e-01
8.720505716936564067e-01
9.549154870226354008e-01
9.786613233435408343e-01
9.824567355197455498e-01
9.797231478314700759e-01
9.749610841524417593e-01
9.697608559463664069e-01
9.646867090247359666e-01
9.599118574953706684e-01
9.554528907180767083e-01
9.512625212657930263e-01
9.472685081858694955e-01
9.433933861081046368e-01
9.395825414447883661e-01
9.360507760068210725e-01
9.297892526466700058e-01
9.260222143216360058e-01
9.210619312293961691e-01
9.153434663191150067e-01
9.087130666183188543e-01
9.009231049374887279e-01
8.916449288672734230e-01
8.804435341856671204e-01
8.667265855755159620e-01
8.496472993449539768e-01
8.278956761527018759e-01
7.991560960719997775e-01
7.582636639569758641e-01
6.875984790825472315e-01
4.304313633739571543e-01
8.560978561981585910e-01
7.204732688634891691e-01
6.280716340507919160e-01
5.387003034808904856e-01
4.449327627756096692e-01
3.476234137820905512e-01
2.517446266168905655e-01
1.645208159985571128e-01
9.311099384322898964e-02
4.214803421692289720e-02
1.234625937047898608e-02
8.442257973791635539e-04
2.757461950100540023e-03
1.286003265545694954e-02
2.667925899210502050e-02
4.090483479266147221e-02
5.334663508809804611e-02
6.270261407667084008e-02
6.830220005157586205e-02
6.989798224277402050e-02
6.752510556914208262e-02
6.142699174377101029e-02
5.204398124055401725e-02
4.006901234150558877e-02
2.658717531064515999e-02
1.333097595649717498e-02
3.092183571135033449e-03
3.058901633589509463e-04
1.168582459152746854e-02
4.639605249287580280e-02
1.145223702874319516e-01
2.222467681976157128e-01
