9.200693474884725775e-01
9.136183145795276905e-01
9.087780209534241926e-01
9.053146743102642446e-01
9.030053150786689908e-01
9.016477728708922612e-01
9.010891726226755161e-01
9.014661482786344715e-01
8.985163505371571713e-01
9.006982959880446282e-01
9.014689413042619170e-01
9.021047857637668477e-01
9.026131113096237391e-01
9.029477436640407362e-01
9.030642264817838605e-01
9.029283714803542082e-01
9.025174824095631987e-01
9.018197575943139865e-01
9.008331273924012894e-01
8.995639145356716382e-01
8.980254676683651072e-01
8.962368375205689297e-01
8.942215319055333289e-01
8.920063694507878171e-01
8.896204426719388492e-01
8.870941949987621866e-01
8.844586121556393676e-01
8.817445251794068239e-01
8.789820199462262673e-01
8.761999461041548587e-01
8.734255165080768712e-01
8.706839862668173113e-01
8.679983977077130319e-01
8.653893726479380266e-01
8.628749233985631983e-01
8.604702315425551973e-01
8.581872883005253749e-01
8.560341384162986067e-01
8.540129888933997160e-01
8.521145971009616016e-01
8.502968411384639325e-01
8.483526494106710114e-01
8.411318263005675977e-01
8.483197045949923965e-01
8.465739671441792069e-01
8.455392749517187667e-01
8.447852794347329164e-01
8.442319155713218226e-01
8.438389939826210773e-01
8.434213622638293550e-01
8.438347567487424206e-01
8.438608310600282936e-01
8.441032979953511095e-01
8.445071452530892309e-01
8.450707174989166015e-01
8.458119607410323759e-01
8.467892262332136211e-01
8.482116481011376941e-01
8.514540788314576281e-01
8.368319436674761524e-01
8.470200808908091572e-01
8.492380847377754005e-01
8.508899311892139661e-01
8.524293113825825996e-01
8.539630798618655927e-01
8.555284758582407667e-01
8.571412214356153303e-01
8.588083839538913633e-01
8.605309516470773801e-01
8.621834609320706555e-01
8.642082498706787907e-01
8.661202610800129431e-01
8.681045349971727720e-01
8.701577000401082840e-01
8.722800615891668219e-01
8.744725435251218260e-01
8.767362874905622050e-01
8.790725573183831854e-01
8.814827111116605440e-01
8.839682001266809808e-01
8.865305890649284315e-01
8.891716030526926051e-01
8.918932132866829177e-01
8.946977814720502575e-01
8.975882961893538736e-01
9.005687570590958924e-01
9.036448042994865704e-01
9.068247714430608397e-01
9.101215010620548052e-01
9.135556112156729691e-01
9.171617022722253765e-01
9.210010115477348380e-01
9.251896891160582559e-01
9.299702080461088594e-01
9.359253190382713639e-01
9.448013877426379992e-01
9.635211180615667059e-01
7.611715886719503388e-01
8.990629562908883932e-01
9.125595915426811811e-01
8.893916233846638209e-01
9.553072522328448501e-01
9.467309558283492077e-01
9.404455431577104507e-01
8.859587842099375665e-01
9.797823982592732683e-01
9.769462005763330792e-01
9.765055470172491203e-01
9.776822428500665518e-01
9.794458865802123659e-01
9.814039980568159960e-01
9.833536395723178059e-01
9.851343893835069476e-01
9.865189747520938246e-01
9.869136264362061706e-01
9.831292509088307430e-01
6.945252588274262173e-01
9.772256173624029874e-01
1.000045154938329794e+00
1.001326609969865666e+00
1.002123881282580342e+00
1.002779248531899814e+00
1.003290506099410173e+00
1.003638294931783914e+00
1.003806723365652687e+00
1.003779607366412696e+00
1.003516483222126388e+00
1.002538122092242245e+00
1.003329529233748962e+00
1.002368648825581854e+00
1.001464421506853997e+00
1.000458986032556341e+00
9.993454404767515564e-01
9.981370539451981383e-01
9.968546533448036095e-01
9.955241245678889683e-01
9.941758942143092970e-01
9.928449900666578287e-01
9.915712957482746281e-01
9.903997854157541303e-01
9.893804356191324700e-01
9.885671660279454764e-01
9.880142837002732215e-01
9.877666927736229452e-01
9.878342699527679072e-01
9.881241322944777083e-01
9.882525119094180965e-01
9.869755944168380202e-01
9.802392345963997222e-01
9.533163079048790900e-01
8.449533714108634630e-01
4.949656132509300255e-01
3.418883205116377555e-01
3.012882040584646814e-01
4.056218473389258672e-01
5.843100053724057386e-01
6.863524605017150559e-01
6.197389733377520749e-01
7.474318980283335412e-01
7.666790333499511334e-01
7.862719874520562868e-01
7.970824698466881797e-01
8.047876568408137699e-01
8.106347033901316612e-01
8.153223645517035933e-01
8.172032288370270070e-01
6.701774623689525923e-01
7.613855004673749649e-01
7.904190218103780419e-01
7.962607279246203262e-01
7.970069599041605946e-01
7.953497313122586121e-01
7.919111139743361116e-01
7.866928904834075142e-01
7.792829942513389563e-01
7.686626336310122820e-01
7.523961727347300288e-01
7.234689316585150021e-01
6.517914211810189595e-01
2.807189814576546705e-01
8.865993932926032883e-01
8.415764115967658832e-01
8.078621690579582681e-01
7.775365950074342170e-01
7.279939035857359020e-01
5.811485896682587748e-01
6.353265837517672043e-01
8.127427492117064167e-01
7.986222167037384523e-01
7.849595489885213828e-01
7.739394266841217451e-01
7.648938949929711129e-01
7.574077087616141180e-01
7.512784282040602113e-01
7.464089393149055951e-01
7.427364294064611183e-01
7.401779105927531743e-01
7.385736272240513989e-01
7.376102430861285475e-01
7.366969317485456692e-01
