1.022255442318771745e+00
1.029050723272906698e+00
1.033774357142487110e+00
1.036657510422319017e+00
1.037938630670864004e+00
1.037856091724954410e+00
1.036642239593471793e+00
1.034518702011697933e+00
1.031692824312440138e+00
1.028355096882038078e+00
1.024677444372381396e+00
1.020812253473302400e+00
1.016892023932152611e+00
1.013029536223317262e+00
1.009318438472705859e+00
1.005834164645170725e+00
1.002635105361690426e+00
9.997639618439266851e-01
9.972492222289015551e-01
9.951067077363533464e-01
9.933411438164745366e-01
9.919477183780228691e-01
9.909135954405928759e-01
9.902193580143261453e-01
9.898403586289986622e-01
9.897479596392672052e-01
9.899106481238977295e-01
9.902950117182239831e-01
9.908665618381355955e-01
9.915903891022901373e-01
9.924316317732082560e-01
9.933557308328208046e-01
9.943284335082388514e-01
9.953154884943559155e-01
9.962819473425521544e-01
9.971909419609674696e-01
9.980017389176005782e-01
9.986667624358674944e-01
9.991271048721620529e-01
9.993057640662421637e-01
9.990973889651464379e-01
9.983525521578133777e-01
9.968532776762398795e-01
9.942743388738578547e-01
9.901210038165173533e-01
9.836272347571776153e-01
9.735869086590569488e-01
9.580719955853044256e-01
9.339658054231704254e-01
8.962232381209046528e-01
8.368542504225203738e-01
7.441591035228689588e-01
6.046729404902170257e-01
4.143280899066347223e-01
2.033913438712252331e-01
4.584510618150624411e-02
7.074117741032220821e-04
5.228103977419935183e-02
1.464216691431165784e-01
2.439133913333123849e-01
3.288363849755208124e-01
3.980854241597109877e-01
4.532355821079491198e-01
4.969258686273080317e-01
5.316283256067781959e-01
5.593496083434271737e-01
5.816382887438729110e-01
5.996694419087404970e-01
6.143328116708527409e-01
6.263052867924142619e-01
6.361059201187727608e-01
6.441364342394835241e-01
6.507107432577509121e-01
6.560764661510716245e-01
6.604306824887572480e-01
6.639315604225903833e-01
6.667070165698323336e-01
6.688612284428566701e-01
6.704795808802246349e-01
6.716324604086701955e-01
6.723781941808234519e-01
6.727653477245918445e-01
6.728345374909513454e-01
6.726198727089077734e-01
6.721501112704899583e-01
6.714495927692883948e-01
6.705389959594455496e-01
6.694359560326466063e-01
6.681555678680594079e-01
6.667107934834292093e-01
6.651127833367476150e-01
6.633711070242597208e-01
6.614938519378824600e-01
6.594874060790097969e-01
6.573549277713691685e-01
6.550834479138366584e-01
6.507530105814086641e-01
6.503868852583467586e-01
6.478099641763789274e-01
6.451404685781869652e-01
6.423684634096781254e-01
6.394837899708403217e-01
6.364645153159669277e-01
6.332538109062650911e-01
6.296666073621667303e-01
6.246862763432416976e-01
4.877324655298493350e-01
6.245893266793083320e-01
6.195385972348294024e-01
6.161764395005077111e-01
6.126168968505767420e-01
6.090500085852778023e-01
6.054564893757823363e-01
6.018215605212613450e-01
5.981349216846334471e-01
5.943882293113799120e-01
5.905736197159570100e-01
5.866828631694422924e-01
5.827068336270431193e-01
5.786351365055543150e-01
5.744558173914235955e-01
5.701551128168442784e-01
5.657172228827576088e-01
5.611240950355381729e-01
5.563552134793542381e-01
5.513873917517879697e-01
5.461945679940873877e-01
5.407476039807982415e-01
5.350140903670858039e-01
5.289581620923576866e-01
5.225403296425421562e-01
5.157173341427457869e-01
5.084420373367612989e-01
5.006633619175123728e-01
4.923263043452580923e-01
4.833720531652166974e-01
4.737382653490018747e-01
4.633595925776175517e-01
4.521686404723109787e-01
4.400977884402662577e-01
4.270830736309887410e-01
4.130743192362505978e-01
3.980697088475368961e-01
3.822431439985776724e-01
3.643426685869500803e-01
3.441966611664154518e-01
3.239052347743427429e-01
3.023459943667430871e-01
2.794572770053156407e-01
2.552938425870347472e-01
2.299631811640853174e-01
2.036316003068419644e-01
1.765362487329168728e-01
1.489979065398194247e-01
1.214338615430639590e-01
9.437155813339470622e-02
6.846704565104673457e-02
4.454301807116963635e-02
2.369918912670017710e-02
7.708063594723211023e-03
8.147813283642976571e-04
2.233565077430053891e-02
3.236581294213613513e-01
1.940976839386279740e-01
1.605923828982026152e-02
1.348379540749451754e-03
1.057018674517030792e-02
3.005457113515477494e-02
5.658980869496246097e-02
8.894045190924013133e-02
1.265702247581733664e-01
1.695927048761338707e-01
2.195451920047684080e-01
2.832173867041127280e-01
4.022825912273664817e-01
1.573470681797895787e-01
3.074779313442488893e-01
3.807454096885040107e-01
4.414016085803262879e-01
4.985714987310184143e-01
5.547556755767882875e-01
6.108520346054853167e-01
6.671241288096374511e-01
7.234024631977116204e-01
7.790394582536155355e-01
8.327268358479690269e-01
8.822018015187149675e-01
9.238778542609072941e-01
9.525172216261665881e-01
9.612243485346448901e-01
9.422339155313068648e-01
8.889764399510099446e-01
7.993399106333911597e-01
6.787466036477837195e-01
5.405468827384215524e-01
4.022296580369350005e-01
2.792871605084807918e-01
1.807432358915954940e-01
1.085612657125734071e-01
5.985391195609119502e-02
