9.348885375182824919e-01
9.419861118063601602e-01
9.495209359571271657e-01
9.573062027694585474e-01
9.652031965601960417e-01
9.731245485561551556e-01
9.810394070474565131e-01
9.889820687483323880e-01
9.970664420275933137e-01
1.005509745428052604e+00
1.014668607767758912e+00
1.025079314358213978e+00
1.037406694049025413e+00
1.051548318687393513e+00
1.058131502208032204e+00
9.019743605262607877e-01
1.702619320674211845e-01
2.844383756845001443e-01
6.909933477703933402e-01
7.884000610086306926e-01
8.306062902914215229e-01
8.528072604912431132e-01
8.655141416237034369e-01
8.729705205123635681e-01
8.772234180467541886e-01
8.793879291179482749e-01
8.801283830187296431e-01
8.798687297841013555e-01
8.788944979397212975e-01
8.774063226020715200e-01
8.755499290439563431e-01
8.734338650473578713e-01
8.711404920280256814e-01
8.687330882359785011e-01
8.662606170891024027e-01
8.637610424279984489e-01
8.612637097566607780e-01
8.587911086002342209e-01
8.563602122537796735e-01
8.539835192197472447e-01
8.516698741148167606e-01
8.494251090842834806e-01
8.472524931297490403e-01
8.451527785087050715e-01
8.431219830520724212e-01
8.410493508062202306e-01
8.393434565540278669e-01
8.375217503163235877e-01
8.357761678443476061e-01
8.340954813313923299e-01
8.324748040778110481e-01
8.309101539454247787e-01
8.293978597310907031e-01
8.279344731128419621e-01
8.265167724348670975e-01
8.251417821811780628e-01
8.238067893123771634e-01
8.225093512818354435e-01
8.212472945186253259e-01
8.200187034535392216e-01
8.188219005810555284e-01
8.176554181428387080e-01
8.165179619781980369e-01
8.154083679840103960e-01
8.143255514880305412e-01
8.132684496776122485e-01
8.122359570414932062e-01
8.112268535789664003e-01
8.102397253067574745e-01
8.092728763571590545e-01
8.083242317279479838e-01
8.073912295692364793e-01
8.064707019132093535e-01
8.055587433410814624e-01
8.046505692864165393e-01
8.037403726952653260e-01
8.028212106606154030e-01
8.018850368486325486e-01
8.009233815092858810e-01
7.999317954046976098e-01
7.989650269478750788e-01
7.974174385793807440e-01
7.963158747159665429e-01
7.949547870518582915e-01
7.934102837740940606e-01
7.916496560695081008e-01
7.896215498481952144e-01
7.872589040752653311e-01
7.844752331127538003e-01
7.811570615481308044e-01
7.771493008033865113e-01
7.722189732192703548e-01
7.659059516283120983e-01
7.557197247327018808e-01
7.499322128326124659e-01
7.400705902765961630e-01
7.272383622375915291e-01
7.086088128886126603e-01
6.853606445279371018e-01
6.640804603842600518e-01
5.564466594985629788e-01
4.984228796303424858e-01
3.801944613022545938e-01
2.028708817504728812e-01
2.169776816605119632e-02
9.911874479058759013e-02
4.722784163452807271e-01
7.554176287765147491e-01
8.882546354199066796e-01
9.455256470783970357e-01
9.706206697766748270e-01
9.818262800420871628e-01
9.867891328049915867e-01
9.888671266591214648e-01
9.896123559731884178e-01
9.897709082766001920e-01
9.897092121924671027e-01
9.896067302968365453e-01
9.895476892552251824e-01
9.895667203588972560e-01
9.896724136229554381e-01
9.898598357036900719e-01
9.901173340467311901e-01
9.904302940461805482e-01
9.907832318919691517e-01
9.911609614222814946e-01
9.915492392720246517e-01
9.919351144801672460e-01
9.923071113813017874e-01
9.926553203142605142e-01
9.929714398930389319e-01
9.932487969092486102e-01
9.934823596958841652e-01
9.936687547848189750e-01
9.938062930527270522e-01
9.938950090282564487e-01
9.939367145989463914e-01
9.939350647581444154e-01
9.938956260934797005e-01
9.938259236203785818e-01
9.937354051218824091e-01
9.936351577608683039e-01
9.935368005377994693e-01
9.934470730747905209e-01
9.932625518548644505e-01
9.935068243158036161e-01
9.935037055684078355e-01
9.935196518121044429e-01
9.934462986466741086e-01
9.932772493908396116e-01
9.935607100379559853e-01
9.877834883817506739e-01
9.703152647133735931e-01
9.165404478177254788e-01
5.971935640082940422e-01
3.696882567725312541e-01
2.078675789033249469e-02
3.349496452689245118e-01
5.516894130675721319e-01
6.585534897607152605e-01
7.149037614347616421e-01
7.467559184304802811e-01
7.653273966731329869e-01
7.759554410900617594e-01
7.827079375378818149e-01
7.827543952600879429e-01
7.813481134909309178e-01
7.767625402536416646e-01
7.374439260494513038e-01
7.649395985002501730e-01
7.646047227805716773e-01
7.536534125974644338e-01
7.421070777184112233e-01
7.292474232400519840e-01
7.147862684743417905e-01
6.984676477396801753e-01
6.799923584780237507e-01
6.589983683320180807e-01
6.350403596060600897e-01
6.072819260349221482e-01
5.739180704755197926e-01
5.329847203639030973e-01
4.822291596476771525e-01
4.180221047130595613e-01
3.352342064817577794e-01
2.287520504045316982e-01
1.029397735683345999e-01
1.305751584872624944e-02
1.071883947291554229e-01
2.739983926595786490e-01
6.097414540341196121e-01
8.001629200922070195e-01
8.797933054001882969e-01
9.067012654552012441e-01
9.115298908793635357e-01
9.077381706117670923e-01
9.011085202144517581e-01
8.941474800914950283e-01
8.879296946007274594e-01
8.828753713136614500e-01
