9.897273500490681997e-01
9.897640271832927050e-01
9.898159276877707136e-01
9.898822465655827685e-01
9.899620490043543608e-01
9.900543139509853097e-01
9.901579713559423013e-01
9.902719334816662000e-01
9.903951207251272537e-01
9.905264824376006638e-01
9.906650132400101061e-01
9.908097653322271992e-01
9.909598572843267839e-01
9.911144797780508942e-01
9.912728987406848047e-01
9.914344562842042352e-01
9.915985698287517192e-01
9.917647297552995012e-01
9.919324958982187468e-01
9.921014931527316616e-01
9.922714064400559586e-01
9.924419752406384854e-01
9.926129878759594183e-01
9.927842756917032441e-01
9.929557072698240727e-01
9.931271827732829349e-01
9.932986285070453114e-01
9.934699917597851204e-01
9.936412359751172207e-01
9.938123362863250376e-01
9.939832754366934031e-01
9.941540400966756286e-01
9.943246175814252075e-01
9.944949929632692642e-01
9.946651465695671712e-01
9.948350518502928619e-01
9.950046735973888667e-01
9.951739664939068808e-01
9.953428739703263917e-01
9.955113273433788823e-01
9.956792452127818382e-01
9.958465330906139945e-01
9.960130832389507693e-01
9.961787746917313280e-01
9.963434734374618795e-01
9.965070327413318996e-01
9.966692935855894220e-01
9.968300852090383746e-01
9.969892257275918546e-01
9.971465228197291530e-01
9.973017744613037472e-01
9.974547696969133792e-01
9.976052894349115574e-01
9.977531072558075698e-01
9.978979902243003686e-01
9.980396996968938783e-01
9.981779921177931225e-01
9.983126197971164961e-01
9.984433316665118907e-01
9.985698740078056135e-01
9.986919911515522719e-01
9.988094261429512066e-01
9.989219213729927382e-01
9.990292191738315841e-01
9.991310623771981758e-01
9.992271948358855127e-01
9.993173619078321579e-01
9.994013109033330622e-01
9.994787914955628461e-01
9.995495560951400682e-01
9.996133601890490050e-01
9.996699626442278053e-01
9.997191259763045235e-01
9.997606165828379909e-01
9.997942049401342679e-01
9.998196657618367844e-01
9.998367781154523515e-01
9.998453254919479338e-01
9.998450958190543414e-01
9.998358814054568722e-01
9.998174787960263377e-01
9.997896885075181483e-01
9.997523145981644932e-01
9.997051639991336724e-01
9.996480454938440063e-01
9.995807681602565387e-01
9.995031389694565283e-01
9.994149590133412087e-01
9.993160174195833134e-01
9.992060811945067123e-01
9.990848775200622534e-01
9.989520611861745225e-01
9.988071504359228303e-01
9.986493889247383127e-01
9.984774115369418057e-01
9.982882894038707100e-01
9.980740110171375523e-01
9.978009459112857638e-01
9.969152331437813874e-01
9.978079838316117334e-01
9.974317355376443039e-01
9.971472208431410023e-01
9.968733528585496106e-01
9.965962571844068085e-01
9.963116411849156639e-01
9.960177639365062063e-01
9.957138101785414364e-01
9.953993737830688637e-01
9.950742583099690952e-01
9.947383891137099310e-01
9.943917708497026497e-01
9.940344655966463217e-01
9.936665811920508684e-01
9.932882650092242915e-01
9.928997008283086956e-01
9.925011075777290248e-01
9.920927392789604671e-01
9.916748858182274917e-01
9.912478743279365956e-01
9.908120710507990481e-01
9.903678836149810705e-01
9.899157636813668004e-01
9.894562099463714011e-01
9.889897714987908595e-01
9.885170515398009616e-01
9.880387114843249829e-01
9.875554754687305703e-01
9.870681352965277044e-01
9.865775558601649342e-01
9.860846810833857612e-01
9.855905404351463783e-01
9.850962560735656570e-01
9.846030506865383058e-01
9.841122561033979199e-01
9.836253227632233420e-01
9.831438301350486908e-01
9.826694981970431897e-01
9.822042000957745822e-01
9.817499761192653995e-01
9.813090491338433141e-01
9.808838416493911305e-01
9.804769946930924629e-01
9.800913886862081537e-01
9.797301665288165040e-01
9.793967591026584429e-01
9.790949133971661444e-01
9.788287234405348425e-01
9.786026641682273874e-01
9.784216282667046460e-01
9.782909658684181275e-01
9.782165267059517166e-01
9.782047039011463330e-01
9.782624778790843800e-01
9.783974578166083624e-01
9.786179163385719804e-01
9.789328105136113622e-01
9.793517780082556801e-01
9.798850906213918410e-01
9.805435368342213520e-01
9.813381879600877600e-01
9.822799747053798658e-01
9.833789551055548417e-01
9.846430779608158490e-01
9.860761148873429249e-01
9.876742064107097985e-01
9.894200632934591066e-01
9.912731295537060561e-01
9.931526433664084053e-01
9.949079042771348247e-01
9.962648642431911616e-01
9.967275886261434126e-01
9.953909707847397037e-01
9.905735774487723910e-01
9.790774687378884789e-01
9.546751070844653464e-01
9.051127913711111139e-01
8.072224848797197039e-01
6.256596468260585686e-01
3.471104925326596868e-01
8.046280342315029199e-02
2.628808907011102782e-03
9.338205376797310830e-02
2.280160960262758441e-01
3.458213886129637982e-01
4.364613909839232253e-01
5.042943302226412516e-01
5.552915133227717126e-01
5.941799594250694039e-01
6.242210256206683905e-01
6.476128449548100852e-01
6.674489977899792370e-01
6.828439001941717379e-01
6.954174957126012524e-01
7.057650763941902827e-01
7.143224238835159667e-01
7.214164465913934787e-01
7.272949320136521401e-01
7.321468549488561184e-01
7.361164293052879781e-01
7.393128356127690592e-01
