1.000007393467976957e+00
9.972178574009917806e-01
9.946929665328453352e-01
9.924235203888955859e-01
9.903977528614280601e-01
9.886026262028024814e-01
9.870248274894558582e-01
9.856512018075279657e-01
9.844679067906854097e-01
9.834563050386405658e-01
9.825797543714622773e-01
9.817424314822482678e-01
9.806505821499639231e-01
9.782650879211477468e-01
9.699853231366442063e-01
9.244094230788971744e-01
3.777015152868268832e-01
5.828500216732933614e-01
8.428379768220065626e-01
8.967182576501964153e-01
9.161385156344589165e-01
9.250380085781463313e-01
9.295268519156145715e-01
9.317821896166844642e-01
9.327546560597196335e-01
9.329206918267971549e-01
9.325444064347712114e-01
9.317840938056913824e-01
9.307408230292558704e-01
9.294826437603556091e-01
9.280575134692199413e-01
9.265006020064610048e-01
9.248386160163709624e-01
9.230924615595585969e-01
9.212789397641002465e-01
9.194118591319899725e-01
9.175027849185383166e-01
9.155615566498910285e-01
9.135966540641132783e-01
9.116154619365612888e-01
9.096244662203222253e-01
9.076294027491645933e-01
9.056353726568227014e-01
9.036469340763881863e-01
9.016681766628893424e-01
8.997027834673660962e-01
8.977540833302000145e-01
8.958250960383845607e-01
8.939185718579339968e-01
8.920370265953412314e-01
8.901827728953022323e-01
8.883579475436811368e-01
8.865645308070113639e-01
8.848043341972121612e-01
8.830787993383591994e-01
8.813870298842175766e-01
8.796742613627539509e-01
8.777220332371857836e-01
8.764965383759052431e-01
8.749921589250712062e-01
8.735129506367843577e-01
8.720729317233318900e-01
8.706743563824722587e-01
8.693117985871990916e-01
8.677337150334250016e-01
8.668402260492036326e-01
8.656178299756973615e-01
8.644626450220598279e-01
8.633634255199101881e-01
8.623189287504831047e-01
8.613293595189462915e-01
8.603952687490168394e-01
8.595172836376638870e-01
8.586960120254847340e-01
8.579319955542082932e-01
8.572256777951735573e-01
8.565773752461847135e-01
8.559872448040283244e-01
8.554552418200206398e-01
8.549810601390637199e-01
8.545640383600984213e-01
8.542029999162324971e-01
8.538959540733079834e-01
8.536394766585578830e-01
8.534272599096469625e-01
8.532461251219605192e-01
8.530621747466855531e-01
8.527492070448878803e-01
8.510996154682513026e-01
8.550390472289901567e-01
8.545106880813091443e-01
8.544896516028900324e-01
8.546583813800853191e-01
8.549384832613310392e-01
8.553166758475601039e-01
8.558077258797096576e-01
8.564595636057920069e-01
8.573901695799501788e-01
8.589170094499509744e-01
8.621578506667186836e-01
8.749782393878063891e-01
8.088289620893005516e-01
8.413851708074997493e-01
8.445576026728850438e-01
8.211852119938856109e-01
8.467581879542367407e-01
8.474051882125800406e-01
8.462147017597861920e-01
8.442825531033461006e-01
8.415618031752503114e-01
8.378699489614752638e-01
8.329233793454845491e-01
8.263038539267696381e-01
8.173870829306589814e-01
8.052127497735317441e-01
7.882427249993761986e-01
7.638887945531322998e-01
7.275367821615958963e-01
6.704281771837573567e-01
5.750985447561181019e-01
4.087831712885363622e-01
1.539028098340056439e-01
6.072848510183809223e-02
3.944859431711079112e-01
7.227615977570628347e-01
8.765323370220875487e-01
9.397389860250592308e-01
9.672253985603184168e-01
9.801432515211386809e-01
9.866336149107423070e-01
9.900914340870322627e-01
9.920483286214002439e-01
9.932401489015522111e-01
9.940370686494073293e-01
9.946309206827165239e-01
9.951224410767495199e-01
9.955642716045076668e-01
9.959832317246021249e-01
9.963924207555010515e-01
9.967981968616654864e-01
9.972046339736168052e-01
9.976169996272542528e-01
9.980454986950102469e-01
9.985108689627517631e-01
9.990544520219732938e-01
9.997537091772249473e-01
1.000656826651109554e+00
9.972460443171549116e-01
9.291244364906574571e-01
9.853868260316516192e-01
9.906104457832172194e-01
9.921623539566524208e-01
9.926893001710316300e-01
9.927584579527233277e-01
9.925603713766595337e-01
9.921764689635872436e-01
9.916474214435689882e-01
9.909960251177363233e-01
9.902363474516078234e-01
9.893778912201310893e-01
9.884277145299168454e-01
9.873916516575743652e-01
9.862751499696076340e-01
9.850840055326511857e-01
9.838252118720477446e-01
9.825081626838370052e-01
9.811465515253707803e-01
9.797613978842705240e-01
9.783847199845754350e-01
9.770515948601884437e-01
9.756065244593820074e-01
9.674147761654535715e-01
9.422843098864943645e-01
9.687085530962985525e-01
8.881840081856503533e-01
9.417691857909716857e-01
9.430953560262828050e-01
9.216500849519936311e-01
9.269425915482838452e-01
8.504736554971381590e-01
9.469715279045342049e-01
9.609224988378830545e-01
9.513616296346910639e-01
9.461949936951127293e-01
9.423034510604009206e-01
9.390762933724398076e-01
9.363734709141594559e-01
9.342354858485857338e-01
9.328207115937280358e-01
9.323799880935730311e-01
9.330696567564187305e-01
9.331341821541490056e-01
9.043867994750590666e-01
3.522885509150117667e-01
5.387703038826565649e-01
6.027899660615964050e-01
5.744235079698997160e-01
8.340637292586988716e-01
8.415494894261873471e-01
8.413735366505825652e-01
