9.922810674141856468e-01
9.927352285009184429e-01
9.932193590022899699e-01
9.937255965831097715e-01
9.942463230936703367e-01
9.947742650594382230e-01
9.953025674907588494e-01
9.958248444619048900e-01
9.963352097499448279e-01
9.968282906282283085e-01
9.972992276842052028e-01
9.977436632872856981e-01
9.981577210847075721e-01
9.985379786503536526e-01
9.988814351657637758e-01
9.991854757768655615e-01
9.994478340434996833e-01
9.996665536898423632e-01
9.998399506700331729e-01
9.999665763843543775e-01
1.000045182723054316e+00
1.000074689470148437e+00
1.000054154472786561e+00
9.999827468709866496e-01
9.998597235856401255e-01
9.996844091801031507e-01
9.994561791408500540e-01
9.991744465638431327e-01
9.988386521857385292e-01
9.984482576598879833e-01
9.980027419465243854e-01
9.975016006629308096e-01
9.969443482230591069e-01
9.963305225823788636e-01
9.956596923979743607e-01
9.949314664088267923e-01
9.941455048415598350e-01
9.933015326475148621e-01
9.923993543818719898e-01
9.914388705397586543e-01
9.904200951714405843e-01
9.893431746050086462e-01
9.882084071134095149e-01
9.870162633702400656e-01
9.857674075467437458e-01
9.844627189114196764e-01
9.831033138009470651e-01
9.816905678398095692e-01
9.802261382936308109e-01
9.787119864495611443e-01
9.771503999237897142e-01
9.755440148052260119e-01
9.738958375502347886e-01
9.722092665520088994e-01
9.704881133144525052e-01
9.687366231678600226e-01
9.669594954698976785e-01
9.651619032414753274e-01
9.633495121920557791e-01
9.615284990918142594e-01
9.597055694487873767e-01
9.578879744451378464e-01
9.560835270754561854e-01
9.543006174084391890e-01
9.525482268524253504e-01
9.508359412362097363e-01
9.491739623956616523e-01
9.475731177508217584e-01
9.460448669953634981e-01
9.446013043678936905e-01
9.432551537509784589e-01
9.420197514377401937e-01
9.409090063795678693e-01
9.399373164273584491e-01
9.391193912811097722e-01
9.384698563095233981e-01
9.380022672655984328e-01
9.377262133477703987e-01
9.376361477602062067e-01
9.376393023573152963e-01
9.337202352998954513e-01
9.400253662848910841e-01
9.408147568829280383e-01
9.421434522645213416e-01
9.438697293749057637e-01
9.459829745125898359e-01
9.484916405928885963e-01
9.514073444545269043e-01
9.547396871741496982e-01
9.584927138824032022e-01
9.626609014174880574e-01
9.672235809834622833e-01
9.721366314848968182e-01
9.773197478401430827e-01
9.826365751940073778e-01
9.878632374249132209e-01
9.926377516700948256e-01
9.963775920943102049e-01
9.981437522734993850e-01
9.964149936965888132e-01
9.887142057554869634e-01
9.710060745811465166e-01
9.368019480196123627e-01
8.761257985521050395e-01
7.754018145647791904e-01
6.217589481063414691e-01
4.178472172056515443e-01
2.036886884993832914e-01
4.982836485246124741e-02
7.080242882267152231e-05
3.799473335896084991e-02
1.205279957110339806e-01
2.145626090762664251e-01
3.038643433798212667e-01
3.829238434185803230e-01
4.511215592885017278e-01
5.096014819277281394e-01
5.598929687582973047e-01
6.034995439075407919e-01
6.416374285292588686e-01
6.753045824979655443e-01
7.052863976609931029e-01
7.321974266954982546e-01
7.565180261280308738e-01
7.786245259516023642e-01
7.988130680980869425e-01
8.173180976257775621e-01
8.343266073286690343e-01
8.499891000632103788e-01
8.644280405157397373e-01
8.777443894661998147e-01
8.900226680506673205e-01
9.013348875873393728e-01
9.117435968912196431e-01
9.213042374192292883e-01
9.300669515281179134e-01
9.380779561796480648e-01
9.453805702298335722e-01
9.520159654980004937e-01
9.580236983192291778e-01
9.634420679335697901e-01
9.683083399380462142e-01
9.726588664782743754e-01
9.765291294424217616e-01
9.799537283449013536e-01
9.829663306530462830e-01
9.855995988868625490e-01
9.878851058260061935e-01
9.898532465251322909e-01
9.915331535169477073e-01
9.929526195076733286e-01
9.941380299449086300e-01
9.951143058770226535e-01
9.959048551106617353e-01
9.965315257587378239e-01
9.970145478345346923e-01
9.973724255282750972e-01
9.976216651162760352e-01
9.977758863672194778e-01
9.978417328508689677e-01
9.977815508746004092e-01
9.981362451667693536e-01
9.978961266808707986e-01
9.977623754458038174e-01
9.976174805375683796e-01
9.974509396023910623e-01
9.972463161705353851e-01
9.970594665298811998e-01
9.968248317191736874e-01
9.965471094830898879e-01
9.962062269567328876e-01
9.957680022359994831e-01
9.951767663872517211e-01
9.943413395270308541e-01
9.931089385657050350e-01
9.912142803260051149e-01
9.881739358424257436e-01
9.830495776286517495e-01
9.738643483176562254e-01
9.559806482858659304e-01
9.168619014039307569e-01
8.161952830176474327e-01
5.185570790398186247e-01
6.165612885381701463e-02
3.546711582562445675e-01
6.814399794497311147e-01
8.168358868349755442e-01
8.784663711888267557e-01
9.111962745641298822e-01
9.307480555773979258e-01
9.434801975946083274e-01
9.523253399860824864e-01
9.587834870279323685e-01
9.636862260491967369e-01
9.675247270592184368e-01
9.706040794662236237e-01
9.731215910405454084e-01
9.752090729602338470e-01
9.769569148557084581e-01
9.784284320657805623e-01
