9.750033623610273592e-01
9.761876367569805035e-01
9.774482154172561277e-01
9.787450163636177702e-01
9.800443956696491821e-01
9.813187466395439928e-01
9.825460346327087313e-01
9.837092912075591222e-01
9.847960873014277583e-01
9.857980015949430186e-01
9.867100970247441039e-01
9.875304156011430745e-01
9.882594992364338582e-01
9.888999421774439247e-01
9.894559788345567153e-01
9.899331092855928604e-01
9.903377634767177584e-01
9.906770041194136178e-01
9.909582674659288548e-01
9.911891405077262185e-01
9.913771726634440506e-01
9.915297196775958444e-01
9.916538172217369551e-01
9.917560815562270760e-01
9.918426345567766811e-01
9.919190504198144298e-01
9.919903214230813004e-01
9.920608402189905473e-01
9.921343962705641006e-01
9.922141841922059724e-01
9.923028219251114335e-01
9.924023768522219902e-01
9.925143981371400415e-01
9.926399537476289225e-01
9.927796707997134096e-01
9.929337780243114864e-01
9.931021493184568616e-01
9.932843474910085790e-01
9.934796674526850113e-01
9.936871782267922004e-01
9.939057632740116999e-01
9.941341587290429826e-01
9.943709892414318574e-01
9.946148011960401769e-01
9.948640931616367089e-01
9.951173434806398488e-01
9.953730349669867028e-01
9.956296767262821090e-01
9.958858231511689141e-01
9.961400901775544492e-01
9.963911689123970961e-01
9.966378367656840709e-01
9.968789662330983514e-01
9.971135314886022671e-01
9.973406129525735908e-01
9.975594000059410105e-01
9.977691920217042210e-01
9.979693978843153790e-01
9.981595341646808395e-01
9.983392221134600453e-01
9.985081836297300395e-01
9.986662363552073485e-01
9.988132880360436339e-01
9.989493302865541935e-01
9.990744318799444912e-01
9.991887316829892729e-01
9.992924313419151439e-01
9.993857878186342969e-01
9.994691058672379169e-01
9.995427305327336809e-01
9.996070397453847844e-01
9.996624370765178069e-01
9.997093447145478651e-01
9.997481967125330105e-01
9.997794325523297054e-01
9.998034910646904638e-01
9.998208047383929653e-01
9.998317944475499930e-01
9.998368646202696608e-01
9.998363988687307691e-01
9.998307560968155983e-01
9.998202670979098317e-01
9.998052316527454852e-01
9.997859161349229584e-01
9.997625516298384030e-01
9.997353325705137239e-01
9.997044158932708591e-01
9.996699207150875344e-01
9.996319285336743299e-01
9.995904839519922369e-01
9.995455959280465930e-01
9.994972395529002629e-01
9.994453583594216095e-01
9.993898671667612588e-01
9.993306554673211384e-01
9.992675913645959751e-01
9.992005260735185024e-01
9.991292989981221950e-01
9.990537434035636766e-01
9.989736927032486502e-01
9.988889873841313438e-01
9.987994825932622334e-01
9.987050564073773895e-01
9.986056187972348619e-01
9.985011212807008985e-01
9.983915672179777268e-01
9.982770226318233853e-01
9.981576273014550749e-01
9.980336056424208291e-01
9.979052764590291558e-01
9.977730598892315950e-01
9.976374784685245745e-01
9.974991466643031712e-01
9.973587383718989230e-01
9.972169124604902679e-01
9.970741576845426613e-01
9.969304794078280851e-01
9.967847665375280108e-01
9.966334857413525761e-01
9.964678871026272367e-01
9.962677004443506457e-01
9.959858757884976210e-01
9.955080737217516518e-01
9.945314213309625062e-01
9.921415045848691605e-01
9.850605191411397898e-01
9.607945595687320539e-01
9.216127489784172733e-01
9.457062710938929362e-01
9.671158477094277117e-01
9.765311649846284414e-01
9.810933151682325049e-01
9.834701350584993396e-01
9.844868971499250998e-01
9.840183333104233210e-01
9.805690289136345106e-01
9.680051465755326046e-01
9.143665602603746612e-01
5.686746031929139633e-01
4.565465532048295638e-01
8.067806016955397785e-01
8.925552316184585111e-01
9.237034920243211156e-01
9.386122967931114225e-01
9.469935568546191673e-01
9.522090262759618229e-01
9.556864644803976239e-01
9.581249579466761812e-01
9.599068640797001617e-01
9.612689815111364888e-01
9.624281559858760549e-01
9.588944984454054188e-01
9.631486869697704067e-01
9.637997258205757145e-01
9.642531949576493844e-01
9.646096537701865925e-01
9.649009944314655973e-01
9.651439614956547342e-01
9.653489072139638250e-01
9.655224639815186416e-01
9.656687055494720395e-01
9.657897743168953886e-01
9.658862703322442789e-01
9.659575164758561483e-01
9.660017532103910565e-01
9.660162915569103781e-01
9.659976413961695041e-01
9.659416261495095135e-01
9.658434914389377735e-01
9.656980132084466151e-01
9.654996094040561028e-01
9.652424583531336033e-01
9.649206262750060770e-01
9.645282057939180698e-01
9.640594668449166127e-01
9.635090209189003385e-01
9.628719991557515012e-01
9.621442443406708067e-01
9.613225163727089351e-01
9.604047102440443906e-01
9.593900849855323543e-01
9.582795013947863483e-01
9.570756656703923726e-01
9.557833753396615117e-01
9.544097631122929748e-01
9.529645335652273674e-01
9.514601869523288125e-01
9.499122240915507387e-01
9.483393265064786748e-01
9.467635073347409058e-01
9.452102320439530470e-01
9.437085158971203480e-01
9.422910220193945197e-01
9.409942200184743255e-01
9.398587433273303260e-01
9.389302526690339601e-01
9.382614308759493760e-01
9.379155796792122413e-01
9.379572441564316687e-01
9.378936766796613922e-01
