1.025110387491936947e+00
1.028291207010978203e+00
1.029872681911065957e+00
1.030087688191400730e+00
1.029161894432382818e+00
1.027309702734874763e+00
1.024731235876325641e+00
1.021610228388105002e+00
1.018112688837675250e+00
1.014386210993217574e+00
1.010559822370497685e+00
1.006744269597444674e+00
1.003032650832259121e+00
9.995013159394769975e-01
9.962109651195111271e-01
9.932078860946790266e-01
9.905252787029215078e-01
9.881846237984592829e-01
9.861970606844135956e-01
9.845647439013743840e-01
9.832821560889282164e-01
9.823373588372776855e-01
9.817131679993555959e-01
9.813882438709958800e-01
9.813380900173509502e-01
9.815359573706811114e-01
9.819536525989939202e-01
9.825622516902621228e-01
9.833327212640116111e-01
9.842364513486719924e-01
9.852457043001109360e-01
9.863339852138214292e-01
9.874763396458472453e-01
9.886495847305812879e-01
9.898324799053134226e-01
9.910058434416206818e-01
9.921526208728431717e-01
9.932579112107450259e-01
9.943089565870464330e-01
9.952951006482479990e-01
9.962077206925918915e-01
9.970401381754824266e-01
9.977875118361498874e-01
9.984467173203883661e-01
9.990162167993018594e-01
9.994959217187322498e-01
9.998870514600868287e-01
1.000191990356706695e+00
1.000414145191409698e+00
1.000557805003110978e+00
1.000628004753084888e+00
1.000630394148113389e+00
1.000571112683797503e+00
1.000456671762153693e+00
1.000293844547623490e+00
1.000089564057766056e+00
9.998508298356632018e-01
9.995846234208470849e-01
9.992978327221521129e-01
9.989971852969796728e-01
9.986891904558595767e-01
9.983800900340832341e-01
9.980758175993990067e-01
9.977819657893778338e-01
9.975037613804463854e-01
9.972460475661562018e-01
9.970132727289454655e-01
9.968094846750428228e-01
9.966383287645987910e-01
9.965030474340353939e-01
9.964064769470881711e-01
9.963510342102481765e-01
9.963386809406739042e-01
9.963708419231883662e-01
9.964482332777025997e-01
9.965705135137888915e-01
9.967355743261591128e-01
9.969380522621745788e-01
9.971659601297215847e-01
9.973917659193285434e-01
9.975393982345600596e-01
9.972520411227397963e-01
9.961775772355183634e-01
9.962431605548863756e-01
9.933726827201949661e-01
9.836486939062086821e-01
9.446065988686506154e-01
6.732087373415353015e-01
2.437758633404629727e-01
8.103276200811325714e-01
9.126814491819029707e-01
9.454202662240484001e-01
9.603153672427999776e-01
9.685379708864017001e-01
9.736503606434466773e-01
9.770883901112208392e-01
9.795275343390408285e-01
9.813222721528819248e-01
9.826743813884486478e-01
9.837061598334448931e-01
9.844955378037507643e-01
9.850942620031282182e-01
9.855379183872902127e-01
9.858517492741263322e-01
9.860541791373064191e-01
9.861590318667146082e-01
9.861769698437135023e-01
9.861164535801477671e-01
9.859843966115852121e-01
9.857866211956145541e-01
9.855281804680252611e-01
9.852135889644833000e-01
9.848469888884605616e-01
9.844322703946053466e-01
9.839731583162349970e-01
9.834732739421849779e-01
9.829361779014029743e-01
9.823653984885516444e-01
9.817644485777698993e-01
9.811368334446565198e-01
9.804860512355457747e-01
9.798155874078796623e-01
9.791289041692681216e-01
9.784294257288007612e-01
9.777205200198517687e-01
9.770054774429649536e-01
9.762874870978739406e-01
9.755696109184323062e-01
9.748547560866211992e-01
9.741456460777955240e-01
9.734447906754307711e-01
9.727544552882945172e-01
9.720766299038716696e-01
9.714129980162290456e-01
9.707649058771434802e-01
9.701333324297997107e-01
9.695188602978123127e-01
9.689216482175914136e-01
9.683414053148765577e-01
9.677773676412561032e-01
9.672282773973872594e-01
9.666923652790340160e-01
9.661673363878113818e-01
9.656503601483489296e-01
9.651380646677423236e-01
9.646265359591192912e-01
9.641113224263040404e-01
9.635874449704108224e-01
9.630494130266468167e-01
9.624912467694670681e-01
9.619065056309271666e-01
9.612883231560133135e-01
9.606294480637657118e-01
9.599222911854995433e-01
9.591589777002895723e-01
9.583314037704490085e-01
9.574312962736568622e-01
9.564502738086420042e-01
9.553799064777754868e-01
9.542117710635046324e-01
9.529374970299272496e-01
9.515487971563413305e-01
9.500374743230342034e-01
9.483953926448446259e-01
9.466143961273529861e-01
9.446861501011156736e-01
9.426018675657436008e-01
9.403518595757286436e-01
9.379248058652166486e-01
9.353065558212203534e-01
9.324780825395506678e-01
9.294117638686617555e-01
9.260639579456840798e-01
9.223580952147791834e-01
9.181384371626671870e-01
9.130051452390662847e-01
9.054021094344976150e-01
8.784596275032132695e-01
8.887845198983327366e-01
8.998568904884701736e-01
8.928495071079084466e-01
8.844797547765274048e-01
8.744784244121081018e-01
8.619817537026585041e-01
8.455384642082816038e-01
8.224669286778804045e-01
7.870164736428559848e-01
7.240346141210571851e-01
5.827338082758755089e-01
3.355673188510582272e-01
8.036828279722658674e-01
6.841360659715921555e-01
4.572981570149570740e-01
1.620886005573442534e-01
4.893418066470100330e-02
3.194594817090808947e-01
6.240714720566563622e-01
6.612686314579842017e-01
8.842890424337183086e-01
9.443242413192315388e-01
