1.027595679927840289e+00
1.035627662508164404e+00
1.039301873813108124e+00
1.040442465664738858e+00
1.040054052046819777e+00
1.038887214385943114e+00
1.037561130698741119e+00
1.036447531472929340e+00
1.034913540389689413e+00
1.027366408348535431e+00
9.775894688367208207e-01
6.190657425131601554e-01
2.106387943731008114e-02
4.352873879204792185e-01
6.294122666821229117e-01
7.090766611215217896e-01
7.475547430573484808e-01
7.682266538632777086e-01
7.800348912564519788e-01
7.870014878286982762e-01
7.911614733435393676e-01
7.936345945917182565e-01
7.950741748929722741e-01
7.958764611869995065e-01
7.962870698625161836e-01
7.964590872092555118e-01
7.964867174764583835e-01
7.964257671336832933e-01
7.963066445615907263e-01
7.961428727438276676e-01
7.959366714301603363e-01
7.956814713489132052e-01
7.952036724933418954e-01
7.950276049146345336e-01
7.945766302171648476e-01
7.940425203554384304e-01
7.934126323297383543e-01
7.926780892431353198e-01
7.918321624113494606e-01
7.908701624097456140e-01
7.897894227815256407e-01
7.885892465130728279e-01
7.872708040148773678e-01
7.858369894312815518e-01
7.842922444431433826e-01
7.826423579069216041e-01
7.808942482241413297e-01
7.790557338463729442e-01
7.771352959144790518e-01
7.751418357037175300e-01
7.730844282509430343e-01
7.709720722103327040e-01
7.688134345230028810e-01
7.666165867676003609e-01
7.643887278881213998e-01
7.621358850794780482e-01
7.598625804789681526e-01
7.575714451880553035e-01
7.552627527151958287e-01
7.529338288732601026e-01
7.505782702884256086e-01
7.481848610832915192e-01
7.457360015010522369e-01
7.432053214449202416e-01
7.405538772483311050e-01
7.377237627653207008e-01
7.346267124692421602e-01
7.311222680077656966e-01
7.269720950111430158e-01
7.217328535444420545e-01
7.144625711122832845e-01
7.027062606868026418e-01
6.772903617424784750e-01
5.525048138858382751e-01
8.488740253047142303e-01
7.757769659182300881e-01
7.536789411007434047e-01
7.415196603074465376e-01
7.324928945616755449e-01
7.245013285419238391e-01
7.165469389180558757e-01
7.083116482090623389e-01
6.990307747801113303e-01
6.883682535993845830e-01
6.759224186456602723e-01
6.610454586854127568e-01
6.430211064163469104e-01
6.208981412694297708e-01
5.934149294861695845e-01
5.588861169964055575e-01
5.150752610898661210e-01
4.591150227029540676e-01
3.876879856652448164e-01
2.980920833079348520e-01
1.917155576221473146e-01
8.235131862815968373e-02
7.803875051638806126e-03
2.391217379464490034e-02
1.530043076649536538e-01
3.443843524539642043e-01
5.269861086205772649e-01
6.673904772788783468e-01
7.652913260529057293e-01
8.312339307021284762e-01
8.754813174550166721e-01
9.054563896770554399e-01
9.260502305949085411e-01
9.403965519044475974e-01
9.504876990983310847e-01
9.576797894236048769e-01
9.627477452426291826e-01
9.662868910153815660e-01
9.686783835257851694e-01
9.701830130740340952e-01
9.709815955720363378e-01
9.712008247140970774e-01
9.709303190273935735e-01
9.702340187768468960e-01
9.691579150274587384e-01
9.677353631000789047e-01
9.659907814395338743e-01
9.639422556445478296e-01
9.616033897983434775e-01
9.589846335100543628e-01
9.560942392350538777e-01
9.529389558482121991e-01
9.495245320465450778e-01
9.458560812861207534e-01
9.419383450069188646e-01
9.377758805434079914e-01
9.333731928351091112e-01
9.287348238228425590e-01
9.238654095418932233e-01
9.187697118930294726e-01
9.134526294812598257e-01
9.079191893646172407e-01
9.021745185805088996e-01
8.962237901938223672e-01
8.900721320361661970e-01
8.837244746478639668e-01
8.771852922439867806e-01
8.704581416022614260e-01
8.635447818337878001e-01
8.564432678982207836e-01
8.491423626652812029e-01
8.415746714202073653e-01
8.338759359655768533e-01
8.257906032621344927e-01
8.169209727555565292e-01
8.056484528251929289e-01
7.452288166295119032e-01
8.075020303017814705e-01
7.947922533146575264e-01
7.854316135360441820e-01
7.768902248277309575e-01
7.686982859082479580e-01
7.607176108489934752e-01
7.528995808440955839e-01
7.452221375480673204e-01
7.376612547692903421e-01
7.301636268127223994e-01
7.225991119767021242e-01
7.146506844653982560e-01
7.055077186007148171e-01
6.927916607474953192e-01
6.670328880502917057e-01
5.453085631762034646e-01
6.890113124228258723e-01
7.941722050685396939e-01
7.803599649333100574e-01
7.847498416121890807e-01
7.992066802340429543e-01
8.226485787591824028e-01
8.546680836573917750e-01
8.917451629264461221e-01
9.186403607733711896e-01
8.908721469750793265e-01
7.354547990057880291e-01
4.593487978076620792e-01
2.137648808188699068e-01
8.093154593042642397e-02
2.709810818817754915e-02
8.798450861675530602e-03
3.580920769169958218e-03
2.811344490987419033e-03
4.480825376919315116e-03
1.000193341801187095e-02
2.314539966116501216e-02
4.972445353919908301e-02
9.702462186646959585e-02
1.719648228371613574e-01
2.773573433797172361e-01
4.075297951650016515e-01
5.473067954887783637e-01
6.774494239020651953e-01
7.832189787799390679e-01
8.590413980097415525e-01
9.070914869464010710e-01
9.332422827541251298e-01
9.438361290962403727e-01
