6.989352178258791959e-01
7.177834864703060980e-01
7.373436169397880047e-01
7.574007578318088241e-01
7.777314546256843819e-01
7.981099330008510906e-01
8.183147741105656348e-01
8.381315740533999969e-01
8.573604913515090464e-01
8.758181078316764623e-01
8.933415011735724720e-01
9.097942636090712298e-01
9.249705175332026963e-01
9.389789082781403451e-01
9.515906596797681916e-01
9.628022636463091644e-01
9.725972939809587325e-01
9.809803600919124733e-01
9.879765263915050166e-01
9.936293292563731505e-01
9.979983834112449159e-01
1.001156783880892132e+00
1.003188346522211338e+00
1.004182552924379079e+00
1.004250245150586585e+00
1.003475557069631430e+00
1.001969390355820888e+00
9.998332190050253088e-01
9.971669469716831768e-01
9.940671509770957481e-01
9.906260372200655917e-01
9.869307064905228355e-01
9.830626740063884705e-01
9.790976117206600104e-01
9.751052824912211925e-01
9.711496359912598075e-01
9.672890381006334914e-01
9.635766104400959042e-01
9.600606745461445213e-01
9.567854526189711883e-01
9.537697083450243918e-01
9.511091551905695995e-01
9.487824446197844486e-01
9.468386244174031852e-01
9.453086779800211614e-01
9.442228737349054324e-01
9.436119324395281227e-01
9.435083876180766493e-01
9.439486012632720691e-01
9.449763997998984477e-01
9.466521038512697439e-01
9.491129538797212772e-01
9.513159237207691188e-01
9.559174733528305046e-01
9.611499151180511458e-01
9.678625739401998107e-01
9.768192403563596971e-01
9.894693219763568415e-01
1.004180232065688960e+00
4.775409404002767810e-01
7.853634451943984907e-01
9.127443322959385430e-01
9.441899158057750485e-01
9.609886939566537611e-01
9.725930327505305506e-01
9.813259774137074176e-01
9.877270930209275379e-01
9.915915960766639170e-01
9.922198770945722668e-01
9.884221274352583686e-01
9.785927129993613471e-01
9.602638930774624049e-01
9.304285881308643757e-01
8.847144442556655886e-01
8.208986275137523103e-01
7.339723550171676214e-01
6.234907593211783672e-01
4.934446873555340396e-01
3.544044303853263189e-01
2.224537436308108573e-01
1.143416436146742488e-01
4.127398037164980299e-02
5.643289898955763245e-03
2.411019800708345904e-03
2.299629235767140095e-02
5.872706380292395251e-02
1.026146535378883728e-01
1.497383514836941598e-01
1.969413573363378023e-01
2.423428271652939558e-01
2.848982830774050012e-01
3.240790204940796615e-01
3.595547731216808818e-01
3.913287130081708476e-01
4.192458242276461133e-01
4.432065461908962223e-01
4.630210505589142933e-01
4.783647571696342804e-01
4.887158105265330121e-01
4.932677015246331176e-01
4.907998243523940540e-01
4.794833428192928348e-01
4.566020729960320046e-01
4.182145416544115757e-01
3.590152328499599532e-01
2.735462554737955188e-01
1.625683242125315064e-01
5.177328409881480631e-02
1.299459646748214563e-02
1.163715515606820877e-01
3.206369995499466219e-01
5.186314673495359129e-01
6.604311640214917123e-01
7.506528635367002433e-01
8.067351536654946420e-01
8.414910418251770885e-01
8.634496782073924903e-01
8.744217251856390982e-01
8.828996646132553083e-01
8.867861250690459718e-01
8.878136683515215344e-01
8.867356496762596185e-01
8.840308666830779538e-01
8.800272497953728346e-01
8.749601877907158265e-01
8.690055411722699130e-01
8.622994478309241595e-01
8.549503955695079149e-01
8.470457576539246469e-01
8.386465940352380022e-01
8.293324742714369702e-01
8.206311456092778567e-01
8.112862121000800064e-01
8.015835520661706015e-01
7.916441149297951396e-01
7.815060131554031342e-01
7.711975057294111480e-01
7.607414616564880383e-01
7.501562325925623664e-01
7.394559800214358658e-01
7.286508640710656071e-01
7.177471841374523098e-01
7.067475027862152315e-01
6.956507772113204036e-01
6.844525589854791869e-01
6.731454729368741008e-01
6.617094916665525739e-01
6.501493565079894399e-01
6.384365533951228411e-01
6.265573329657546653e-01
6.144985072202309162e-01
6.022560771876885877e-01
5.898514921254129906e-01
5.773753185088764672e-01
5.651272548036524457e-01
5.541277449885896322e-01
4.780001189191324107e-01
4.916008278677077015e-01
4.888400637829374840e-01
4.746840722076296482e-01
4.574414468262862909e-01
4.381304912878329350e-01
4.168539330661269471e-01
3.934479460952275409e-01
3.676163347689243577e-01
3.389692804116170022e-01
3.070445261322453656e-01
2.713425334217193785e-01
2.314105077970715907e-01
1.870382323264273561e-01
1.386874076822431634e-01
8.837279380391242778e-02
4.130043705347016120e-02
8.352237996483284979e-03
8.073898215073430779e-03
6.317489836980862139e-02
1.849232821100254276e-01
3.530407035264266358e-01
5.186423757044495986e-01
6.271872228089363510e-01
5.611234317454800724e-01
3.071481283464692624e-01
8.449460728776565510e-01
9.122534192148795684e-01
9.221059542040764834e-01
9.135741369939501810e-01
8.889253118625773942e-01
8.339598566993455808e-01
6.901045936377329104e-01
2.331258543169455189e-01
3.021214657060408704e-01
8.489393114112141481e-01
9.736793632585417635e-01
1.011399053226771150e+00
1.028190030608425953e+00
1.038183017846317391e+00
1.045139355971815620e+00
1.050491447662816658e+00
1.054155173632298936e+00
1.056110907053428249e+00
