1.092240990953557311e+00
1.073995021761303903e+00
1.056590662465081820e+00
1.040299567786453494e+00
1.025325695440032048e+00
1.011812147322292743e+00
9.998481509036035719e-01
9.894759930093833811e-01
9.806977585879309567e-01
9.734817619414126710e-01
9.677685877608115383e-01
9.634766846381631611e-01
9.605074750027237096e-01
9.587499630905831349e-01
9.580848370254468893e-01
9.583880727669181754e-01
9.595340569380790274e-01
9.613982527329177907e-01
9.638594385571717105e-01
9.668015530903706356e-01
9.701151833889493092e-01
9.736987347972633211e-01
9.774593231426639273e-01
9.813134313678144593e-01
9.851873749155483084e-01
9.890176235473332467e-01
9.927510329306031833e-01
9.963450490016836358e-01
9.997679647200258257e-01
1.002999337502842536e+00
1.006030725775680423e+00
1.008866992641027194e+00
1.011528589471607509e+00
1.014055547287961323e+00
1.016514535259634089e+00
1.019011686366196212e+00
1.021716943049872928e+00
1.024913250501978901e+00
1.029104850573725694e+00
1.035285251478657909e+00
1.045717055803514928e+00
1.066767874286906004e+00
1.118207369435725296e+00
3.730348987957984308e-01
8.657599432770329839e-01
9.219275850115339344e-01
9.400139915620140396e-01
9.467058332161933931e-01
9.461707057879097382e-01
9.410012076601806941e-01
9.143701252525566758e-01
3.848708357027136318e-01
9.706432889660526753e-01
9.752055963591225174e-01
9.714303078740632591e-01
9.680686533349864842e-01
9.651352495010818711e-01
9.624674306394341849e-01
9.599684412574163161e-01
9.575863800100130607e-01
9.552935272044374981e-01
9.530749634856522379e-01
9.509225767154994013e-01
9.488318522822295487e-01
9.468001107488090984e-01
9.448255211612796023e-01
9.429065441983648377e-01
9.410416209987649827e-01
9.392290061300049286e-01
9.374666868472983916e-01
9.357523546636440370e-01
9.340834087109627371e-01
9.324569781817467762e-01
9.308699557931663371e-01
9.293190370576132064e-01
9.278007619188408661e-01
9.263115564443495931e-01
9.248477730007822473e-01
9.234057278220182408e-01
9.219817352019840095e-01
9.205721377556589369e-01
9.191733323249818843e-01
9.177817911788199723e-01
9.163940781711810146e-01
9.150068594677187583e-01
9.136169082869334268e-01
9.122211027257335347e-01
9.108164148698640883e-01
9.093998872293219682e-01
9.079685864975226561e-01
9.065195048184667703e-01
9.050492978517296061e-01
9.035532873093058415e-01
9.020181738620480782e-01
8.992232139669573687e-01
8.989673542784645255e-01
8.973438241410961469e-01
8.956904599333515016e-01
8.939966865790591743e-01
8.922561014001431090e-01
8.904623528744376459e-01
8.886082467808321672e-01
8.866852673026217602e-01
8.846831283039248151e-01
8.825892488289504012e-01
8.803880906708509979e-01
8.780602924782398011e-01
8.755815121890612174e-01
8.729208487807084138e-01
8.700386472685734951e-01
8.668833803551242445e-01
8.633871136946404956e-01
8.594587375286495412e-01
8.549735632111636896e-01
8.497567864278513516e-01
8.435561610457931181e-01
8.359947435085265388e-01
8.264846329290665983e-01
8.140588755325839365e-01
7.970164127603625026e-01
7.720921270039835527e-01
7.322474018978081256e-01
6.597251717136731752e-01
5.000853780124182579e-01
1.148092466017974628e-01
4.517841973293481028e-01
9.159034314982418268e-01
9.668949963753233900e-01
9.630111347475193151e-01
9.522222640454810483e-01
9.413335139206751023e-01
9.311707059831291211e-01
9.214553990601241917e-01
9.116473282940787959e-01
9.010460840802555493e-01
8.886704059983420168e-01
8.729222454709667511e-01
8.507564753862236762e-01
8.156355289164192168e-01
7.568241776386835928e-01
6.988014993948387099e-01
6.584609979843658589e-01
5.288157224444652860e-01
2.602702485892309237e-01
2.498111845037667422e-01
6.891581267910833475e-01
8.924542620969029283e-01
9.556166195183711798e-01
9.766157391550766009e-01
9.845528805169374564e-01
9.872156994258347584e-01
9.859930265949948813e-01
9.891261820047309028e-01
9.887300742511696550e-01
9.880873149989407578e-01
9.875147437074287549e-01
9.870343457477476212e-01
9.866579068650902506e-01
9.863904269881059728e-01
9.862338742905845113e-01
9.861903651791631420e-01
9.862652022827674836e-01
9.864713105904299173e-01
9.868391060081409538e-01
9.874465051471777999e-01
9.885480194089083517e-01
9.916504241235626349e-01
9.697650636900309040e-01
9.846153549177454334e-01
9.867496078381702285e-01
9.880588342290390624e-01
9.891921171413871061e-01
9.902994452841548112e-01
9.914320313477720248e-01
9.926094957672022545e-01
9.938376933905552768e-01
9.951146786664030186e-01
9.964329433178168438e-01
9.977802630089926961e-01
9.991399654797284979e-01
1.000490947906112815e+00
1.001807594587480699e+00
1.003059674942766488e+00
1.004212271084836905e+00
1.005225770387674356e+00
1.006055952098109163e+00
1.006654194116884726e+00
1.006967824670278455e+00
1.006940642724422519e+00
1.006513630078780697e+00
1.005625876706937705e+00
1.004215738771801592e+00
1.002222245502517151e+00
9.995867664568117705e-01
9.962549441994703603e-01
9.921788886322131518e-01
9.873196174773878342e-01
9.816497118809889288e-01
9.751561354900485368e-01
9.678431376730359803e-01
