6.368646254275394103e-01
6.482634438702754576e-01
6.613332762670344200e-01
6.760357653012711854e-01
6.921263172726602741e-01
7.093660668877193043e-01
7.275086347600597803e-01
7.463044421910501880e-01
7.655056646111568774e-01
7.848708776954875788e-01
8.041692584918507247e-01
8.231843204121185309e-01
8.417171963033488469e-01
8.595895251657577063e-01
8.766461059797355793e-01
8.927578378103789847e-01
9.078269286497555601e-01
9.218049160242679507e-01
9.348354451484137684e-01
9.428080351774302814e-01
9.554487494934016389e-01
9.649665228622178459e-01
9.692477324555612839e-01
9.779976781984472956e-01
9.836290334395887403e-01
9.880814726062996378e-01
9.915416299125441313e-01
9.941276399822809307e-01
9.959476858440206026e-01
9.971082415279477473e-01
9.977148731942351301e-01
9.978713002887721339e-01
9.976778498065018708e-01
9.972292819965122845e-01
9.966108097291986878e-01
9.958863587059907374e-01
9.950286051035812651e-01
9.875141319672952056e-01
9.948274587211134445e-01
9.942148271285463634e-01
9.937701714510637219e-01
9.931415817291812109e-01
9.917142541394122768e-01
9.880074307045072501e-01
9.780524224540823042e-01
9.495241860839860326e-01
8.559960983336853957e-01
5.405803358695198124e-01
2.014165737008232204e-01
2.888160582231408813e-01
5.928806851683815493e-01
7.514829979745584199e-01
8.299059839280014117e-01
8.749554055803239194e-01
9.045030361495391968e-01
9.259422652717252955e-01
9.426796304755351574e-01
9.563975632339156707e-01
9.679302010876115192e-01
9.776347540993263197e-01
9.855577012020211303e-01
9.915112526563854001e-01
9.951516265724410504e-01
9.952597651217996999e-01
9.920609302669765039e-01
9.837519722904555231e-01
9.691183717782981821e-01
9.466259616922221287e-01
9.146067353592974847e-01
8.708799473633495047e-01
8.158688746847293505e-01
7.472752489398103437e-01
6.662644056917430557e-01
5.747237925272017378e-01
4.772217450827936913e-01
3.780287781138679248e-01
2.832068470278085726e-01
1.981227774918991880e-01
1.268676619954200446e-01
7.173115207707950192e-02
3.317783077734146741e-02
1.021537129975187697e-02
9.361712260527389924e-04
3.035238519686323487e-03
1.419610585113105332e-02
3.232230994397519708e-02
5.564159324245154803e-02
8.272517691781078319e-02
1.124599543923972406e-01
1.440002263149592898e-01
1.767144056340523572e-01
2.101298865518434755e-01
2.436973750679153894e-01
2.781013003774329695e-01
3.120494061652725470e-01
3.460343843387151397e-01
3.803872583887918379e-01
4.186474524704552058e-01
4.256996282604973980e-01
4.661826005789194149e-01
4.957462978926849839e-01
5.164013633137207737e-01
4.485140314507129466e-01
5.828224941942583559e-01
6.264847281079857222e-01
6.751681927415983386e-01
6.967096779487973457e-01
7.192801613506254466e-01
7.414528790092903554e-01
7.625397834349260107e-01
7.820948156077749402e-01
7.997150212681590764e-01
8.149261716658103838e-01
8.270466289542145466e-01
8.349245146378544424e-01
8.362944353213224158e-01
8.258757285318641950e-01
7.882441874268329984e-01
6.602984541078728009e-01
1.282758453607738547e-01
6.484030381604738436e-01
9.405185395286945749e-01
9.797926285419634729e-01
9.876847655919687163e-01
9.887429742683807588e-01
9.874485529125204275e-01
9.849277221610027722e-01
9.815387912532447245e-01
9.774322695562099872e-01
9.726986170244584784e-01
9.674114153990482912e-01
9.616399929980705696e-01
9.554523855922949505e-01
9.489152443463989561e-01
9.420930552437487560e-01
9.350479329777959814e-01
9.278421212593269685e-01
9.205521895777221131e-01
9.133142736524819671e-01
9.028897293400984791e-01
8.969189915587363338e-01
8.893702107292070780e-01
8.815361194033599634e-01
8.734038263853157735e-01
8.634691276927971559e-01
8.567576315288176758e-01
8.470579516125535946e-01
8.363550344644763435e-01
8.239536069040919175e-01
8.088554618744252522e-01
7.894016146294742242e-01
7.626455407820046384e-01
7.229608625940492361e-01
6.586759548639752326e-01
5.439828892988393116e-01
3.103346764398606794e-01
1.662650350589968060e-02
2.783475085128654380e-01
7.164314554748713038e-01
8.798669798697619227e-01
9.324747296671700436e-01
9.479251716363510383e-01
9.468836872521522174e-01
9.338387156433076708e-01
9.069877716445260418e-01
8.607088757801033552e-01
7.865141859189844764e-01
6.753836505053213424e-01
5.243200291745280239e-01
3.471862921681077574e-01
1.792876994012276848e-01
5.803905966041669057e-02
5.169690009182765882e-03
6.827424397786293828e-03
4.091615115255339830e-02
8.726356942024739161e-02
1.264932991595038025e-01
2.074531403611003522e-01
2.353419227174780026e-01
3.317513068091240691e-01
3.630402843338473851e-01
3.941433076581052908e-01
4.248165135913934964e-01
4.542061496354965477e-01
4.675373854716904365e-01
5.080285983486674262e-01
5.339257497421072696e-01
5.590642205369610318e-01
5.836022521157918641e-01
6.078802665718222586e-01
6.319209729203962844e-01
6.557904102533476109e-01
6.794971754424656840e-01
7.029991867735316813e-01
7.262045023562127000e-01
7.489718439188328691e-01
7.711116195930075579e-01
7.923879243222653468e-01
8.125219679612748491e-01
8.311973868139971300e-01
