9.934348145848903577e-01
9.931775492727559218e-01
9.929700971655257558e-01
9.928092644241691689e-01
9.926913328164264083e-01
9.926122485371786652e-01
9.925677820610127045e-01
9.925536611213864324e-01
9.925656791061838735e-01
9.925997812579371304e-01
9.926521310876196269e-01
9.927191593706813366e-01
9.927975980079141172e-01
9.928845009134701360e-01
9.929772539479142512e-01
9.930735757554076670e-01
9.931715111958349107e-01
9.932694188918118616e-01
9.933659542425234967e-01
9.934600490904814674e-01
9.935508890723383502e-01
9.936378895366307917e-01
9.937206707749164369e-01
9.937990331876127570e-01
9.938729328922578654e-01
9.939424581795248681e-01
9.940078071324850439e-01
9.940692666444094217e-01
9.941271930021019498e-01
9.941819941418577056e-01
9.942341136351681152e-01
9.942840164188770924e-01
9.943321762509250705e-01
9.943790648432382362e-01
9.944251426030273899e-01
9.944708508956920934e-01
9.945166057313852281e-01
9.945627927678296620e-01
9.946097635179924623e-01
9.946578326482348187e-01
9.947072762532047641e-01
9.947583309952630071e-01
9.948111940001455045e-01
9.948660234050619167e-01
9.949229394607027599e-01
9.949820260956463436e-01
9.950433328573554670e-01
9.951068771514538502e-01
9.951726467076018601e-01
9.952406022076564218e-01
9.953106800177261571e-01
9.953827949736814285e-01
9.954568431743203716e-01
9.955327047438083943e-01
9.956102465296728932e-01
9.956893247084466214e-01
9.957697872754066593e-01
9.958514763995715002e-01
9.959342306292021663e-01
9.960178869363753851e-01
9.961022825927784430e-01
9.961872568717461407e-01
9.962726525737933825e-01
9.963583173757115663e-01
9.964441050045463877e-01
9.965298762402462485e-01
9.966154997513011482e-01
9.967008527696126219e-01
9.967858216112553960e-01
9.968703020510033541e-01
9.969541995586720384e-01
9.970374294059085596e-01
9.971199166527160429e-01
9.972015960226207065e-01
9.972824116757715851e-01
9.973623168893663848e-01
9.974412736542703772e-01
9.975192521974899362e-01
9.975962304386576385e-01
9.976721933895125183e-01
9.977471325048967721e-01
9.978210449931828041e-01
9.978939330938353391e-01
9.979658033298276498e-01
9.980366657421739784e-01
9.981065331132511487e-01
9.981754201856229969e-01
9.982433428828322297e-01
9.983103175378562621e-01
9.983763601354912476e-01
9.984414855735711525e-01
9.985057069490463899e-01
9.985690348733311517e-01
9.986314768221198346e-01
9.986930365245263452e-01
9.987537133957167246e-01
9.988135020174704337e-01
9.988723916713480033e-01
9.989303659280290848e-01
9.989874022970550715e-01
9.990434719410782316e-01
9.990985394579416923e-01
9.991525627349778782e-01
9.992054928784052104e-01
9.992572742221315085e-01
9.993078444185288234e-01
9.993571346155080137e-01
9.994050697222816027e-01
9.994515687672300697e-01
9.994965453510071818e-01
9.995399081972533573e-01
9.995815618035845951e-01
9.996214071955275005e-01
9.996593427847227931e-01
9.996952653337201067e-01
9.997290710284268966e-01
9.997606566589485322e-01
9.997899209093273898e-01
9.998167657562021526e-01
9.998410979749150496e-01
9.998628307521167935e-01
9.998818854020440350e-01
9.998981931832255921e-01
9.999116972113025748e-01
9.999223544621891335e-01
9.999301378590585987e-01
9.999350384347041043e-01
9.999370675594740909e-01
9.999362592233405067e-01
9.999326723587388388e-01
9.999263931885254975e-01
9.999175375812715538e-01
9.999062533938268826e-01
9.998927227771353676e-01
9.998771644195784125e-01
9.998598356973069645e-01
9.998410346966738471e-01
9.998211020698098972e-01
9.998004226767424063e-01
9.997794269611882667e-01
9.997585919966062162e-01
9.997384421266877208e-01
9.997195491082588870e-01
9.997025316412706530e-01
9.996880541395195552e-01
9.996768245518466989e-01
9.996695909797580493e-01
9.996671367464372571e-01
9.996702734364774079e-01
9.996798312247258123e-01
9.996966455083126091e-01
9.997215383899726859e-01
9.997552928370632142e-01
9.997986161993450693e-01
9.998520879376099346e-01
9.999160834273642662e-01
9.999906607223213451e-01
1.000075388681460620e+00
1.000169080052693671e+00
1.000269366504908053e+00
1.000372003291181588e+00
1.000469696472949366e+00
1.000550055899670054e+00
1.000591878681907687e+00
1.000558083265486120e+00
1.000381516700078910e+00
9.999344754004599878e-01
9.989575642492750651e-01
9.968749406665271540e-01
9.922413560369648389e-01
9.807250494388467521e-01
9.452339554309392433e-01
7.802038642173406702e-01
3.329329420991944399e-02
6.803884738788439357e-01
8.820003131673062047e-01
9.366279617673846092e-01
9.588387233594301007e-01
9.701948108730257259e-01
9.768641480438811087e-01
9.811477188722437237e-01
9.840664169740132028e-01
9.861312206654533341e-01
9.876213240092112100e-01
9.886996517160809850e-01
9.894662208446656226e-01
9.899849590858127435e-01
9.902981486898678742e-01
9.904346723224154436e-01
9.904149504739270249e-01
9.902539768748128690e-01
9.899630792180391659e-01
9.895503808398996570e-01
9.890185474049602021e-01
9.883524394965850224e-01
9.874528054306915825e-01
9.857684048366129881e-01
9.840882551309868553e-01
9.844088557967254349e-01
9.840144054485850944e-01
