9.309366943367228808e-01
9.373660647168007287e-01
9.432984103094248507e-01
9.487245960949967083e-01
9.536891627207931821e-01
9.582905398104732964e-01
9.626838632278625907e-01
9.670871845698598701e-01
9.717913412586292043e-01
9.771708746291447589e-01
9.836810313450465859e-01
9.917738109435633165e-01
1.001428624044588656e+00
1.009735070035427951e+00
9.967012914440891436e-01
8.351398902896900456e-01
1.708471772929964771e-01
1.328762564771567289e-01
4.172104026447026048e-01
5.579107367320509381e-01
6.292598541655904931e-01
6.694824183226110170e-01
6.939613000173643353e-01
7.096179311010650803e-01
7.199413037088080447e-01
7.268593039327345684e-01
7.315228873324907122e-01
7.292554450742773087e-01
7.365601862328748917e-01
7.378293484067547370e-01
7.385440021558647983e-01
7.388703958706700492e-01
7.389234919661328282e-01
7.387862639501427964e-01
7.385194289222898334e-01
7.381680520775102394e-01
7.377674942652935330e-01
7.373600674250085918e-01
7.365944740365244492e-01
7.363400946352594012e-01
7.359056192876479718e-01
7.354696117687002932e-01
7.350440895903247451e-01
7.346330300176040495e-01
7.342381648882418954e-01
7.338602047996922728e-01
7.334993265846088129e-01
7.331554380306442020e-01
7.328283397116703846e-01
7.325178244108140335e-01
7.322237324657135948e-01
7.319459734015011376e-01
7.316845206438846727e-01
7.314393841666919638e-01
7.312105646983482199e-01
7.309979922370397620e-01
7.308014509453948371e-01
7.306204919355759886e-01
7.304543349707998123e-01
7.303017596727775507e-01
7.301609864201039635e-01
7.300295467392752258e-01
7.299041426229800900e-01
7.297804938632975746e-01
7.296531721734823561e-01
7.295154206275901165e-01
7.293589568412064406e-01
7.291737584901384350e-01
7.289478304827193833e-01
7.286669548840407629e-01
7.283144285521697681e-01
7.278708014362298417e-01
7.273136448747689053e-01
7.266174133164878812e-01
7.257535360258413615e-01
7.246910399528172508e-01
7.233984006447934378e-01
7.218483567250555399e-01
7.200304905194172544e-01
7.179870221405929565e-01
7.159339126015847876e-01
7.148249438773671693e-01
7.205455893636031339e-01
6.783043437760392091e-01
6.752398408321619305e-01
6.727019756756984492e-01
6.630301965497422678e-01
6.515576492952718235e-01
6.362280271481718374e-01
6.171590026783445593e-01
5.936208293391264101e-01
5.646221373716638903e-01
5.289261565584710834e-01
4.850860154382511946e-01
4.315752822202829631e-01
3.671113240427477109e-01
2.913367594492968227e-01
2.062455243245571446e-01
1.188369856000668218e-01
4.400793885386041632e-02
3.489112513305077639e-03
1.627281145816387650e-02
8.473800391543712118e-02
1.912221684778159514e-01
3.101841316301251483e-01
4.220345753233721298e-01
5.174447819378152902e-01
5.946119408710119902e-01
6.553739008607557537e-01
7.026759024816302546e-01
7.393947677020848985e-01
7.679422162329597734e-01
7.902132524186007423e-01
8.076556087393600425e-01
8.213648144399073869e-01
8.321707894894898594e-01
8.407072706947383844e-01
8.474645728633056763e-01
8.528287960464229212e-01
8.571107910022203180e-01
8.605676685820746741e-01
8.634190045786841461e-01
8.658593466071933253e-01
8.680682127473805521e-01
8.702184685187237534e-01
8.724837491285872826e-01
8.750454208980740223e-01
8.780993989678373968e-01
8.818628705111709598e-01
8.865804328169371029e-01
8.925279325838066935e-01
9.000094032266836575e-01
9.093354916384431830e-01
9.207542568550094453e-01
9.342591785917156999e-01
9.490558458181129753e-01
9.555334106120076942e-01
9.675953153912102422e-01
9.420902020652413000e-01
8.412498667498080618e-01
6.059953298274348699e-01
2.804359467857988064e-01
5.771145209661639880e-02
2.255799851848285225e-03
3.173747706317553430e-02
8.213912984889863711e-02
1.307676265638674784e-01
1.778690608478314950e-01
1.368937861941963430e-01
1.922277240827918454e-01
2.117173225466499609e-01
2.225401737660050172e-01
2.282282223263031040e-01
2.301138749891258606e-01
2.289638442760373038e-01
2.252970523850584827e-01
2.194961220283303260e-01
2.118753525639684998e-01
2.028519452929494482e-01
1.910015107528077460e-01
1.792292852152052862e-01
1.660717782492503181e-01
1.518731721868142870e-01
1.368192849243971276e-01
1.210938767227647261e-01
1.049049662077935346e-01
8.849950007166226817e-02
7.217650430553888830e-02
5.630016604249254986e-02
4.131256044770464236e-02
2.774480782357274800e-02
1.622450844019542732e-02
7.476250571937112510e-03
2.310964036863411616e-03
1.599277053376028284e-03
6.224459981477016741e-03
1.701278251390582474e-02
3.464375173065129682e-02
5.954953475949700120e-02
9.182032436789322460e-02
1.311374571445312054e-01
1.767552680865282777e-01
2.275440362881732959e-01
2.820914762946975518e-01
3.388440955352878814e-01
3.962528798931085339e-01
4.529623220320713739e-01
5.077673070676248512e-01
5.598255678099463006e-01
6.085549774407513768e-01
6.536213949213961483e-01
6.944131096303925998e-01
7.325714141265193824e-01
7.665733569928824265e-01
7.971320094792913036e-01
8.244495155159508037e-01
8.487015962673709613e-01
8.700333911651185748e-01
8.885504032393100049e-01
9.043142460260408244e-01
