2.414082035866436986e+57
1.972683333500892706e+57
1.615236881595995868e+57
1.325220592275023168e+57
1.089463955414612208e+57
8.974493627342003779e+56
7.407627368584712574e+56
6.126608266040327340e+56
5.077298150566792537e+56
4.216155146568404664e+56
3.508097774915914237e+56
2.924811226527410390e+56
2.443402006966547190e+56
2.045327503270370639e+56
1.715542866241101416e+56
1.441819954590166296e+56
1.214202733779803389e+56
1.024571067723748949e+56
8.662907525507502507e+55
7.339322794988272286e+55
6.230444588236701100e+55
5.299719053294541643e+55
4.517076477267559100e+55
3.857739095353802264e+55
3.301255213307952180e+55
2.830715424129917484e+55
2.432115570978736417e+55
2.093838155371239820e+55
1.806229497434855291e+55
1.561254423121962527e+55
1.352213819571859234e+55
1.173513250107695230e+55
1.020473102110160305e+55
8.891725701631680179e+54
7.763212455748043856e+54
6.791532641883345461e+54
5.953399153966656365e+54
5.229173820782655816e+54
4.602269005274581616e+54
4.058651303549329807e+54
3.586429300571085168e+54
3.175510630270280140e+54
2.817316261185601813e+54
2.504542103069414766e+54
2.230959801336676458e+54
1.991250031209448156e+54
1.780862783886684253e+54
1.595900102662732902e+54
1.433017518071003911e+54
1.289341079952905887e+54
1.162397417540769230e+54
1.050054697073452663e+54
9.504727077260799814e+53
8.620606044971130094e+53
7.834410828964152693e+53
7.134199637116663946e+53
6.509603347519797509e+53
5.951605362411323592e+53
5.452353926124296963e+53
5.005001899946044369e+53
4.603569790254583588e+53
4.242828496323669381e+53
3.918198803751361348e+53
3.625665116461057313e+53
3.361701311920548581e+53
3.123206931946128414e+53
2.907452196527885803e+53
2.712030559374198736e+53
2.534817718220557211e+53
2.373936156807096907e+53
2.227724433481522925e+53
2.094710548067214601e+53
1.973588817142266205e+53
1.863199771498655951e+53
1.762512660115998096e+53
1.670610205126487292e+53
1.586675303203369262e+53
1.509979412184682804e+53
1.439872398721870644e+53
1.375773654226660052e+53
1.317164313306491000e+53
1.263580431879953609e+53
1.214607001846387297e+53
1.169872696068761875e+53
1.129045251901549713e+53
1.091827413967760208e+53
1.057953367558083679e+53
1.027185603341742868e+53
9.993121619349804554e+52
9.741442139435690456e+52
9.515139368959558173e+52
9.312726558231067879e+52
9.132892187023352637e+52
8.974485819582008131e+52
8.836505846914904676e+52
8.718088933578884813e+52
8.618501013378187891e+52
8.537129702386962678e+52
8.473478019551339082e+52
8.427159324731558395e+52
8.397893401719771909e+52
8.385503631004577024e+52
8.389915211957980724e+52
8.411154409660606026e+52
8.449348815560138395e+52
8.504728625653522190e+52
8.577628954150228679e+52
8.668493215152191132e+52
8.777877620168849290e+52
8.906456855354549801e+52
9.055031019699275763e+52
9.224533923955461579e+52
9.416042871017800360e+52
9.630790060981298329e+52
9.870175789955077408e+52
1.013578364028284503e+53
1.042939789257492297e+53
1.075302342687052104e+53
1.110890842267994387e+53
1.149957021622643874e+53
1.192782472879396122e+53
1.239681994450456722e+53
1.291007398996056632e+53
1.347151845394378855e+53
1.408554768494267760e+53
1.475707491960690338e+53
1.549159622945844992e+53
1.629526342954864559e+53
1.717496727467140864e+53
1.813843248167886860e+53
1.919432636469310993e+53
2.035238316122653807e+53
2.162354646769798839e+53
2.302013260314261615e+53
2.455601818948738716e+53
2.624685578936955619e+53
2.811032209326414738e+53
3.016640391472359089e+53
3.243772815841200457e+53
3.494994299592189318e+53
3.773215875138397493e+53
4.081745849962058411e+53
4.424349016074953549e+53
4.805315399049719954e+53
5.229540188034433709e+53
5.702616787985165945e+53
6.230945292340054653e+53
6.821859101035166592e+53
7.483772918575760927e+53
8.226355977172218857e+53
9.060735061358876583e+53
9.999732788444358448e+53
1.105814765386131148e+54
1.225308361955906160e+54
1.360433855342548976e+54
1.513486267168627692e+54
1.687130036581002747e+54
1.884463149102136895e+54
2.109093145954997617e+54
2.365227344271849117e+54
2.657780079776007976e+54
2.992500368626260372e+54
3.376124097938468976e+54
3.816555723644167499e+54
4.323085516035127846e+54
4.906649691694194236e+54
5.580142360686963271e+54
6.358790168149703381e+54
7.260602904674260434e+54
8.306916306043837379e+54
9.523046891296955960e+54
1.093908316400748108e+55
1.259084303019464505e+55
1.452103412510483120e+55
1.678066221344365414e+55
1.943074333882710851e+55
2.254438845684311166e+55
2.620934553653633824e+55
3.053110436365581160e+55
3.563669455029629232e+55
4.167933883950207292e+55
4.884416333061723168e+55
5.735521581310489099e+55
6.748410562612571278e+55
7.956065670911808931e+55
9.398606405287392220e+55
1.112491680535336266e+56
1.319466182871291501e+56
1.568078968710481881e+56
1.867264233097791311e+56
2.227982821878686806e+56
2.663705211551720115e+56
3.191014836277002739e+56
3.830362998005236115e+56
4.607015013795650827e+56
5.552238021552588207e+56
6.704794658152428650e+56
8.112824521294130373e+56
9.836218065802662520e+56
1.194961685226131686e+57
