4.999328485280367107e-01
3.329438592262471408e-01
1.779369537861147099e-01
6.717475352272038458e-02
1.235040971661141400e-02
7.524390157371785466e-03
3.896606436405892354e-02
9.273986508643593252e-02
1.579089133716448656e-01
2.269572623735691408e-01
2.951508478734943264e-01
3.597332202887026376e-01
4.192638600401249471e-01
4.731463260599513831e-01
5.213118608008457944e-01
5.640125471133713431e-01
6.016869100000491466e-01
6.348721702654461785e-01
6.641463571358642293e-01
6.900896825635963738e-01
7.132585898862926488e-01
7.341684247067793434e-01
7.532823458013589990e-01
7.710059100394355269e-01
7.877044381294702191e-01
8.034824858550843052e-01
8.188299244785881559e-01
8.337383262320845478e-01
8.483271179943635554e-01
8.626473914588170810e-01
8.767056148273812965e-01
8.904721717915898838e-01
9.038890522133139482e-01
9.168773425816484357e-01
9.293444176043250682e-01
9.411906534183295259e-01
9.523154961585983402e-01
9.626227551853346887e-01
9.720250325712012085e-01
9.804472435936281149e-01
9.878292230822052211e-01
9.941274438696386939e-01
9.993158581137805418e-01
1.003381990465338047e+00
1.006349848249863399e+00
1.008228304510603301e+00
1.009064088347103150e+00
1.008910704355796550e+00
1.007833207485886229e+00
1.005906106303466219e+00
1.003211343185004267e+00
9.998363246589856423e-01
9.958720446606390553e-01
9.914113380850578805e-01
9.865472913812085576e-01
9.813718264364305055e-01
9.759744643836408828e-01
9.704412670357515092e-01
9.648539446000429232e-01
9.592891072739048175e-01
9.538176209550559559e-01
9.485039928670869758e-01
9.434056318216356152e-01
9.385716081439896552e-01
9.340398469243227364e-01
9.298290442305114922e-01
9.259080816548863613e-01
9.220100247669282822e-01
9.115845715387799197e-01
9.205916621412231216e-01
9.176489233658162714e-01
9.160843564016470930e-01
9.152492608643200134e-01
9.150493178082814705e-01
9.154698998243132602e-01
9.165223102913602204e-01
9.182349418788695594e-01
9.206557074656188666e-01
9.238611707257352590e-01
9.279743604832810799e-01
9.331986379227874551e-01
9.398863091096707478e-01
9.486934030267999418e-01
9.609914182605604482e-01
9.803511782808435049e-01
9.543773144160810906e-01
8.195793454172933812e-01
1.033040477975472049e+00
3.940221593208624862e-01
7.781725008971899227e-01
8.469039168542726870e-01
8.768814626206430374e-01
8.945649505203016050e-01
9.069174381130964413e-01
9.176684027566999191e-01
9.262538468890187948e-01
9.337018382593361698e-01
9.403552558936378869e-01
9.463840612993964507e-01
9.518556951099877983e-01
9.567485690461311476e-01
9.609299026490725204e-01
9.640822841546895505e-01
9.655151366269659752e-01
9.636392408873402093e-01
9.541217844485141431e-01
9.196200642464168462e-01
6.025033283925944616e-01
1.098770005035055952e+00
9.948503981668430640e-01
8.663298935860398453e-01
6.058292598728652889e-01
1.964067017891822364e-01
1.604985291796274388e-02
1.993729530189501664e-01
4.039339711870536531e-01
5.401568205499694963e-01
6.264826679741507531e-01
6.828165763299381963e-01
7.209038550799026224e-01
7.472924168908482434e-01
7.656998954841612859e-01
7.782839278506691327e-01
7.862920750798563230e-01
7.903943886032454014e-01
7.908488820677798126e-01
7.875706525799767155e-01
7.801360287976240038e-01
7.677329433966284533e-01
7.490592124706332289e-01
7.221728082650319402e-01
6.843275072633414613e-01
6.319221543558378729e-01
5.609043503367618921e-01
4.682141221222970162e-01
3.545707746263491722e-01
2.280633105372225633e-01
1.094024212886209046e-01
3.572341817609739345e-02
4.058426696907503628e-02
1.179177928768426337e-01
2.287998672725522209e-01
3.386196367674502161e-01
4.317587980112650436e-01
5.055104655098596744e-01
5.622591270277859099e-01
6.054523065981053387e-01
6.381822377815398184e-01
6.628840678322224234e-01
6.813739822510237465e-01
6.950017291287162724e-01
7.047686393264583904e-01
7.114324521761650200e-01
7.155878169980051107e-01
7.177389247739632827e-01
7.184007322011545238e-01
7.183826290866779374e-01
7.044170479327417356e-01
6.811585454746733603e-01
6.960983427316927985e-01
6.937261205237644779e-01
6.903715757069179837e-01
6.929235867136210869e-01
6.316262523504281301e-01
6.514742934619665027e-01
6.468993255958310762e-01
6.397284415763012655e-01
6.317241003074710592e-01
6.233873344734914834e-01
6.149474253739293239e-01
6.065382188452447254e-01
5.982524696951541099e-01
5.901404874884782492e-01
5.822364837444720109e-01
5.745455322983640256e-01
5.670464672036642506e-01
5.596895978981574205e-01
5.523942130699580622e-01
5.450459603900913441e-01
5.374943169006877186e-01
5.295503724844233817e-01
5.209851814028221284e-01
5.115289974412038365e-01
5.008717998664696802e-01
4.886656477345502347e-01
4.745295810819840088e-01
4.580580355746547982e-01
4.388340721658415822e-01
4.164491652963352442e-01
3.905318529663880933e-01
3.607882088900764006e-01
3.270577509397490923e-01
2.893887788675746364e-01
2.481366288360861150e-01
2.040857479925080042e-01
1.585897709214598439e-01
1.137099371999632930e-01
7.230804215732526685e-02
3.801459675777228014e-02
1.495137271950235970e-02
