6.694739750124778510e-01
6.605762518145815720e-01
6.545054054554122480e-01
6.509796159024384687e-01
6.498166453902670670e-01
6.507837179249151838e-01
6.536381914740682086e-01
6.581334693273700465e-01
6.640241541357863042e-01
6.710703032582078231e-01
6.790408244354249057e-01
6.877160738309692212e-01
6.968897233665279911e-01
7.063699632804256723e-01
7.159801011220241485e-01
7.255586103531138642e-01
7.349586698707359922e-01
7.440472182991613170e-01
7.527035189289109640e-01
7.608171784819354189e-01
7.682854375691318127e-01
7.750091540580740235e-01
7.808851353637703552e-01
7.857798358617557044e-01
7.892203311127413690e-01
7.924933748896677566e-01
7.944100725903793236e-01
7.944153563272712271e-01
7.927284458707926085e-01
7.890259765384005641e-01
7.828288586531475524e-01
7.736131460372293045e-01
7.604249038213407585e-01
7.420111183401930655e-01
7.164986099925981788e-01
6.811042970195548829e-01
6.317149960601730063e-01
5.624801810133723823e-01
4.660951072234709169e-01
3.371428610290061467e-01
1.838543158544466705e-01
4.919984143186574566e-02
6.615870198543951503e-03
8.639441243239517898e-02
2.335633530416439119e-01
3.796513682780544574e-01
4.953178280773724018e-01
5.791140048833558485e-01
6.380270467484960850e-01
6.791555198155251327e-01
7.078282123717887231e-01
7.277228223853201561e-01
7.413094741237366003e-01
7.502637954693391897e-01
7.557328068968612866e-01
7.585172384010134827e-01
7.591876452544276122e-01
7.581593447879084735e-01
7.557419992995630942e-01
7.521707684169567365e-01
7.476299534756133403e-01
7.422681602671868939e-01
7.362174384044873898e-01
7.289404171930564669e-01
7.222356206006700363e-01
7.146079558560186618e-01
7.065853861560652538e-01
6.982398619870553436e-01
6.896309081390507023e-01
6.808145407547417927e-01
6.718461906741222123e-01
6.627832224089436064e-01
6.536880872023468347e-01
6.446329318691990107e-01
6.357069554756888952e-01
6.270289762350426122e-01
6.187703671125991400e-01
6.112001849384229857e-01
6.047826946608302334e-01
6.004161381314399026e-01
6.001311878518580389e-01
6.097917330153168614e-01
6.563625305923587172e-01
3.612232496936534365e-01
4.553249624353875036e-01
3.631121441641004810e-01
4.141467940765474198e-01
4.227226724081984410e-01
4.205948294619824557e-01
4.137956176035035294e-01
4.042833973332048969e-01
3.928424511850033274e-01
3.797666405758569619e-01
3.651968022404188940e-01
3.490623624920310974e-01
3.312367865300358538e-01
3.115184080973912306e-01
2.896742633593359928e-01
2.658974408400096023e-01
2.349715773932233853e-01
2.027641419396961631e-01
1.713069217534039512e-01
1.373361642218109691e-01
9.561989318993814602e-02
5.398204215393688499e-02
1.801774122071372539e-02
2.278014878937021336e-04
2.268761042579750878e-02
1.133562518331410335e-01
2.847293242368340582e-01
5.047629539691537159e-01
7.089551762194075124e-01
8.533486258021646398e-01
9.351452457461403300e-01
9.720257671860536020e-01
9.822274024632268175e-01
9.782968668509643972e-01
9.676123043563069626e-01
9.541956564678583108e-01
9.401306993141758106e-01
9.264313219552090528e-01
9.135283172435587629e-01
9.015316986986513514e-01
8.903674105256710325e-01
8.798432946217039641e-01
8.696722715942555304e-01
8.594643198480426127e-01
8.486868190550059809e-01
8.365794158808593783e-01
8.219863330068277740e-01
8.030169072814251630e-01
7.763107353150335843e-01
7.353003613458783949e-01
6.656894653196073763e-01
5.331226739325820585e-01
2.647928713400272138e-01
9.170819772966435843e-03
4.909907403834245510e-01
8.333285995344696939e-01
9.394446796570969926e-01
9.723838402575674111e-01
9.840359282969149968e-01
9.885058206640070511e-01
9.902741026580714756e-01
9.909200669429861774e-01
9.910167657091785154e-01
9.907486578020729961e-01
9.901371339292451834e-01
9.891300318610346531e-01
9.876390761886200131e-01
9.855556540852272729e-01
9.827568971923581476e-01
9.791070542929073417e-01
9.744456214803458582e-01
9.686866837419679799e-01
9.616922523855055971e-01
9.536936664998010293e-01
9.451066296405962186e-01
8.915688202607433555e-01
6.584620848337331411e-01
6.909534382037010314e-01
1.841234544061834955e-01
1.012003400003104847e+00
9.967937169789248264e-01
9.554263258622062160e-01
9.228858011911569292e-01
8.940233880252506093e-01
8.661394095403774918e-01
8.378216350696877646e-01
8.082002335426912154e-01
7.766271168570845207e-01
7.425196051131008890e-01
7.052631198079954977e-01
6.641226102071703385e-01
6.181097161824228303e-01
5.656304339740405585e-01
5.025449248492255272e-01
4.165011724009054506e-01
3.899556657216117217e-01
3.112523478125581722e-01
2.170251623203667823e-01
1.218110669909735072e-01
3.996958589149368635e-02
2.111709298257560385e-03
4.879082814259203676e-02
1.969572401696152997e-01
4.060125470378689316e-01
6.062897742818496027e-01
7.563030479540814310e-01
8.527156330648699711e-01
9.088378868034024949e-01
9.389151967344331329e-01
9.533851181608123948e-01
9.589556175388940229e-01
9.597123702658963973e-01
9.580783295689456747e-01
9.554537256191935057e-01
9.526077091414815179e-01
9.499108515775116501e-01
9.474720717471394327e-01
