1.010267110209771113e+00
1.004968069349905679e+00
9.974000740759989547e-01
9.861985793272208811e-01
9.690829744077485985e-01
9.422964507362022735e-01
8.997997865485138913e-01
8.324291441088399468e-01
7.281570838220821074e-01
5.768204226672799528e-01
3.841204890074797484e-01
1.887229333336787329e-01
5.036760281501018871e-02
7.216694917669989537e-04
2.270982536550432418e-02
8.074019489206986366e-02
1.482829460324492366e-01
2.122494601670120717e-01
2.680427613675494536e-01
3.150146536382221196e-01
3.539979716822010958e-01
3.862143933484757374e-01
4.128541889794299924e-01
4.349438947711287140e-01
4.533265485749225499e-01
4.686807724825025057e-01
4.815496848880086445e-01
4.923701006821766812e-01
5.015140596907475823e-01
5.090407137330479337e-01
5.155992818545032108e-01
5.210943833733751029e-01
5.257336572938938746e-01
5.296522096669061819e-01
5.329612539035319951e-01
5.357547331608442098e-01
5.381129185554341943e-01
5.401049810391996830e-01
5.417909578454871422e-01
5.432232924845393773e-01
5.444480559926503371e-01
5.455059240716678692e-01
5.464329648711983012e-01
5.472612786318755695e-01
5.480195206530669161e-01
5.487333318131176751e-01
5.494256954139730142e-01
5.501172349648399962e-01
5.508264643258025117e-01
5.515699991645318656e-01
5.523627367609822425e-01
5.532180096992137530e-01
5.541477178119970093e-01
5.551624418226501767e-01
5.562715414007575188e-01
5.574832397729939659e-01
5.588046965723998394e-01
5.602420702433039690e-01
5.618005710226287031e-01
5.634845052720468539e-01
5.652973117213280219e-01
5.672415899782172755e-01
5.693191214310627801e-01
5.715308823584037690e-01
5.738770485398432264e-01
5.763569896526331560e-01
5.789692495177326537e-01
5.817115028189131509e-01
5.845804639026830340e-01
5.875716752339341653e-01
5.906789151610483124e-01
5.938919686379101615e-01
5.971823542086781567e-01
5.998462208818726715e-01
6.043574621918180734e-01
6.079116982937899927e-01
6.115767105451762609e-01
6.153115747471553654e-01
6.190977688216918740e-01
6.229193209954788646e-01
6.267599755645326676e-01
6.306024350274023194e-01
6.344280501988734944e-01
6.382166377045801475e-01
6.419463377071631394e-01
6.455934821410072022e-01
6.491324610469687562e-01
6.525355805845046708e-01
6.557729086044264966e-01
6.588121047429463806e-01
6.616182328410502578e-01
6.641535547323177413e-01
6.663773067735939692e-01
6.682454650568957488e-01
6.697105141808981088e-01
6.707212520824991087e-01
6.712226984587337242e-01
6.711562420082280989e-01
6.704602514357844711e-01
6.690706042323210090e-01
6.661046780309920479e-01
6.640572013384860028e-01
6.604475001611576079e-01
6.566719963446466801e-01
6.592104944077257223e-01
6.277754725159335747e-01
6.246702949014664163e-01
6.148364665836664189e-01
6.023833208496398584e-01
5.879011022612801174e-01
5.691424319489943873e-01
5.501289203101356051e-01
5.279519058332591275e-01
5.029769637154799522e-01
4.751571557913418786e-01
4.444301090876268123e-01
4.118804510655806328e-01
3.754083146554853534e-01
3.372024417869977642e-01
2.973422909077082510e-01
2.565083350493161940e-01
2.155751849661852182e-01
1.755639840767271864e-01
1.375808016037433357e-01
1.027340371737277269e-01
7.203957471908914445e-02
4.632862128097992721e-02
2.617478712365894217e-02
1.185360813734430419e-02
3.340368646564301908e-03
3.433727635634149615e-04
2.362788086139235716e-03
8.761896317493560876e-03
1.883839111663935043e-02
3.188741661211086376e-02
4.725522789150731623e-02
6.440228482844508051e-02
8.316882819570288465e-02
9.616210520039235321e-02
1.187424339178468902e-01
1.384747047957031185e-01
1.577842748653967286e-01
1.767537419681291244e-01
1.953379788614827695e-01
2.134995642843283137e-01
2.312299383041878931e-01
2.485923598675039148e-01
2.615573723266863548e-01
2.812835886210599545e-01
2.974118321278265142e-01
3.131366047352178161e-01
3.285700501848447530e-01
3.437975866720821561e-01
3.590823022850185842e-01
3.733916624046719202e-01
3.883640703644229975e-01
4.032631701123658430e-01
4.182181726884092732e-01
4.332369457913415323e-01
4.478429382293990790e-01
4.646598401485004803e-01
4.807725814358365102e-01
4.974082062826685191e-01
5.146760834655716987e-01
5.326978076925010797e-01
5.516142404065730309e-01
5.715893267173925985e-01
5.928154426381044839e-01
6.155201077043036539e-01
6.399737374314948823e-01
6.664974418565162706e-01
6.954680262714404426e-01
7.273127322602102041e-01
7.624748427803798023e-01
8.013027434372954616e-01
8.437426006365562614e-01
8.885298780999330015e-01
9.311185298790326526e-01
9.586411981967162266e-01
9.396214053970076696e-01
8.161408125564034721e-01
5.457615723856260592e-01
2.289760859363121070e-01
4.074483341655849716e-02
1.696632065975472482e-03
3.849043008955141398e-02
9.868956856143679124e-02
1.605388298358943200e-01
2.171770860274560566e-01
2.672732813179869438e-01
3.112725340176492606e-01
3.500619709603891572e-01
3.845324933225500730e-01
4.154561241255570470e-01
4.434697866461559945e-01
4.690913200244344883e-01
4.927419786773057919e-01
5.147670447140534344e-01
5.354523322443819344e-01
5.550363943787742782e-01
