9.009551631118307702e-01
9.037664179482526317e-01
9.084504741835112140e-01
9.145571720289382700e-01
9.216844251469709093e-01
9.294797258208640223e-01
9.376405683565735005e-01
9.459141457374276030e-01
9.540967259333467121e-01
9.620332269944286141e-01
9.696177487104125081e-01
9.767963275011142255e-01
9.835743078077239243e-01
9.900333784793436953e-01
9.963701510725738730e-01
1.002987886643682103e+00
1.010739683083653695e+00
1.021703156049570405e+00
1.042548078319826432e+00
1.111334564832618499e+00
6.604588488569120841e-01
9.090261853187546759e-01
9.415113252576992053e-01
9.529089746320524856e-01
9.577591647538861164e-01
9.596416248390315928e-01
9.598891912417745198e-01
9.591289174301952380e-01
9.577061315718686796e-01
9.558339876883692465e-01
9.536555816100780181e-01
9.512729923093605766e-01
9.487621679725480872e-01
9.461811624378052565e-01
9.435750117404835269e-01
9.409788100429735680e-01
9.384197717702427166e-01
9.359186975976139244e-01
9.334910752794071120e-01
9.311479474068827811e-01
9.288966237083524646e-01
9.267412845246595365e-01
9.246835040205473311e-01
9.227227109403006722e-01
9.208565982323094756e-01
9.190814889302219015e-01
9.173926632854840779e-01
9.157846507063627239e-01
9.142514892091920808e-01
9.127869546078948293e-01
9.113847614179635404e-01
9.100387373487474063e-01
9.087429732466054677e-01
9.074919504083508448e-01
9.062806472940245772e-01
9.051046278385669330e-01
9.039601138138605441e-01
9.028440440741744011e-01
9.017541241135333951e-01
9.006888703246012096e-01
8.996476549519298871e-01
8.986307604899991253e-01
8.976394571843406833e-01
8.966761263678398874e-01
8.957444698983428877e-01
8.948498816753618357e-01
8.940001346688013495e-01
8.932067182825398355e-01
8.924876281454537930e-01
8.918737703234314029e-01
8.914257996532946038e-01
8.912883315536136442e-01
8.919344095747674395e-01
8.964719917443150221e-01
8.652228671640925795e-01
8.815126278745841759e-01
8.831811921893459871e-01
8.836303049708433832e-01
8.837940234617210900e-01
8.839962138118987456e-01
8.780209561346268288e-01
8.832621269268107200e-01
8.835339857131089270e-01
8.837537699083625187e-01
8.840212134676522782e-01
8.843620413336102937e-01
8.847884215167208799e-01
8.853090499966939086e-01
8.859344135372457796e-01
8.866904655894718434e-01
8.877365341464453774e-01
8.867959554160961266e-01
8.886996366397367231e-01
8.896257871516476401e-01
8.868738840159788861e-01
8.937391621637393868e-01
8.946671864876702962e-01
8.960268731247847951e-01
8.975536727035660078e-01
8.992018837580938451e-01
9.009577887300159738e-01
9.028173050368498709e-01
9.047815381493913289e-01
9.068565147200537968e-01
9.090549331405139988e-01
9.114001364634187752e-01
9.139340069243693243e-01
9.167332536161867385e-01
9.199461590599470329e-01
9.238871274317621562e-01
9.293317540211388783e-01
9.387757333754089828e-01
9.666379260499083914e-01
7.078483921344539409e-01
8.867136238029843520e-01
9.037195208201521668e-01
9.105098439088145090e-01
9.141611823401430970e-01
9.161762670814597165e-01
9.169300212976309039e-01
9.163421493614254398e-01
9.139317484020791360e-01
9.085229365269167356e-01
8.971381490115258872e-01
8.704887111782562137e-01
7.934327529960969461e-01
3.258878167656367175e-01
8.884556392863187657e-01
9.897164621145273511e-01
9.920426032469992217e-01
9.897319011253816745e-01
9.880262113596307572e-01
9.873072433565319717e-01
9.879248606202071237e-01
9.678160627618338507e-01
9.836062543831420868e-01
9.831534405019862755e-01
9.466623283260345856e-01
9.972009214484581774e-01
1.001746547679202015e+00
6.881412678645297820e-01
9.473698614087435743e-01
9.687091754542439537e-01
9.761254534388031923e-01
9.802256349877946917e-01
9.830847511623556079e-01
9.853743644927730472e-01
9.873842584133509792e-01
9.892917618357182086e-01
9.913931996302363103e-01
9.871490607791230110e-01
9.929143318930069295e-01
9.947587795654155851e-01
9.963494990839295573e-01
9.978433497349405989e-01
9.992690793394319870e-01
1.000628930873134870e+00
1.001915215955567096e+00
1.003114843719851601e+00
1.004210979028981710e+00
1.005183763157980970e+00
1.006010607715560390e+00
1.006666153308921174e+00
1.007121751955866840e+00
1.007344031524286532e+00
1.007291473635224976e+00
1.006906372285010898e+00
1.006095147705174941e+00
1.004675875286186182e+00
1.002217253803943553e+00
9.974112677314361797e-01
9.842175924504800166e-01
9.083251534281953088e-01
8.535193063338039066e-01
1.859520500404543419e-01
6.829166109349942282e-01
8.709065848350592276e-01
9.134964870582233942e-01
9.270441795553707731e-01
9.309604538934231899e-01
9.306096393781693177e-01
9.280013510396979415e-01
9.240489340742567004e-01
9.191919769612132418e-01
9.134924229330326773e-01
9.059581756738028790e-01
8.825845050021300375e-01
9.228419527842083303e-01
9.144848587600099554e-01
9.059615708255551736e-01
6.418679398705054995e-01
8.310117859627904613e-01
8.554484570742966199e-01
8.641715134336800386e-01
8.699924828806331334e-01
8.757319360878976777e-01
8.823950484936884386e-01
8.904429024647854130e-01
9.001059340229096151e-01
9.114793161841632241e-01
