9.977752508767649964e-01
9.978071728652453398e-01
9.978434264133109188e-01
9.978823897509595531e-01
9.979226849330063986e-01
9.979631647846173292e-01
9.980028969065005695e-01
9.980411457185714985e-01
9.980773533599376357e-01
9.981111201185902670e-01
9.981421849349776387e-01
9.981704064094264472e-01
9.981957446440423709e-01
9.982182441636811010e-01
9.982380180868087871e-01
9.982552336557640738e-01
9.982700991839416060e-01
9.982828524351270438e-01
9.982937504173967636e-01
9.983030605457142714e-01
9.983110531088084105e-01
9.983179949600750058e-01
9.983241443423216399e-01
9.983297467500424904e-01
9.983350317299607424e-01
9.983402105196754750e-01
9.983454744265771730e-01
9.983509938518588811e-01
9.983569178698078472e-01
9.983633742773012631e-01
9.983704700349835814e-01
9.983782920276601525e-01
9.983869080790218620e-01
9.983963681608409857e-01
9.984067057450355387e-01
9.984179392518836016e-01
9.984300735549086481e-01
9.984431015073308435e-01
9.984570054614100298e-01
9.984717587559968077e-01
9.984873271525702698e-01
9.985036702036723666e-01
9.985207425414952542e-01
9.985384950775431090e-01
9.985568761066162535e-01
9.985758323117954749e-01
9.985953096681109420e-01
9.986152542450975611e-01
9.986356129095261824e-01
9.986563339313939691e-01
9.986773674962505787e-01
9.986986661291782363e-01
9.987201850347743326e-01
9.987418823591800443e-01
9.987637193797777035e-01
9.987856606287680572e-01
9.988076739565474593e-01
9.988297305409988835e-01
9.988518048488075340e-01
9.988738745544065711e-01
9.988959204222616073e-01
9.989179261579631541e-01
9.989398782329184101e-01
9.989617656877506358e-01
9.989835799185138310e-01
9.990053144502887283e-01
9.990269647015562748e-01
9.990485277431391253e-01
9.990700020546992022e-01
9.990913872818653063e-01
9.991126839963714312e-01
9.991338934614589773e-01
9.991550174048758892e-01
9.991760578009284410e-01
9.991970166631554129e-01
9.992178958490982588e-01
9.992386968778660394e-01
9.992594207620880686e-01
9.992800678541986503e-01
9.993006377080120295e-01
9.993211289561142463e-01
9.993415392031737010e-01
9.993618649352359329e-01
9.993821014452095586e-01
9.994022427746613868e-01
9.994222816714216640e-01
9.994422095630400849e-01
9.994620165458736327e-01
9.994816913891447774e-01
9.995012215541075884e-01
9.995205932272022142e-01
9.995397913674904933e-01
9.995587997671675495e-01
9.995776011248636017e-01
9.995961771313820465e-01
9.996145085667790253e-01
9.996325754082328041e-01
9.996503569484171958e-01
9.996678319230786203e-01
9.996849786472626898e-01
9.997017751595793644e-01
9.997181993731586447e-01
9.997342292330945179e-01
9.997498428786226743e-01
9.997650188098803348e-01
9.997797360572781011e-01
9.997939743533781343e-01
9.998077143052909177e-01
9.998209375666474719e-01
9.998336270081050747e-01
9.998457668845496249e-01
9.998573429977221094e-01
9.998683428530266148e-01
9.998787558082431470e-01
9.998885732130490256e-01
9.998977885372919427e-01
9.999063974859800918e-01
9.999143980991604952e-01
9.999217908348062567e-01
9.999285786319823677e-01
9.999347669526346127e-01
9.999403637993438121e-01
9.999453797066927274e-01
9.999498277039612359e-01
9.999537232463723280e-01
9.999570841127384258e-01
9.999599302667604439e-01
9.999622836794956893e-01
9.999641681107164226e-01
9.999656088467676618e-01
9.999666323927308698e-01
9.999672661168280685e-01
9.999675378456966968e-01
9.999674754083439643e-01
9.999671061285024809e-01
9.999664562645226296e-01
9.999655503964224312e-01
9.999644107614523714e-01
9.999630565388216707e-01
9.999615030865350862e-01
9.999597611334475333e-01
9.999578359310349329e-01
9.999557263712325339e-01
9.999534240776475347e-01
9.999509124795252779e-01
9.999481658801658845e-01
9.999451485331114498e-01
9.999418137427598108e-01
9.999381030083157595e-01
9.999339452335398448e-01
9.999292560282905251e-01
9.999239371317375502e-01
9.999178759916870218e-01
9.999109455394978863e-01
9.999030042050314204e-01
9.998938962231018746e-01
9.998834522890590604e-01
9.998714906289349891e-01
9.998578185587387868e-01
9.998422346167067376e-01
9.998245313641285215e-01
9.998044989633688706e-01
9.997819296568676295e-01
9.997566232892559634e-01
9.997283940367459598e-01
9.996970785348110455e-01
9.996625456286574174e-01
9.996247080139704089e-01
9.995835360894013144e-01
9.995390744160812524e-01
9.994914612740171123e-01
9.994409519377072115e-01
9.993879464726649342e-01
9.993330231076978931e-01
9.992769785971971075e-01
9.992208775058073478e-01
9.991661131094045079e-01
9.991144837414183133e-01
9.990682901378988845e-01
9.990304620050711737e-01
9.990047262564947239e-01
9.989958362044597528e-01
9.990098923522613417e-01
9.990548048668523862e-01
9.991409821455781159e-01
9.992823927969517461e-01
9.994982683932700507e-01
9.998159539378886906e-01
1.000275914754698015e+00
1.000941009071679932e+00
1.001914609738329354e+00
1.003377206746256967e+00
1.005650957195556083e+00
1.009065298713919923e+00
1.002500744432530011e+00
7.269812532681719786e-01
9.518681795940704404e-01
9.736488598038002262e-01
9.811621976239240928e-01
9.850499750715684399e-01
