9.718616460378161070e-01
9.705903874599550729e-01
9.698164702090499301e-01
9.694855602965185559e-01
9.695423201886077536e-01
9.699318394654861120e-01
9.706007897710624555e-01
9.714983317807849295e-01
9.725768018953209193e-01
9.737922057109120733e-01
9.751045441810300973e-01
9.764779969008235971e-01
9.778809852278226300e-01
9.792861360878685195e-01
9.806701653789191564e-01
9.820136979351937745e-01
9.833010390941191448e-01
9.845199110562005140e-01
9.856611654682789769e-01
9.867184820097378850e-01
9.876880612362162193e-01
9.885683185365778947e-01
9.893595847948098987e-01
9.900638182146634936e-01
9.906843307598887094e-01
9.912255317798067678e-01
9.916926906241113615e-01
9.920917193921607868e-01
9.924289764045018947e-01
9.927110905167942922e-01
9.929448060121770503e-01
9.931368474969584081e-01
9.932938039803586028e-01
9.934220311295015593e-01
9.935275705545664193e-01
9.936160848825449365e-01
9.936928073206539036e-01
9.937625043807780667e-01
9.938294504341171898e-01
9.938974127809776515e-01
9.939696459532643136e-01
9.940488940101290805e-01
9.941373996384881284e-01
9.942369189243983607e-01
9.943487407156558211e-01
9.944737095479745381e-01
9.946122511492918594e-01
9.947643995679268381e-01
9.949298249817041251e-01
9.951078612301896831e-01
9.952975320575460083e-01
9.954975749463079726e-01
9.957064612337886977e-01
9.959224109023956384e-01
9.961433999634001779e-01
9.963671576281539766e-01
9.965911493447618952e-01
9.968125400556010485e-01
9.970281293451522808e-01
9.972342459018771477e-01
9.974265818945547979e-01
9.975999366772456689e-01
9.977478204802961992e-01
9.978618364828938381e-01
9.979307025490319338e-01
9.979386694700858040e-01
9.978628944173660864e-01
9.976689362923276683e-01
9.973027256709324773e-01
9.966755741623616327e-01
9.956345923559568600e-01
9.939002285938459691e-01
9.909228330324871825e-01
9.855161441810379452e-01
9.747799234519588518e-01
9.502686995103958312e-01
8.802460690095367246e-01
6.012436688383038241e-01
2.241588123910367297e-02
6.118679197258651836e-01
8.333611353044310111e-01
9.081759106221142241e-01
9.393368834480142482e-01
9.551292907414269395e-01
9.642204395392830474e-01
9.699051165733303392e-01
9.736595282903897086e-01
9.762282207863425265e-01
9.780215605125510692e-01
9.792818906222814368e-01
9.801604762651244807e-01
9.807561352780087560e-01
9.811359433277822006e-01
9.813469472143920846e-01
9.814230987903463932e-01
9.813895212155284709e-01
9.812652225853859544e-01
9.810648725642412415e-01
9.807999953606345578e-01
9.804797888571924469e-01
9.801116982881283857e-01
9.797018251685859491e-01
9.792552234405160760e-01
9.787761170269653199e-01
9.782680617415162594e-01
9.777340672290025791e-01
9.771766898261380341e-01
9.765981040170234051e-01
9.760001579705377406e-01
9.753844171318224454e-01
9.747521987765381812e-01
9.741045996814442498e-01
9.734425185212616238e-01
9.727666742045905091e-01
9.720776210711460363e-01
9.713757616544885787e-01
9.706613575506343183e-01
9.699345388087161624e-01
9.691953121635498158e-01
9.684435683540707496e-01
9.676790887131423435e-01
9.669015511650245198e-01
9.661105357277317562e-01
9.653055295839585437e-01
9.644859317550475986e-01
9.636510573872322238e-01
9.628001416350917552e-01
9.619323431047860362e-01
9.610467467975915001e-01
9.601423664716883799e-01
9.592181463167452904e-01
9.582729618111485159e-01
9.573056196051448197e-01
9.563148562423803289e-01
9.552993355008196907e-01
9.542576440954676498e-01
9.531882854428112006e-01
9.520896711392268230e-01
9.509601097482243137e-01
9.497977924284258799e-01
9.486007748598531686e-01
9.473669548431326026e-01
9.460940448558511351e-01
9.447795387569573045e-01
9.434206717530055908e-01
9.420143727222648478e-01
9.405572081476735180e-01
9.390453175478425951e-01
9.374743423131329800e-01
9.358393561749501766e-01
9.341348272256190244e-01
9.323547304934256541e-01
9.304934274480446410e-01
9.285529593469039611e-01
9.260267871313881960e-01
9.242156066528101066e-01
9.219184841879934922e-01
9.194579484026984550e-01
9.168226562257960621e-01
9.139892954362630606e-01
9.109280523143790109e-01
9.076023238449301145e-01
9.039673442549049920e-01
8.999681299948587565e-01
8.955366134026879754e-01
8.905875470781577929e-01
8.850121531147268072e-01
8.786661479735593527e-01
8.713339760195506489e-01
8.624354104083068462e-01
8.293449604592615376e-01
8.358700224398316614e-01
8.286866502916623300e-01
8.120004506244605791e-01
7.913693631232986414e-01
7.655533520009553117e-01
7.326308873413405198e-01
6.898150659931121531e-01
6.330548370982511663e-01
5.566345330297628458e-01
4.533968002378984119e-01
3.180202099423986573e-01
1.600874669470618572e-01
3.273174311841220430e-02
3.447365968530899383e-02
1.966584501667477947e-01
4.187538537160847008e-01
6.048727560148126070e-01
7.348838996340930629e-01
8.200880854123973052e-01
8.745565533699851679e-01
9.098796279944122434e-01
9.331299819436087439e-01
9.486298983926089168e-01
9.590332225720331616e-01
9.659760827234609160e-01
9.703025934564232236e-01
9.462245353326206310e-01
9.764569141251614459e-01
9.776774751943327901e-01
