9.789748373003220872e-01
9.823525145621704313e-01
9.855392598000349835e-01
9.884882928997574814e-01
9.911672590652463866e-01
9.935562767856038757e-01
9.956460752972683403e-01
9.974362463750779950e-01
9.989336275272201471e-01
1.000150827172881396e+00
1.001104897020180351e+00
1.001816152513166358e+00
1.002307138758629534e+00
1.002601736663725429e+00
1.002724402005483073e+00
1.002699528717486466e+00
1.002550926724861347e+00
1.002301404107324601e+00
1.001972443149521830e+00
1.001583959880611330e+00
1.001154136960870300e+00
1.000699320187154795e+00
1.000233969423731661e+00
9.997706553829115439e-01
9.993200943516303836e-01
9.988912136602162706e-01
9.984912413994481151e-01
9.981258145932286885e-01
9.977991007166847615e-01
9.975139281009421932e-01
9.972719213814983386e-01
9.970736387204985895e-01
9.969187080633009623e-01
9.968059601712542239e-01
9.967335566108493916e-01
9.966991112692057397e-01
9.966998043137325070e-01
9.967324878170827906e-01
9.967937825343795577e-01
9.968801655463979117e-01
9.969880486762339178e-01
9.971138477483173501e-01
9.972540428926442990e-01
9.974052302046795271e-01
9.975641651562244805e-01
9.977277982183252458e-01
9.978933032036891859e-01
9.980580988686846844e-01
9.982198643335690180e-01
9.983765488876379379e-01
9.985263767434733317e-01
9.986678472962863262e-01
9.987997314269546623e-01
9.989210643679545809e-01
9.990311356257168818e-01
9.991294764259027739e-01
9.992158451180889189e-01
9.992902109455434889e-01
9.993527365544444541e-01
9.994037595847710120e-01
9.994437736541129658e-01
9.994734090149949290e-01
9.994934131362664953e-01
9.995046314313005276e-01
9.995079883279847088e-01
9.995044688508226693e-01
9.994951008606144383e-01
9.994809380758526984e-01
9.994630439786232889e-01
9.994424766896176093e-01
9.994202748790097512e-01
9.993974447645751491e-01
9.993749482346052648e-01
9.993536921200238954e-01
9.993345186291794358e-01
9.993181969490171346e-01
9.993054160071556113e-01
9.992967783829043160e-01
9.992927953473249580e-01
9.992938830082018775e-01
9.993003595307191622e-01
9.993124434007147894e-01
9.993302526942250408e-01
9.993538053149265687e-01
9.993830201590073736e-01
9.994177191652988679e-01
9.994576302078629348e-01
9.995023907875950631e-01
9.995515524786101613e-01
9.996045860859270604e-01
9.996608874699769443e-01
9.997197839950877629e-01
9.997805415581104693e-01
9.998423721548305165e-01
9.999044419421754260e-01
9.999658797542665400e-01
1.000025786031488950e+00
1.000083242122516092e+00
1.000137319919057077e+00
1.000187091784292992e+00
1.000231640736677363e+00
1.000270070850580950e+00
1.000301517837295595e+00
1.000325159769090533e+00
1.000340227911730606e+00
1.000346017630248552e+00
1.000341899336468554e+00
1.000327329446865754e+00
1.000301861323603880e+00
1.000265156175160541e+00
1.000216993897652173e+00
1.000157283845367839e+00
1.000086075528682672e+00
1.000003569248834934e+00
9.999101266972457713e-01
9.998062815683750326e-01
9.996927502653262243e-01
9.995704428178516787e-01
9.994404741867772834e-01
9.993041762015902885e-01
9.991631104793199381e-01
9.990190828095750764e-01
9.988741596816556045e-01
9.987306878965435120e-01
9.985913185836211570e-01
9.984590374837063464e-01
9.983372041455692569e-01
9.982296038443951858e-01
9.981405177747797453e-01
9.980748197420364898e-01
9.980381117548480230e-01
9.980369176191877800e-01
9.980789646523395842e-01
9.981736023135375779e-01
9.983324392990428064e-01
9.985703403180870019e-01
9.989070373994723973e-01
9.993698384100783150e-01
9.999984008675492086e-01
1.000853651507782160e+00
1.002035719359142041e+00
1.003723563993732970e+00
1.006274329269590595e+00
1.010520718823876951e+00
1.018929795511143155e+00
1.041606601001612953e+00
7.656972504477490560e-01
9.535842428686029937e-01
9.733664197589774192e-01
9.808968620491256285e-01
9.850232543986703337e-01
9.877503425695278727e-01
9.897776025093321106e-01
9.914104236334629894e-01
9.928014710417355504e-01
9.940337729035558789e-01
9.951546339099776040e-01
9.961912449096774758e-01
9.971585200480393985e-01
9.980632555222536118e-01
9.989063246430575083e-01
9.996835593057180613e-01
1.000385196625120487e+00
1.000992327600645826e+00
1.001463197955191786e+00
1.001668062982265184e+00
1.000835656467194301e+00
9.777207811376795732e-01
1.002231413774932189e+00
1.003396403698124439e+00
1.003492107944179867e+00
1.003347037340777570e+00
1.003037554123676900e+00
1.002575848119494184e+00
1.001964916117755067e+00
1.001208292666377675e+00
1.000313160723911299e+00
9.992923019454318379e-01
9.981661556947050151e-01
9.969655936195538359e-01
9.957360933286467652e-01
9.945444551249261744e-01
9.934901289441626648e-01
9.927244590753939724e-01
9.924782918917284258e-01
9.930393215603637858e-01
9.937349224000077141e-01
9.604620053849548533e-01
6.074541314442011286e-01
9.019477961028613544e-01
9.338462187194640496e-01
9.439329969670312570e-01
9.486435087269490252e-01
9.515730030257241179e-01
9.539863911743344804e-01
9.564772640123607728e-01
9.593885093751085558e-01
9.629507516153719138e-01
9.673355907660087238e-01
9.726776829432520755e-01
