9.571895890867772039e-01
9.661044766302671061e-01
9.744944897736719236e-01
9.818715841322187554e-01
9.876466567474101454e-01
9.910439015749772373e-01
9.909683898334458174e-01
9.858020348380018838e-01
9.730959155852004772e-01
9.491339045713054201e-01
9.084074666991552860e-01
8.432815410914498155e-01
7.447675133522362323e-01
6.063949770526715355e-01
4.331056766093647203e-01
2.509780829219736553e-01
1.022386853726829914e-01
1.872294295736815287e-02
1.454968709730532651e-03
2.941371081256069150e-02
7.923878434536096860e-02
1.350343594222736254e-01
1.885527549652250279e-01
2.364403477475099657e-01
2.778750015226277847e-01
3.131616914121095885e-01
3.430196519098708263e-01
3.682549922233661066e-01
3.896266807381961739e-01
4.077200913743675992e-01
4.232840633485449588e-01
4.366133147639555956e-01
4.481349849255072959e-01
4.581626104883488315e-01
4.669522677371402142e-01
4.747138973622260782e-01
4.816200513127188443e-01
4.878129498495028527e-01
4.934101859492991404e-01
4.985093354342850502e-01
5.031916860040094308e-01
5.075252589555816485e-01
5.115672632085617177e-01
5.153660928007064435e-01
5.189629560152574372e-01
5.223932060228947405e-01
5.256874285385969570e-01
5.288723307258457185e-01
5.319714667589661161e-01
5.350058285356127374e-01
5.379943245835919763e-01
5.409541658945890008e-01
5.439011739786294708e-01
5.468500236675103432e-01
5.498144309409930264e-01
5.528072941784994976e-01
5.558407956365513103e-01
5.589264685050163717e-01
5.620752334622047819e-01
5.652974070124741068e-01
5.686026816481914992e-01
5.720000741822812707e-01
5.754978314778796955e-01
5.791032672456399855e-01
5.828224654842310004e-01
5.866596807252776324e-01
5.906159262471616378e-01
5.946849042568802535e-01
5.988372460574239442e-01
6.029157980000569017e-01
5.970890167638797097e-01
6.136294310988423817e-01
6.180917617291340482e-01
6.229971818931290262e-01
6.269464789359608936e-01
6.331049541790177981e-01
6.385079979956277407e-01
6.440117809512325708e-01
6.496168204054458828e-01
6.553316740148166231e-01
6.611275337695561305e-01
6.669938197494392762e-01
6.729136158287818414e-01
6.788693195829079707e-01
6.847914920788068516e-01
6.907786172064508401e-01
6.966994451201432570e-01
7.025560398464624212e-01
7.083203671507726229e-01
7.139616953422436296e-01
7.194472309548304301e-01
7.247422178466245146e-01
7.298099484350009103e-01
7.346117356862170711e-01
7.391068485295302359e-01
7.432524033196535873e-01
7.470032001658688525e-01
7.503114905907184440e-01
7.531266610470433998e-01
7.553948150794024263e-01
7.570582353642137940e-01
7.580547056170987563e-01
7.583166716387238493e-01
7.577702209375773990e-01
7.563338619829013121e-01
7.539170880481429471e-01
7.504187180754516850e-01
7.457250198638881722e-01
7.397076417867680664e-01
7.322214117840531999e-01
7.231021113045688065e-01
7.121644029965000788e-01
6.992001904237521437e-01
6.839778202647127658e-01
6.662426993431965760e-01
6.457200668645175501e-01
6.221207599348607120e-01
5.951506239721059410e-01
5.645231459386117479e-01
5.299710421468099009e-01
4.912388228749394736e-01
4.479799191704125771e-01
3.991233552125472706e-01
3.365573990025862994e-01
3.366654679576336906e-01
2.731098564565634379e-01
2.169187342976009736e-01
1.661669784207761569e-01
1.204223954732678431e-01
8.079737872093105400e-02
4.846504584823663891e-02
2.443046827657751122e-02
8.555785253333114682e-03
1.057741791340037832e-03
1.201714961579296867e-03
8.029074125485804667e-03
2.041852137321229985e-02
3.721391329761892380e-02
5.733213660779108711e-02
7.991953728950651481e-02
1.030307166569394139e-01
1.280717122426496823e-01
1.531697825336355567e-01
1.781673667394569061e-01
2.028108293158880915e-01
2.269166059366602428e-01
2.503650222716063412e-01
2.730863823016255187e-01
2.950482880020317555e-01
3.162453193554448649e-01
3.365928758026246470e-01
3.564067033639412019e-01
3.754353736053724355e-01
3.938110889858627006e-01
4.115762788494257696e-01
4.287742206420901980e-01
4.454486266200025635e-01
4.616436297170686265e-01
4.774050066219343025e-01
4.927859540280494777e-01
5.078880539247663251e-01
5.183136201430121881e-01
5.364734912907339615e-01
5.507329859604295219e-01
5.647267731881815411e-01
5.785537794701941516e-01
5.922723693286183755e-01
6.059363995234274824e-01
6.196009752856762587e-01
6.333242670162255727e-01
6.471684122990086774e-01
6.612001110444410967e-01
6.754910749468764353e-01
6.901183779514526995e-01
7.051647145655445259e-01
7.207185491464788152e-01
7.368741108095839820e-01
7.537311387262433104e-01
7.713941859868659323e-01
7.899710984403517378e-01
8.095698990429875952e-01
8.302925189054625177e-01
8.522221657162375452e-01
8.753975718082769308e-01
8.997594769805522530e-01
9.250364879675585517e-01
9.504936212766527115e-01
9.743569942311207654e-01
9.924451907445024368e-01
9.948245046473110920e-01
9.578728504357577611e-01
8.299993273110294334e-01
5.412522683719225292e-01
1.645479095284660132e-01
4.156125941364068391e-03
9.315232135482129361e-02
2.486432936819195916e-01
3.855118378371386600e-01
4.913080107948442077e-01
5.714332842794593859e-01
