9.908784592257448010e-01
9.918334327092195313e-01
9.928167356519037590e-01
9.938019982919067408e-01
9.947664901382540226e-01
9.956911078709929086e-01
9.965602876284950229e-01
9.973618578879869245e-01
9.980868472504397237e-01
9.987292595039192200e-01
9.992858263788363393e-01
9.997557464190293119e-01
1.000140416354487138e+00
1.000443159213958655e+00
1.000668951068566459e+00
1.000824145601467929e+00
1.000916192417287132e+00
1.000953340786931545e+00
1.000944314813615899e+00
1.000897937941296778e+00
1.000822672951279246e+00
1.000726025919481010e+00
1.000613735490519352e+00
1.000488626394964831e+00
1.000348938512289454e+00
1.000185833028296445e+00
9.999795957403733171e-01
9.996937514706158989e-01
9.992657764476000626e-01
9.985921675576442391e-01
9.975039553567530692e-01
9.957256624326837890e-01
9.928048807549949561e-01
9.879884028350300884e-01
9.799988832970156771e-01
9.666233691229307867e-01
9.439468658466585449e-01
9.049510033031799017e-01
8.372097858176725804e-01
7.205769858188599830e-01
5.320678408075262267e-01
2.800495668967246110e-01
6.259724260315048527e-02
2.217678843989302328e-03
8.180805614474896681e-02
2.064164675781201275e-01
3.210362422185811249e-01
4.120681683232356729e-01
4.813679281939435839e-01
5.338368052016704279e-01
5.738707635475427393e-01
6.047763545242593741e-01
6.289221288584241343e-01
6.479901636023396305e-01
6.631832710735070524e-01
6.753728993415532011e-01
6.852001976218758950e-01
6.931444046420803806e-01
6.995693192371899016e-01
7.047552065743241112e-01
7.089209917867754784e-01
7.122399146282130111e-01
7.148507276004266719e-01
7.168658160705509985e-01
7.183771634313026455e-01
7.194607872265786908e-01
7.201800761945502671e-01
7.205883273342711393e-01
7.207306935837272110e-01
7.206456919596034849e-01
7.203663796174060163e-01
7.199212749333315786e-01
7.193350778016757152e-01
7.186292237023592655e-01
7.178222836745836721e-01
7.169301825622775848e-01
7.159661013207442304e-01
7.149395379292349251e-01
7.138520088110449358e-01
7.126696966604152417e-01
7.104636239474738657e-01
7.109270958685149910e-01
7.096402683927004462e-01
7.084556043628085220e-01
7.072991126519309057e-01
7.061662370088260809e-01
7.050923133944659860e-01
7.035164654472934043e-01
7.026796958476048127e-01
7.016185867725412972e-01
7.005554320387280542e-01
6.995036805331797947e-01
6.984660479903070929e-01
6.974426507221358484e-01
6.964324082104784708e-01
6.954334412596664405e-01
6.944432515763357960e-01
6.934588841287739891e-01
6.924771997686319791e-01
6.914954872408117792e-01
6.905130844365007237e-01
6.895365830107385019e-01
6.886026872381124653e-01
6.879723908007256972e-01
6.832874610111926428e-01
6.842015425332541589e-01
6.831511507000335159e-01
6.818624687716854371e-01
6.804245000766880880e-01
6.788437754803022806e-01
6.771086260031313753e-01
6.751999996689792560e-01
6.730941679197800509e-01
6.707634245230846837e-01
6.681761048358838551e-01
6.652962986107187060e-01
6.620833735166480327e-01
6.584913389323662214e-01
6.544680357606934562e-01
6.499540914560456573e-01
6.448814729119516365e-01
6.391710998042022807e-01
6.327272182089987984e-01
6.254131296661928907e-01
6.167281700500137909e-01
6.076731126494747670e-01
5.979535127356818691e-01
5.861520957100465612e-01
5.727856314954946626e-01
5.576316556507012745e-01
5.404251873004763951e-01
5.208489200960951804e-01
4.984835955509780980e-01
4.725639305204423768e-01
4.390891203335176574e-01
4.254707436771855145e-01
3.845349681495311422e-01
3.443057933013534133e-01
3.010494532843518978e-01
2.546965956154659816e-01
2.060284926839850705e-01
1.565714154287126403e-01
1.086704743114177418e-01
6.547715461494582612e-02
3.071666145737549092e-02
8.159312164632181313e-03
8.471004204925006728e-04
1.030281864826669558e-02
3.605489063391949245e-02
7.571905980450452378e-02
1.256086166786509473e-01
1.815907874139096878e-01
2.398492383599360178e-01
2.973476974592965116e-01
3.519746877920012507e-01
4.024637644221515376e-01
4.482040910927099775e-01
4.890147184888948284e-01
5.248259795748616563e-01
5.525748537792671833e-01
5.881200430682367308e-01
6.113019937507458978e-01
6.327960023151493196e-01
6.515507578008454814e-01
6.680022557052078813e-01
6.824431914421796863e-01
6.951343026205544229e-01
7.063049308425364270e-01
7.161542554736578525e-01
7.248531372867403899e-01
7.325451540379964710e-01
7.393449657623195614e-01
7.453296682379016991e-01
7.505088191228900252e-01
7.547100125006266369e-01
7.569488652885980606e-01
7.464625611965922669e-01
7.759025648722426283e-01
7.791499995005617407e-01
7.818028820113299693e-01
7.849525491649858022e-01
7.883352507180941826e-01
7.918822098787057229e-01
7.955921203039324485e-01
7.994895057744753064e-01
8.036100778138941525e-01
8.079948145376480984e-01
8.126872404779530434e-01
8.177319906331742549e-01
8.231738986528931434e-01
8.290572643265613495e-01
8.354251141855091323e-01
8.423183256766646476e-01
8.497744929320837359e-01
8.578263874963270030e-01
8.664998115917883492e-01
8.758105456686906543e-01
8.857599368930563211e-01
8.963284271983272822e-01
9.074659214244328309e-01
