9.998834562235231482e-01
9.991435321695262273e-01
9.983586728574186386e-01
9.975587065102907713e-01
9.967686358199077112e-01
9.960089254649180379e-01
9.952958410645577070e-01
9.946418213554000243e-01
9.940558684184398475e-01
9.935439435131513397e-01
9.931093585016390612e-01
9.927531549816190903e-01
9.924744651081973679e-01
9.922708496896469610e-01
9.921386105105438613e-01
9.920730749899291379e-01
9.920688522395730846e-01
9.921200603717670319e-01
9.922205255360614373e-01
9.923639536565722619e-01
9.925440762181233501e-01
9.927547717224194379e-01
9.929901646225371969e-01
9.932447036582650046e-01
9.935132215686778290e-01
9.937909781621215854e-01
9.940736886890562118e-01
9.943575393962306164e-01
9.946391920515569307e-01
9.949157791212485114e-01
9.951848911624879834e-01
9.954445578684157914e-01
9.956932240739935214e-01
9.959297218999857426e-01
9.961532400864625547e-01
9.963632914425849529e-01
9.965596792228159639e-01
9.967424631272058244e-01
9.969119255208808150e-01
9.970685383709807503e-01
9.972129313120491334e-01
9.973458611705461330e-01
9.974681832078033938e-01
9.975808242764960809e-01
9.976847580286768435e-01
9.977809822646873661e-01
9.978704984682630341e-01
9.979542935368552747e-01
9.980333236846216094e-01
9.981085004698438956e-01
9.981806788762914717e-01
9.982506473621131082e-01
9.983191197748825241e-01
9.983867290226217106e-01
9.984540223825968397e-01
9.985214583255770382e-01
9.985894047304091359e-01
9.986581383634621778e-01
9.987278454985685228e-01
9.987986235552371861e-01
9.988704836364943329e-01
9.989433538521512723e-01
9.990170833178079191e-01
9.990914467259657261e-01
9.991661493907216807e-01
9.992408326743533742e-01
9.993150797092598125e-01
9.993884213355682666e-01
9.994603421801553367e-01
9.995302868089825932e-01
9.995976658897745004e-01
9.996618623073161292e-01
9.997222371787742867e-01
9.997781357200634655e-01
9.998288929183091200e-01
9.998738389685816186e-01
9.999123044347754119e-01
9.999436250967528306e-01
9.999671464446814317e-01
9.999822277810406224e-01
9.999882458874604918e-01
9.999845982072919082e-01
9.999707054859018340e-01
9.999460137970666018e-01
9.999099958636071817e-01
9.998621515502904566e-01
9.998020073643745231e-01
9.997291147355793495e-01
9.996430467527769315e-01
9.995433928938448620e-01
9.994297510675229645e-01
9.993017159494833601e-01
9.991588620545698296e-01
9.990007191061097691e-01
9.988267357779071487e-01
9.986362253001971334e-01
9.984282817555076850e-01
9.982016470972030486e-01
9.979544915026202778e-01
9.976840330771454823e-01
9.973858404380118170e-01
9.970524590605226445e-01
9.966704475506610317e-01
9.962131615735314583e-01
9.956199344110249205e-01
9.947181192957175178e-01
9.927532454652679972e-01
9.752510782863006433e-01
1.000799256211273747e+00
9.978379327756127237e-01
9.967046627129391156e-01
9.959883223286729592e-01
9.954287124013356802e-01
9.949434104654126809e-01
9.944984519401955936e-01
9.940775154613494813e-01
9.936719629573667056e-01
9.932769400911665159e-01
9.928896312712630623e-01
9.925083974521360375e-01
9.921323162331081580e-01
9.917609212373258432e-01
9.913940471426315737e-01
9.910317340335096370e-01
9.906741667855142319e-01
9.903216361275805069e-01
9.899745137442339527e-01
9.896332369091028758e-01
9.892982999235788721e-01
9.889702506871801413e-01
9.886496913680701271e-01
9.883372825470017053e-01
9.880337504704046481e-01
9.877398972227517948e-01
9.874566137504632302e-01
9.871848957538509328e-01
9.869258625248409356e-01
9.866807788535302270e-01
9.864510801551842345e-01
9.862384009877336322e-01
9.860446071307791271e-01
9.858718313797272259e-01
9.857225131638198690e-01
9.855994420097671238e-01
9.855058047248165254e-01
9.854452359300429620e-01
9.854218711857365420e-01
9.854404013380385630e-01
9.855061257533996866e-01
9.856250006003037800e-01
9.858036759720438802e-01
9.860495119149149668e-01
9.863705575092626132e-01
9.867754676818408788e-01
9.872733171157508369e-01
9.878732455606090701e-01
9.885838272301558094e-01
9.894119867587253259e-01
9.903611635342016717e-01
9.914282146130808382e-01
9.925981666858841868e-01
9.938352284997015174e-01
9.950671512621968029e-01
9.961574378704138866e-01
9.968546731804540650e-01
9.966972917002403509e-01
9.948283103860202647e-01
9.896213895291879892e-01
9.779003181358015828e-01
9.532869552539188218e-01
9.028821546887108029e-01
8.021101718056885543e-01
6.139929612505719003e-01
3.264843697028252389e-01
6.766583493061048560e-02
2.627575196325759171e-02
1.464298588240109111e-01
2.897263098588125918e-01
4.051662182542562496e-01
4.900103509721755457e-01
5.516527419021681755e-01
5.969848519958317334e-01
6.309133222035263611e-01
6.567344231884587602e-01
6.766527444027472526e-01
6.921614573448686691e-01
7.042895941768844148e-01
7.137585471412564164e-01
7.210813404888215539e-01
7.266263776720280898e-01
7.306589274312228488e-01
7.333683113671509712e-01
7.348854907957189653e-01
7.352936444489761580e-01
7.346327474211217234e-01
7.328975255392936594e-01
7.300255904384794770e-01
7.258669979735090649e-01
7.201117181727938465e-01
7.121052808696495262e-01
