9.974954719818589499e-01
9.974900942564557393e-01
9.974852041409244530e-01
9.974808387580964553e-01
9.974770322780821541e-01
9.974738156610344353e-01
9.974712165184930202e-01
9.974692590726513819e-01
9.974679641944297348e-01
9.974673495037699178e-01
9.974674295174514871e-01
9.974682158315614222e-01
9.974697173277644602e-01
9.974719403942543527e-01
9.974748891533142814e-01
9.974785656896364427e-01
9.974829702740707349e-01
9.974881015786575267e-01
9.974939568805712975e-01
9.975005322519975293e-01
9.975078227350907545e-01
9.975158225009654878e-01
9.975245249921919077e-01
9.975339230490373188e-01
9.975440090198434140e-01
9.975547748559787653e-01
9.975662121924157022e-01
9.975783124145638503e-01
9.975910667128283782e-01
9.976044661256798785e-01
9.976185015725550498e-01
9.976331638773472399e-01
9.976484437843911035e-01
9.976643319670043253e-01
9.976808190304083945e-01
9.976978955093702695e-01
9.977155518620712815e-01
9.977337784603742543e-01
9.977525655777325087e-01
9.977719033750694910e-01
9.977917818854878940e-01
9.978121909980622872e-01
9.978331204413898314e-01
9.978545597672987544e-01
9.978764983346998241e-01
9.978989252944178157e-01
9.979218295747975809e-01
9.979451998684466529e-01
9.979690246201459169e-01
9.979932920163331334e-01
9.980179899756583817e-01
9.980431061414705152e-01
9.980686278754018481e-01
9.980945422526719124e-01
9.981208360587612294e-01
9.981474957876170784e-01
9.981745076412132933e-01
9.982018575304133501e-01
9.982295310771985841e-01
9.982575136180235065e-01
9.982857902082927781e-01
9.983143456280026973e-01
9.983431643881865991e-01
9.983722307384216288e-01
9.984015286749434726e-01
9.984310419497349764e-01
9.984607540800529701e-01
9.984906483586841741e-01
9.985207078645791379e-01
9.985509154740812576e-01
9.985812538724304632e-01
9.986117055654992747e-01
9.986422528919726149e-01
9.986728780356457502e-01
9.987035630378190421e-01
9.987342898099235144e-01
9.987650401459475802e-01
9.987957957352978644e-01
9.988265381753085315e-01
9.988572489837390656e-01
9.988879096113365552e-01
9.989185014542856234e-01
9.989490058663625938e-01
9.989794041709997297e-01
9.990096776733119466e-01
9.990398076717887932e-01
9.990697754697765998e-01
9.990995623868789144e-01
9.991291497698935320e-01
9.991585190037940434e-01
9.991876515221049804e-01
9.992165288173934234e-01
9.992451324512179323e-01
9.992734440638187943e-01
9.993014453837448796e-01
9.993291182370055425e-01
9.993564445558441589e-01
9.993834063875530749e-01
9.994099859027227861e-01
9.994361654032660747e-01
9.994619273302720597e-01
9.994872542713341135e-01
9.995121289679486098e-01
9.995365343222490928e-01
9.995604534038978750e-01
9.995838694562229065e-01
9.996067659026003360e-01
9.996291263523103821e-01
9.996509346061398515e-01
9.996721746619970927e-01
9.996928307201744524e-01
9.997128871883473877e-01
9.997323286867494385e-01
9.997511400528226178e-01
9.997693063460246776e-01
9.997868128525387865e-01
9.998036450898295513e-01
9.998197888111978182e-01
9.998352300106043700e-01
9.998499549272142906e-01
9.998639500503323507e-01
9.998772021243803598e-01
9.998896981541263163e-01
9.999014254102301935e-01
9.999123714350059977e-01
9.999225240487296107e-01
9.999318713563536409e-01
9.999404017547244283e-01
9.999481039403980143e-01
9.999549669182213885e-01
9.999609800105937474e-01
9.999661328675047978e-01
9.999704154777678822e-01
9.999738181807946713e-01
9.999763316797138923e-01
9.999779470556917627e-01
9.999786557831061851e-01
9.999784497463921618e-01
9.999773212578068060e-01
9.999752630767918538e-01
9.999722684306419085e-01
9.999683310364094746e-01
9.999634451243724076e-01
9.999576054627095090e-01
9.999508073833834887e-01
9.999430468093336577e-01
9.999343202824649834e-01
9.999246249926684316e-01
9.999139588072999407e-01
9.999023203009617111e-01
9.998897087852417487e-01
9.998761243378739838e-01
9.998615678308514498e-01
9.998460409569653873e-01
9.998295462536764822e-01
9.998120871238771468e-01
9.997936678523521303e-01
9.997742936166494898e-01
9.997539704913408487e-01
9.997327054438081007e-01
9.997105063200061315e-01
9.996873818182349103e-01
9.996633414485266433e-01
9.996383954750964751e-01
9.996125548389250826e-01
9.995858310570848726e-01
9.995582360948472855e-01
9.995297822063711202e-01
9.995004817381242246e-01
9.994703468898156196e-01
9.994393894247639576e-01
9.994076203216245569e-01
9.993750493565477511e-01
9.993416846027156630e-01
9.993075318309355692e-01
9.992725937897005695e-01
9.992368693369211297e-01
9.992003523857317937e-01
9.991630306128518324e-01
9.991248838572263091e-01
9.990858821054996453e-01
9.990459829122130264e-01
9.990051280269717227e-01
9.989632388777677230e-01
9.989202103566099389e-01
9.988759020068268546e-01
9.988301251008626647e-01
9.987826229771560316e-01
9.987330398620978267e-01
9.986808690788019360e-01
9.986253622779123207e-01
9.985653599364642252e-01
9.984989493382512293e-01
9.984227032279139324e-01
9.983297490455167456e-01
9.982038829045480899e-01
9.979956895177231058e-01
9.974577681840293142e-01
9.903142653981363841e-01
9.986281051080244664e-01
