1.047576448725492826e+00
1.049852619086587779e+00
1.048924121108258056e+00
1.045288412175923609e+00
1.039432142702140682e+00
1.031819644041402251e+00
1.022884312889874581e+00
1.013022518538894134e+00
1.002589677012842850e+00
9.918981580172372414e-01
9.812167155685256326e-01
9.707711601399452439e-01
9.607460182807151527e-01
9.512869542310017357e-01
9.425037565363729719e-01
9.344737207093832820e-01
9.272452864427288555e-01
9.208418148666104308e-01
9.152654183278347011e-01
9.105007831573690424e-01
9.065189568084459637e-01
9.032811081131417730e-01
9.007423198222390681e-01
8.988555487409386480e-01
8.975760160920551733e-01
8.968665228293368763e-01
8.967046412025775348e-01
8.970937011246961079e-01
8.980817098561266754e-01
8.997979406248359791e-01
9.025327885461011945e-01
9.069389043639546344e-01
9.146462341021377451e-01
9.308081857364750578e-01
9.832523088375165754e-01
3.240495789784975100e-01
7.990971033452574090e-01
8.366361231873934434e-01
8.497127589665083303e-01
8.556995867019916435e-01
8.587200043152446449e-01
8.601572075856036559e-01
8.606188561055967412e-01
8.604192081824773020e-01
8.597417458885394659e-01
8.587048917600180742e-01
8.573919844184750838e-01
8.558661966526402987e-01
8.541784499830117339e-01
8.523718125897979947e-01
8.504840212225881491e-01
8.485489524134588457e-01
8.465974810518114291e-01
8.446579683499758628e-01
8.427565155403884400e-01
8.409170577455005180e-01
8.391613301879737863e-01
8.375086997817762224e-01
8.359757995909578021e-01
8.345757907017520294e-01
8.333167882215434252e-01
8.321981155161872756e-01
8.311998398542335131e-01
8.302455325615699655e-01
8.289995845007191999e-01
8.233732422032166154e-01
8.344656019972722660e-01
8.324901082067969194e-01
8.324624395423267931e-01
8.328855009490719885e-01
8.336460794682986064e-01
8.346798467160696511e-01
8.359576243201740642e-01
8.374611138827744439e-01
8.391753116008344726e-01
8.410852639951214016e-01
8.431739490827336869e-01
8.454198934343433169e-01
8.477931178889197561e-01
8.502464959641319320e-01
8.526941939144535576e-01
8.549476817046852695e-01
8.564729727043481899e-01
8.550039510746464400e-01
8.267253462527310859e-01
6.934001424475060293e-01
8.671470284794647876e-01
8.776295896081984793e-01
8.825229746824330146e-01
8.866504421329319818e-01
8.906118736144961190e-01
8.945357658227891529e-01
8.984539680342820134e-01
9.023712120473237341e-01
9.062832058462964024e-01
9.101824374241949123e-01
9.140603266665648929e-01
9.179081148520709110e-01
9.217172655357820377e-01
9.254796583149893507e-01
9.291876874676165965e-01
9.328343132664744797e-01
9.364130875747019855e-01
9.399181639888274375e-01
9.433442976940921154e-01
9.466868378903517955e-01
9.499417147223515601e-01
9.531054225342096009e-01
9.561750018497873205e-01
9.591480239899617954e-01
9.620225854495837448e-01
9.647973260350266589e-01
9.674715003839456928e-01
9.700451710864336219e-01
9.725196978192731656e-01
9.748990318764262364e-01
9.771935866715344421e-01
9.794343086334792448e-01
9.817102868555832584e-01
9.791609864379124950e-01
9.841302404116996083e-01
9.861188450870945754e-01
9.877881798737608854e-01
9.892806419555274511e-01
9.906237510640318877e-01
9.917846300791754999e-01
9.928978485783053198e-01
9.938132899532978737e-01
9.945782453791192079e-01
9.951845681768753948e-01
9.956229210289506693e-01
9.958824108138946141e-01
9.959503164905946226e-01
9.958117243033959287e-01
9.954489746790133875e-01
9.948408029534646646e-01
9.939609785876643011e-01
9.927760989764667920e-01
9.912419071861390263e-01
9.892969211385204131e-01
9.868509060585837211e-01
9.837628036807205545e-01
9.797953071520978385e-01
9.745121081866598978e-01
9.670139076632714437e-01
9.551263361690918163e-01
9.321095010461880603e-01
8.650327172628559103e-01
3.567787840738512184e-01
9.599608419074262544e-01
1.005245377508054982e+00
1.001067792729670280e+00
9.954348122235148200e-01
9.906520160125243946e-01
9.865541997754307957e-01
9.823635747552309505e-01
9.757406884064574459e-01
9.580599914192802213e-01
8.900164071458734893e-01
5.684078524169520197e-01
3.103230536551687332e-02
3.660442753958398909e-01
5.816112681799872064e-01
6.716074174316535306e-01
7.106136574562853525e-01
7.080823556769086924e-01
8.041745930468947590e-01
7.808600315325855412e-01
7.768519567309355445e-01
7.702128207557663586e-01
7.366362133518103983e-01
7.540470395055128838e-01
7.876229751580712257e-01
7.863133460241743533e-01
7.843735624675730600e-01
7.834815778758217331e-01
7.826983796795464743e-01
7.823299537996244446e-01
7.823462576450472827e-01
7.827092840589793266e-01
7.833452831299257957e-01
7.842424281379000162e-01
7.852364629253424377e-01
7.862103760466240265e-01
7.869853590549559241e-01
7.873211265384713053e-01
7.868841191516227074e-01
7.851798073813197609e-01
7.813935559497543482e-01
7.739554465617713985e-01
7.590525049081545683e-01
7.232008834872810654e-01
5.542976411827407190e-01
9.797355874709003931e-01
8.754254764828002244e-01
8.384504337341398550e-01
8.155327027524323924e-01
7.963880567877787975e-01
7.778377524133296417e-01
7.586616187496725283e-01
