1.011384453221279900e+00
1.007773392397689705e+00
1.004351802908028501e+00
1.001187927840544445e+00
9.983313789123197113e-01
9.958151988545020927e-01
9.936579583631063306e-01
9.918658256039728505e-01
9.904345607471973789e-01
9.893514002907325411e-01
9.885968062625287711e-01
9.881460639886607833e-01
9.879707191888879025e-01
9.880398508967878080e-01
9.883211812691095055e-01
9.887820269051882383e-01
9.893900989750779029e-01
9.901141613826546228e-01
9.909245574720447758e-01
9.917936165128639070e-01
9.926959514504497539e-01
9.936086592331835332e-01
9.945114344655525684e-01
9.953866061865315196e-01
9.962191062021132915e-01
9.969963755136831418e-01
9.977082127995731131e-01
9.983465652966607706e-01
9.989052572348549042e-01
9.993796432347227254e-01
9.997661621292626144e-01
1.000061747599951145e+00
1.000263020608435749e+00
1.000365135271938488e+00
1.000360056473966308e+00
1.000233878794832831e+00
9.999624808517840746e-01
9.995041963461326340e-01
9.987869410062120146e-01
9.976845911631944119e-01
9.959714578457032896e-01
9.932293867524943920e-01
9.886448043750318826e-01
9.805268977324287372e-01
9.650404332943169905e-01
9.324447380932168183e-01
8.550521299981008738e-01
6.545024862275798938e-01
1.914045366853677765e-01
7.228157348714592256e-02
4.467471167633626505e-01
6.663733409355196979e-01
7.712785252427412086e-01
8.264821215776414487e-01
8.586228059170669669e-01
8.788239431319390116e-01
8.922396895912547699e-01
9.015015806469608428e-01
9.080652427225446299e-01
9.127899808380358637e-01
9.162107721304328933e-01
9.186756649909232353e-01
9.204196844998665528e-01
9.216069420591270767e-01
9.223567931016656285e-01
9.227710423570223419e-01
9.227046533514371429e-01
9.226334113008467508e-01
9.222855377792124054e-01
9.217518140278789796e-01
9.210601483531700717e-01
9.202301525944620586e-01
9.192771718144153725e-01
9.182136200361862288e-01
9.170497284559188111e-01
9.157940515946018101e-01
9.144538352688816873e-01
9.130352925560076827e-01
9.115438134211787391e-01
9.099841235607021295e-01
9.083604007748061759e-01
9.066763475231494063e-01
9.049351910232137364e-01
9.031394464999861205e-01
9.012890267098762065e-01
8.992865670317342630e-01
8.974850141817362070e-01
8.954976473072090437e-01
8.934733400761065703e-01
8.914109167106117892e-01
8.893114257858631966e-01
8.871761555256157950e-01
8.850063049169847318e-01
8.828028848487816660e-01
8.805666686087803008e-01
8.782981548536132888e-01
8.759975329402812649e-01
8.736646472067827185e-01
8.712989588043282829e-01
8.688995043531676510e-01
8.664648509092616191e-01
8.639930467667943370e-01
8.614815675807766526e-01
8.589272572053796573e-01
8.563262625242494819e-01
8.536739613957555761e-01
8.509648826521705178e-01
8.481926168649924769e-01
8.453497163163466999e-01
8.424275822836748695e-01
8.394163373378289439e-01
8.363046798555270334e-01
8.330797173310086068e-01
8.297267743059356659e-01
8.262291697842263360e-01
8.225679578022336846e-01
8.187216233177639912e-01
8.146657236704961669e-01
8.103724634273286043e-01
8.058101872915991448e-01
8.009427716988001267e-01
7.957288904247667993e-01
7.901211225551000306e-01
7.840648618730053920e-01
7.774969741940772616e-01
7.703441320296219308e-01
7.625207320546841805e-01
7.539262667475179480e-01
7.444419714012634470e-01
7.339264908902030093e-01
7.222101862834805486e-01
7.090874843650674109e-01
6.943062515619752295e-01
6.775522241109348531e-01
6.584239013063951651e-01
6.363837148840527647e-01
6.106204103085356438e-01
5.795587423403871785e-01
5.500400951193437082e-01
5.064809220244737009e-01
4.533016640704783939e-01
3.831920426435181937e-01
2.759528515311395203e-01
5.333868131345630148e-02
6.377179822129844800e-01
3.802411577668448062e-01
2.445033945141820708e-01
1.446462803178946432e-01
7.008897641475171636e-02
2.699969070446929867e-02
2.333247933928753182e-02
6.188728380689084707e-02
1.375172518667352184e-01
2.380867837586681246e-01
3.483730768432635183e-01
4.550890768505757578e-01
5.499868979587160256e-01
6.298702830915338113e-01
6.949138607166863713e-01
7.469457209666514608e-01
7.866999219765542506e-01
8.203579682763573189e-01
8.462108630740352577e-01
8.667666315970865565e-01
8.832464371620867283e-01
8.965808897145497447e-01
9.074878605552475497e-01
9.165297547307343917e-01
9.244400207249257040e-01
9.304482859599277900e-01
9.360423681568722509e-01
9.409506265639667744e-01
9.453343705136790787e-01
9.493105956047058758e-01
9.529651235124430020e-01
9.563587498765153683e-01
9.595313578217119499e-01
9.625049275060718612e-01
9.652858216654879309e-01
9.678665779235722244e-01
9.702273720194359852e-01
9.723372770436702339e-01
9.741554178416320653e-01
9.756321014711323292e-01
9.767099912102596981e-01
9.773253813918475474e-01
9.774096221243214755e-01
9.768907358841174560e-01
9.756952613752140069e-01
9.737503534092938340e-01
9.709861604387609590e-01
9.673384933811640662e-01
9.627517902024766983e-01
9.571823700609145558e-01
9.506019584207148210e-01
9.430014501776948777e-01
9.343948613003321135e-01
9.248234005919099276e-01
9.143595717268588885e-01
9.031111914502408800e-01
