9.883687886714644932e-01
9.879651158196973704e-01
9.875868610898761446e-01
9.872438133787814207e-01
9.869432892771791144e-01
9.866904066677777418e-01
9.864883574874031558e-01
9.863386734973131897e-01
9.862414803481117653e-01
9.861957364664474257e-01
9.861994543430355753e-01
9.862499026864213203e-01
9.863437886384052167e-01
9.864774198449279830e-01
9.866468466534117354e-01
9.868479850823835831e-01
9.870767214921527533e-01
9.873290000919159315e-01
9.876008945604141109e-01
9.878886651421860954e-01
9.881888026230064570e-01
9.884980605919028163e-01
9.888134773713050940e-01
9.891323889485157395e-01
9.894524341763214492e-01
9.897715534317157449e-01
9.900879818356171924e-01
9.904002380443830411e-01
9.907071095306946296e-01
9.910076351769397940e-01
9.913010859128558172e-01
9.915869440400918444e-01
9.918648818030442182e-01
9.921347396845957567e-01
9.923965048333448502e-01
9.926502899598785845e-01
9.928963129791417153e-01
9.931348776189202754e-01
9.933663551656897184e-01
9.935911674741350064e-01
9.938097713282599832e-01
9.940226442078555769e-01
9.942302714854743817e-01
9.944331350541174563e-01
9.946317033650375894e-01
9.948264228386286545e-01
9.950177105968568414e-01
9.952059484552903124e-01
9.953914781043242677e-01
9.955745974035308254e-01
9.957555577083146980e-01
9.959345621469205545e-01
9.961117647636217320e-01
9.962872704455193462e-01
9.964611355509997992e-01
9.966333691606669154e-01
9.968039348740816985e-01
9.969727530793013326e-01
9.971397036261614444e-01
9.973046288379863178e-01
9.974673368009846497e-01
9.976276048749401770e-01
9.977851833727798825e-01
9.979397993614118612e-01
9.980911605396269870e-01
9.982389591535896223e-01
9.983828759131017083e-01
9.985225838758222672e-01
9.986577522688787623e-01
9.987880502199907307e-01
9.989131503713344351e-01
9.990327323502473655e-01
9.991464860708030304e-01
9.992541148377875881e-01
9.993553382210199620e-01
9.994498946615976154e-01
9.995375437604652191e-01
9.996180681847846028e-01
9.996912751018696142e-01
9.997569970147954788e-01
9.998150918179755653e-01
9.998654418049032211e-01
9.999079512265890424e-01
9.999425417858563980e-01
9.999691451033325684e-01
9.999876906030675805e-01
9.999980862445860819e-01
1.000000187684081610e+00
9.999937479693712383e-01
9.999783329742659710e-01
9.999531732421852448e-01
9.999168900139169258e-01
9.998669519222425084e-01
9.997984944860268675e-01
9.997014191663464722e-01
9.995519043437876006e-01
9.992798130717611693e-01
9.985605431400411680e-01
9.869314708040455297e-01
1.001780229438099301e+00
1.000801589686777460e+00
1.000480087006411667e+00
1.000310826557410548e+00
1.000200361093894985e+00
1.000117579048466432e+00
1.000047687755171832e+00
9.999807153148294603e-01
9.999071433225131811e-01
9.998152493421501585e-01
9.996884197065694089e-01
9.995012663551350318e-01
9.992127698245246714e-01
9.987524079573576463e-01
9.979897244064921402e-01
9.966831044940022144e-01
9.946223247028133096e-01
9.922819300732023118e-01
9.891722114602553573e-01
9.835945110286120618e-01
9.735965124768540813e-01
9.554084668107662992e-01
9.206811196297514099e-01
8.497276663799997465e-01
6.954383800239545277e-01
3.782277304712219901e-01
2.860980641444013650e-02
1.252530717966434948e-01
4.043470025840898985e-01
5.927670050221237608e-01
7.018071280253666000e-01
7.671120864709485287e-01
8.086477434292466127e-01
8.365452187990372046e-01
8.561309489352043611e-01
8.703697999862612944e-01
8.810065227911235697e-01
8.891196973861827946e-01
8.954050150520654894e-01
9.003278436987796063e-01
9.042093712037998499e-01
9.072773349728483483e-01
9.096970279837950368e-01
9.115908823678431361e-01
9.130512034291734524e-01
9.141486665690295998e-01
9.149381191871166497e-01
9.154626249622290768e-01
9.157563356471450922e-01
9.158465644774772541e-01
9.157553056188995066e-01
9.155003625292865710e-01
9.150961957315619788e-01
9.145545661861043119e-01
9.138850275735130868e-01
9.130953052841722650e-01
9.121915892243676049e-01
9.111787600744659654e-01
9.100605633306425579e-01
9.088397416406353013e-01
9.075181331438439969e-01
9.060967414338170212e-01
9.045757811517615155e-01
9.029547019286042753e-01
9.012321922832631227e-01
8.994061640243335987e-01
8.974737165287370866e-01
8.954310787382468995e-01
8.932735243818084037e-01
8.909952519118501391e-01
8.885892130178507653e-01
8.860468578383877691e-01
8.833577296778771792e-01
8.805087550630443793e-01
8.774828353500737643e-01
8.742555838655379219e-01
8.707861048059977183e-01
8.669824894389476233e-01
8.624935970542777497e-01
8.527812746117028331e-01
8.569417835691277574e-01
8.518916555775855048e-01
8.467185995014666622e-01
8.412868719934334383e-01
8.354899461298930241e-01
8.292548758573511369e-01
8.225151463384194894e-01
8.152015258796186936e-01
8.072378717771382384e-01
7.985383701763413278e-01
7.890051049899780011e-01
7.785255202049046197e-01
7.669695495136577001e-01
7.541862575450837269e-01
7.399998626092485488e-01
7.242050277778911971e-01
7.065613377966327713e-01
6.867869498283152296e-01
6.645515583670068560e-01
6.394691234746484598e-01
6.110914124376025658e-01
