9.807544488509690739e-01
9.811367394171911505e-01
9.815612682877696837e-01
9.820202308780875411e-01
9.825063991466103097e-01
9.830131814873465101e-01
9.835346556163775400e-01
9.840655791031716060e-01
9.846013817584766681e-01
9.851381436456579932e-01
9.856725620453123948e-01
9.862019102795809289e-01
9.867239909036288337e-01
9.872370853970796611e-01
9.877399021434396520e-01
9.882315241729366928e-01
9.887113578607353848e-01
9.891790835216499600e-01
9.896346086219293126e-01
9.900780241346097688e-01
9.905095644010193379e-01
9.909295707192169456e-01
9.913384587628917277e-01
9.917366898369287531e-01
9.921247458978132983e-01
9.925031082043567210e-01
9.928722394173877808e-01
9.932325689314339678e-01
9.935844811979592794e-01
9.939283067839573826e-01
9.942643159029506128e-01
9.945927141538266625e-01
9.949136402081297792e-01
9.952271651930041374e-01
9.955332935299217034e-01
9.958319650017329883e-01
9.961230578370547928e-01
9.964063926160905416e-01
9.966817368201457139e-01
9.969488098633101369e-01
9.972072884623667255e-01
9.974568122169187312e-01
9.976969892881396573e-01
9.979274020794004496e-01
9.981476128358941491e-01
9.983571690944375021e-01
9.985556089259099988e-01
9.987424659244678038e-01
9.989172739075891094e-01
9.990795713003990386e-01
9.992289051851153125e-01
9.993648350048089934e-01
9.994869359155055255e-01
9.995948017873379499e-01
9.996880478593556107e-01
9.997663130569101053e-01
9.998292619835840167e-01
9.998765866023537896e-01
9.999080076230530967e-01
9.999232756144000867e-01
9.999221718605103559e-01
9.999045089825429056e-01
9.998701313463810303e-01
9.998189152780594391e-01
9.997507691079275949e-01
9.996656330652317068e-01
9.995634790435223849e-01
9.994443102575625293e-01
9.993081608113574266e-01
9.991550951966311489e-01
9.989852077400780406e-01
9.987986220170116392e-01
9.985954902488193285e-01
9.983759927001624179e-01
9.981403370916783757e-01
9.978887580432935778e-01
9.976215165622449588e-01
9.973388995904519660e-01
9.970412196239740732e-01
9.967288144182796517e-01
9.964020467924321611e-01
9.960613045450569247e-01
9.957070004951109610e-01
9.953395726609760574e-01
9.949594845917576480e-01
9.945672258649471686e-01
9.941633127658893176e-01
9.937482891655161632e-01
9.933227276138657524e-01
9.928872306693834471e-01
9.924424324849583368e-01
9.919890006756901801e-01
9.915276384948602528e-01
9.910590873493024811e-01
9.905841296895404602e-01
9.901035923145653506e-01
9.896183501378262859e-01
9.891293304683542731e-01
9.886375178688243670e-01
9.881439596630645639e-01
9.876497721778236816e-01
9.871561478172722337e-01
9.866643630871652082e-01
9.861757877047457876e-01
9.856918949568155286e-01
9.852142734962131554e-01
9.847446408046438560e-01
9.842848585905904502e-01
9.838369504440198643e-01
9.834031221314728510e-01
9.829857849894985122e-01
9.825875829646411042e-01
9.822114239563564109e-01
9.818605162461253588e-01
9.815384109487033104e-01
9.812490515955266668e-01
9.809968321585521567e-01
9.807866650362861982e-01
9.806240607341873972e-01
9.805152211382789362e-01
9.804671483254193687e-01
9.804877706149189853e-01
9.805860867441856810e-01
9.807723270645032354e-01
9.810581263859209367e-01
9.814566943868497928e-01
9.819829520619712815e-01
9.826535678874297464e-01
9.834867573972931876e-01
9.845015666679998168e-01
9.857160597807524960e-01
9.871431790515129423e-01
9.887815760050607805e-01
9.905952192322062810e-01
9.924667778288287501e-01
9.940858772189097303e-01
9.946624645861656955e-01
9.921219731643133866e-01
9.805692067219471397e-01
9.411762410115345201e-01
8.076442179199346816e-01
4.283910910328600496e-01
2.224948720695207605e-01
4.602952927220745338e-01
5.795419727088144679e-01
5.227685414556476617e-01
6.002290962585520306e-01
7.074118270525638907e-01
7.657455807627699951e-01
7.995532177378501526e-01
8.212974837714235310e-01
8.363651550176066651e-01
8.473592070894999662e-01
8.556813909152373165e-01
8.621530482015945518e-01
8.672873607404778529e-01
8.714210810850915312e-01
8.747835502766203586e-01
8.775351869350643819e-01
8.797899555290580320e-01
8.816287980901438281e-01
8.831074967866727743e-01
8.842605584314311429e-01
8.851013828166468533e-01
8.856173607045844109e-01
8.857551345651428765e-01
8.853811636787909389e-01
8.841645752197334618e-01
8.811343586590243415e-01
8.720006059702998247e-01
7.787681942447752803e-01
9.208972126589878293e-01
9.063934719388929695e-01
9.018828483001600782e-01
8.996385648297042792e-01
8.982195328269795276e-01
8.971658287844385127e-01
8.962861855114730991e-01
8.954873901996932561e-01
8.947190657293641047e-01
8.939520853876899986e-01
8.931689632609679519e-01
8.923591503524289648e-01
8.915165572330627786e-01
8.906381619506892333e-01
8.897231578799699170e-01
8.887723205779672897e-01
8.877872540306209759e-01
8.867685740218957946e-01
8.857073797414780625e-01
8.844801635941845763e-01
8.838267122532632580e-01
8.827449620291978327e-01
8.816950087877050146e-01
8.806834043014770685e-01
8.797149339539734880e-01
8.788007714674629378e-01
8.779550992175302326e-01
8.771947407620881432e-01
8.765399133888891470e-01
