4.303897725343684755e+01
3.507483550439976483e+01
2.861985629558697752e+01
2.319903210279981209e+01
1.956915652507059278e+01
1.611365403536699858e+01
1.332504000031533131e+01
1.112815617840950821e+01
9.356364574920371879e+00
7.918681269267379363e+00
6.753894987207836209e+00
5.793666780322460852e+00
4.478490647533404534e+00
4.395948517883858209e+00
3.901627951460726607e+00
3.483947950588747400e+00
3.135149780909405770e+00
2.842186502031358586e+00
2.593638968774283349e+00
2.376598745848093053e+00
2.200594166472917390e+00
2.039102165423179347e+00
1.896821604457711752e+00
1.770003395506242860e+00
1.656006702607639269e+00
1.552865268350899219e+00
1.459102372123866065e+00
1.373605683492633123e+00
1.295532523868739183e+00
1.224238757527528199e+00
1.159264201344949452e+00
1.099877725505480575e+00
1.046212039675016525e+00
9.976768302798231236e-01
9.540186033581573577e-01
9.149558869190818067e-01
8.797101191751752758e-01
8.490090566953709672e-01
8.218905098728277459e-01
7.981538348727402754e-01
7.775147253835666961e-01
7.596754195031139023e-01
7.441288081295844847e-01
7.313744789084288822e-01
7.202465193644774777e-01
7.107804017879837399e-01
7.030941933719029313e-01
6.961898282248559777e-01
6.900658356526070403e-01
6.815969052920487492e-01
6.167446711143088622e-01
6.757713621528004255e-01
6.742512466666067406e-01
6.717196195240164869e-01
6.691068478592985258e-01
6.664772319513269094e-01
6.637505471356449638e-01
6.605909582240726552e-01
6.419264315859513070e-01
6.583831755182703027e-01
6.548993874625723688e-01
6.519377142264538572e-01
6.490704192384364468e-01
6.462531735274739120e-01
6.434715719140096102e-01
6.407518116996706592e-01
6.381240355000523667e-01
6.356228489563638950e-01
6.332844975618135974e-01
6.311443640284933876e-01
6.292339997842181232e-01
6.275766631475273583e-01
6.261791528141263941e-01
6.250139620427815901e-01
6.239723047394888367e-01
6.227071125575619481e-01
6.198640193515199126e-01
6.039517918218352266e-01
6.560333581123365398e-01
6.443305109613757242e-01
6.438448377955774404e-01
6.460474993659321985e-01
6.495843924546840231e-01
6.540770909052479043e-01
6.593763234608772672e-01
6.654078773903047139e-01
6.721282897213254337e-01
6.795137664620277684e-01
6.875960495785063964e-01
6.959262385710445198e-01
7.052708896538493200e-01
7.151959277311616958e-01
7.250382743566119448e-01
7.385004493215981958e-01
7.546859275927958466e-01
7.882337818558969866e-01
4.605259126488510102e-01
7.188220516012884254e-01
7.395218016667924887e-01
7.450408682523946835e-01
7.376000831832056903e-01
6.912181146192776238e-01
5.767593692715345943e-01
1.206764819003982719e-01
9.578607841553172797e-01
9.662281993037444838e-01
9.604174936685677677e-01
9.600856747593545792e-01
9.632751135052418645e-01
9.679543228361083829e-01
9.738326746199071904e-01
9.796109309508725937e-01
9.834106094377093044e-01
9.839544503655698326e-01
9.767499904485390516e-01
9.183380718333424841e-01
4.950915453351432127e-01
2.518660419907910453e-01
7.278463396759882187e-01
8.590413718838123547e-01
9.097443931715469834e-01
9.354579121169880329e-01
9.507019398578381297e-01
9.606064727179443041e-01
9.673895338524782783e-01
9.721555610131755731e-01
9.755139254302545027e-01
9.778267794535633328e-01
9.793203091206268418e-01
9.801393036070118470e-01
9.803760732889879037e-01
9.800872542879672800e-01
9.793057100921053193e-01
9.780556000901333702e-01
9.764213134405249628e-01
9.749220694209266291e-01
9.691966191982623879e-01
9.661835508830063368e-01
9.590481396691951099e-01
9.583938521305659375e-01
9.522012054887780685e-01
9.453852903036805699e-01
9.376463865650794816e-01
9.288395088236989228e-01
9.187796099251286375e-01
9.070926219798129964e-01
8.926479281439314573e-01
8.692582902887359131e-01
5.328336024937921911e-01
8.240674757085073576e-01
8.491377829209768580e-01
8.344754222235657437e-01
8.177305636812006728e-01
8.005469426619624684e-01
7.827601110864707001e-01
7.641636152663496828e-01
7.433288678550150630e-01
7.071196248834034082e-01
6.400400507882266776e-01
7.110640721079397597e-01
6.980889197987467654e-01
6.864045830700639117e-01
6.772120233394434141e-01
6.709345439557132806e-01
6.680063684800787716e-01
6.679630224536785565e-01
6.739978510412745205e-01
6.844564322651698340e-01
7.004321118020838677e-01
7.226728708770552290e-01
7.518960189903201030e-01
7.887683335118947925e-01
8.345889394240327830e-01
8.896494617055850096e-01
9.551383193594275012e-01
1.032139211246404731e+00
1.121845835205641295e+00
1.225617301947080628e+00
1.345052575363607561e+00
1.481903685608664700e+00
1.638390184190212207e+00
1.817105279324578104e+00
2.021761388800888515e+00
2.254783628938993534e+00
2.521275481737285773e+00
2.821379136559491574e+00
3.208504838040314056e+00
3.571197168220445306e+00
4.141729501589467510e+00
4.649357961796295236e+00
4.625383242595749067e+00
5.466856970885297429e+00
6.627270075838663566e+00
6.288759980553765061e+00
8.598489716259040350e+00
1.082504576285402287e+01
1.299716986774141070e+01
1.554227146939741822e+01
1.863192919280580995e+01
2.242257994811965460e+01
