1.042357021790752514e+00
1.034478200752212196e+00
1.026596822154002719e+00
1.018926163027683129e+00
1.011637956668100635e+00
1.004865642526704184e+00
9.987079165285505100e-01
9.932324378008569044e-01
9.884795743864915885e-01
9.844660939764180441e-01
9.811887262195005954e-01
9.786275409510527545e-01
9.767491019537120067e-01
9.755093688267910679e-01
9.748563304224588943e-01
9.747323623165533579e-01
9.750763081205668925e-01
9.758252903085706809e-01
9.769162608102854861e-01
9.782873050764104850e-01
9.798787158204163017e-01
9.816338543175537890e-01
9.834998181348612034e-01
9.854279345902553500e-01
9.873740991988546600e-01
9.892989779550919183e-01
9.911680916001263109e-01
9.929517991056648896e-01
9.946251965296328823e-01
9.961679462154418019e-01
9.975640500599438631e-01
9.988015792999291875e-01
9.998723719943926058e-01
1.000771708128717519e+00
1.001497971062350612e+00
1.002052302890330981e+00
1.002438260207082710e+00
1.002661475750310727e+00
1.002729330472422520e+00
1.002650639734587124e+00
1.002435356547653145e+00
1.002094294091248727e+00
1.001638869127182474e+00
1.001080867380297112e+00
1.000432231486972690e+00
9.997048717040660781e-01
9.989104992226469637e-01
9.980604816387850242e-01
9.971657198903925989e-01
9.962365457700002036e-01
9.952826389588663725e-01
9.943129623920582416e-01
9.933357146370268564e-01
9.923582978300442559e-01
9.913872995118360176e-01
9.904284863336231259e-01
9.894868068220422641e-01
9.885663985807739973e-01
9.876705907515602734e-01
9.868018798884020670e-01
9.859618170897891387e-01
9.851505890861752546e-01
9.843652779684415322e-01
9.835888789970247403e-01
9.824085857287675472e-01
9.824224304095087179e-01
9.817209242699860283e-01
9.811007173157700878e-01
9.805254695130096732e-01
9.799899036629388105e-01
9.794939714789108187e-01
9.790401681582001636e-01
9.786334973274333215e-01
9.782823028938575360e-01
9.779998728995215052e-01
9.778072265653143802e-01
9.777380804608516440e-01
9.778482247869214605e-01
9.782346638333687672e-01
9.790788814668548445e-01
9.807591060117716308e-01
9.842060459304305953e-01
9.924631152152287861e-01
1.024249986220115538e+00
7.802585106738743059e-01
9.269834286697794523e-01
9.409174520813974318e-01
9.216999175062968730e-01
9.555899879536637886e-01
9.545349782986912723e-01
9.542442132844803915e-01
9.538737823110283731e-01
9.533610249661472746e-01
9.527210324424717491e-01
9.519760716308711679e-01
9.511453617333193167e-01
9.502442779488335933e-01
9.492851012989540482e-01
9.482778401082637698e-01
9.472308717488027163e-01
9.461514042098863042e-01
9.450457994163726783e-01
9.439197976158991699e-01
9.427786723178324113e-01
9.416273365306244703e-01
9.404704146312816704e-01
9.393122897666832394e-01
9.381571336714727982e-01
9.370089237448157027e-01
9.358714508333337845e-01
9.347483202033749494e-01
9.336429475074642381e-01
9.325585510561644753e-01
9.314981413199446836e-01
9.304645082397370315e-01
9.294602065183524831e-01
9.284875384087375449e-01
9.275485321088130508e-01
9.266449101740921179e-01
9.257780307200110803e-01
9.249487389843253915e-01
9.241568287426532580e-01
9.233976468756394107e-01
9.225049291026141685e-01
9.220746693217589662e-01
9.214323422201182723e-01
9.208394452824839593e-01
9.202872115137004094e-01
9.197728556790697452e-01
9.192942539325485996e-01
9.188492342007679170e-01
9.184354087512726084e-01
9.180501238646593398e-01
9.176904431985695165e-01
9.173531398238371493e-01
9.170346803150771775e-01
9.167311612590351988e-01
9.164379981897202709e-01
9.161475856899191639e-01
9.157884429469085319e-01
9.154602106375475667e-01
9.152734554855596061e-01
9.149769442712807344e-01
9.146541375273075092e-01
9.143037977890887680e-01
9.139197827908814853e-01
9.134942954089881884e-01
9.130180881421458006e-01
9.124801231203630847e-01
9.118669309050617677e-01
9.111616229542945922e-01
9.103424004227522737e-01
9.093802740374521409e-01
9.082354932995714281e-01
9.068517747459793332e-01
9.051465972709332730e-01
9.029940665338009875e-01
9.001927377965014410e-01
8.964001539657513451e-01
8.909840058247950889e-01
8.826189426401963578e-01
8.677216171730522953e-01
8.249183351182206581e-01
7.964188264682213747e-01
5.734862322362863640e-01
2.985947723835301049e-01
9.030478793915724944e-01
9.482643974886357796e-01
9.522078676780062478e-01
9.513163776602188149e-01
9.500078413894368357e-01
9.490205258894113260e-01
9.484476856091178520e-01
9.482509699932807345e-01
9.483686019436654568e-01
9.487384990866486456e-01
9.492959585135556377e-01
9.498042247833760054e-01
9.500958300497526210e-01
9.514447198899947944e-01
9.522804750618655278e-01
9.529678821961296009e-01
9.534583591767431532e-01
9.536676289959222785e-01
9.534918830451073468e-01
9.528066784654425359e-01
9.514617712779179781e-01
9.492725380711309890e-01
9.460064047153908806e-01
9.413609101989902639e-01
9.349270171537303886e-01
9.261252791703444842e-01
9.140897045471465532e-01
8.974453498377862326e-01
8.738567126691683118e-01
8.390487486936654138e-01
7.845258895107559693e-01
6.918093147918176200e-01
5.195189025621251844e-01
2.122798593818498725e-01
