9.881862804675679568e-01
9.874134775527152463e-01
9.867338389102309204e-01
9.861565321611713841e-01
9.856869036171668208e-01
9.853270637185705949e-01
9.850764272336713923e-01
9.849322056162431727e-01
9.848898505748221455e-01
9.849434492125382912e-01
9.850860721009955245e-01
9.853100764004951717e-01
9.856073666772308117e-01
9.859696164265666640e-01
9.863884535263904851e-01
9.868556129431715895e-01
9.873630600165360649e-01
9.879030875803066492e-01
9.884683900550177427e-01
9.890521174815665173e-01
9.896479122756167701e-01
9.902499312711804391e-01
9.908528554029799595e-01
9.914518891550828661e-01
9.920427516834241510e-01
9.926216613063251204e-01
9.931853148534727227e-01
9.937308631708142714e-01
9.942558839003120541e-01
9.947583524867409377e-01
9.952366122127398462e-01
9.956893439245166899e-01
9.961155359871521897e-01
9.965144548944038227e-01
9.968856168586537336e-01
9.972287606139770277e-01
9.975438215837111322e-01
9.978309074852638183e-01
9.980902753724631982e-01
9.983223100409381878e-01
9.985275036438772123e-01
9.987064362758311109e-01
9.988597571739650238e-01
9.989881660457962109e-01
9.990923938422037187e-01
9.991731820293228150e-01
9.992312590278856765e-01
9.992673119242706514e-01
9.992819507099101051e-01
9.992756610153277208e-01
9.992487393048226085e-01
9.992012013493942746e-01
9.991326497406287643e-01
9.990420779392483741e-01
9.989275745150340002e-01
9.987858675145282472e-01
9.986116070974357939e-01
9.983962086343626252e-01
9.981259355255154286e-01
9.977786209411725338e-01
9.973178524919862342e-01
9.966821937940169018e-01
9.957640994994556571e-01
9.943656589083980091e-01
9.920953287591234293e-01
9.880741868245481729e-01
9.804784890387282514e-01
9.649614246638078541e-01
9.245172670366690326e-01
7.871995653054654207e-01
2.278679196553304309e-01
2.979006564882771824e-01
7.317737430256696651e-01
8.607428543423217837e-01
9.096991601076983569e-01
9.331429730997060634e-01
9.461491944911367691e-01
9.540863063446333170e-01
9.592476575095542080e-01
9.627494233635794929e-01
9.651901593229886833e-01
9.669157074902051674e-01
9.681380512666654115e-01
9.689934934958028823e-01
9.695732054717038917e-01
9.699402223733328832e-01
9.701393671806417540e-01
9.702032886143450163e-01
9.701562670021811607e-01
9.700166881312844991e-01
9.697986952798273164e-01
9.695133191284724949e-01
9.691692672291373212e-01
9.687734862886685505e-01
9.683315696608313372e-01
9.678480573734332681e-01
9.673266602677070836e-01
9.667704297121512136e-01
9.661818877252679183e-01
9.655631279209323514e-01
9.649158946902552936e-01
9.642416459657169314e-01
9.635416034690585940e-01
9.628167933184704763e-01
9.620680791363748208e-01
9.612961892623986815e-01
9.605017392839544366e-01
9.596852508007055471e-01
9.588471671174990663e-01
9.579878663881910006e-01
9.571076725965216303e-01
9.562068646499461977e-01
9.552856837687521141e-01
9.543443392669272995e-01
9.533830127404036014e-01
9.524018605906761081e-01
9.514010147118963090e-01
9.503805810450347558e-01
9.493406355365258120e-01
9.482812168043706080e-01
9.472023144735296496e-01
9.461038516218960304e-01
9.449856589643147453e-01
9.438474370862243168e-01
9.426887008425554049e-01
9.415086962474854548e-01
9.403062733839707699e-01
9.390796861448763577e-01
9.378262646213145759e-01
9.365418539115200058e-01
9.352197970770183000e-01
9.338489586716747226e-01
9.324095283971082226e-01
9.308630137727242904e-01
9.291242098688097251e-01
9.269612089459938753e-01
9.234512837307781163e-01
9.080237328580571532e-01
9.336192021714854183e-01
9.285072046760578512e-01
9.257879853271575588e-01
9.237739034051576370e-01
9.220161275668553591e-01
9.203708626699592665e-01
9.187774066957804520e-01
9.172047812927999200e-01
9.156346668511989861e-01
9.140548718433963993e-01
9.124566035737793346e-01
9.108334355458689302e-01
9.091813098006813476e-01
9.074995398369182231e-01
9.057932924591423074e-01
9.040788668746925216e-01
9.023950665016616801e-01
9.008295479491774671e-01
8.995877474120881345e-01
8.992103855470986451e-01
9.015111203792848249e-01
9.173557018381985895e-01
7.199000474238608227e-01
8.475353249063717342e-01
8.534648688265094041e-01
8.514053521315886330e-01
8.463229116017110254e-01
8.391601608141228130e-01
8.300316209356790598e-01
8.187274302840052975e-01
8.048172058229811077e-01
7.876435249009320350e-01
7.662583474866908606e-01
7.393048661466889993e-01
7.048294438115459970e-01
6.600086494671657533e-01
6.008449558317224826e-01
5.222627893018971790e-01
4.203893352091921387e-01
2.999177848823821879e-01
1.812516033923780578e-01
1.138099898319182568e-01
2.171499884759235111e-01
4.290978679303342203e-01
1.432336129780672485e-01
2.501855910218006573e-01
4.820432654369225522e-01
6.463670913713639443e-01
7.496778751989152667e-01
8.111867906394928385e-01
8.372636011683435298e-01
7.716879968539328560e-01
8.375698614827695732e-01
9.320981370347877215e-01
9.479935105517111049e-01
9.549703738169537104e-01
9.589704399481534525e-01
9.614003566161721803e-01
9.628828514869741673e-01
9.637998126808160482e-01
9.644265861135715712e-01
9.649802831353854193e-01
