9.816424037944349035e-01
9.824806477022415274e-01
9.833696012788050167e-01
9.842798446066243212e-01
9.851868271343146022e-01
9.860705428545818441e-01
9.869151621192724377e-01
9.877086371922541019e-01
9.884422957294831669e-01
9.891104337534889490e-01
9.897099173555998775e-01
9.902398003033083818e-01
9.907009629432578235e-01
9.910957762505209212e-01
9.914277935677704434e-01
9.917014714825542754e-01
9.919219203854626743e-01
9.920946845180005358e-01
9.922255507371448013e-01
9.923203847719113124e-01
9.923849934130567485e-01
9.924250108396671655e-01
9.924458071324849806e-01
9.924524169398261098e-01
9.924494862356146863e-01
9.924412351278215638e-01
9.924314347326161911e-01
9.924233962132099629e-01
9.924199701885301206e-01
9.924235548363754544e-01
9.924361111457405960e-01
9.924591839072138821e-01
9.924939271677554187e-01
9.925411330094294771e-01
9.926012626446591991e-01
9.926744789451614759e-01
9.927606796421294399e-01
9.928595305456462405e-01
9.929704982359349730e-01
9.930928817731249358e-01
9.932258430591806020e-01
9.933684355628746854e-01
9.935196311887456444e-01
9.936783451321535843e-01
9.938434586162656625e-01
9.940138394542614719e-01
9.941883604193468837e-01
9.943659154397873623e-01
9.945454336641164073e-01
9.947258914655906503e-01
9.949063224726940602e-01
9.950858257285308817e-01
9.952635720913898254e-01
9.954388089979262499e-01
9.956108637145246743e-01
9.957791452057536130e-01
9.959431447487887556e-01
9.961024354219820687e-01
9.962566705931726885e-01
9.964055815292440776e-01
9.965489742441691057e-01
9.966867256972237188e-01
9.968187794468051921e-01
9.969451408594428576e-01
9.970658719663051395e-01
9.971810860535224030e-01
9.972909420649205270e-01
9.973956388897757819e-01
9.974954096009123194e-01
9.975905157023913228e-01
9.976812414393214645e-01
9.977678882161731266e-01
9.978507691645750466e-01
9.979302038951159970e-01
9.980065134625379919e-01
9.980800155685030095e-01
9.981510200202753369e-01
9.982198244596185432e-01
9.982867103695594047e-01
9.983519393624724625e-01
9.984157497471360942e-01
9.984783533660124277e-01
9.985399326873867221e-01
9.986006381294892931e-01
9.986605855844822299e-01
9.987198540985305906e-01
9.987784836508639685e-01
9.988364729567907885e-01
9.988937771965472612e-01
9.989503055427472189e-01
9.990059183185791003e-01
9.990604235674569455e-01
9.991135727419708790e-01
9.991650551235657929e-01
9.992144904503362790e-01
9.992614190433326549e-01
9.993052884611223208e-01
9.993454353420943015e-01
9.993810605622320820e-01
9.994111950670135913e-01
9.994346526060441382e-01
9.994499639166107841e-01
9.994552843647337426e-01
9.994482631562366937e-01
9.994258561553381881e-01
9.993840546839315442e-01
9.993174869938132865e-01
9.992188230631365853e-01
9.990778690369958026e-01
9.988801600176028250e-01
9.986047197174251489e-01
9.982203932069961816e-01
9.976796483329064547e-01
9.969077007681754754e-01
9.957825825136488174e-01
9.940966686441401468e-01
9.914776395769712147e-01
9.872132666973021387e-01
9.798243710324970879e-01
9.658908009765911906e-01
9.362816631645280996e-01
8.614627821555147502e-01
6.257214372519764867e-01
5.460192341082304585e-02
3.624872848743832532e-01
7.189567517465070834e-01
8.465627387388404701e-01
9.005222348423275180e-01
9.278854220983877577e-01
9.436406394854783830e-01
9.535529361944692361e-01
9.602017327977392380e-01
9.648812930221486450e-01
9.683012220576708851e-01
9.708789695338038150e-01
9.728742376996627472e-01
9.744544787323997648e-01
9.757245142555904804e-01
9.767245226931677848e-01
9.773517843243826331e-01
9.769068129407511014e-01
9.708541097406289122e-01
9.401552994738882063e-01
9.518727631925003596e-01
9.637449674894074114e-01
9.455324335786773338e-01
8.779022491853809562e-01
9.503438534498830359e-01
9.618641509754302099e-01
9.658627549311835647e-01
9.677923798693304214e-01
9.688715260081038894e-01
9.695151467725288130e-01
9.699026419383740549e-01
9.701242577612764206e-01
9.702302413533592240e-01
9.702505402319268057e-01
9.702037684661980466e-01
9.701016986205061032e-01
9.699516876821379086e-01
9.697580692717614470e-01
9.695229944335482797e-01
9.692469628042647001e-01
9.689291727808339028e-01
9.685677626716097111e-01
9.681599849589215268e-01
9.677023393317805144e-01
9.671906806928330935e-01
9.666203127097385828e-01
9.659860740036168014e-01
9.652824218333465600e-01
9.645035166382692760e-01
9.636433097395802339e-01
9.626956356950233662e-01
9.616543101369353641e-01
9.605132333255600452e-01
9.592664990670739522e-01
9.579085080383340500e-01
9.564340838978970805e-01
9.548385898171370956e-01
9.531180422100963279e-01
9.512692174471720774e-01
9.492897461771008238e-01
9.471781885164355375e-01
9.449340817545960336e-01
9.425579503115525393e-01
9.400512654075662278e-01
9.374163391716603400e-01
9.346561346145080273e-01
9.317739688665250819e-01
9.287730821301316553e-01
9.256560386305557886e-01
9.224239181062349191e-01
9.190752465286653461e-01
9.156046021246765365e-01
9.120008165089595886e-01
9.082446698103741056e-01
9.043059521411828117e-01
9.001397315069638028e-01
8.956816333379992168e-01
