5.453512016315624766e-01
5.849571030988722775e-01
6.112631425222940784e-01
6.291497866148371143e-01
6.414762479509178439e-01
6.500102347884799681e-01
6.558967326632217931e-01
6.599065268952609697e-01
6.625748782892303401e-01
6.642826839027294872e-01
6.653060810727656760e-01
6.658479762802368418e-01
6.660588075505272654e-01
6.660506604231839489e-01
6.659071435944819983e-01
6.656904752600513175e-01
6.654466813606840780e-01
6.652094809338016113e-01
6.650032350891310617e-01
6.648452110022922135e-01
6.647473201440668999e-01
6.647721168664313396e-01
6.647614742453014092e-01
6.648812997025883575e-01
6.650791556161510520e-01
6.653558289444286844e-01
6.657116858626344058e-01
6.661469833358535375e-01
6.666621504009032639e-01
6.672580583074514404e-01
6.679363276840661889e-01
6.686997556510601015e-01
6.695530221849572694e-01
6.705040187213924252e-01
6.715666264575941291e-01
6.727672187095022904e-01
6.741622853573706609e-01
6.758978078505767373e-01
6.784988914768698143e-01
6.861947497481128977e-01
6.659286190683931794e-01
6.751099838749311521e-01
6.780661250682025187e-01
6.802014916143306333e-01
6.820954659758386995e-01
6.838985047631399583e-01
6.856619460483521777e-01
6.874030466803088268e-01
6.891238068529632610e-01
6.908176951841242808e-01
6.924723335683874437e-01
6.940705757894195527e-01
6.955908449095328239e-01
6.970070712913796207e-01
6.982883726182691486e-01
6.993985301467688931e-01
7.002952718344347405e-01
7.009293467524869703e-01
7.012433553189882929e-01
7.011702810817840303e-01
7.006316489751890364e-01
6.995352099388576494e-01
6.977720205673949572e-01
6.952127472344038495e-01
6.917029754343411163e-01
6.870572465665363282e-01
6.810514786464650916e-01
6.734133639161612450e-01
6.638102992556182969e-01
6.518344490935159552e-01
6.369847778119823722e-01
6.186465338952676918e-01
5.960700710519184486e-01
5.683533166618061072e-01
5.344326924666717993e-01
4.929861658861973694e-01
4.438986333824714858e-01
3.846180982993712694e-01
3.159726012789240146e-01
2.394478715093739107e-01
1.596961739913121958e-01
8.552887788869975583e-02
2.929750276343473861e-02
3.216240048846592554e-03
1.378692610636710926e-02
5.777625631678067614e-02
1.245936707692392037e-01
2.014294558855655448e-01
2.779873466495333401e-01
3.480716406075744507e-01
4.089867736606834225e-01
4.602641730338706827e-01
5.025747320218889591e-01
5.370362137151459825e-01
5.648439114646726100e-01
5.871030648045266753e-01
6.047698903943670157e-01
6.186447507949970337e-01
6.293872113745071495e-01
6.375382387190106082e-01
6.435430726077586705e-01
6.477708872907497195e-01
6.504893714350266087e-01
6.465790828611039931e-01
6.484666285585454215e-01
6.502093864453657446e-01
6.493545638585040969e-01
6.476456706785841400e-01
6.453716527760643418e-01
6.426793122582907802e-01
6.396774677858801939e-01
6.364589174933219518e-01
6.331085016793812636e-01
6.297081682544591885e-01
6.263429644567368726e-01
6.231146455445500942e-01
6.201778420904483502e-01
6.089430971039367924e-01
6.137192950938000768e-01
6.112925429968263380e-01
6.100290437673449029e-01
6.092290589011520874e-01
6.092456976665121537e-01
6.103200422147840865e-01
6.127350419249285585e-01
6.168532692020283204e-01
6.231553721678774194e-01
6.322904746881007343e-01
6.451380918627031003e-01
6.628495194166404980e-01
6.866757311314681811e-01
7.092105799972978630e-01
7.507304672799695044e-01
7.661158605847986358e-01
7.456638951757486034e-01
7.309947997705650291e-01
7.209193722674155369e-01
5.838032545119063998e-01
2.771093224223815654e-01
7.008643779798666429e-02
1.950685097702825957e-02
2.801508170572291137e-02
4.832098417379900729e-02
6.705103874276821529e-02
8.133561287271097451e-02
9.065624260539356660e-02
1.001937377585437605e-01
1.022621147365701810e-01
1.027081126400246763e-01
1.011626598935038007e-01
9.787022728832511786e-02
9.308549049481473769e-02
8.703788486833811955e-02
7.994011875219143859e-02
7.200351400332100082e-02
6.345773509782624833e-02
5.458512202462134644e-02
4.583716522931066684e-02
3.899549427641905985e-02
2.341698382785240701e-02
1.805261485313666009e-02
1.239422717193687865e-02
8.512026362572004332e-03
7.254575623557783619e-03
9.398258184617870950e-03
1.572174419036438328e-02
2.698082734139259711e-02
4.384747084942624412e-02
6.682596173973030795e-02
9.615867565020065622e-02
1.317408859253254294e-01
1.730690503201023078e-01
2.192446518299375202e-01
2.690441036399698338e-01
3.210481503136826120e-01
3.738106604897117324e-01
4.260499937940351867e-01
4.768961214157479422e-01
5.264998188376922572e-01
5.798251335418288521e-01
5.330822503691045045e-01
6.154546089867314329e-01
6.535681856229548226e-01
6.820321839449794421e-01
7.054703561944718482e-01
7.248082880707769071e-01
7.405563428852921515e-01
7.530859526801493287e-01
7.627024495570572382e-01
7.696703090992332852e-01
7.742253914554306782e-01
7.765836217888211213e-01
7.769491977157815255e-01
7.755232330858681244e-01
7.724948251732477456e-01
7.658930002452085661e-01
7.592561383481662984e-01
7.543072250640802112e-01
7.471781957311021127e-01
7.394614441267419735e-01
