9.866971974933324008e-01
9.870795524724942371e-01
9.874640199647558569e-01
9.878503088716257263e-01
9.882381308484616822e-01
9.886271947873357391e-01
9.890172021215167808e-01
9.894078429025457977e-01
9.897987925933450226e-01
9.901897095162366380e-01
9.905802328939472545e-01
9.909699814204930846e-01
9.913585523012700129e-01
9.917455207036843801e-01
9.921304395621854955e-01
9.925128396872358039e-01
9.928922301298779285e-01
9.932680987591471222e-01
9.936399130142904434e-01
9.940071207966767464e-01
9.943691514724704028e-01
9.947254169598178652e-01
9.950753128788444313e-01
9.954182197460443859e-01
9.957535041984153512e-01
9.960805202350910825e-01
9.963986104675505162e-01
9.967071073712837626e-01
9.970053345347152929e-01
9.972926079023733958e-01
9.975682370112733954e-01
9.978315262205473823e-01
9.980817759364262187e-01
9.983182838340832754e-01
9.985403460802917408e-01
9.987472585601281372e-01
9.989383181126917366e-01
9.991128237798176936e-01
9.992700780732944876e-01
9.994093882652866911e-01
9.995300677074353546e-01
9.996314371835413048e-01
9.997128263011988425e-01
9.997735749274047068e-01
9.998130346728006934e-01
9.998305704297925089e-01
9.998255619687841378e-01
9.997974055970928475e-01
9.997455158846786372e-01
9.996693274609965707e-01
9.995682968862701356e-01
9.994419046016336239e-01
9.992896569607691015e-01
9.991110883470376569e-01
9.989057633788469559e-01
9.986732792066503883e-01
9.984132679042976299e-01
9.981253989577196784e-01
9.978093818538966708e-01
9.974649687728014413e-01
9.970919573853402884e-01
9.966901937603106498e-01
9.962595753832766965e-01
9.958000542909665187e-01
9.953116403243108534e-01
9.947944045044813111e-01
9.942484825356655564e-01
9.936740784395876602e-01
9.930714683269001863e-01
9.924410043114602065e-01
9.917831185742400635e-01
9.910983275843758822e-01
9.903872364866121991e-01
9.896505436650412380e-01
9.888890454949854636e-01
9.881036412970894967e-01
9.872953385094138667e-01
9.864652580976112084e-01
9.856146402256529271e-01
9.847448502161204598e-01
9.838573848360532281e-01
9.829538789549199240e-01
9.820361126378891470e-01
9.811060187649079944e-01
9.801656913128325987e-01
9.792173945239620592e-01
9.782635733549549517e-01
9.773068659607725417e-01
9.763501197973166734e-01
9.753964150285886481e-01
9.744491049314972786e-01
9.735119031148199431e-01
9.725891315206526277e-01
9.716867415856322854e-01
9.708206214539935042e-01
9.697470810609999381e-01
9.690631642102287557e-01
9.682807552251431193e-01
9.675318096002513135e-01
9.668277669441547317e-01
9.661761239589656824e-01
9.655839648361652650e-01
9.650585645385697520e-01
9.646075714148157898e-01
9.642390910075904209e-01
9.639617395137681788e-01
9.637846856726192124e-01
9.637176864714647184e-01
9.637711172229188605e-01
9.639559939580566450e-01
9.642839838103445249e-01
9.647673963192583413e-01
9.654191447469574472e-01
9.662526608525148220e-01
9.672817380694231915e-01
9.685202650677895431e-01
9.699817916923504368e-01
9.716788380950742710e-01
9.736218086883275946e-01
9.758172939038614047e-01
9.782654152566884198e-01
9.809556593947927894e-01
9.838602958945517063e-01
9.869238765946475311e-01
9.900462807844340185e-01
9.930549499625082044e-01
9.956586967878179317e-01
9.973695653345134859e-01
9.973684516223558782e-01
9.942707393679001138e-01
9.857146986691445179e-01
9.676463587659277499e-01
9.331430098891301261e-01
8.708010701344649496e-01
7.638900483376169781e-01
5.955002057077211086e-01
3.705508937473014908e-01
1.481603101710357306e-01
1.804421452419013167e-02
9.353572572565253124e-03
7.762072600842652437e-02
1.709592282451469214e-01
2.615945750166736583e-01
3.402020046351587612e-01
4.057120369160380768e-01
4.597629170025259726e-01
5.044995032342670660e-01
5.418611519503743201e-01
5.734222422780257400e-01
6.004113173867918762e-01
6.237744842861673300e-01
6.442393255438484401e-01
6.623677018843625586e-01
6.785964092365616152e-01
6.932676187761072084e-01
7.066514479425819450e-01
7.189626855847675024e-01
7.303732358767136557e-01
7.410214384745708038e-01
7.510191052250289045e-01
7.604568795380013402e-01
7.694083556024904347e-01
7.779332738808169001e-01
7.860800231463622723e-01
7.938876176445482935e-01
8.013872735067774089e-01
8.086036761347438206e-01
8.155560059158957209e-01
8.222587689413494161e-01
8.287224491079536737e-01
8.349538391048909602e-01
8.409509760951192625e-01
8.467404758966537992e-01
8.522925250079442794e-01
8.576158870926040567e-01
8.627061622951431863e-01
8.675572309853536446e-01
8.721613499182343521e-01
8.765090833967217332e-01
8.805891632228936006e-01
8.843882441077987044e-01
8.878905231585701996e-01
8.910771830181770659e-01
8.939256019834443956e-01
8.964082495299370290e-01
8.984911478465641421e-01
9.001317217075568422e-01
9.012757675039734240e-01
9.018531254817634402e-01
9.017713982443407161e-01
9.009066526497102601e-01
8.990893389731279273e-01
8.960824045074496924e-01
8.915462552157473741e-01
8.849807591436084087e-01
8.756255694076240381e-01
8.622814333467293535e-01
8.429745851894193676e-01
8.142946331332867604e-01
7.700279156003222436e-01
