6.154697735481017426e+44
5.029529864827613557e+44
4.118335346882832145e+44
3.379008523157309067e+44
2.777984143604764625e+44
2.288457188298736195e+44
1.888983074822440818e+44
1.562375104031202079e+44
1.294834554652938977e+44
1.075263173106621401e+44
8.947188962408697293e+43
7.459842390365502771e+43
6.232234492388757936e+43
5.217097153170344795e+43
4.376077502376701839e+43
3.678002206512392719e+43
3.097489487580025443e+43
2.613837365615905447e+43
2.210131681985026644e+43
1.872529277518162132e+43
1.589680986253985225e+43
1.352266415171695902e+43
1.152618242819720865e+43
9.844183196908739751e+42
8.424514512155374579e+42
7.224055940273735280e+42
6.207094566832966762e+42
5.344002919769984351e+42
4.610160969292551289e+42
3.985075753348507977e+42
3.451661265532173614e+42
2.995648506746796894e+42
2.605101417315170676e+42
2.270019068162983096e+42
1.982008233070948625e+42
1.734013473634752127e+42
1.520094292656943884e+42
1.335240866097689476e+42
1.175221442534295997e+42
1.036455775876785207e+42
9.159099913290052924e+41
8.110091234543630215e+41
7.195642467053801422e+41
6.397116731023784257e+41
5.698621433168351677e+41
5.086583058363944050e+41
4.549390798152564660e+41
4.077097434310127140e+41
3.661167912481298657e+41
3.294267695523721192e+41
2.970084345380040944e+41
2.683176900427008313e+41
2.428848536236020219e+41
2.203038757505732494e+41
2.002231996302850162e+41
1.823380010938263229e+41
1.663835909515548529e+41
1.521297978788459462e+41
1.393761794981750606e+41
1.279479339304079767e+41
1.176924045992852975e+41
1.084760881539720532e+41
1.001820696226348001e+41
9.270782087432967225e+40
8.596330839986781440e+40
7.986936481833637426e+40
7.435628551854386586e+40
6.936261774566998771e+40
6.483411440215961500e+40
6.072282901055020746e+40
5.698633180801590333e+40
5.358702991926858344e+40
5.049157706938112874e+40
4.767036042605359737e+40
4.509705396770718449e+40
4.274822930440859286e+40
4.060301617803658625e+40
3.864280597950762760e+40
3.685099255807471618e+40
3.521274540633130468e+40
3.371481098846762679e+40
3.234533856752091358e+40
3.109372738886241719e+40
2.995049250876654344e+40
2.890714692576399475e+40
2.795609799054443037e+40
2.709055634390778082e+40
2.630445586733920685e+40
2.559238333503611150e+40
2.494951663236949130e+40
2.437157055781302452e+40
2.385474935920822988e+40
2.339570526952278170e+40
2.299150241027923280e+40
2.263958551694570262e+40
2.233775302137383315e+40
2.208413409351115530e+40
2.187716930783849649e+40
2.171559465406628169e+40
2.159842866300074646e+40
2.152496246348586088e+40
2.149475262960960324e+40
2.150761671682200010e+40
2.156363142423927007e+40
2.166313335697463582e+40
2.180672239926849134e+40
2.199526774573322352e+40
2.222991667565552766e+40
2.251210619433178187e+40
2.284357770716583156e+40
2.322639493602157205e+40
2.366296533641233035e+40
2.415606532638328249e+40
2.470886969743665516e+40
2.532498564328360500e+40
2.600849191671082372e+40
2.676398370843623245e+40
2.759662393788658483e+40
2.851220175442653552e+40
2.951719917332423160e+40
3.061886691376007641e+40
3.182531067267697328e+40
3.314558925897393233e+40
3.458982623426931194e+40
3.616933696281289494e+40
3.789677327117708072e+40
3.978628826422202157e+40
4.185372424763379753e+40
4.411682717669292477e+40
4.659549160015322460e+40
4.931204070919684078e+40
5.229154685273981183e+40
5.556219875945303032e+40
5.915572273965811012e+40
6.310786635328994801e+40
6.745895445544850279e+40
7.225452921273267671e+40
7.754608766279007933e+40
8.339193272890556741e+40
8.985815636528055461e+40
9.701977678174762930e+40
1.049620555694026814e+41
1.137820251522826737e+41
1.235902624523508011e+41
1.345129511510133405e+41
1.466942826766933386e+41
1.602992552682680667e+41
1.755169414913362911e+41
1.925643077537821216e+41
2.116906851385094996e+41
2.331830097699760476e+41
2.573719736238610581e+41
2.846392539412149075e+41
3.154260222247229271e+41
3.502429733125289919e+41
3.896821627289543334e+41
4.344309981153491194e+41
4.852888002685915650e+41
5.431864337331452125e+41
6.092096093464316572e+41
6.846265855358231429e+41
7.709211465289812557e+41
8.698319199599128271e+41
9.833993211972506918e+41
1.114021686356037224e+42
1.264522491817680894e+42
1.438230969530536771e+42
1.639078931934228523e+42
1.871717240199243382e+42
2.141656111839579649e+42
2.455434402850449195e+42
2.820824157938359608e+42
3.247078153508508759e+42
3.745229928373505593e+42
4.328457990525159821e+42
5.012528609725902461e+42
5.816334987070430101e+42
6.762554800568715586e+42
7.878453369766330649e+42
9.196866227463750959e+42
1.075740306755801816e+43
1.260792527946565430e+43
1.480636211951744527e+43
1.742294669214364011e+43
2.054297318843486798e+43
2.427020236520453918e+43
2.873107445926494789e+43
3.407992942358805874e+43
4.050548586637942477e+43
4.823889532215266648e+43
5.756377130830939681e+43
6.882869790343576939e+43
8.246285663105422660e+43
9.899558136815889499e+43
1.190808693121173603e+44
1.435281552978974302e+44
1.733410145352756438e+44
2.097659179057529471e+44
2.543537539298948544e+44
3.090375908635365830e+44
