6.066649878122470918e-01
6.192506286678171046e-01
6.311145619621251202e-01
6.422927110097454984e-01
6.526750788001347559e-01
6.621965430508182093e-01
6.708314468309042322e-01
6.785870336300792172e-01
6.854971984425327625e-01
6.916167429498061292e-01
6.970161763208829742e-01
7.017770661534095122e-01
7.059879277177875112e-01
7.097406297810340270e-01
7.131272885924802019e-01
7.162376170151416588e-01
7.191566927493859840e-01
7.219631077756050175e-01
7.247274602588339443e-01
7.275111499865636322e-01
7.303654387848573792e-01
7.333307381995997076e-01
7.364360881811691240e-01
7.396987932159396761e-01
7.431241882361968587e-01
7.467055207720975085e-01
7.504239679172465260e-01
7.542488213732665425e-01
7.581364834426789212e-01
7.619493974474240705e-01
7.634585040118344601e-01
7.690297029382736627e-01
7.724995285585579685e-01
7.754708348734709045e-01
7.778572605938676165e-01
7.794878460098016992e-01
7.801433118839024017e-01
7.795509500103268152e-01
7.773695308065753373e-01
7.731659866413280735e-01
7.663816510829721818e-01
7.562841615894529967e-01
7.418999036034960026e-01
7.219216793989750025e-01
6.945898625515759539e-01
6.575602847997241707e-01
6.078174694707247916e-01
5.418083900943675424e-01
4.562220019023240369e-01
3.502103479019515464e-01
2.298136327615296348e-01
1.131439351535539761e-01
2.932713222369776745e-02
3.560547234816649476e-03
3.817901471016310611e-02
1.126035231219266741e-01
2.009047710596013614e-01
2.852762032061498254e-01
3.577637672471375430e-01
4.166691333857245327e-01
4.631267737858891231e-01
4.992512365947520125e-01
5.253176768504361771e-01
5.466939110671013013e-01
5.620606659405751326e-01
5.731067494969402931e-01
5.807441692499168973e-01
5.856962913530464609e-01
5.880589338193255022e-01
5.890154688235258451e-01
5.887060928255565262e-01
5.871338344564361877e-01
5.846261689662946015e-01
5.814166989451797773e-01
5.776747603168129741e-01
5.735551570377035446e-01
5.692042896472762070e-01
5.647699702527613219e-01
5.604146264707112746e-01
5.563355137893597480e-01
5.527996309023982535e-01
5.502110673070358393e-01
5.492568654284091245e-01
5.512711668414504995e-01
5.593443788912740855e-01
5.829710899918733036e-01
6.742037698261534873e-01
3.336202265699905745e-01
5.751279653327150410e-01
2.415900981865846953e-01
3.422401395128685797e-01
3.668167936012077246e-01
3.741569083891194691e-01
3.746553792281946405e-01
3.715633048395277638e-01
3.662155266580302548e-01
3.592411611521318937e-01
3.509521658309701642e-01
3.414944345412131432e-01
3.309121439637683904e-01
3.191687790866810093e-01
3.061096017181175188e-01
2.909831113811168213e-01
2.718810889834311628e-01
2.619002466405443985e-01
2.430296369693198399e-01
2.226207759073314807e-01
2.003500372573995547e-01
1.760593978736643139e-01
1.497216041125450647e-01
1.215925024460580567e-01
9.022350205917147037e-02
6.151685978130860821e-02
3.350159662563324120e-02
1.109619548336392321e-02
3.905469266225312258e-04
1.002847710005458880e-02
5.020587235311982366e-02
1.290658956035713179e-01
2.467425457316551607e-01
3.911296925090589904e-01
5.410104042187633411e-01
6.757700452988620876e-01
7.834884239264728878e-01
8.620080850351422574e-01
9.152499564440083057e-01
9.491971133473792177e-01
9.695281383966308786e-01
9.807587980213163803e-01
9.859424901970618160e-01
9.878336838618906324e-01
9.875369926356285522e-01
9.861458633317917721e-01
9.843057143982720802e-01
9.824204144408928974e-01
9.807247645611699705e-01
9.789993517201860396e-01
9.786453027090558088e-01
9.781825033935792613e-01
9.781842624129589714e-01
9.786096701621591620e-01
9.794121841383300886e-01
9.805363113599085967e-01
9.819192517337118620e-01
9.834926437672213417e-01
9.851839608888736111e-01
9.869176192361053257e-01
9.886158961951980739e-01
9.901997163043183559e-01
9.915892759680549062e-01
9.927043057773463630e-01
9.934633652326383402e-01
9.937805248378998035e-01
9.935549026745873480e-01
9.926398073383293497e-01
9.907490445745519292e-01
9.871457236412884972e-01
9.794385174371408320e-01
9.576623147700852323e-01
8.620767449527890758e-01
2.630033451842652137e-01
3.366356301096058434e-01
6.672317275749762855e-01
7.547790923223192117e-01
7.793637690185205580e-01
7.808487153078857990e-01
7.708262234599139173e-01
7.541968427918714912e-01
7.357242015764586807e-01
7.015132995743297295e-01
4.893726689945643304e-01
5.156938131845489881e-01
4.638923598206516896e-01
3.828460265170970378e-01
2.793840721228416646e-01
1.592721381384574197e-01
4.645769244733765485e-02
5.558531423291598189e-03
1.232637329707563789e-01
3.574223219588418821e-01
6.305186906552114889e-01
8.140714188169083654e-01
9.122764342272446925e-01
9.555275252118390350e-01
9.677349676006784529e-01
9.628295678616163311e-01
9.481686889041699429e-01
9.274227540224025956e-01
9.022257930012896887e-01
8.730149842692928042e-01
8.394174037125866628e-01
8.003769479995853642e-01
7.541059113187772445e-01
6.978854807774897973e-01
6.277224424875840203e-01
5.379601540888597766e-01
4.214616287961493457e-01
2.731747773668608548e-01
1.070331175660774875e-01
2.812615965980286292e-03
