9.998487633603114766e-01
9.997400576005128769e-01
9.995781564945313002e-01
9.993652465991427203e-01
9.991039744454945914e-01
9.987974765377485298e-01
9.984494107111598904e-01
9.980639883901262221e-01
9.976460071914916572e-01
9.972008831944261242e-01
9.967346820275638786e-01
9.962541476853937761e-01
9.957667276623154429e-01
9.952805925423784394e-01
9.948046475650093035e-01
9.943485328382783983e-01
9.939226076968409318e-01
9.935379130834034456e-01
9.932061035905604962e-01
9.929393376827116979e-01
9.927501102748716999e-01
9.926510057577687673e-01
9.926543409948600516e-01
9.927716557025340061e-01
9.930129903982798378e-01
9.933858674701036007e-01
9.938938555090093274e-01
9.945345458641920988e-01
9.952966960469978863e-01
9.961561862130375866e-01
9.970702764649248540e-01
9.979694208936122912e-01
9.987455562519840235e-01
9.992352947160034748e-01
9.991957577622282427e-01
9.982698427232177263e-01
9.959365170035272552e-01
9.914404677581745151e-01
9.836947724851887731e-01
9.711520881629180924e-01
9.516487540006220991e-01
9.222518651820151847e-01
8.791988057359481079e-01
8.181307320768648195e-01
7.349705719225692047e-01
6.278305485262469787e-01
4.998513414198706428e-01
3.615081594830605316e-01
2.295756048071373456e-01
1.213719070587736121e-01
4.759472664436661948e-02
9.267356990642676429e-03
1.825749901628468330e-04
1.148049662057844776e-02
3.501910830224010812e-02
6.472121490199918281e-02
9.660042617134234622e-02
1.282845967008877652e-01
1.584924149386752468e-01
1.866226389420264087e-01
2.124738114325273597e-01
2.360668099707184941e-01
2.575376208438099335e-01
2.770747601056448017e-01
2.948839495280336509e-01
3.111690018501444555e-01
3.261221604899546822e-01
3.399198938237500411e-01
3.527224668030418675e-01
3.646617226512957610e-01
3.758836583529007180e-01
3.864874244659390334e-01
3.965746662772118292e-01
4.062336039755051753e-01
4.155423019501460757e-01
4.245699990378782873e-01
4.333781911022062672e-01
4.420215548213813350e-01
4.505487363288635527e-01
4.590030208532787648e-01
4.674228977353540593e-01
4.758425339732624271e-01
4.842921681843719295e-01
4.927984355994667887e-01
5.013846335064614523e-01
5.100709354888495195e-01
5.188745618851940966e-01
5.278099131338472860e-01
5.368886720543470936e-01
5.461198806394060856e-01
5.555099965688056196e-01
5.650629343899109536e-01
5.747800961140744347e-01
5.846603958334417595e-01
5.947002828435958843e-01
6.048937676410036657e-01
6.152324550288924554e-01
6.257055883898169357e-01
6.363001089502834384e-01
6.470007335649784475e-01
6.577900541889513120e-01
6.686486618211167077e-01
6.795552974005786284e-01
6.904870322129479376e-01
7.014194816982172176e-01
7.123270620749659887e-01
7.231833206650861712e-01
7.339614689588549457e-01
7.446358925231083559e-01
7.551951705818812366e-01
7.654536562328126958e-01
7.756825047222855041e-01
7.856544488965799822e-01
7.953789702017737273e-01
8.047740866942278970e-01
8.139679623732173352e-01
8.228230624142326421e-01
8.313445048309886509e-01
8.395175429356978025e-01
8.473278898589670094e-01
8.547630608672325270e-01
8.618126046244990457e-01
8.684681102696112376e-01
8.747231223647090603e-01
8.805729958602811491e-01
8.860147027599336589e-01
8.910465967815179855e-01
8.956681405492918913e-01
8.998795990152230750e-01
9.036817021273608752e-01
9.070752789928316906e-01
9.100608648437998882e-01
9.126382809944507679e-01
9.148061867225351085e-01
9.165616008387874603e-01
9.178993906691396143e-01
9.188117343691715178e-01
9.192876696782958934e-01
9.192980367800942521e-01
9.188612529027738729e-01
9.179158201104268278e-01
9.164404823930384358e-01
9.143955097646306873e-01
9.117319895328737100e-01
9.083904020384676592e-01
9.042988213777021222e-01
8.993707705849892653e-01
8.935026763000896155e-01
8.865708527493110225e-01
8.784279395048911754e-01
8.688987204536050557e-01
8.577752687318115354e-01
8.448114056253470672e-01
8.297165501478961369e-01
8.121492022590284243e-01
7.917105976778920917e-01
7.679395752328237457e-01
7.403105257129105610e-01
7.082376044769422840e-01
6.710903781797172840e-01
6.282288899675710914e-01
5.790696876973602247e-01
5.231979207734127613e-01
4.605419512523912240e-01
3.916212035280387527e-01
3.178570407301063994e-01
2.418910864726817045e-01
1.677850359153748305e-01
1.009081186658161849e-01
4.732408666209338838e-02
1.265410392962738016e-02
7.084543810514473032e-04
1.245074242151577269e-02
4.580194019605003664e-02
9.636288448370414206e-02
1.586549687197684466e-01
2.273168820199342188e-01
2.978863778061280887e-01
3.670457158420781241e-01
4.328973168239418912e-01
4.942231265580172006e-01
5.489006969278942272e-01
6.004148302960556904e-01
6.464287873979154275e-01
6.877940907701073359e-01
7.249782747623827461e-01
7.584223703720029963e-01
7.885402681092048560e-01
8.157087084472369742e-01
8.402616324985797691e-01
8.624880049435510454e-01
8.826312285197948082e-01
9.008885113438733772e-01
9.174087010228405559e-01
9.322869244761006202e-01
9.455537154636147745e-01
9.571548817175401513e-01
9.669155440254452172e-01
9.744762759216915038e-01
9.791783482257757631e-01
