9.962311181091477730e-01
9.965611747583996705e-01
9.968504659580037508e-01
9.970986326266748634e-01
9.973051335742877388e-01
9.974690535005007463e-01
9.975888368906685733e-01
9.976619219962526985e-01
9.976842388311281118e-01
9.976495204901497660e-01
9.975483560505481462e-01
9.973668827523693992e-01
9.970849703627282512e-01
9.966736843584790284e-01
9.960917156004758244e-01
9.952803150400673093e-01
9.941560453348323723e-01
9.926003142295886095e-01
9.904441205095172451e-01
9.874456202879779987e-01
9.832568595804581646e-01
9.773741180538269013e-01
9.690635619301565251e-01
9.572503079961232064e-01
9.403554673476413051e-01
9.160662091061640977e-01
8.810409958856835200e-01
8.306202934327632237e-01
7.588096244625601727e-01
6.592402758497094561e-01
5.284177932157396729e-01
3.722258949862216615e-01
2.125251482767445133e-01
8.354219052389864897e-02
1.259680724238789774e-02
2.701324837164213993e-03
3.653169642956505259e-02
9.240934180885609917e-02
1.544315635586050450e-01
2.138934796062806898e-01
2.671057684994387338e-01
3.131083059116470113e-01
3.521968374406468927e-01
3.851412683056095743e-01
4.128170400842270937e-01
4.360499546380490199e-01
4.555624220736152474e-01
4.719645346909077110e-01
4.857630199974223850e-01
4.973758455948156243e-01
5.071472578518161356e-01
5.153612679429422361e-01
5.222530323639623662e-01
5.280181706822356658e-01
5.328202780163364682e-01
5.367969381083709246e-01
5.400645240277263115e-01
5.427220322353399906e-01
5.448541511692869266e-01
5.465337251758394244e-01
5.478237407485135879e-01
5.487789346790582501e-01
5.494471020788782578e-01
5.498701653065856121e-01
5.500850517037993992e-01
5.501244179296450598e-01
5.500172510553903438e-01
5.497893713150292516e-01
5.494638596370269301e-01
5.490614419486787856e-01
5.486009329733790851e-01
5.481006817328009095e-01
5.475291600367963030e-01
5.470161901587403674e-01
5.464731173963316424e-01
5.459383626675362589e-01
5.454227308710394295e-01
5.449352729413423635e-01
5.444839681039373991e-01
5.440758845216080442e-01
5.437172575813346009e-01
5.434135417122818446e-01
5.431694483037845522e-01
5.429889738270984312e-01
5.428754199697807259e-01
5.428314067896222728e-01
5.428588795454188931e-01
5.429591096769431635e-01
5.431326902950290858e-01
5.433795264734687658e-01
5.436988205975926691e-01
5.440890530288100546e-01
5.445479584136191376e-01
5.450724981740964203e-01
5.456588302544550517e-01
5.463022786252987872e-01
5.469973092149731375e-01
5.477375330713920576e-01
5.485158173955001493e-01
5.493249461414364543e-01
5.501637493961303305e-01
5.508694361998917044e-01
5.517779167212898406e-01
5.525951470995820181e-01
5.533744986405834121e-01
5.541029337624041595e-01
5.547630800723589717e-01
5.553352919584434444e-01
5.557978990662940655e-01
5.561271794560568305e-01
5.562972595845223633e-01
5.562799844407703143e-01
5.560447697820196655e-01
5.555584400539484990e-01
5.547850524566835251e-01
5.536857045124128351e-01
5.522183118846604177e-01
5.503372792435394789e-01
5.479922530283115600e-01
5.449784145465565999e-01
5.417121714676191857e-01
5.376518135702587076e-01
5.328942178056106371e-01
5.273705680994152933e-01
5.210072835157685267e-01
5.137266038987516881e-01
5.054469088831914370e-01
4.960832719929912371e-01
4.855483455194459230e-01
4.737536799306254487e-01
4.606116033712144286e-01
4.460378095301050783e-01
4.299548248306486187e-01
4.122965581473426178e-01
3.930142842600400366e-01
3.720866725625512905e-01
3.494772237278251925e-01
3.253218532338451041e-01
2.996599214631771591e-01
2.726690048441896552e-01
2.445888990064730706e-01
2.157408727763752421e-01
1.865328199808799770e-01
1.574582532182299544e-01
1.290876069695290340e-01
1.020504980088875469e-01
7.700857299852212345e-02
5.462006314750748187e-02
3.549890595151458661e-02
2.017287061026217659e-02
9.046044695746163419e-03
2.370902701435541847e-03
2.338365923445024025e-04
2.555582886885927798e-03
9.103496639935398926e-03
1.944293826831442612e-02
3.350985153133074351e-02
5.032500183651722470e-02
6.960266823971432426e-02
9.082756791918882022e-02
1.135391048445965195e-01
1.372126974030224711e-01
1.616507050402835322e-01
1.864383747136641456e-01
2.113343636546169690e-01
2.361382324044815073e-01
2.606957329109477750e-01
2.848936097729378725e-01
3.086535157722795630e-01
3.319260792893012346e-01
3.546854712186057745e-01
3.769246155935730425e-01
3.986510839143594387e-01
4.198836525875642711e-01
4.406494689001139720e-01
4.609817542150266845e-01
4.809179668723371215e-01
5.004983455419409477e-01
5.197647463970553883e-01
5.387596319504034392e-01
5.575245881680507276e-01
5.760863192578484782e-01
5.945643085503039549e-01
6.128952125565516607e-01
6.311658452741674141e-01
6.494094858463135278e-01
6.676523896002982683e-01
6.857972741331399558e-01
7.044515266725500657e-01
7.229286793304503522e-01
7.415497013847098806e-01
7.603260417439980934e-01
7.792662264995631194e-01
7.983698811680670637e-01
8.176221861542494196e-01
8.369871969865475547e-01
8.563984245851751220e-01
8.757451174470126665e-01
8.948521588792767156e-01
9.134509066113291054e-01
