9.946833207477997485e-01
9.947014096771217284e-01
9.947209090096172934e-01
9.947419035212555771e-01
9.947644648635146636e-01
9.947886518679341927e-01
9.948145110695723048e-01
9.948420773931443417e-01
9.948713749533141248e-01
9.949024179282114355e-01
9.949352114720542151e-01
9.949697526386200863e-01
9.950060312930587569e-01
9.950440309942915063e-01
9.950837298340398096e-01
9.951251012229876958e-01
9.951681146169096825e-01
9.952127361783649206e-01
9.952589293725736530e-01
9.953066554963460044e-01
9.953558741419344935e-01
9.954065435978349807e-01
9.954586211896837566e-01
9.955120635651028005e-01
9.955668269268698189e-01
9.956228672186113737e-01
9.956801402679594792e-01
9.957386018914153869e-01
9.957982079658710406e-01
9.958589144709022456e-01
9.959206775061264505e-01
9.959834532872721136e-01
9.960471981253209428e-01
9.961118683911506233e-01
9.961774204694894275e-01
9.962438107043644075e-01
9.963109953391184881e-01
9.963789304524952595e-01
9.964475718932164217e-01
9.965168752143518383e-01
9.965867956091042368e-01
9.966572878489428078e-01
9.967283062252313419e-01
9.967998044951263958e-01
9.968717358320354771e-01
9.969440527815763842e-01
9.970167072229786376e-01
9.970896503362649543e-01
9.971628325752186495e-01
9.972362036464166302e-01
9.973097124937341240e-01
9.973833072889423113e-01
9.974569354274456234e-01
9.975305435294856693e-01
9.976040774462711092e-01
9.976774822709770785e-01
9.977507023541138942e-01
9.978236813230403346e-01
9.978963621054277588e-01
9.979686869561338325e-01
9.980405974873560737e-01
9.981120347017484740e-01
9.981829390280689829e-01
9.982532503592926876e-01
9.983229080926020460e-01
9.983918511714168220e-01
9.984600181288068033e-01
9.985273471323080630e-01
9.985937760298010391e-01
9.986592423963752685e-01
9.987236835818716907e-01
9.987870367588533860e-01
9.988492389711683961e-01
9.989102271826471036e-01
9.989699383258946463e-01
9.990283093511413970e-01
9.990852772747699229e-01
9.991407792279897171e-01
9.991947525048896495e-01
9.992471346101414742e-01
9.992978633064033556e-01
9.993468766611661724e-01
9.993941130929263617e-01
9.994395114167522465e-01
9.994830108893738574e-01
9.995245512534085552e-01
9.995640727809015358e-01
9.996015163162284001e-01
9.996368233180424889e-01
9.996699359007059638e-01
9.997007968746002282e-01
9.997293497860206823e-01
9.997555389559772410e-01
9.997793095182411216e-01
9.998006074568110968e-01
9.998193796423883173e-01
9.998355738680168026e-01
9.998491388842606353e-01
9.998600244334781006e-01
9.998681812833394300e-01
9.998735612599751743e-01
9.998761172801930996e-01
9.998758033836071535e-01
9.998725747639806150e-01
9.998663878006772698e-01
9.998572000895282752e-01
9.998449704742935484e-01
9.998296590781435844e-01
9.998112273358239488e-01
9.997896380271595884e-01
9.997648553121462056e-01
9.997368447684483739e-01
9.997055734328722520e-01
9.996710098475712902e-01
9.996331241137631496e-01
9.995918879557794678e-01
9.995472747997901086e-01
9.994992598740624068e-01
9.994478203411606421e-01
9.993929354776189822e-01
9.993345869275868099e-01
9.992727590733343490e-01
9.992074395975495404e-01
9.991386203723915393e-01
9.990662989308245479e-01
9.989904810338751107e-01
9.989111854391344858e-01
9.988284534658631308e-01
9.987423701570528056e-01
9.986531176449778835e-01
9.985611373043173922e-01
9.984677909406792784e-01
9.983801043564579647e-01
9.980571509000751851e-01
9.981167935219813492e-01
9.980155490972566490e-01
9.979036127226089681e-01
9.977861812119448448e-01
9.976643859557058347e-01
9.975386252535782816e-01
9.974090825060835108e-01
9.972758605011572408e-01
9.971390271550645279e-01
9.969986341102061722e-01
9.968547253218525972e-01
9.967073414330007708e-01
9.965565221921944827e-01
9.964023078894579388e-01
9.962447402678398234e-01
9.960838631407121779e-01
9.959197228369294219e-01
9.957523685416558301e-01
9.955818525720040446e-01
9.954082306108333889e-01
9.952315619123489610e-01
9.950519094885086346e-01
9.948693402811400466e-01
9.946839253225994160e-01
9.944957398867876330e-01
9.943048636306500709e-01
9.941113807262046409e-01
9.939153799823364777e-01
9.937169549552405945e-01
9.935162040461188449e-01
9.933132305846614774e-01
9.931081428966654912e-01
9.929010543540318645e-01
9.926920834057926246e-01
9.924813535880782078e-01
9.922689935126030036e-01
9.920551368319725505e-01
9.918399221819811373e-01
9.916234931007317233e-01
9.914059979256452104e-01
9.911875896705563127e-01
9.909684258857368588e-01
9.907486685056957620e-01
9.905284836910287494e-01
9.903080416726238733e-01
9.900875166088803914e-01
9.898670864694185667e-01
9.896469329613910570e-01
9.894272415184145464e-01
9.892082013757301784e-01
9.889900057595049088e-01
9.887728522227070549e-01
9.885569431655285566e-01
9.883424865830111594e-01
9.881296970893781451e-01
9.879187972735380407e-01
9.877100194476200468e-01
9.875036078560083252e-01
9.872998214191288646e-01
9.870989370926802620e-01
9.869012539281962759e-01
9.867070979268371955e-01
9.865168277819441611e-01
9.863308416095492026e-01
9.861495847667652859e-01
9.859735588585555321e-01
