9.569619552095623982e-01
9.524641886181275385e-01
9.496802472653413929e-01
9.483914321680998460e-01
9.483817434268523305e-01
9.494423684208551650e-01
9.513751816640705350e-01
9.539953649750706477e-01
9.571332556064590102e-01
9.606355264879867795e-01
9.643657974406308897e-01
9.682047696663352854e-01
9.720499684616061842e-01
9.758151712996913085e-01
9.794295904629497507e-01
9.828368715076846174e-01
9.859939611749628519e-01
9.888698910518077811e-01
9.914445164266397770e-01
9.937072434264838661e-01
9.956557717125015250e-01
9.972948747536884984e-01
9.986352349987761556e-01
9.996923471105408909e-01
1.000485498791583883e+00
1.001036835588308804e+00
1.001370513377694005e+00
1.001511939981489130e+00
1.001487105480224793e+00
1.001321999272804852e+00
1.001042110713639577e+00
1.000672009218406044e+00
1.000234999030541694e+00
9.997528433472409048e-01
9.992455521913246042e-01
9.987312282511524586e-01
9.982259648745898106e-01
9.977437904678584379e-01
9.972966537009473331e-01
9.968944441356676345e-01
9.965450431588915858e-01
9.962544004054690872e-01
9.960266311841509124e-01
9.958641307632056794e-01
9.957677017234415340e-01
9.957366909390952259e-01
9.957691330928981621e-01
9.958618979698935503e-01
9.960108390988312577e-01
9.962109416195187306e-01
9.964564675451867970e-01
9.967410968630868728e-01
9.970580631681743577e-01
9.974002827592579612e-01
9.977604763395540033e-01
9.981312826577151132e-01
9.985053635996532506e-01
9.988755003979313818e-01
9.992346807644323370e-01
9.995761768739296338e-01
9.998936142334785560e-01
1.000181031564967293e+00
1.000432931907403455e+00
1.000644325213274399e+00
1.000810762769239748e+00
1.000928363818990086e+00
1.000993834803288740e+00
1.001004481663702039e+00
1.000958215680277430e+00
1.000853553332833767e+00
1.000689610690147058e+00
1.000466092843359744e+00
1.000183278910861562e+00
9.998420031515372619e-01
9.994436327355478156e-01
9.989900427377059744e-01
9.984835889401498799e-01
9.979270790644479971e-01
9.973237430995725017e-01
9.966772034631982136e-01
9.959914458365622947e-01
9.952707916638011687e-01
9.945198735299006776e-01
9.937436149627476567e-01
9.929472167016810680e-01
9.921361522300577995e-01
9.913161765376818924e-01
9.904933539189862968e-01
9.896741135785291910e-01
9.888653467211730996e-01
9.880745671588270218e-01
9.873101721875102710e-01
9.865818674450401726e-01
9.859013710857128521e-01
9.852836167693107550e-01
9.847488984970719228e-01
9.843269169707468125e-01
9.840649948290675075e-01
9.840464383995236597e-01
9.844372295585612775e-01
9.856281724332754957e-01
9.887927731265484521e-01
9.969610268322859348e-01
9.140722800916265545e-01
9.606556908132862782e-01
9.671356168328174574e-01
9.694749380622735835e-01
9.706006792361192570e-01
9.712342519044714351e-01
9.716389673452824338e-01
9.719341904417739819e-01
9.721823392278313714e-01
9.724197097137036172e-01
9.726693489539396387e-01
9.729471194938903444e-01
9.732648407692565673e-01
9.736320510766686143e-01
9.740570672095917315e-01
9.745476621058594136e-01
9.751115203216125238e-01
9.757565526594570438e-01
9.764911090543850758e-01
9.773241027194524699e-01
9.782650385903242096e-01
9.793239192474726407e-01
9.805109767267468079e-01
9.818361431121723770e-01
9.833081180319603876e-01
9.849328033403176308e-01
9.867107307882239109e-01
9.886328659063843283e-01
9.906737560343362725e-01
9.927802653245915154e-01
9.948528475691781336e-01
9.967139578474762951e-01
9.980538441788375792e-01
9.983357308619005277e-01
9.966267106802393361e-01
9.912909148319826169e-01
9.794277295898499158e-01
9.558559412357157115e-01
9.114011178247168887e-01
8.306786022207612863e-01
6.922713101009699832e-01
4.825939472762654225e-01
2.370930928697927986e-01
5.784577287004773888e-02
1.276708616496009981e-02
6.566536876532508282e-02
1.542292417401829041e-01
2.438211861207298936e-01
3.219968625331514067e-01
3.864850163895579560e-01
4.387045101703965777e-01
4.809367500273657448e-01
5.153191394980081164e-01
5.435916070637278885e-01
5.671006113096965784e-01
5.868700546895978531e-01
6.036759623288857624e-01
6.181081304262544540e-01
6.306170632607761561e-01
6.415486299108815738e-01
6.511694123610204388e-01
6.596852640398933598e-01
6.672549907972651351e-01
6.740005429466495723e-01
6.800147086561580956e-01
6.853670100282297506e-01
6.901082971108748465e-01
6.942743878863368856e-01
6.978889953727116513e-01
7.009661024279757457e-01
7.035118800052276855e-01
7.055261864675731465e-01
7.070036249831916919e-01
7.079340612037072766e-01
7.083023956852159131e-01
7.080872106825510937e-01
7.072576006314567065e-01
7.057669028291752022e-01
7.035408315356337372e-01
7.004548480524801501e-01
6.962892112287573099e-01
6.906332643781508684e-01
6.826598847463760666e-01
6.705120219752260802e-01
6.492481578331454894e-01
6.013458043891412030e-01
4.260387752216969193e-01
5.795554896198565897e-01
7.668366439830587300e-01
7.582010766401812152e-01
7.486803011394184137e-01
7.423029542411263559e-01
7.380239965046584416e-01
7.349380022588595240e-01
7.323214705810321412e-01
7.294772047343112131e-01
7.256097194754518309e-01
