2.471242139715647203e+22
2.018070821804072501e+22
1.651318350438391297e+22
1.353935958019916431e+22
1.112341091326755655e+22
9.156933104730136117e+21
7.553252350631695352e+21
6.242945792830318051e+21
5.170309110945315553e+21
4.290566336721103880e+21
3.567662206619838579e+21
2.972512479338930110e+21
2.481614878715265679e+21
2.075944480712265564e+21
1.740073825089241481e+21
1.461470862513909531e+21
1.229937861746568462e+21
1.037162230561813037e+21
8.763563339359626199e+20
7.419682004792419287e+20
6.294487841472965509e+20
5.350644189778809324e+20
4.557454451825556193e+20
3.889638322070056468e+20
3.326340842972874670e+20
2.850328699244591841e+20
2.447337327234287534e+20
2.105539692380829123e+20
1.815113374325894676e+20
1.567887208128859341e+20
1.357052406772031980e+20
1.176926027208375337e+20
1.022756992416579912e+20
8.905667650616372429e+19
7.770182794856675738e+19
6.793079533910858957e+19
5.950765781158929203e+19
5.223356743339715789e+19
4.594065361102814413e+19
4.048697004851018957e+19
3.575229959934214554e+19
3.163466610933926707e+19
2.804742974766582579e+19
2.491686460558852096e+19
2.218013548391680819e+19
1.978360558630222234e+19
1.768141889996174541e+19
1.583431094639471411e+19
1.420860964518876365e+19
1.277539468629325619e+19
1.150978923581419930e+19
1.039036228672013517e+19
9.398623646902132736e+18
8.518596598139060224e+18
7.736455767433051136e+18
7.040219826787424256e+18
6.419490354907830272e+18
5.865229617186865152e+18
5.369571201769805824e+18
4.925658431907537920e+18
4.527506291435918848e+18
4.169883281785283584e+18
3.848210196603935232e+18
3.558473275309613056e+18
3.297149593888333824e+18
3.061142883888189440e+18
2.847728249811825152e+18
2.654504489165551104e+18
2.479352916929651200e+18
2.320401761644636672e+18
2.175995340425074944e+18
2.044667338318669056e+18
1.925117616873966592e+18
1.816192061830763776e+18
1.716865050292196352e+18
1.626224179675165184e+18
1.543456951212502016e+18
1.467839145171284224e+18
1.398724662012742912e+18
1.335536635521438720e+18
1.277759651234839040e+18
1.224932926379507456e+18
1.176644327703082752e+18
1.132525120330282496e+18
1.092245355487261824e+18
1.055509817406311680e+18
1.022054460532538624e+18
9.916432774335056640e+17
9.640655457935202560e+17
9.391334098714424320e+17
9.166797577161160960e+17
8.965563607463025920e+17
8.786322467352994560e+17
8.627922812861017600e+17
8.489359362886822400e+17
8.369762269663438080e+17
8.268388017389740800e+17
8.184611716183895040e+17
8.117920678749436160e+17
8.067909188419982080e+17
8.034274382671717120e+17
8.016813194160125440e+17
8.015420305925496320e+17
8.030087092025012480e+17
8.060901528283223040e+17
8.108049072193666560e+17
8.171814524415448320e+17
8.252584897582735360e+17
8.350853333330233600e+17
8.467224122786804480e+17
8.602418902452807680e+17
8.757284113980102400e+17
8.932799836462926080e+17
9.130090119236940800e+17
9.350434969174161920e+17
9.595284169673411840e+17
9.866273141347847680e+17
1.016524108552610944e+18
1.049425169257029504e+18
1.085561673979286656e+18
1.125192295436584704e+18
1.168606257632366848e+18
1.216126812192811520e+18
1.268115192804143616e+18
1.324975114596274432e+18
1.387157895929679616e+18
1.455168292129975808e+18
1.529571144861290496e+18
1.610998967388682240e+18
1.700160604893278720e+18
1.797851132103649024e+18
1.904963175974109440e+18
2.022499882552555008e+18
2.151589782979734784e+18
2.293503856027123456e+18
2.449675134296939520e+18
2.621721260020628992e+18
2.811470465369200128e+18
3.020991533772706816e+18
3.252628395074933760e+18
3.509040121419356160e+18
3.793247225504560640e+18
4.108685323150776320e+18
4.459267412004036096e+18
4.849456244078680064e+18
5.284348538899628032e+18
5.769773104256684032e+18
6.312405314248965120e+18
6.919900850992156672e+18
7.601052163349036032e+18
8.365971750685453312e+18
9.226307165245243392e+18
1.019549357095447552e+19
1.128905082954116096e+19
1.252493345378027930e+19
1.392394341321184666e+19
1.551021776877604454e+19
1.731180551796263936e+19
1.936135094435715072e+19
2.169690429720711987e+19
2.436288491196259942e+19
2.741122709467677082e+19
3.090274543618426470e+19
3.490876395332507648e+19
3.951306289592273306e+19
4.481420859168214221e+19
5.092834582970837402e+19
5.799254959078281216e+19
6.616885418785466778e+19
7.564910400189580902e+19
8.666080216006184141e+19
9.947417314784434586e+19
1.144107042931529810e+20
1.318534915769762284e+20
1.522597901485007831e+20
1.761762628281804390e+20
2.042575352531133399e+20
2.372888097863209779e+20
2.762134689921552220e+20
3.221668223765347697e+20
3.765174284604058501e+20
4.409177725994332324e+20
5.173665172977631887e+20
6.082850894317455933e+20
7.166120568976193618e+20
8.459196134887102874e+20
1.000557582570291200e+21
1.185831728825097257e+21
1.408224910378211475e+21
1.675671811216644768e+21
1.997900793906405835e+21
2.386859969769145631e+21
2.857249109478480544e+21
3.427184784621944439e+21
4.119033491764063240e+21
4.960456920166078349e+21
5.985725571269032673e+21
7.237372385187155935e+21
8.768277867579868971e+21
1.064430372593653619e+22
