6.803957965830285115e-01
6.821966818182704229e-01
6.839085935669287908e-01
6.855517850000203417e-01
6.871482682636641526e-01
6.887209016203903467e-01
6.902926427418371036e-01
6.918859811821368444e-01
6.935225962252249410e-01
6.952233861225992628e-01
6.970093594357018585e-01
6.989053732061921709e-01
7.009580933869007380e-01
7.034087984204732136e-01
7.034181193878547012e-01
7.068787892827571584e-01
7.094574772087064440e-01
7.120618730642814809e-01
7.147511662654336684e-01
7.175321619503626236e-01
7.203980616768116407e-01
7.233352201398416392e-01
7.263248124270440531e-01
7.293431694343989191e-01
7.323615999747418170e-01
7.353459141575198199e-01
7.382556976194512011e-01
7.410433445142009523e-01
7.436529395695703482e-01
7.460198987947134208e-01
7.480843249537204587e-01
7.495818970240276657e-01
7.506794389093348618e-01
7.510542772179175097e-01
7.505443861083921364e-01
7.489136479783586875e-01
7.458513557185415532e-01
7.409438286525396045e-01
7.336294018485387536e-01
7.231287692864672989e-01
7.083360184821656524e-01
6.876467741589366023e-01
6.586892278319251837e-01
6.179240453484570184e-01
5.601522501211778637e-01
4.783494177300422479e-01
3.654908217014721239e-01
2.222764338666335382e-01
7.750576766647668259e-02
1.762287550195098390e-02
1.237786179950493282e-01
3.305152434000176442e-01
5.211218936531718526e-01
6.558666563139440298e-01
7.433244927432469673e-01
7.993510556516282284e-01
8.356310621331660693e-01
8.594488268572706424e-01
8.751911431836479904e-01
8.855275921787479909e-01
8.921869497036529761e-01
8.949605677239226287e-01
8.972448045896422864e-01
8.975520682159571217e-01
8.964750023179859362e-01
8.943609584607528085e-01
8.913854859142914533e-01
8.876814201026596018e-01
8.833533997822956563e-01
8.784871876424167336e-01
8.731558666271505009e-01
8.674241968991874829e-01
8.613519979760034806e-01
8.549974839236941238e-01
8.484227253760968646e-01
8.417115259687897311e-01
8.350739154826658517e-01
8.261472749238748525e-01
8.200371015766463323e-01
8.132152385356252733e-01
8.063432623692735612e-01
7.996310813310454346e-01
7.931766887771791730e-01
7.870938741305186781e-01
7.815210861895154348e-01
7.766350898966524197e-01
7.726706937892195981e-01
7.699517723723313667e-01
7.689426716820012553e-01
7.703374598128154283e-01
7.752225788145836738e-01
7.853878328927831332e-01
8.039372186772307805e-01
8.363522361769332170e-01
8.895783580037507354e-01
9.191624092596119011e-01
6.421463538417452321e-01
1.393984437210373517e-01
1.412809875689367278e-01
2.512432287664239650e-01
3.122408231816115043e-01
3.440856034451681422e-01
3.598883479137480190e-01
3.659429176725079169e-01
3.647131313292621968e-01
3.519102443619727683e-01
3.553605563362814412e-01
3.424396839037722184e-01
3.272174188818043894e-01
3.091437138946072083e-01
2.880092986236467145e-01
2.635877915303974639e-01
2.356329541744468792e-01
2.039479902535213662e-01
1.685357758960328578e-01
1.298924639338848164e-01
8.955018766099513694e-02
5.099603642396677988e-02
2.098665446771563053e-02
1.053049881604815885e-02
3.682830749283567268e-02
1.142905351903001215e-01
2.487651919128486266e-01
4.229612520514823837e-01
6.007633253819814056e-01
7.492902482158509958e-01
8.552821869680560241e-01
9.223652766257847135e-01
9.607784860457241338e-01
9.809542183403878735e-01
9.661348683888038025e-01
9.848048449839653662e-01
9.825112902392298952e-01
9.777682081481603449e-01
9.721238998749904825e-01
9.663302683926979775e-01
9.607978198580944262e-01
9.557479415387037935e-01
9.512908349098067040e-01
9.474700585883959469e-01
9.442889265959019118e-01
9.417263240671503999e-01
9.397461020767946538e-01
9.383024142223505004e-01
9.373423000055637333e-01
9.368061097338759025e-01
9.366257466862387693e-01
9.367198949381481121e-01
9.369838753279094989e-01
9.372681297773175491e-01
9.373290579215044493e-01
9.366980382377320113e-01
9.326594441791443701e-01
9.269213334427703899e-01
9.008750334807203997e-01
7.119352633560711574e-01
6.225055250759387038e-01
9.302603060497552923e-01
9.573130227068273879e-01
9.652778436967435205e-01
9.694714534311200671e-01
9.724665929121669716e-01
9.749320527789482327e-01
9.770741205882772507e-01
9.780806807155097982e-01
9.766402549935667698e-01
9.806335931499735592e-01
9.820103390197904014e-01
9.828991863312721566e-01
9.834673238714035648e-01
9.837757924995991221e-01
9.838856983201268447e-01
9.838818203505209636e-01
9.838630948446135394e-01
9.837928651934569890e-01
9.824273089818255089e-01
9.680402314861502600e-01
7.825837082665491051e-01
7.949930713946727623e-02
4.738196561143115382e-01
3.659638396950652406e-01
6.080586487481091096e-01
9.079242175433197559e-01
9.042731976857549814e-01
8.908754038562394229e-01
8.769345738841985982e-01
8.625755186331426350e-01
8.475009165410695156e-01
8.314887845140429556e-01
8.143819269155053719e-01
7.960541378015753011e-01
7.763867537296649246e-01
7.552520701183966789e-01
7.324991464710204347e-01
7.079389035717864598e-01
6.813261352226275269e-01
6.523361740925972541e-01
6.205337293338574201e-01
5.853311846656137352e-01
5.459341624903645274e-01
