9.865330103160068198e-01
9.868599826586991197e-01
9.872906545471125117e-01
9.878092807656725372e-01
9.884003668512865159e-01
9.890489674843963019e-01
9.897409164586677965e-01
9.904629962122311060e-01
9.912030546733709979e-01
9.919500768181284123e-01
9.926942178880309164e-01
9.934268047036763916e-01
9.941403109622112266e-01
9.948283118402531100e-01
9.954854226566558495e-01
9.961072257948603292e-01
9.966901895490305474e-01
9.972315820525281538e-01
9.977293829751060494e-01
9.981821952362216477e-01
9.985891585868009734e-01
9.989498665487854812e-01
9.992642878824911090e-01
9.995326934671766583e-01
9.997555892321260407e-01
9.999336555604760868e-01
1.000067693405241709e+00
1.000158577202275412e+00
1.000207214536595668e+00
1.000214512415261492e+00
1.000181349914935014e+00
1.000108556909525825e+00
9.999968985353517859e-01
9.998470650164563711e-01
9.996596664530804643e-01
9.994352321642270276e-01
9.991742141745004746e-01
9.988769944395027300e-01
9.985438954164871372e-01
9.981751936022450478e-01
9.977711356807528187e-01
9.973319569452069322e-01
9.968579016846544905e-01
9.963492452513525999e-01
9.958063175523486077e-01
9.952295277373821580e-01
9.946193898825420598e-01
9.939765494978365368e-01
9.933018107144162556e-01
9.925961640352587434e-01
9.918608145593451608e-01
9.910972106172035723e-01
9.903070727802683049e-01
9.894924232332161784e-01
9.886556155223577003e-01
9.877993647176435132e-01
9.869267780484692887e-01
9.860413860953120002e-01
9.851471746392118645e-01
9.842486172878204265e-01
9.833507090101525350e-01
9.824590007191787988e-01
9.815796350391687852e-01
9.807193833799335847e-01
9.798856844042601599e-01
9.790866839110171638e-01
9.783312760472384628e-01
9.776291455902365035e-01
9.769908107710563172e-01
9.764276656983792435e-01
9.759520208141280184e-01
9.755771388602882954e-01
9.753172623922041762e-01
9.751876266710384211e-01
9.752044483914579232e-01
9.753848754750240602e-01
9.757468749832166610e-01
9.763090232411364422e-01
9.770901413794849111e-01
9.781086852473414028e-01
9.793817412532889177e-01
9.809233811732671615e-01
9.827419550919977986e-01
9.848355848548366875e-01
9.871845217057345634e-01
9.897378515396302312e-01
9.923895880081646803e-01
9.949338398556156760e-01
9.969761958484725239e-01
9.977466647262988042e-01
9.956708560659449647e-01
9.872792611759998449e-01
9.640453985462095199e-01
9.016654452959391719e-01
7.191390096377371366e-01
2.190972107773683231e-01
1.409547401688303614e-01
6.520414324036284404e-01
8.771640273070306915e-01
9.635535018045383593e-01
9.879904237160356262e-01
9.655968966908953233e-01
8.892148645492262693e-01
7.458600484990044466e-01
5.376067692089974148e-01
3.052711483546993732e-01
1.180526897784876517e-01
1.971773208090881607e-02
2.025264025387004275e-03
3.279776665473087965e-02
8.466014473460807543e-02
1.418043583620598735e-01
1.968681325729465525e-01
2.470772178532850694e-01
2.918125418452888198e-01
3.313574993863948603e-01
3.663117611399991369e-01
3.973349492262233662e-01
4.250438875558634200e-01
4.499785130950101908e-01
4.725970553023823295e-01
4.932826287633687579e-01
5.123533571053138225e-01
5.300727097890606254e-01
5.466587933851679848e-01
5.622922452444362174e-01
5.771227549797983691e-01
5.912743775108108002e-01
6.048498348020874271e-01
6.179339937104728619e-01
6.305966825806873510e-01
6.428949816331894773e-01
6.548750966868678303e-01
6.665739039465571336e-01
6.780202356217570614e-01
6.892359616228896924e-01
7.002369109429463778e-01
7.110336670181326424e-01
7.216322638837180392e-01
7.320348039068272916e-01
7.422400129695613247e-01
7.522437449547013655e-01
7.620394440697076943e-01
7.716185707962310847e-01
7.809709949720170519e-01
7.900853576238263676e-01
7.989494016132088205e-01
8.075502698833280091e-01
8.158747690538458164e-01
8.239095952525644639e-01
8.316415183343843776e-01
8.390575199433898401e-01
8.461448801229606298e-01
8.528912062380875625e-01
8.592843966630813179e-01
8.653125297577513031e-01
8.709636657468903254e-01
8.762255447106943596e-01
8.810851571954894101e-01
8.855281537317969409e-01
8.895380438248048360e-01
8.930951104956871278e-01
8.961749276566335354e-01
8.987463047916662839e-01
9.007683790446808780e-01
9.021863960489843182e-01
9.029254037712852732e-01
9.028804983969739295e-01
9.019011303367577836e-01
8.997646739953576445e-01
8.961294691585444117e-01
8.904458858575755587e-01
8.817742500083664003e-01
8.683739937272753062e-01
8.466529512259070023e-01
8.079946455406951111e-01
7.267816920527067071e-01
5.036290682802361252e-01
9.377824017317479277e-02
7.759172978634537587e-01
9.308386736281737406e-01
9.413730480902720021e-01
9.274971176461480615e-01
9.041093824610711982e-01
8.686292785073096434e-01
8.302803064218733375e-01
7.659767540888570148e-01
6.709526343652041369e-01
5.282499010578611820e-01
3.263859700905922812e-01
1.050413143817406914e-01
9.406477803154743994e-03
1.348745094387871768e-01
3.563627850484932247e-01
5.456820458189624024e-01
6.771271115660695283e-01
7.642159537693030691e-01
8.224371863247529335e-01
8.623806429604073953e-01
8.905816876447926189e-01
