1.016398727485641640e+00
1.014780442944324568e+00
1.012964598810102812e+00
1.011034690036525463e+00
1.009062034895521709e+00
1.007106178233187155e+00
1.005215531818676178e+00
1.003428191878228182e+00
1.001772881341856936e+00
1.000269971395452595e+00
9.989325435316396273e-01
9.977674593541961956e-01
9.967764108681297364e-01
9.959569288283904864e-01
9.953033308904080112e-01
9.948075947628050031e-01
9.944601442452803974e-01
9.942505378725141618e-01
9.941680507571610814e-01
9.942021399554695771e-01
9.943427820097551217e-01
9.945806678473313456e-01
9.949072343462304069e-01
9.953145027151865110e-01
9.957946800349627425e-01
9.963394598403246816e-01
9.969389274140282309e-01
9.975799308329174053e-01
9.982437125867633654e-01
9.989024977563090157e-01
9.995145862784147184e-01
1.000017272473966434e+00
1.000316574383151469e+00
1.000272237209595794e+00
9.996756887476779818e-01
9.982174439544559963e-01
9.954387279621252915e-01
9.906596956219929639e-01
9.828737208760189858e-01
9.705949108184216412e-01
9.516481469367000789e-01
9.229086030144703079e-01
8.800576941342945769e-01
8.175774945392203508e-01
7.295151650219479089e-01
6.119162307407948198e-01
4.675306509712043868e-01
3.108974533597493317e-01
1.676568147282423427e-01
6.343035066685154266e-02
9.893622219652675742e-03
1.639622876476257325e-03
2.428630265904230603e-02
6.347790271137451756e-02
1.089402916653686576e-01
1.546328612268195735e-01
1.975282208797195238e-01
2.363983011469059925e-01
2.709759759159288128e-01
3.014565186804678554e-01
3.280832113851403498e-01
3.517935820232721555e-01
3.725019893628740419e-01
3.907982348320785948e-01
4.070319108127757324e-01
4.215077138339694551e-01
4.344872689702007351e-01
4.461940668164960933e-01
4.568187635479915576e-01
4.665241332458202050e-01
4.754494387583079740e-01
4.837141775149130796e-01
4.914212394787186855e-01
4.986595449476748376e-01
5.055062367689938663e-01
5.120284977135940441e-01
5.182850557209957021e-01
5.243274306135784490e-01
5.302009671405835123e-01
5.359456914402551675e-01
5.415970213676135625e-01
5.471863555937885870e-01
5.527415618255170360e-01
5.582873807797275045e-01
5.638457595399214428e-01
5.694361254940972783e-01
5.750756101029181888e-01
5.807792301820353664e-01
5.865600331317665228e-01
5.924292115520928270e-01
5.983961918918163647e-01
6.044687011613504302e-01
6.106528152544317134e-01
6.169529920522837108e-01
6.233720922012055965e-01
6.299113902436970225e-01
6.365705786306309344e-01
6.433477670346867683e-01
6.502394793136999640e-01
6.572406504329524335e-01
6.643446256456878585e-01
6.715431642592146755e-01
6.788264504025667279e-01
6.861831134040724534e-01
6.936002607773265050e-01
7.010635275731526006e-01
7.085571473317802127e-01
7.160640527505455211e-01
7.235660199244200452e-01
7.310438818222656510e-01
7.384778620724280485e-01
7.458481382914349256e-01
7.531358884281604826e-01
7.603254706745719016e-01
7.674096421427404335e-01
7.744045066444665837e-01
7.814047960361372169e-01
7.888804583644765112e-01
7.331888102347567937e-01
7.950352536905156420e-01
8.020590539158314325e-01
8.076403547991007903e-01
8.125577966654461415e-01
8.169329515944637743e-01
8.207802670129636935e-01
8.236652144692211408e-01
8.254834839689719761e-01
8.287927727057777805e-01
8.301282441699248116e-01
8.306834079397658055e-01
8.303680054035100788e-01
8.290735976395362528e-01
8.266673509101173378e-01
8.229845330954518312e-01
8.178185600064713512e-01
8.109076082626408555e-01
8.019164984429374421e-01
7.904120757448930279e-01
7.758297195992716055e-01
7.574280061900954264e-01
7.342283082730497457e-01
7.049373643481000595e-01
6.678565923431972751e-01
6.207997645718305035e-01
5.610885525102337068e-01
4.858109565793967133e-01
3.927682540054248106e-01
2.828954962168268583e-01
1.649376233631773270e-01
6.096401565146018775e-02
4.960888397007241421e-03
2.447507775097940846e-02
1.164728519228409032e-01
2.489499654320332100e-01
3.867543015184451982e-01
5.091033842532359799e-01
6.093641820774809981e-01
6.885304218464541881e-01
7.502303902784654976e-01
7.983288679761170181e-01
8.360991987159461791e-01
8.660811099163855387e-01
8.901721678799069393e-01
9.097683299982021188e-01
9.258912830725963827e-01
9.392877593723144569e-01
9.505014091843277946e-01
9.599193063847680785e-01
9.677806027628905738e-01
9.739744456938804751e-01
9.601044648838902296e-01
9.859164984582583502e-01
9.896259532646357604e-01
9.924905971066851906e-01
9.945444091689439325e-01
9.957684645128750400e-01
9.961343709716289352e-01
9.956009488150981968e-01
9.941126301432288148e-01
9.915983422721375007e-01
9.879700885248831055e-01
9.831208124817379934e-01
9.769205050650253686e-01
9.691906811243439224e-01
9.584340435106701861e-01
9.483710044224832325e-01
9.349230016746331584e-01
9.189248347928836713e-01
9.000215890547547115e-01
8.777604328867765204e-01
8.515587306898185771e-01
8.176851974330688888e-01
7.708639776364094587e-01
7.016037458431220175e-01
6.736198691057815324e-01
6.171512207024471008e-01
5.486828769811803452e-01
4.699154290918090005e-01
3.824944596197553115e-01
2.897457714987975441e-01
