6.560795833403326727e-01
6.615879932640059691e-01
6.667673574907784229e-01
6.717024070091053289e-01
6.764786512398031082e-01
6.811792159116374368e-01
6.858823696370561773e-01
6.906596348139831809e-01
6.955743917314790581e-01
7.006808965136634981e-01
7.060236440026660398e-01
7.116370160029653613e-01
7.175451635992584620e-01
7.237620795892163450e-01
7.302918234975510625e-01
7.371288671929104863e-01
7.442585338250248261e-01
7.516575066427539920e-01
7.592943872152413398e-01
7.671302845615234345e-01
7.751194171588691173e-01
7.832097039398767668e-01
7.913431973877614878e-01
7.994582658329026925e-01
8.074853732928338745e-01
8.153540300222269499e-01
8.229889682995712441e-01
8.303126375965713679e-01
8.372485282194432887e-01
8.437368312943823723e-01
8.498721519788791090e-01
8.519412183031125352e-01
8.581344679203620762e-01
8.615928590394267284e-01
8.637868471844473151e-01
8.645970789068754270e-01
8.637865137294939988e-01
8.610318440764261894e-01
8.559019709755683047e-01
8.478176451471393094e-01
8.359929072251176541e-01
8.193549284088915696e-01
7.964404808462651753e-01
7.652766361714888887e-01
7.232801377726228997e-01
6.672708379150720237e-01
5.937422756720140971e-01
4.997549215842507220e-01
3.890248918526639788e-01
2.659492045047365805e-01
1.482043885761002433e-01
5.703805757580237418e-02
8.079289622147758573e-03
2.898043350360018228e-03
3.068606886454328109e-02
7.670986689900811950e-02
1.289002882216598034e-01
1.798272613073932658e-01
2.258748301668986047e-01
2.658006834981426203e-01
2.996045476330722601e-01
3.278382520072671280e-01
3.512393418126633637e-01
3.705563628390778907e-01
3.864760682589029606e-01
3.996010648736340598e-01
4.104508858486072276e-01
4.194732550688074491e-01
4.270597020490378148e-01
4.335637673270330561e-01
4.393227931371488926e-01
4.446873281648680565e-01
4.500678844080340801e-01
4.560241088482021032e-01
4.634930903576677808e-01
4.733878231887371224e-01
4.910945992372889313e-01
5.278180523160337367e-01
6.550985056668360285e-01
3.197609230528677959e-01
2.467666471206548251e-01
3.291693268599400479e-01
3.565816085740896035e-01
3.697364243614680857e-01
3.770091685650736602e-01
3.812494118282412359e-01
3.836364811120687723e-01
3.850157052703959137e-01
3.854718045071331978e-01
3.853052668637626521e-01
3.846273802087103455e-01
3.835027293882463661e-01
3.819721579261272648e-01
3.801907556188007797e-01
3.769552003977718058e-01
3.741587912423560702e-01
3.705015350143245345e-01
3.659676113514354623e-01
3.602114246758686966e-01
3.522083319641595156e-01
3.338914100417222919e-01
3.570387283003925716e-01
3.369123322852041746e-01
3.218170173655384159e-01
3.045458870505101667e-01
2.831693171503752438e-01
2.558076710857291602e-01
2.199770648179740495e-01
1.723604690986881571e-01
1.097285508876912341e-01
3.693976638218033487e-02
1.305283067846587861e-02
2.746932392976012549e-01
8.087424906228363186e-01
9.687834817657444697e-01
8.904890268457507085e-01
7.786369036631995977e-01
6.610576242791608159e-01
5.190366314940461079e-01
3.133265458557495942e-01
4.476338592952868595e-02
1.948480628976358986e-01
7.383430759688289768e-01
9.402977345857389535e-01
9.798039460498162434e-01
9.804221551359402209e-01
9.734218817460996709e-01
9.664421825170763647e-01
9.612689644210519191e-01
9.581203183312657634e-01
9.567899431389296216e-01
9.569779760997166873e-01
9.583883740687526576e-01
9.607544260154521343e-01
9.638417859506732688e-01
9.674450566326338041e-01
9.713832415930522268e-01
9.754957553794318947e-01
9.796393599581871836e-01
9.836851722378819884e-01
9.874848623255694235e-01
9.910799448745457596e-01
9.942537981325899610e-01
9.970034097166821097e-01
9.993364385421751317e-01
1.001351943530299327e+00
1.003399949548652970e+00
1.006765824395633890e+00
1.019871402227661150e+00
9.194773793412717167e-01
9.747285461913151039e-01
9.776469715468131261e-01
9.750154634197556458e-01
9.717464833394380275e-01
9.669360696061017890e-01
9.613511066529293325e-01
9.552142775306889932e-01
9.484676006842840401e-01
9.273115413038974797e-01
9.401336833232101231e-01
9.346674267946359915e-01
9.312318870472917620e-01
9.299971077947424281e-01
9.315069423334617627e-01
9.358668616726525391e-01
9.407101804311210902e-01
9.333513813420087901e-01
8.625442998615011625e-01
5.944069310378328197e-01
1.714648562867762405e-01
7.577617330839582326e-03
3.978436798393988894e-02
9.195497013554949917e-02
1.236324373574565760e-01
1.345374784136312007e-01
1.292458129465889338e-01
1.113448196586060007e-01
8.217401045845672269e-02
5.739061298339788453e-02
3.874152735990674806e-02
1.038419736853448544e-02
4.898391704913350117e-03
3.786961854445557857e-02
1.266821004598859823e-01
2.752502014095190574e-01
4.606411086351533957e-01
6.408968226054464479e-01
7.819972232800138645e-01
8.737574540149716240e-01
9.236657661708529421e-01
9.445460063376531767e-01
9.475901625041881493e-01
9.406677074387176374e-01
9.289359450882137548e-01
9.133885538459266540e-01
9.008514945748261615e-01
8.894095306686395919e-01
8.830043732981039950e-01
8.962254429936163946e-01
5.824220998957106987e-01
