1.519774236976385117e+10
1.243151776175543976e+10
1.018926795717891502e+10
8.368260145389387131e+09
6.886528536321811676e+09
5.678559418323952675e+09
4.691895450190622330e+09
3.884458830457087040e+09
3.222437582756802559e+09
2.678613672458703041e+09
2.231038364244554996e+09
1.861980930992876291e+09
1.557092901994515657e+09
1.304742545208331823e+09
1.095484022056690454e+09
9.216332566979590654e+08
7.769285040335094929e+08
6.562582523003323078e+08
5.554427428821244240e+08
4.710582536263761520e+08
4.002955440726624727e+08
3.408456350149432421e+08
2.908074943805145025e+08
2.486133072828781903e+08
2.129678832759312987e+08
1.827994475018570721e+08
1.572196130771265030e+08
1.354907698587430716e+08
1.169994733224705607e+08
1.012346952938866615e+08
8.777002029714244604e+07
7.624904888892623782e+07
6.637341161811798811e+07
5.789291139495187998e+07
5.059740376259821653e+07
4.431009836282189190e+07
3.888202435435798764e+07
3.418745053661683947e+07
3.012008971857642382e+07
2.658994826828482375e+07
2.352070722377369180e+07
2.084754200170937181e+07
1.851530453088191524e+07
1.647700530532120354e+07
1.469254399234987795e+07
1.312764632800883614e+07
1.175297246653274819e+07
1.054336803758611344e+07
9.477234154923906550e+06
8.535996715820536017e+06
7.703658698035161942e+06
6.966421932609530166e+06
6.312367115390447900e+06
5.731182706069708802e+06
5.213934922067856416e+06
4.752872324566220865e+06
4.341259563130659051e+06
3.973235732519175857e+06
3.643693532460231334e+06
3.348176034666205291e+06
3.082788372455064207e+06
2.844122094760871958e+06
2.629190282793873455e+06
2.435371825887911022e+06
2.260363503663603216e+06
2.102138733421252109e+06
1.958912023597624619e+06
1.829108339801104041e+06
1.711336770918374648e+06
1.604368199356564088e+06
1.507117734330710256e+06
1.418638054313824046e+06
1.338125757358335191e+06
1.264505928890562151e+06
1.197349273430151166e+06
1.136182700197703205e+06
1.080236561191853834e+06
1.029093752857090440e+06
9.823627133691278286e+05
9.396468954422826646e+05
9.005992350313190836e+05
8.649114721182766370e+05
8.323084376916512847e+05
8.025441089616954559e+05
7.753984233827475691e+05
7.506745653532509459e+05
7.281966124008418992e+05
7.078074788980035810e+05
6.893671149272379698e+05
6.727509275900346693e+05
6.578483980197272031e+05
6.445618716753134504e+05
6.328055028386716731e+05
6.225043370704711415e+05
6.135935177397916559e+05
6.060176048349082703e+05
5.997299960665918188e+05
5.946924419096580241e+05
5.908746476636190200e+05
5.882539569498311030e+05
5.868151122365505435e+05
5.865500891275104368e+05
5.874580021202277858e+05
5.895450804444696987e+05
5.928247131608043564e+05
5.973175623107977444e+05
6.030517383001591079e+05
6.100630015515045961e+05
6.183946369627569802e+05
6.280943797061034711e+05
6.392490299732547719e+05
6.518966032964971382e+05
6.661332821972257225e+05
6.820513542645305861e+05
6.997558537173222285e+05
7.193652871375586838e+05
7.410128748947968706e+05
7.648480237628240138e+05
7.910380190360506531e+05
8.197699555808447767e+05
8.512529353404626017e+05
8.857205605779343750e+05
9.234337386436823290e+05
9.646836922768061049e+05
1.009793098868313129e+06
1.059156843243802432e+06
1.113126565947354771e+06
1.172196391368321609e+06
1.236871727747873170e+06
1.307726129163973266e+06
1.385404069084915798e+06
1.470629967665836681e+06
1.564218877516442677e+06
1.667088804606949212e+06
1.780274879153091460e+06
1.904945660753525328e+06
2.042421917808621190e+06
2.194198281473889016e+06
2.361968244373947848e+06
2.547653056589275133e+06
2.753435168696061242e+06
2.981796987018987071e+06
3.235565843120904174e+06
3.517966242247743998e+06
3.832680649177716114e+06
4.183920300693845376e+06
4.576507809324774891e+06
5.015973652061865665e+06
5.508669031450988725e+06
6.061898068065788597e+06
6.684072848817989230e+06
7.384895535315577872e+06
8.175572552461867221e+06
9.069066862532861531e+06
1.008039551445078664e+07
1.122698109075679258e+07
1.252906740529934876e+07
1.401021189946666360e+07
1.569786972391560674e+07
1.762408757349086180e+07
1.982632908565011248e+07
2.234845816470014304e+07
2.524191213526066393e+07
2.856710337921356037e+07
3.239509634260085970e+07
3.680961684589270502e+07
4.190946293162763119e+07
4.781140168289287388e+07
5.465365573913779855e+07
6.260010921760978550e+07
7.184540030607895553e+07
8.262111806545066833e+07
9.520335009459735453e+07
1.099217622620867938e+08
1.271703181791661978e+08
1.474167081283656061e+08
1.712371774274952710e+08
1.993014528475189507e+08
2.324289229032858610e+08
2.716051506228339076e+08
3.180197807255039811e+08
3.731114783478503227e+08
4.386227139108070135e+08
5.166647581530806422e+08
6.098234085717236996e+08
7.212120673892151117e+08
8.546540983802204132e+08
1.014813836355070591e+09
1.207399544088691711e+09
1.439409246117881060e+09
1.719436971419742107e+09
2.058055027548210382e+09
2.468291982357173920e+09
2.966231308156352997e+09
3.571762396994840145e+09
4.309524302771798134e+09
5.210093653394383430e+09
6.311482414849129677e+09
7.661029502701664925e+09
9.317793827972436905e+09
