7.346921369301263605e-01
7.581413979633051525e-01
7.782700033399669870e-01
7.952618032790580438e-01
8.093575503531976745e-01
8.208386073970086461e-01
8.300125786930840910e-01
8.372007916313818354e-01
8.427275489494707728e-01
8.469110863855234816e-01
8.500562636980071307e-01
8.524496112342053733e-01
8.543661418992017920e-01
8.559093216561233231e-01
8.575409315480785333e-01
8.594370639213236851e-01
8.606542882032897079e-01
8.630513082693420657e-01
8.656895438555624045e-01
8.687323737226544385e-01
8.721993042286200204e-01
8.760700890057231405e-01
8.802949443519177963e-01
8.847974627550776461e-01
8.894749928097372971e-01
8.941954708287404019e-01
8.987850810516216926e-01
9.029826491572159330e-01
9.062013455294942732e-01
9.037785398638450429e-01
9.205587647530948381e-01
9.187049376530226352e-01
9.178778106840773665e-01
9.153093928624428388e-01
9.098880633170196575e-01
9.003274630746207485e-01
8.847854249479865096e-01
8.604800976138841095e-01
8.231653560190721475e-01
7.665016660525204584e-01
6.817643477178628730e-01
5.595251598087248590e-01
3.971251575617343321e-01
2.146064179678605077e-01
6.377474474063046794e-02
2.170392720511682156e-03
2.609093952875761110e-02
1.030800184679376702e-01
1.941819230042893529e-01
2.793266863587066107e-01
3.522952428159994986e-01
4.133641651460444044e-01
4.651277456217982609e-01
5.108801494974822832e-01
5.543423919983920811e-01
6.002138561350617296e-01
6.557884244445281174e-01
7.349578898393099857e-01
8.638722457889156381e-01
9.205602649166922946e-01
3.999735740105180015e-02
9.638049242340594736e-02
2.167309347570524902e-01
2.860659947899591438e-01
3.277263013937159464e-01
3.548621659036541587e-01
3.735582318362556387e-01
3.869770221943305555e-01
3.968951746675700720e-01
4.043902485676379444e-01
4.101535223323674595e-01
4.146485873240245978e-01
4.181972788436625899e-01
4.210289741655148799e-01
4.233102634679018483e-01
4.251635337373725898e-01
4.266789888791255869e-01
4.279226116963505411e-01
4.289415068567337674e-01
4.297674721326663616e-01
4.304192992164329601e-01
4.309040887149462873e-01
4.312177122016506714e-01
4.313444260297368271e-01
4.312555006582308170e-01
4.309065265543018941e-01
4.302327000195939610e-01
4.291406617026337078e-01
4.274937728122749636e-01
4.250832767339955409e-01
4.215641514211673213e-01
4.162828491096567940e-01
4.076595333701084622e-01
3.894729637242459463e-01
2.414075920269166675e-01
4.349977625472989939e-01
4.003301799803496430e-01
3.720033818227906353e-01
3.327875628434213695e-01
2.341338333600287425e-01
2.581908751282452341e-01
1.150872755963621014e-01
7.786852482775576817e-03
6.075231444353101917e-01
9.458721402350903640e-01
9.021631374836703854e-01
8.460468293726252087e-01
8.080350421074721234e-01
7.837053318344782138e-01
7.684418910295673921e-01
7.593103057958738855e-01
7.545045072135719844e-01
7.528836141259092063e-01
7.537006106588675092e-01
7.564487505701166237e-01
7.607729403561727111e-01
7.664172080367002149e-01
7.731934922576252367e-01
7.809698883459746943e-01
7.893653906644219065e-01
7.989430909676625836e-01
8.091134718932136982e-01
8.199830530784570914e-01
8.315762293573648600e-01
8.439818795178413158e-01
8.571400974047309607e-01
8.735778514292852348e-01
8.950801588451087198e-01
9.439804917275830265e-01
7.251723208869487181e-01
8.649620570285245780e-01
8.917751959529393035e-01
9.084719518988760845e-01
9.217145920325912067e-01
9.019642752380083728e-01
9.443843398947311396e-01
9.535246870702114297e-01
9.617774250654592683e-01
9.690720844556964808e-01
9.753833000763143524e-01
9.806888002752081057e-01
9.849679646166173974e-01
9.882015787178284327e-01
9.903697237965595201e-01
9.913841132943128631e-01
9.913027394823900051e-01
9.898773073552082913e-01
9.868376265414524617e-01
9.815729312593151068e-01
9.728255375922839621e-01
9.579868760210662471e-01
9.315690617470246959e-01
8.819681059721841132e-01
7.857507399735407239e-01
6.055921357751401501e-01
3.301699074152543156e-01
7.844049048091525367e-02
2.678248826622623043e-03
5.650608316941756193e-02
1.355052781098214365e-01
1.968770681772843978e-01
2.338110554944275166e-01
2.485299227227936170e-01
2.434420155828906085e-01
2.191281030321112488e-01
1.742985742843044528e-01
1.079393348727456098e-01
3.126442507538016585e-02
1.660323139901231232e-02
2.487824933941555627e-01
6.534020455584595988e-01
8.649213995364017915e-01
9.083907294629779416e-01
8.962311415503771972e-01
8.730685853662839557e-01
8.506086343006600270e-01
8.324048989141874522e-01
8.325621210834028840e-01
8.427823704331253163e-01
8.982897592920630059e-01
1.541861354329240874e-01
5.707815988034942167e-01
6.414864199147466417e-01
6.613389152849322716e-01
6.680747832688200827e-01
6.693789474102400661e-01
6.675459445402849301e-01
6.631566334299119347e-01
6.556820587631666530e-01
6.420751224657176293e-01
5.964118109855970351e-01
7.134894940602812818e-01
6.700273334391823044e-01
6.470073662685908999e-01
6.306748281314198401e-01
6.151432026961444199e-01
5.992151737726528760e-01
5.823965066497361898e-01
5.647078042607629467e-01
5.480264926466538178e-01
