5.524356509167194492e+36
4.513021634522146360e+36
3.694253509930923124e+36
3.030115235675017572e+36
2.490372995820863628e+36
2.050888801730584020e+36
1.692356997158191465e+36
1.399309315466999971e+36
1.159330080053375235e+36
9.624361145012056653e+35
8.005859650025150883e+35
6.672908126060366458e+35
5.573054853046912691e+35
4.663826678229113406e+35
3.910770556047837501e+35
3.285890437699924865e+35
2.766397625438308831e+35
2.333710072347060943e+35
1.972649709988805500e+35
1.670797556241874397e+35
1.417974738684678799e+35
1.205824166059679708e+35
1.027472779672382735e+35
8.772584210875181191e+34
7.505085973407086554e+34
6.433609944734226049e+34
5.526176279460462945e+34
4.756261370474309486e+34
4.101830179917693672e+34
3.544546162036183065e+34
3.069125168154724119e+34
2.662806264949216733e+34
2.314917632143171196e+34
2.016519901647408014e+34
1.760112668277152967e+34
1.539392609916125092e+34
1.349053834859444122e+34
1.184622831733842544e+34
1.042321816586465376e+34
9.189554193700966818e+33
8.118165813744626958e+33
7.186082888026097216e+33
6.373783798262962209e+33
5.664651601920944851e+33
5.044519679069265717e+33
4.501291582180689316e+33
4.024622501357244957e+33
3.605651966883451888e+33
3.236779219769198716e+33
2.911474165172047597e+33
2.624118042008002964e+33
2.369868944549990714e+33
2.144548157266994468e+33
1.944543944814434577e+33
1.766730001420834580e+33
1.608396228672343385e+33
1.467189895695229466e+33
1.341065554906457441e+33
1.228242351469872400e+33
1.127167584923876099e+33
1.036485564820063496e+33
9.550109550815590501e+32
8.817059293694846050e+32
8.156605663732850690e+32
7.560760031607408473e+32
7.022499394733201077e+32
6.535641485832711193e+32
6.094737029928869574e+32
5.694976675778543108e+32
5.332110500926207639e+32
5.002378304012955225e+32
4.702449163942906979e+32
4.429368969548495887e+32
4.180514814028623335e+32
3.953555308893359287e+32
3.746416009185957874e+32
3.557249257582613384e+32
3.384407853791141062e+32
3.226422039679170948e+32
3.081979362279030924e+32
2.949907037919404130e+32
2.829156493148095183e+32
2.718789802779714982e+32
2.617967783795707625e+32
2.525939536725351841e+32
2.442033254454107717e+32
2.365648142709599573e+32
2.296247317507447739e+32
2.233351562850613395e+32
2.176533847794967392e+32
2.125414515433686065e+32
2.079657068231484255e+32
2.038964484379951047e+32
2.003076008828697046e+32
1.971764370511501307e+32
1.944833384226084191e+32
1.922115901749454867e+32
1.903472082184402238e+32
1.888787956597325129e+32
1.877974266108297629e+32
1.870965557041318975e+32
1.867719520159995643e+32
1.868216564691877436e+32
1.872459621116106507e+32
1.880474169948756236e+32
1.892308496900247465e+32
1.908034178009446464e+32
1.927746801569081924e+32
1.951566937025879554e+32
1.979641364650943370e+32
2.012144583520975019e+32
2.049280619495392862e+32
2.091285159468534139e+32
2.138428043081131168e+32
2.191016148825890972e+32
2.249396717682962527e+32
2.313961164598657111e+32
2.385149436272216086e+32
2.463454982940319030e+32
2.549430422503840001e+32
2.643693987487965312e+32
2.746936859464076162e+32
2.859931511681624710e+32
2.983541199506358378e+32
3.118730759934860680e+32
3.266578906710012557e+32
3.428292236894191347e+32
3.605221198835783096e+32
3.798878311358488254e+32
4.010958970259096668e+32
4.243365232665951694e+32
4.498233033190622967e+32
4.777963360179850995e+32
5.085258007791068200e+32
5.423160621969097686e+32
5.795103879088801267e+32
6.204963777829080143e+32
6.657122192313415148e+32
7.156539031972569520e+32
7.708835586961635029e+32
8.320390914281103579e+32
8.998453446661226127e+32
9.751270394720017206e+32
1.058823797353245971e+33
1.152007603297824485e+33
1.255903132416198732e+33
1.371911441156381233e+33
1.501637617020827900e+33
1.646923091657723338e+33
1.809883455130186384e+33
1.992952768267055703e+33
2.198935561178784500e+33
2.431067935371709369e+33
2.693089463239580652e+33
2.989327911108970431e+33
3.324799213430576041e+33
3.705325610284704112e+33
4.137675446542570290e+33
4.629728840910881789e+33
5.190674294067033090e+33
5.831242350533474566e+33
6.563983700593154280e+33
7.403600656377367785e+33
8.367342824745236221e+33
9.475480104526104837e+33
1.075186895507952132e+34
1.222463133495610382e+34
1.392696994262365704e+34
1.589814858884250913e+34
1.818467292313582744e+34
2.084171460765839542e+34
2.393483174021126944e+34
2.754205031699582543e+34
3.175638635399336169e+34
3.668890665264455229e+34
4.247244897687571474e+34
4.926615070911381220e+34
5.726097026135516268e+34
6.668642938136041923e+34
7.781885923007392647e+34
9.099150150198179327e+34
1.066069014632400466e+35
1.251521370700489267e+35
1.472175630190498829e+35
1.735199179040368040e+35
2.049308558606580257e+35
2.425122329524231534e+35
2.875598181271517258e+35
3.416575281487190335e+35
4.067448301227282004e+35
4.852006458035265909e+35
5.799479694882353817e+35
6.945845283703817296e+35
8.335462383093501544e+35
1.002312026259363394e+36
1.207660915841513506e+36
1.457995250707152910e+36
1.763747750637959658e+36
2.137895003512160992e+36
2.596606311830079125e+36
