9.871748459464306791e-01
9.876851173319862731e-01
9.881942241357209999e-01
9.887014589935823050e-01
9.892061122499801185e-01
9.897074722342631414e-01
9.902048254675106520e-01
9.906974568396795799e-01
9.911846497918411769e-01
9.916656865327752035e-01
9.921398483156883552e-01
9.926064157960521328e-01
9.930646694893685567e-01
9.935138903432718660e-01
9.939533604363839370e-01
9.943823638145128374e-01
9.948001874722769422e-01
9.952061224868897771e-01
9.955994653104800474e-01
9.959795192252570706e-01
9.963455959661339234e-01
9.966970175151114164e-01
9.970331180710281238e-01
9.973532461990131104e-01
9.976567671641995982e-01
9.979430654543921531e-01
9.982115474975317149e-01
9.984616445800266193e-01
9.986928159737806787e-01
9.989045522799124832e-01
9.990963789990929822e-01
9.992678603391524916e-01
9.994186032731228186e-01
9.995482618609664582e-01
9.996565418515538370e-01
9.997432055821164898e-01
9.998080771955826229e-01
9.998510481971657482e-01
9.998720833750391890e-01
9.998712271115415273e-01
9.998486101145243055e-01
9.998044566004641309e-01
9.997390919642110685e-01
9.996529509723411921e-01
9.995465865192831867e-01
9.994206789879055419e-01
9.992760462566316892e-01
9.991136543957188643e-01
9.989346290934252304e-01
9.987402678492501851e-01
9.985320529627906838e-01
9.983116653355743608e-01
9.980809990815413535e-01
9.978421769131534669e-01
9.975975662245822884e-01
9.973497957289961802e-01
9.971017724130808446e-01
9.968566984381722618e-01
9.966180874265607725e-01
9.963897792994583780e-01
9.961759524467347360e-01
9.959811314574740226e-01
9.958101878530094542e-01
9.956683301364552818e-01
9.955610778472506750e-01
9.954942119576322135e-01
9.954736905189117691e-01
9.955055134348493873e-01
9.955955127939662974e-01
9.957490340785245531e-01
9.959704568105711697e-01
9.962624776604348531e-01
9.966250396780760301e-01
9.970537298573194374e-01
9.975373700250695919e-01
9.980543700266508722e-01
9.985671579744350712e-01
9.990135815678334863e-01
9.992934666761530416e-01
9.992473093505821469e-01
9.986219774177740316e-01
9.970146077806095741e-01
9.937793598182106392e-01
9.878702168120975236e-01
9.775735605031509179e-01
9.600546230788942204e-01
9.306120373525792466e-01
8.815743634518690142e-01
8.011768027767925959e-01
6.744195174758816913e-01
4.919784591833440413e-01
2.740509432672442736e-01
8.808197828768986326e-02
3.519394759244729928e-03
2.255183781813175151e-02
9.761937810746411370e-02
1.864713454476985832e-01
2.687073425798662263e-01
3.382233819029819011e-01
3.949778694785350819e-01
4.408036825429145766e-01
4.777834405309608901e-01
5.077402126981409580e-01
5.321398721112474695e-01
5.521243156476342007e-01
5.685744258268744522e-01
5.821702600232667724e-01
5.934433612871055086e-01
6.027803133369091793e-01
6.105458585889144141e-01
6.169771030293005332e-01
6.222846730121884828e-01
6.266375944571589418e-01
6.301739102964449835e-01
6.330073785576980638e-01
6.352324784539039593e-01
6.369282397964557418e-01
6.381612051275952213e-01
6.389877411879542057e-01
6.394558570170150169e-01
6.396066447922000853e-01
6.394754303211218627e-01
6.390926997861311465e-01
6.384848574796609944e-01
6.376748737857355076e-01
6.366829688408001120e-01
6.355285618883467214e-01
6.341787655928303735e-01
6.327607642919926834e-01
6.311906123961612547e-01
6.295021088618293348e-01
6.277044203075110573e-01
6.258045178785718310e-01
6.238079678345549439e-01
6.217191232804197831e-01
6.195412153315723591e-01
6.172764095932264938e-01
6.149258433706588090e-01
6.124896489330798888e-01
6.099669653289784277e-01
6.073559402124424356e-01
6.046537226557051614e-01
6.018564476483229120e-01
5.989592128033327523e-01
5.959560476642807858e-01
5.928398759151001229e-01
5.896024707290977718e-01
5.862344034515931668e-01
5.827249857906747765e-01
5.790622056946038709e-01
5.752326571246474396e-01
5.712214639931929572e-01
5.670121986355678434e-01
5.625867953284127143e-01
5.579254595689644436e-01
5.530065741036586102e-01
5.478066030582336987e-01
5.422999959996879227e-01
5.364590943820274349e-01
5.302540436285199110e-01
5.236527151291928694e-01
5.166206437375404636e-01
5.091209880023934709e-01
5.011145224508063434e-01
4.925596738454967594e-01
4.834126166009438119e-01
4.736274466260130267e-01
4.631564580350037152e-01
4.519505539574630304e-01
4.399598324067744981e-01
4.271344050100855383e-01
4.134255464770102972e-01
3.987874145953997362e-01
3.831803559244567614e-01
3.665829059862550365e-01
3.487260976027040105e-01
3.301061964100581725e-01
3.103506594612070457e-01
2.895554597589055645e-01
2.677758789627432967e-01
2.450950549892704500e-01
2.216344181415057513e-01
1.975609532462509199e-01
1.730929661610653425e-01
1.485023090695484493e-01
1.241045258515636324e-01
1.001856463598608110e-01
7.659037482647676476e-02
5.900469172847278010e-02
3.987213753133826005e-02
2.409649617475336306e-02
1.193720075983887956e-02
3.909771129873297266e-03
5.106918575784105945e-04
2.149740578417033265e-03
9.111978061599886394e-03
2.153291544698960822e-02
3.938604091497645288e-02
6.248333540030670541e-02
9.048832171551150771e-02
