9.932675352823532311e-01
9.936623831549322716e-01
9.937953620504932362e-01
9.937141522997757770e-01
9.934634471659126165e-01
9.930844220658640031e-01
9.926143875874600120e-01
9.920865977261847934e-01
9.915301871307633519e-01
9.909702135982942917e-01
9.904277845253964818e-01
9.899202484422678916e-01
9.894614350901196342e-01
9.890619297150391453e-01
9.887293693209453505e-01
9.884687505381739570e-01
9.882827405102744267e-01
9.881719837809433971e-01
9.881353995754836861e-01
9.881704651192716460e-01
9.882734817311576991e-01
9.884398213763959662e-01
9.886641521749084394e-01
9.889406420461070990e-01
9.892631402425973164e-01
9.896253369923733167e-01
9.900209018452201803e-01
9.904436016126463294e-01
9.908873990143057808e-01
9.913465333042810190e-01
9.918155842593872062e-01
9.922895209746048772e-01
9.927637369379044285e-01
9.932340728502652150e-01
9.936968286288238028e-01
9.941487659802586974e-01
9.945871028684128978e-01
9.950095011229627140e-01
9.954140483537492479e-01
9.957992352459716923e-01
9.961639292209383267e-01
9.965073453550115090e-01
9.968290153592177516e-01
9.971287553335613785e-01
9.974066329248686413e-01
9.976629344370667729e-01
9.978981323657920566e-01
9.981128537586987370e-01
9.983078497368215176e-01
9.984839664523061931e-01
9.986421177019223494e-01
9.987832593673391379e-01
9.989083658068572680e-01
9.990184082849912217e-01
9.991143354903104790e-01
9.991970561617687929e-01
9.992674238169436673e-01
9.993262235529051241e-01
9.993741608715301927e-01
9.994118524645754231e-01
9.994398188812199102e-01
9.994584789902448696e-01
9.994681461406844658e-01
9.994690259194198845e-01
9.994612153993555070e-01
9.994447037703614312e-01
9.994193742431366489e-01
9.993850071172484251e-01
9.993412839054388597e-01
9.992877924089361708e-01
9.992240326412730189e-01
9.991494235019843240e-01
9.990633101064271271e-01
9.989649716823718606e-01
9.988536299500367921e-01
9.987284579086821434e-01
9.985885889595907949e-01
9.984331263044964322e-01
9.982611525670473940e-01
9.980717395980962525e-01
9.978639584409736418e-01
9.976368894536461474e-01
9.973896326144388036e-01
9.971213180818550015e-01
9.968311171460921827e-01
9.965182538162421499e-01
9.961820174649854698e-01
9.958217772577064864e-01
9.954369996408211074e-01
9.950272711942026449e-01
9.945923311858780869e-01
9.941321224343815377e-01
9.936468786799298458e-01
9.931372901894467420e-01
9.926048534958000769e-01
9.920527123400092462e-01
9.914880585688886638e-01
9.909309605367846441e-01
9.904637245737912821e-01
9.443343177133889377e-01
9.880697947064107645e-01
9.876485559962620009e-01
9.869871603170464747e-01
9.862535361659654498e-01
9.854791246840896024e-01
9.846748382464302063e-01
9.838460820651713234e-01
9.829963351772312841e-01
9.821283084988373657e-01
9.812443976069425977e-01
9.803468843511693454e-01
9.794380353795524297e-01
9.785201536241360243e-01
9.775956064908422061e-01
9.766668417610239183e-01
9.757363967061389864e-01
9.748069033563530050e-01
9.738810916002107465e-01
9.729617911381622797e-01
9.720519329610504133e-01
9.711545508332795063e-01
9.702727831538140446e-01
9.694098755123561340e-01
9.685691842312622590e-01
9.677541811753720413e-01
9.669684601161157023e-01
9.662157449480707205e-01
9.654999000747286342e-01
9.648249433031703681e-01
9.641950616138990071e-01
9.636146302005736963e-01
9.630882352045400108e-01
9.626207005980861320e-01
9.622171196944412364e-01
9.618828917803865508e-01
9.616237643666495361e-01
9.614458815240802814e-01
9.613558387013471096e-01
9.613607442704076300e-01
9.614682877787387172e-01
9.616868144253769568e-01
9.620254045095318896e-01
9.624939553415898796e-01
9.631032610589560505e-01
9.638650824722840849e-01
9.647921936845518243e-01
9.658983834482215425e-01
9.671983748114932888e-01
9.687076026946022100e-01
9.704417488939578451e-01
9.724158656322265948e-01
9.746428003311887744e-01
9.771304251811914199e-01
9.798767978824912683e-01
9.828616829080571993e-01
9.860315396349091932e-01
9.892724973711340963e-01
9.923606167890510754e-01
9.948678358617470963e-01
9.959784429157025887e-01
9.941184579703679081e-01
9.861816145213724294e-01
9.658749651240433609e-01
9.202374996715450006e-01
8.233799188463581942e-01
6.332251515517385299e-01
3.329979211318611076e-01
5.995251130457933397e-02
1.085188561736435443e-02
1.272856264886133570e-01
2.706397136603234665e-01
3.888541850999006622e-01
4.777687388595681095e-01
5.439377481336488129e-01
5.938600685047727978e-01
6.322556042105098584e-01
6.622914376137201131e-01
6.859999088886370444e-01
7.045291912691745706e-01
7.180660097645079620e-01
7.247418867040386070e-01
7.125972374388780395e-01
5.432125849225211134e-01
8.160166053441493261e-01
8.154254410268412245e-01
8.179200300074506158e-01
8.222481028266566128e-01
8.271179150230562049e-01
8.320158021987261732e-01
8.367134993094867967e-01
8.410960237397980821e-01
8.450974704664470094e-01
8.486745283191964306e-01
8.517946904142607023e-01
8.544306668700217822e-01
8.565574559932154219e-01
8.581503518105895179e-01
8.591828198748959755e-01
8.596232873506317596e-01
8.594296245683182844e-01
