1.086533078352476783e+72
8.884581277349380192e+71
7.279556501531895476e+71
5.976493237710806379e+71
4.916557586257142944e+71
4.052739359362010219e+71
3.347408810830175628e+71
2.770391186157302421e+71
2.297446775846542188e+71
1.909069040849169336e+71
1.589532642017669805e+71
1.326138139141397912e+71
1.108611720369312846e+71
9.286273400831855506e+70
7.794256665811477997e+70
6.555097198734699083e+70
5.524013607020087715e+70
4.664461419019673288e+70
3.946566588871388592e+70
3.345865972589184131e+70
2.842292961550539212e+70
2.419359221725206049e+70
2.063493552626326375e+70
1.763506831267369455e+70
1.510158297204797371e+70
1.295803419564787873e+70
1.114107542962083564e+70
9.598126536056363490e+69
8.285471099607201500e+69
7.166701779668138280e+69
6.211448042480058545e+69
5.394333349776238241e+69
4.694119085869383076e+69
4.093000690153937061e+69
3.576028036960184543e+69
3.130627393952691520e+69
2.746206551514740286e+69
2.413828153560081365e+69
2.125939038322726701e+69
1.876145645364959038e+69
1.659027366747881434e+69
1.469981198385307500e+69
1.305092249026119984e+69
1.161025641881821163e+69
1.034936140728056411e+69
9.243924826126170986e+68
8.273139307500433832e+68
7.419169961644621038e+68
6.666706331391314061e+68
6.002585061016186656e+68
5.415471660259145150e+68
4.895591723209853993e+68
4.434503592489917781e+68
4.024905804909303853e+68
3.660473766804337287e+68
3.335721027412572416e+68
3.045881281063747406e+68
2.786807861487407550e+68
2.554888017038080650e+68
2.346969692791771623e+68
2.160298909599100808e+68
1.992466133859630591e+68
1.841360285440773408e+68
1.705129243256796019e+68
1.582145885578206485e+68
1.470978851089852138e+68
1.370367331628458391e+68
1.279199312643311769e+68
1.196492765775765161e+68
1.121379372488832578e+68
1.053090420512461753e+68
9.909445679590494837e+67
9.343372148767070846e+67
8.827312600418856103e+67
8.356490530170053299e+67
7.926653788956190847e+67
7.534013363969193671e+67
7.175189898010845381e+67
6.847166920607247700e+67
6.547249908385472833e+67
6.273030414880768576e+67
6.022354615583500848e+67
5.793295703492646070e+67
5.584129648105438342e+67
5.393313896907405942e+67
5.219468655501735547e+67
5.061360431574432081e+67
4.917887570298859333e+67
4.788067545379187912e+67
4.671025801629717476e+67
4.565985972459213730e+67
4.472261319578465168e+67
4.389247263091572065e+67
4.316414888398312226e+67
4.253305332353156282e+67
4.199524965324166556e+67
4.154741298291431176e+67
4.118679555440896732e+67
4.091119862714814340e+67
4.071895012065722242e+67
4.060888769563172710e+67
4.058034703330419709e+67
4.063315514807822197e+67
4.076762863880393353e+67
4.098457685395351709e+67
4.128531001520169958e+67
4.167165241330356501e+67
4.214596086290649277e+67
4.271114867736389787e+67
4.337071550537058118e+67
4.412878345754861688e+67
4.499014004496937591e+67
4.596028855601968102e+67
4.704550661347828448e+67
4.825291378357417306e+67
4.959054925536413838e+67
5.106746077397682284e+67
5.269380620272311980e+67
5.448096930270660594e+67
5.644169156950157494e+67
5.859022225112267237e+67
6.094248900091367932e+67
6.351629200079830537e+67
6.633152483041421563e+67
6.941042586938893433e+67
7.277786461446700774e+67
7.646166798329698955e+67
8.049299248253947522e+67
8.490674905627313502e+67
8.974208852801414688e+67
9.504295683163293980e+67
1.008587307289177191e+68
1.072449464725819920e+68
1.142641359394402840e+68
1.219867871910152321e+68
1.304924492738021568e+68
1.398710044445609903e+68
1.502241349766157803e+68
1.616670163991837609e+68
1.743302745727733721e+68
1.883622505738517554e+68
2.039316251582045559e+68
2.212304638195802796e+68
2.404777544530400591e+68
2.619235227167432092e+68
2.858536257720554909e+68
3.125953436788901056e+68
3.425239099394450486e+68
3.760701492549243729e+68
4.137294223847476333e+68
4.560721161619213539e+68
5.037559625454750357e+68
5.575405256955869007e+68
6.183042623904581676e+68
6.870646410905290528e+68
7.650019014854283179e+68
8.534871530793495071e+68
9.541156526042638938e+68
1.068746271277162635e+69
1.199548370700148784e+69
1.349057558743482565e+69
1.520242104106282766e+69
1.716582162808193967e+69
1.942164426966789791e+69
2.201795364850863338e+69
2.501136904833227525e+69
2.846869253656508918e+69
3.246886567616536647e+69
3.710532458880297996e+69
4.248883874256564286e+69
4.875093800549765867e+69
5.604805616154022308e+69
6.456654832814202965e+69
7.452877590980641506e+69
8.620049758988827409e+69
9.989986056824375594e+69
1.160083555056195222e+70
1.349841848665515581e+70
1.573786018792445116e+70
1.838559116148399889e+70
2.152179936363861862e+70
2.524344160374372067e+70
2.966794746026278053e+70
3.493778223849718912e+70
4.122607722275146227e+70
4.874358805441807928e+70
5.774730843305129354e+70
6.855115023218529539e+70
8.153920733779737386e+70
9.718225520723219529e+70
1.160583092047335930e+71
1.388782823570271497e+71
1.665180603796465690e+71
2.000586655316530038e+71
2.408366328907666946e+71
2.905073012319962747e+71
3.511244624196541314e+71
4.252407655812001310e+71
5.160344970000032610e+71
6.274699339636032406e+71
