9.382793068983154017e-01
9.305418552234314689e-01
9.241130145389720996e-01
9.189639539997594975e-01
9.150450984066794691e-01
9.122920961793836714e-01
9.106310918004493216e-01
9.099832684481418132e-01
9.102686506730728322e-01
9.114091743039872684e-01
9.133310414020756607e-01
9.159663819567525067e-01
9.192542407915328395e-01
9.231408970224229682e-01
9.275795029291395988e-01
9.325289968014252029e-01
9.379521962609773666e-01
9.438129085902976501e-01
9.500717932912282615e-01
9.566805651694403334e-01
9.635739123520022931e-01
9.706581913905684145e-01
9.777955060752606675e-01
9.847811167406836930e-01
9.913111880871889880e-01
9.969365975529084212e-01
1.000996899013914643e+00
1.002526838826697242e+00
1.000127068961217613e+00
9.917937650908650316e-01
9.747157402163780793e-01
9.450872530646365899e-01
8.980757268575935148e-01
8.282510696065208400e-01
7.309860644811346786e-01
6.052972156741722731e-01
4.576664567032684983e-01
3.042459856334780444e-01
1.675711815902155011e-01
6.752221788630703714e-02
1.295470181934694522e-02
5.666639010914395480e-04
2.003261919007677874e-02
5.987623418988398394e-02
1.107603672494344160e-01
1.662817682466000424e-01
2.225274879782558057e-01
2.773288693396172566e-01
3.296152699574458333e-01
3.789587582181449532e-01
4.252842216191329294e-01
4.686955114237211784e-01
5.093755619496057596e-01
5.475312963342008343e-01
5.833648028818589903e-01
6.170595682277435490e-01
6.487751513384878432e-01
6.786464592228845794e-01
7.067854302817455636e-01
7.332839241146066334e-01
7.582174413329161311e-01
7.816536882282267840e-01
8.035456602243646884e-01
8.240256808342762973e-01
8.433703030967618641e-01
8.612022056718777741e-01
8.777323562048416905e-01
8.929872694064314720e-01
9.069995684217404541e-01
9.198044957632195429e-01
9.314399540354193485e-01
9.419466979617472369e-01
9.513683938228317816e-01
9.597515223430294062e-01
9.671451436946835178e-01
9.736005523960997721e-01
9.791708511692025496e-01
9.839104715088951014e-01
9.878746662156532299e-01
9.911189960076446370e-01
9.936988288587791374e-01
9.956688671261113566e-01
9.970827140088757146e-01
9.979924875601323686e-01
9.984484874534432786e-01
9.984989170604312569e-01
9.981896611600243885e-01
9.975641177857321740e-01
9.966630813123473764e-01
9.955246728605599005e-01
9.941843134141117311e-01
9.926747346561568541e-01
9.910260223843844196e-01
9.892656874133773925e-01
9.874187590665611802e-01
9.855078966548405095e-01
9.835535146942757656e-01
9.815739179859295227e-01
9.795854430138529745e-01
9.776026023286672473e-01
9.756382284911723213e-01
9.737036132841050406e-01
9.718086348503924832e-01
9.699618551830583302e-01
9.681705314091095804e-01
9.664402922623215320e-01
9.647727189710078033e-01
9.631160939753948824e-01
9.617447389760321874e-01
9.602978506855561758e-01
9.589214666346859151e-01
9.577258379089309548e-01
9.565661761613412084e-01
9.555081220007052289e-01
9.545515386341878461e-01
9.536994988066456180e-01
9.529559580826587606e-01
9.523256699994965269e-01
9.518144350537232068e-01
9.514296223875231551e-01
9.511814518029010346e-01
9.510899599386281045e-01
9.509897251180670086e-01
9.513260385923003604e-01
9.517785013071301536e-01
9.524744168023115964e-01
9.534717016136036172e-01
9.548186172376945668e-01
9.563539843282499175e-01
9.553652412444008091e-01
8.508709575496116173e-01
7.591017641902069180e-01
9.094475761820987048e-01
9.302320876495978608e-01
9.383338299941197391e-01
9.430107955766691141e-01
9.463649068675659137e-01
9.491160069436658242e-01
9.515729685751616040e-01
9.538885272893468104e-01
9.561456642085466306e-01
9.583923131006902851e-01
9.606571166555337715e-01
9.629572685505324303e-01
9.653026986776986895e-01
9.676984142512350395e-01
9.701458173855357359e-01
9.726433639230157580e-01
9.751866728448226329e-01
9.777679869219432218e-01
9.803746066455880648e-01
9.829853760448696853e-01
9.855627550256913505e-01
9.880191770624252579e-01
9.903219524035450361e-01
9.920803596694198756e-01
9.927562189595041664e-01
9.909016421147605058e-01
9.825458162294264941e-01
9.547925667037306940e-01
8.560356909360500310e-01
5.007020895725091680e-01
1.436767449125020968e-01
4.107558652148474154e-01
6.921299049870266451e-01
8.028614415365794565e-01
8.539947693881109192e-01
8.815419319071768900e-01
8.978136994689464023e-01
9.078735471515096966e-01
9.141283141637273069e-01
9.176678282674158860e-01
9.196589466642753896e-01
9.201609203908641677e-01
9.195510042763659353e-01
9.180136695747964648e-01
9.156653510680017316e-01
9.125753159151511751e-01
9.087751496236484705e-01
9.042623548985824211e-01
8.990000695783570972e-01
8.929138763512526333e-01
8.858862160444930245e-01
8.777487187017471992e-01
8.682727455737898614e-01
8.571585797841714260e-01
8.440240453552002586e-01
8.283939317687906145e-01
8.096925141197089948e-01
7.872426778099553824e-01
7.602764534033348287e-01
7.279351394649814511e-01
6.894180282890147726e-01
6.436832242090354539e-01
5.871171212108442505e-01
5.372822686778381263e-01
4.703154660620532113e-01
3.997190631585568754e-01
3.272437115650499440e-01
2.559711514138126032e-01
