1.040912233614368132e+00
1.035375043216737678e+00
1.029145199567252034e+00
1.022259832295737914e+00
1.014628303292303579e+00
1.005984671029427346e+00
9.958158568234265484e-01
9.832526880695160454e-01
9.669067048581031498e-01
9.446346054614108700e-01
9.132263728476718301e-01
8.680751607320131846e-01
8.030702042755369918e-01
7.113644776951315585e-01
5.882382582163888651e-01
4.370217732911153563e-01
2.755146202655633370e-01
1.341364764780995367e-01
4.031418845412534924e-02
2.196327906522166883e-03
8.893461438279943662e-03
4.265168166398916605e-02
8.850721583739376563e-02
1.370356506482313386e-01
1.833480563987942846e-01
2.253681709843598779e-01
2.625213363186600923e-01
2.949475425682032137e-01
3.230811096982457165e-01
3.474429392789027959e-01
3.685454877621982539e-01
3.868544105708551784e-01
4.027781144918594070e-01
4.166248569117662059e-01
4.287976249069592183e-01
4.394565057683590958e-01
4.488425606673470680e-01
4.571401647108326305e-01
4.645068463961301575e-01
4.710782233042225542e-01
4.769717174099348811e-01
4.822895388015927542e-01
4.871211002896675413e-01
4.915449760719996508e-01
4.956304946870886963e-01
4.994390392047291516e-01
5.030251133511982609e-01
5.064372205147321671e-01
5.097185930043918178e-01
5.129078012213820204e-01
5.160392662315587131e-01
5.191436943189217113e-01
5.222484482048241894e-01
5.253778665362158762e-01
5.285535408096745380e-01
5.317945569751669765e-01
5.351177074464210648e-01
5.385376780502846294e-01
5.420672135079467324e-01
5.457172643035267390e-01
5.494971172190346032e-01
5.534145113655251080e-01
5.574757411921149597e-01
5.616857476874038690e-01
5.660481987838520412e-01
5.705655598229691927e-01
5.752391548249393693e-01
5.800692192228299460e-01
5.850549446577483215e-01
5.901945163774565684e-01
5.954851437184855989e-01
6.009230840452380873e-01
6.065036602778716146e-01
6.122212714927173227e-01
6.180693940841454070e-01
6.240405636311019411e-01
6.301262923799477722e-01
6.363166116154259644e-01
6.425924522802244354e-01
6.489913432465057586e-01
6.554307886813977024e-01
6.619346445466263162e-01
6.684855448293011149e-01
6.750683398781893718e-01
6.816673232288772422e-01
6.882649539358439705e-01
6.948450298777248957e-01
7.013901495262807595e-01
7.078789637584930183e-01
7.142916973203097264e-01
7.206070861423460316e-01
7.268028002971669288e-01
7.328554410708453259e-01
7.387405016589365658e-01
7.444323300874491345e-01
7.499042143697615126e-01
7.551301237648850861e-01
7.600571017825837883e-01
7.646930141418366578e-01
7.689321725721504075e-01
7.729029553446573608e-01
7.763861470814220622e-01
7.794094905158862607e-01
7.819246845009724112e-01
7.838805928471552775e-01
7.852209697982863723e-01
7.858833164116140191e-01
7.857977193720343534e-01
7.848855456296416344e-01
7.830579595689686201e-01
7.802142505403608652e-01
7.762399724326961570e-01
7.710049150972395626e-01
7.643609551299597182e-01
7.561398760283516429e-01
7.461513116537694668e-01
7.341810607099669150e-01
7.199901539022529606e-01
7.033152409151725015e-01
6.838711113018538512e-01
6.613564750493134969e-01
6.354644912507974031e-01
6.058998988871283631e-01
5.724048634765943611e-01
5.347956049457101013e-01
4.930111914125182015e-01
4.471741320658823571e-01
3.976591266105045097e-01
3.451613290027070180e-01
2.907492927405256888e-01
2.358822281957739242e-01
1.823697314981438389e-01
1.322589632612089783e-01
8.765230402881937777e-02
5.048782367631528267e-02
2.236163294576702307e-02
4.652133685104026598e-03
1.988708133593204697e-03
8.818379343278613669e-02
3.971340057602953943e-03
1.827972834418024883e-02
3.967515992486186222e-02
6.553278897497580302e-02
9.436827297050236207e-02
1.252029409987692188e-01
1.569796443374050499e-01
1.888497838862619460e-01
2.207922527380027922e-01
2.520980848059373725e-01
2.826249962656336434e-01
3.122569230781208627e-01
3.409473144035660153e-01
3.687028622790236021e-01
3.955684397427894905e-01
4.216151542426754828e-01
4.469312359549003633e-01
4.716152384543582654e-01
4.957710472282874092e-01
5.195042649941492563e-01
5.429196238926180529e-01
5.661191478952856126e-01
5.892008490847411295e-01
6.122577881609395645e-01
6.353773657636173633e-01
6.586407543852629276e-01
6.821225582746597293e-01
7.058929407558399705e-01
7.299101016246888340e-01
7.544554665867804211e-01
7.793583973327249392e-01
8.046773208299304869e-01
8.303875117003336470e-01
8.564101421869503294e-01
8.825804829135208696e-01
9.085891255523949050e-01
9.338733363025296663e-01
9.574024908900793385e-01
9.771719102438382043e-01
9.880448487454950302e-01
8.046682348206176671e-01
9.906293895119688830e-01
9.402981986260465774e-01
8.374613194290007057e-01
6.628782465048388417e-01
4.253305821101221462e-01
1.888728547853641138e-01
3.842914306459587620e-02
1.255161821165257183e-03
4.269754176460043710e-02
1.181361773028092449e-01
1.998149555836925828e-01
2.756130689215798846e-01
3.418435691904909146e-01
3.984122316863492053e-01
4.464940806561034092e-01
4.875754865412489369e-01
5.231042633015293708e-01
5.543856957519113227e-01
5.825696690522210730e-01
6.086661067734265851e-01
