9.869844825594266124e-01
9.873264447475894601e-01
9.876722792006740193e-01
9.880215557928151426e-01
9.883738241454931295e-01
9.887286188615737048e-01
9.890854639761919032e-01
9.894438766824160680e-01
9.898033703947677342e-01
9.901634572163277026e-01
9.905236498765813691e-01
9.908834632052718749e-01
9.912424152063457061e-01
9.916000277921863670e-01
9.919558272342410277e-01
9.923093443825290461e-01
9.926601147014476600e-01
9.930076781641797856e-01
9.933515790445024418e-01
9.936913656388653981e-01
9.940265899481195433e-01
9.943568073440350874e-01
9.946815762417345885e-01
9.950004577954805196e-01
9.953130156328600098e-01
9.956188156384989663e-01
9.959174257967747801e-01
9.962084161000520632e-01
9.964913585277477281e-01
9.967658270992570957e-01
9.970313980027001310e-01
9.972876497999570988e-01
9.975341637083707802e-01
9.977705239572981499e-01
9.979963182185905834e-01
9.982111381084338708e-01
9.984145797589040194e-01
9.986062444560387386e-01
9.987857393424434127e-01
9.989526781815502021e-01
9.991066821813850973e-01
9.992473808752772024e-01
9.993744130577384421e-01
9.994874277736953694e-01
9.995860853593511175e-01
9.996700585340485556e-01
9.997390335420462959e-01
9.997927113440759905e-01
9.998308088587003484e-01
9.998530602543889145e-01
9.998592182929264549e-01
9.998490557265299339e-01
9.998223667501520140e-01
9.997789685123695813e-01
9.997187026880346439e-01
9.996414371170903035e-01
9.995470675143525163e-01
9.994355192560132606e-01
9.993067492497048621e-01
9.991607478955266686e-01
9.989975411468848820e-01
9.988171926811497681e-01
9.986198061911075730e-01
9.984055278102251796e-01
9.981745486857345195e-01
9.979271077161685488e-01
9.976634944711826325e-01
9.973840523145488524e-01
9.970891817533210633e-01
9.967793440395290583e-01
9.964550650537155052e-01
9.961169395034272789e-01
9.957656354745345606e-01
9.954018993772449919e-01
9.950265613345731230e-01
9.946405410671423919e-01
9.942448543345440148e-01
9.938406200022417147e-01
9.934290678101624916e-01
9.930115469299063413e-01
9.925895354077770572e-01
9.921646506022806511e-01
9.917386607373845919e-01
9.913134977065273246e-01
9.908912712761615005e-01
9.904742848509837660e-01
9.900650529761455543e-01
9.896663207615448155e-01
9.892810854178852864e-01
9.889126200906368513e-01
9.885645001580951607e-01
9.882406321180370323e-01
9.879452851053566187e-01
9.876831249445258143e-01
9.874592504094534817e-01
9.872792309901604613e-01
9.871491448744361685e-01
9.870756149206830754e-01
9.870658389336972593e-01
9.871276082576802002e-01
9.872693050813139415e-01
9.874998631159555007e-01
9.878286671596964164e-01
9.882653523129341089e-01
9.888194395713449936e-01
9.894997047875145890e-01
9.903131113014601583e-01
9.912630226100554998e-01
9.923462129544385890e-01
9.935478401921196134e-01
9.948329001572503438e-01
9.961314720958633906e-01
9.973127287627666648e-01
9.981380264979708983e-01
9.981737800298861041e-01
9.966243030654541313e-01
9.919995733645039504e-01
9.814313530161906662e-01
9.592277806012832198e-01
9.138381550802355813e-01
8.222254897645897564e-01
6.454109542996194770e-01
3.589307651591326920e-01
7.544065415881710812e-02
6.539924701115493698e-03
1.212899623362289347e-01
2.701968474941677800e-01
3.921860003389351923e-01
4.821536855022268697e-01
5.475657197206880156e-01
5.957326609432564979e-01
6.319029890759043644e-01
6.596070761074261934e-01
6.812069496515245071e-01
6.983052095819929361e-01
7.120114183648108552e-01
7.231105140710177848e-01
7.321695157211643989e-01
7.396060940722661847e-01
7.457334606311829539e-01
7.507903389830551388e-01
7.549613696864704293e-01
7.583912632495384276e-01
7.611947899913391602e-01
7.634639474005946447e-01
7.652731812887345608e-01
7.666832439893590534e-01
7.677440850234515946e-01
7.684970479672839083e-01
7.689765688758539719e-01
7.692115246177209098e-01
7.692263628492880256e-01
7.690421803400699918e-01
7.686781052588927965e-01
7.681542055708791006e-01
7.675024592269112933e-01
7.668575286347847353e-01
7.643219414961655023e-01
7.640637124052184204e-01
7.628883218017111778e-01
7.615146027650020466e-01
7.599906327524165173e-01
7.583276717560302194e-01
7.565286089300644612e-01
7.545929115596657910e-01
7.525179723238751839e-01
7.502995655313156043e-01
7.479320088491840934e-01
7.454082027638837538e-01
7.427196069922739063e-01
7.398561764671002239e-01
7.368062657101498436e-01
7.335565044050497141e-01
7.300916439376463618e-01
7.263943728102961739e-01
7.224450974349647669e-01
7.182216835415344836e-01
7.136991521290548812e-01
7.088493224317514718e-01
7.036403926864001068e-01
6.980364474983373757e-01
6.919968782364216420e-01
6.854757000689032376e-01
6.784207459100016768e-01
6.707727136250922761e-01
6.624640383212058170e-01
6.534175564933134561e-01
6.435449234332061286e-01
6.327447401797683391e-01
6.209003425162349377e-01
6.078772042738539438e-01
5.935199145451763858e-01
5.776487107973313773e-01
5.600556008051255086e-01
5.405002100906467488e-01
5.187056916518238969e-01
4.943554087380414019e-01
4.670917867218651320e-01
4.365199677438775794e-01
4.022211061543661259e-01
