9.978520226937899196e-01
1.001153145048112814e+00
1.003527080282627049e+00
1.005085970052162825e+00
1.005942879020331526e+00
1.006208777291443646e+00
1.005990150989361398e+00
1.005387172527730133e+00
1.004492363352761375e+00
1.003389684408571680e+00
1.002153992962648621e+00
1.000850808466179132e+00
9.995363345892828155e-01
9.982576892783868727e-01
9.970532994806351468e-01
9.959534219499053265e-01
9.949807561909904674e-01
9.941511200440084073e-01
9.934741626065018982e-01
9.929540930944121824e-01
9.925904078402839614e-01
9.923786008955761684e-01
9.923108466496092239e-01
9.923766454998311781e-01
9.925634259190470043e-01
9.928570982786122379e-01
9.932425575214970381e-01
9.937041332533581572e-01
9.942259870568037616e-01
9.947924578527341799e-01
9.953883569575253665e-01
9.959992151343792788e-01
9.966114844348431534e-01
9.972126979869901930e-01
9.977915911344453770e-01
9.983381874755633545e-01
9.988438534156576232e-01
9.993013248360714806e-01
9.997047094194935202e-01
1.000049468057866875e+00
1.000332378620748308e+00
1.000551485183865719e+00
1.000706035619155054e+00
1.000796410233123268e+00
1.000824043915139461e+00
1.000791344026395135e+00
1.000701606022895485e+00
1.000558928566765537e+00
1.000368129636507897e+00
1.000134664898355785e+00
9.998645493417317454e-01
9.995642829087419967e-01
9.992407805458616288e-01
9.989013067660708067e-01
9.985534144056114059e-01
9.982048867634142342e-01
9.978636816764001605e-01
9.975378752465526855e-01
9.972356018009246315e-01
9.969649850935191626e-01
9.967340535431847837e-01
9.965506291343441125e-01
9.964221750198676286e-01
9.963555801453721772e-01
9.963568492555113787e-01
9.964306517216121595e-01
9.965796600074625644e-01
9.968035738750934405e-01
9.970976724645512768e-01
9.974506513253451612e-01
9.978413654495746909e-01
9.982338784214542793e-01
9.985698530735384049e-01
9.987567067001186238e-01
9.986489080784994865e-01
9.980179774508790569e-01
9.965035494750486000e-01
9.935321560396834784e-01
9.881802104598289560e-01
9.789398601578023218e-01
9.633172605898830954e-01
9.371550375879112993e-01
8.935666948292219081e-01
8.216139710856958933e-01
7.061130255827730018e-01
5.338126438644246186e-01
3.153786644553246421e-01
1.127991996359807292e-01
8.601951030006667331e-03
2.036056236860133220e-02
9.926086826419645848e-02
1.955360527637704238e-01
2.845951128798847596e-01
3.592942060153550554e-01
4.197477468432898040e-01
4.681613460879767152e-01
5.069488165238273947e-01
5.381921202470661969e-01
5.635436273030426380e-01
5.842714341666183087e-01
6.013396881507921954e-01
6.154832246245649507e-01
6.272664779675087843e-01
6.371274085677380850e-01
6.454096375698151755e-01
6.523858760621300545e-01
6.582750766859449820e-01
6.632550931093055269e-01
6.674721306212781924e-01
6.710479092202931151e-01
6.740852126517847820e-01
6.766723394229180455e-01
6.788868943625290253e-01
6.807993738288768970e-01
6.824771631552437601e-01
6.839900624873460622e-01
6.854198448618802342e-01
6.868805479634428890e-01
6.885710738209983584e-01
6.909488503815935934e-01
6.955656456692750345e-01
7.141660399622409283e-01
6.521705053715640688e-01
6.754519132160134998e-01
6.804880360233771519e-01
6.831446468861045451e-01
6.853348554452705077e-01
6.879866591282890464e-01
6.928143709407302842e-01
7.100952634113738560e-01
6.152401050555871276e-01
6.655220286797673968e-01
6.723409906714552520e-01
6.749828236903978596e-01
6.763234313396320196e-01
6.770692588655293775e-01
6.774753903840823321e-01
6.776532270519025625e-01
6.776560690997690539e-01
6.775096151670535471e-01
6.772247669722536445e-01
6.768036784667583738e-01
6.762428798972345279e-01
6.755350046291611621e-01
6.746697910313135260e-01
6.736346779480564262e-01
6.724151525448098798e-01
6.709949313309644392e-01
6.693560140041416862e-01
6.674786259398477473e-01
6.653410495520699630e-01
6.629193327023217286e-01
6.601868510964661318e-01
6.571136891859106210e-01
6.536657885702052972e-01
6.498037919468201418e-01
6.454814809513467200e-01
6.406436626758257313e-01
6.352232940336972611e-01
6.291375318250322923e-01
6.222822360802923169e-01
6.145241941951500309e-01
6.056898997177034838e-01
5.955489746705500131e-01
5.837890016285791628e-01
5.699760959188947540e-01
5.534908755228766797e-01
5.334201057991204697e-01
5.083644978319449281e-01
4.760790343252100931e-01
4.327583310002338646e-01
3.715210657428325014e-01
2.789508829510083943e-01
1.330292166015925037e-01
5.519619052122894109e-02
2.886580631084403326e-01
7.857278150672748485e-01
8.791181433786473542e-01
8.380957821412815534e-01
7.745037487385862951e-01
6.934200758606613446e-01
6.042120594262554434e-01
7.516807218936413237e-01
7.467070335277549153e-01
7.091880547135951396e-01
6.730875544387837639e-01
6.385217140525005775e-01
6.039614566565828513e-01
5.678845116890790523e-01
5.283696033755038712e-01
4.818547092358130279e-01
4.187042910049406652e-01
2.992888094512530794e-01
2.987536016004472827e-01
5.359437702871121534e-01
4.475664303741307415e-01
3.992023281186065642e-01
3.665542772287326279e-01
3.239617774190118316e-01
2.859705366480649880e-01
