7.052093061049710121e-01
7.467052052891055558e-01
7.893266665673737137e-01
8.315804766895015243e-01
8.722512049330626294e-01
9.103770828644731639e-01
9.452243024655441195e-01
9.762602855484363573e-01
1.003126317125153877e+00
1.025609740516838508e+00
1.043615663768588275e+00
1.057137790751496276e+00
1.066227504490897759e+00
1.070959585649461587e+00
1.071391751680462079e+00
1.067513204361330903e+00
1.059173951188039586e+00
1.045980713089194492e+00
1.027134878379733829e+00
1.001170500573397071e+00
9.655238894720248322e-01
9.158402271683427909e-01
8.449635814151881252e-01
7.419599640746923352e-01
5.932755358130503698e-01
3.930399989577311182e-01
1.726172232451806399e-01
2.224228152966670896e-02
1.502109107404709515e-02
1.148402887332755362e-01
2.428867299168639415e-01
3.560185341776774814e-01
4.443414194957616137e-01
5.106907864428269495e-01
5.603334347830261075e-01
5.978688577161900275e-01
6.267253449319852843e-01
6.493335369823668435e-01
6.673928643556443774e-01
6.820912757892421130e-01
6.942631098109114385e-01
7.044977216414779475e-01
7.132134827787768305e-01
7.207083998262305835e-01
7.271951026450204081e-01
7.328253441272217783e-01
7.377073886029724692e-01
7.419185117055685508e-01
7.455140875046433191e-01
7.485342546085927973e-01
7.510088369716506618e-01
7.529609868148722240e-01
7.544098780810536420e-01
7.553726849304325253e-01
7.558660154777281370e-01
7.559069263346077650e-01
7.555136120986756243e-01
7.547058414890969180e-01
7.535051955611138386e-01
7.519351514564382999e-01
7.500210461907504955e-01
7.477899481716724361e-01
7.452704588797600671e-01
7.424924630126596981e-01
7.394868420924168850e-01
7.362851638601246584e-01
7.329193575776538072e-01
7.294213835157620229e-01
7.258229033477959780e-01
7.221549568282745746e-01
7.184476489664646248e-01
7.147298508674951867e-01
7.110289164747830570e-01
7.073704165770897667e-01
7.037778906229840148e-01
7.002726161117832637e-01
6.968733946610575769e-01
6.935963535188089946e-01
6.904547620523538987e-01
6.874588670610742858e-01
6.846157669056920358e-01
6.819294033187256465e-01
6.794009863332811650e-01
6.770313373343882501e-01
6.748352070383494272e-01
6.730453145710498797e-01
6.699610423240399681e-01
6.682132295512892561e-01
6.661600490450818590e-01
6.638167555748356596e-01
6.607522676864424627e-01
6.553786211033409970e-01
6.349376089807401424e-01
6.762805274667271771e-01
6.721433260198755866e-01
6.671848726753865089e-01
6.641697160821258272e-01
6.617616771505090423e-01
6.595267922340269928e-01
6.572642319160421076e-01
6.548519061615040160e-01
6.521984350925380536e-01
6.492244693481199480e-01
6.458537797160355254e-01
6.420078312426245049e-01
6.376013537095005512e-01
6.325377094293946900e-01
6.267036867447108861e-01
6.199657193761787255e-01
6.121813047825593879e-01
6.033044966073928261e-01
5.939251818731605681e-01
3.572193970230850280e-01
4.580296334156781501e-01
1.758267857567591963e-01
7.210829954267266029e-01
6.275481846073448500e-01
5.912796483591769015e-01
5.661808402464683088e-01
5.443171915569396946e-01
5.231806951649304871e-01
5.016900693741930262e-01
4.792708013369194053e-01
4.555676375889413099e-01
4.303385558589124527e-01
4.034143629430397282e-01
3.746875468723676050e-01
3.441175254526812055e-01
3.117474129494856583e-01
2.777300633490616955e-01
2.423613083365388776e-01
2.061167486462944509e-01
1.696853484411244561e-01
1.339886991478626277e-01
1.001700727844571093e-01
6.953417091903801861e-02
4.341948754888827477e-02
2.299388627196889343e-02
9.002919619176031479e-03
2.077791064066759983e-03
6.376393459665953556e-02
1.106098462857592057e-01
5.131231662383957115e-01
3.763677567019805825e-01
2.753217601099289258e-01
2.709335871114871286e-01
2.913821992593008114e-01
3.207534168926594043e-01
3.535341497835774449e-01
3.872075645893775508e-01
4.204475018735537861e-01
4.525139125507600668e-01
4.829943534229937940e-01
5.116713048805814346e-01
5.384454783864485172e-01
5.632886455349529475e-01
5.862141592945158131e-01
6.072592262681678621e-01
6.264760471691691590e-01
6.439043379711875126e-01
6.572411155218632617e-01
6.731598515770680358e-01
6.856400280979527695e-01
6.964855218017171889e-01
7.058384080123732973e-01
7.138121591796611209e-01
7.205417741418042032e-01
7.262055087286560795e-01
7.310523730118937413e-01
7.354453025243713471e-01
7.399070253229899086e-01
7.448563486386949872e-01
7.448308198581126138e-01
5.499064924726003722e-01
4.158619166020662838e-01
5.515203145551469399e-01
5.189807096535283826e-01
1.970626537112826482e-01
8.192241789134590002e-01
7.879326108726808497e-01
7.790109259408926068e-01
7.810673451241653131e-01
7.897455093809508941e-01
8.036439718427050849e-01
8.222764699716594849e-01
8.453954195712516384e-01
8.726667242711712014e-01
9.034149522307727276e-01
9.363463915587567632e-01
9.692476100863478550e-01
9.987914319340853719e-01
1.020794891683604710e+00
1.031263415723030707e+00
1.027393357498333604e+00
1.005477739362792500e+00
9.541439675508246454e-01
8.501363926343666888e-01
6.709438095136822655e-01
4.300828661997322389e-01
1.999766571931444192e-01
