7.063329452175428624e-01
7.054897696318334077e-01
7.029940813718221770e-01
6.995823596490197138e-01
6.957631175026458559e-01
6.918910451750549528e-01
6.882123404981342896e-01
6.848941352374799951e-01
6.820446472154337858e-01
6.797276354120271868e-01
6.779731743607563255e-01
6.767859309856739669e-01
6.761516655622172856e-01
6.760424145055183853e-01
6.764206572518386418e-01
6.772426754571813090e-01
6.784612542926556911e-01
6.800278382511549813e-01
6.818942292249350334e-01
6.840138977441774237e-01
6.863429662445202917e-01
6.888409142666027662e-01
6.914710484924365685e-01
6.942007748106656662e-01
6.970017047420772327e-01
6.998496242533260858e-01
7.027243489782778463e-01
7.056094857278082388e-01
7.084921145059724923e-01
7.113623905366808220e-01
7.142129735335448482e-01
7.170360353485126792e-01
7.198412930742050797e-01
7.226121045678275401e-01
7.253516221038771583e-01
7.280591711154462686e-01
7.307323428601723014e-01
7.333668329354251503e-01
7.359549770710974714e-01
7.384834825280125470e-01
7.409294384078565221e-01
7.432523135454540686e-01
7.453753787748789161e-01
7.471339712103814978e-01
7.480885952083491386e-01
7.464605023643695603e-01
7.150492061127659005e-01
7.766604001076066188e-01
7.693405676543813021e-01
7.686864320092843261e-01
7.691090184192569401e-01
7.696837911939747867e-01
7.700677381443148395e-01
7.700520512768026515e-01
7.694577487368136071e-01
7.680977095247991659e-01
7.657552734878524392e-01
7.621658081461721856e-01
7.569956431689407461e-01
7.498145037040987448e-01
7.400573295537257179e-01
7.269701944759848766e-01
7.095333960065879353e-01
6.863536124134193006e-01
6.555194333348770552e-01
6.144302517284709886e-01
5.596651686547550186e-01
4.871275518560719830e-01
3.931377099779339024e-01
2.772451393562620492e-01
1.518948689863193480e-01
4.672474865878302464e-02
5.272968173571765740e-03
5.020442267850272478e-02
1.593714002050334311e-01
2.889683527705074750e-01
4.075895362350682172e-01
5.036822009914724285e-01
5.772757136550491497e-01
6.323388590472828197e-01
6.732044107675057010e-01
7.034580703599454532e-01
7.258046055022091547e-01
7.422178513325714544e-01
7.541276946921859903e-01
7.625755272206454771e-01
7.683290876763657629e-01
7.719636122390822752e-01
7.739183106164948533e-01
7.745356256838157316e-01
7.740887138969706482e-01
7.728009392471864025e-01
7.708600413172789212e-01
7.684289006414001255e-01
7.648927833871207449e-01
7.626103943011371955e-01
7.595327204958407519e-01
7.564789983049761135e-01
7.535835183351015099e-01
7.509822080436229230e-01
7.488237789494428531e-01
7.472776057573313757e-01
7.465433532216249057e-01
7.468639078481701388e-01
7.485434084215629724e-01
7.519729690199411509e-01
7.576678966228601597e-01
7.663216314124423612e-01
7.788819647878691965e-01
7.966480480683078014e-01
8.213448878764747496e-01
8.549346209055580514e-01
8.980217012448538094e-01
9.417248833632951843e-01
9.358977852336416436e-01
7.538193441479835721e-01
3.374435896529983658e-01
1.729878372581376000e-01
2.074483918913578098e-02
2.990115831905092170e-02
8.675820702491647551e-02
1.189609280031726640e-01
1.447750246099114568e-01
1.631412388553693804e-01
1.743096998804809505e-01
1.810719249266619923e-01
1.835234015620502424e-01
1.825726404934201463e-01
1.787824636640482912e-01
1.725552604248414834e-01
1.641885997987637680e-01
1.539117263760948762e-01
1.418970852616247003e-01
1.284372390630404703e-01
1.135653979354472598e-01
9.759940647297569993e-02
8.083767919994955253e-02
6.369598361602057945e-02
4.674689626555075112e-02
3.077191625632280658e-02
1.681709246740479766e-02
6.241889533118882838e-03
7.423134989347158954e-04
2.318169184210613475e-03
1.314535360868160883e-02
3.531716181082904943e-02
7.044773512252212877e-02
1.191946828800956315e-01
1.808410426469999055e-01
2.531267830515859796e-01
3.324718884375383876e-01
4.145750106331326235e-01
4.951899939195526512e-01
5.708053595567904592e-01
6.390291918780741653e-01
6.986419382195175887e-01
7.494092002134977726e-01
7.917893093296469731e-01
8.266436055171102470e-01
8.550063007823600625e-01
8.779282992372441363e-01
8.963856692841344342e-01
9.112353310569825116e-01
9.232010891732651547e-01
9.328770175001220855e-01
9.407394318606520089e-01
9.471620590656968375e-01
9.524304495026428841e-01
9.566969400731976103e-01
9.600655716087126423e-01
9.630700364578369532e-01
9.653126296674305884e-01
9.669430123285528422e-01
9.679720747142969151e-01
9.683828145595225756e-01
9.681426516519776593e-01
9.672113881206260144e-01
9.655498441594008163e-01
9.631306073881130692e-01
9.599510792709643470e-01
9.560664291929154013e-01
9.506014427776844355e-01
9.410864280158383055e-01
8.345259685754253809e-01
5.051500205116068454e-01
7.972596627602295261e-01
8.289144281030601524e-01
8.263895992261285350e-01
8.132807996898684388e-01
7.945682712942524484e-01
7.708724936333489763e-01
7.415023190555185550e-01
7.018638899605181836e-01
6.246570469493674116e-01
4.948283517973888768e-01
6.729401863518630345e-01
6.325420321562372772e-01
5.893198767735924326e-01
5.446728290609587075e-01
4.974848477042350670e-01
