9.025822690993631214e-01
8.898656037520193962e-01
8.773162956503475218e-01
8.652123468267177708e-01
8.537510412082570666e-01
8.430709999892989082e-01
8.332652416943824303e-01
8.243900795634994116e-01
8.164718607095441394e-01
8.095124445005941194e-01
8.034938471978453345e-01
7.983822676237868343e-01
7.941316089074325069e-01
7.906865634339184101e-01
7.879853050311024232e-01
7.859618214918717705e-01
7.845479155773368296e-01
7.836749005660571532e-01
7.832750156251264695e-01
7.832825859795662371e-01
7.836349526855836967e-01
7.842731966441404134e-01
7.851426814020648903e-01
7.861934395653782381e-01
7.873804289901790154e-01
7.886636889737369538e-01
7.900084377138392178e-01
7.913851826142453971e-01
7.927700048522920984e-01
7.941454853956472215e-01
7.955040299103585122e-01
7.968630628117565617e-01
7.983948508227020069e-01
7.965077452469757624e-01
7.996244010415662906e-01
8.008110391871737788e-01
8.018152061242375117e-01
8.027211697465792550e-01
8.035516264220358140e-01
8.043180178484294895e-01
8.050284995695464740e-01
8.056897076241406053e-01
8.063069947917154146e-01
8.068841097372879689e-01
8.074225448360926594e-01
8.079205369704662854e-01
8.083715218026688021e-01
8.087614681473195288e-01
8.090632356007052550e-01
8.092197270858910718e-01
8.090556847581977795e-01
8.068083855077785582e-01
8.015663754671686902e-01
8.075012273425046239e-01
8.060522300126490292e-01
8.030263703073939885e-01
7.976044250786094025e-01
7.875810720032099255e-01
7.646545363723491473e-01
7.054966369963754369e-01
3.326084840888991478e-01
1.065216756436843548e+00
9.561628771791147452e-01
9.242423340140798471e-01
9.110070524005732251e-01
9.049517812925925719e-01
9.024383941948455057e-01
9.019607876558254356e-01
9.027831877806723471e-01
9.045043029513437638e-01
9.068896197435577511e-01
9.098005543849869703e-01
9.131690648736436877e-01
9.170136501399543949e-01
9.215762148819595101e-01
9.284542327656886140e-01
8.785881524595072767e-01
9.259772376620152290e-01
9.324528524346752389e-01
9.377099106984824184e-01
9.430740202039362696e-01
9.504201828024366749e-01
9.284046638206699953e-01
9.487778458468689724e-01
9.544905518518169707e-01
9.589468242463233816e-01
9.629377013352928838e-01
9.666366767521098469e-01
9.700957533145788680e-01
9.733298513145853814e-01
9.763397178073905947e-01
9.791199632101990069e-01
9.816623565036678434e-01
9.839572651834866956e-01
9.859941919126332666e-01
9.877616984614637774e-01
9.892466765197500678e-01
9.904325921945836830e-01
9.912956815977400638e-01
9.917962631364608539e-01
9.918557388191575619e-01
9.912759293040162012e-01
9.892350045164148842e-01
9.457608208604013633e-01
9.913745330832084424e-01
9.854447687629989128e-01
9.746053920388081382e-01
9.557034532833986740e-01
9.155141708094840514e-01
7.608609171032323371e-01
1.970314361733263575e-01
2.206942566090846491e-01
6.220097421168466756e-01
7.657012758452506063e-01
8.203059136831845066e-01
8.507813022855263974e-01
8.625961682962682842e-01
8.673291680945161009e-01
8.674294871333466661e-01
8.640159427725598862e-01
8.573669066165466868e-01
8.470178791213325287e-01
8.313910309279580746e-01
8.060994245651275092e-01
7.612126038598712174e-01
6.499218705507757710e-01
2.063320507293769368e-01
7.962627027819497716e-01
9.515221171872415562e-01
9.362747218232919666e-01
9.178814385705713619e-01
9.012079995080024553e-01
8.686032840117408060e-01
8.923083088865477741e-01
8.790720316967799430e-01
8.695383602524819899e-01
8.612432751737161274e-01
8.536259910759570468e-01
8.464497921110217815e-01
8.395767974956892532e-01
8.329049428027132107e-01
8.263368531736304812e-01
8.197476150851629173e-01
8.129163728251558307e-01
8.052862676374517026e-01
7.944843853458174454e-01
7.406046845527340938e-01
8.012620934563257080e-01
7.887473815548144973e-01
7.743625120923393057e-01
7.130829089235836138e-01
8.097355255012910202e-01
7.897985069476933795e-01
7.584386975377358509e-01
7.788830316524482100e-01
7.720675137224722873e-01
7.663203678071809355e-01
7.611769221745510183e-01
7.563702258586890714e-01
7.517703161343740614e-01
7.473007730590336406e-01
7.429078061662713894e-01
7.385455975858755684e-01
7.341656475235782686e-01
7.297023473441140995e-01
7.250393763819704684e-01
7.198937551772128796e-01
7.131751584281827983e-01
6.919875842207683370e-01
7.156435010365661542e-01
7.092417036804855579e-01
7.033023876469211011e-01
6.977351601722280305e-01
6.921211853656163981e-01
6.862522715862371392e-01
6.799681338036703826e-01
6.731040093527196344e-01
6.654646267992101460e-01
6.568036003247329502e-01
6.468023555877285835e-01
6.350494956970939020e-01
6.210350643976499940e-01
6.042300384767682608e-01
5.845266620842930472e-01
5.607059832173052483e-01
5.492090860605126634e-01
6.299830167822856319e-01
1.718578116157793573e-02
8.285317427680911895e-03
1.285867524105145654e-01
4.854554848528129241e-01
7.730680912795672155e-01
8.980151442873903767e-01
9.416764334397261793e-01
9.551771066855904158e-01
9.583749731585240461e-01
9.585052049537858831e-01
9.582097749103813955e-01
9.584187594552591172e-01
9.593963581563075271e-01
