9.947951103696692776e-01
9.953563817125272717e-01
9.958260593172112429e-01
9.962089484397687045e-01
9.965111551459601147e-01
9.967396933922320068e-01
9.969021473476065154e-01
9.970063856933100155e-01
9.970603241049696974e-01
9.970717317951806047e-01
9.970480778331822780e-01
9.969964129304250688e-01
9.969232824573048823e-01
9.968346666124424660e-01
9.967359438804154204e-01
9.966318741707923534e-01
9.965265983135910277e-01
9.964236508840261797e-01
9.963259836330761177e-01
9.962359970989523861e-01
9.961555782677260495e-01
9.960861424289026989e-01
9.960286776339933867e-01
9.959837904099904105e-01
9.959517516032952988e-01
9.959325414325124193e-01
9.959258930116379194e-01
9.959313337670150368e-01
9.959482243150818981e-01
9.959757944918210537e-01
9.960131763323762932e-01
9.960594338900945477e-01
9.961135898617151652e-01
9.961746490470558824e-01
9.962416187243778865e-01
9.963135260619800926e-01
9.963894327189438682e-01
9.964684468097823045e-01
9.965497324249246169e-01
9.966325169080303414e-01
9.967160960966361394e-01
9.967998377327037529e-01
9.968831832472051513e-01
9.969656481170295903e-01
9.970468209841996110e-01
9.971263617186895134e-01
9.972039985943710327e-01
9.972795247364512061e-01
9.973527939863857661e-01
9.974237163181745025e-01
9.974922529266980753e-01
9.975584110978479302e-01
9.976222389567271920e-01
9.976838201801219164e-01
9.977432687477197915e-01
9.978007237967683185e-01
9.978563446348890364e-01
9.979103059570738621e-01
9.979627933047364730e-01
9.980139987969073312e-01
9.980641171570949766e-01
9.981133420532329881e-01
9.981618627622222961e-01
9.982098611663826615e-01
9.982575090840229981e-01
9.983049659335319070e-01
9.983523767261912596e-01
9.983998703809644493e-01
9.984475583516494446e-01
9.984955335552508915e-01
9.985438695885415772e-01
9.985926202185706479e-01
9.986418191324089033e-01
9.986914799299402290e-01
9.987415963435718469e-01
9.987921426684116533e-01
9.988430743858641714e-01
9.988943289647083112e-01
9.989458268223923021e-01
9.989974724306714959e-01
9.990491555498005605e-01
9.991007525755626340e-01
9.991521279839432612e-01
9.992031358590190981e-01
9.992536214899812030e-01
9.993034230234342230e-01
9.993523731579629921e-01
9.994003008684079203e-01
9.994470331474206715e-01
9.994923967530142672e-01
9.995362199502184630e-01
9.995783342367228208e-01
9.996185760412794608e-01
9.996567883850339120e-01
9.996928224960767162e-01
9.997265393671658229e-01
9.997578112473787249e-01
9.997865230588172114e-01
9.998125737288421355e-01
9.998358774290333484e-01
9.998563647123057674e-01
9.998739835388389396e-01
9.998887001827717613e-01
9.999005000101046647e-01
9.999093881198976019e-01
9.999153898390019668e-01
9.999185510625556716e-01
9.999189384305245953e-01
9.999166393316442081e-01
9.999117617260124824e-01
9.999044337769948942e-01
9.998948032833406829e-01
9.998830369029571008e-01
9.998693191584131501e-01
9.998538512157773006e-01
9.998368494273821572e-01
9.998185436293333117e-01
9.997991751847741249e-01
9.997789947640733921e-01
9.997582598521167485e-01
9.997372319740940316e-01
9.997161736298040280e-01
9.996953449266128278e-01
9.996749999004514997e-01
9.996553825127436621e-01
9.996367223101111366e-01
9.996192297305742658e-01
9.996030910366116018e-01
9.995884628501857661e-01
9.995754662574826144e-01
9.995641804401794728e-01
9.995546357753620770e-01
9.995468063252845869e-01
9.995406016070822464e-01
9.995358574915171879e-01
9.995323260178033964e-01
9.995296638238195808e-01
9.995274187646631114e-01
9.995250141037075320e-01
9.995217293827667326e-01
9.995166766553797988e-01
9.995087701182543416e-01
9.994966861574009487e-01
9.994788091883610726e-01
9.994531559738004667e-01
9.994172665277193390e-01
9.993680416928831800e-01
9.993014928645477246e-01
9.992123415122576846e-01
9.990933504001292542e-01
9.989341496873053172e-01
9.987190491325579345e-01
9.984226461517692330e-01
9.980001268707812123e-01
9.973629285005204403e-01
9.963054938541124894e-01
9.942121694670720267e-01
9.880421399105946412e-01
8.717641039372393541e-01
1.010078361666410185e+00
1.005378096761873730e+00
1.003433114433473383e+00
1.002321789396520391e+00
1.001546852081744765e+00
1.000931415286014925e+00
1.000397323850281239e+00
9.999049282737164646e-01
9.994322394176333724e-01
9.989664256828706401e-01
9.984999151891288394e-01
9.980284494156621555e-01
9.975500479463141890e-01
9.970644319330242977e-01
9.965726924627458239e-01
9.960770954542508271e-01
9.955809646694133708e-01
9.950886094873137022e-01
9.946052772678615206e-01
9.941371173285734608e-01
9.936911476043989166e-01
9.932752173805715623e-01
9.928979608290854353e-01
9.925687368485078821e-01
9.922975511305032192e-01
9.920949565840675444e-01
9.919719283095700391e-01
9.919397092599722132e-01
9.920096225500957265e-01
9.921928460376561176e-01
9.925001442014612651e-01
9.929415513048875930e-01
9.935259980215876974e-01
9.942608705269008196e-01
9.951514854508997088e-01
9.962004540854335621e-01
9.974068911603551912e-01
9.987653902668470751e-01
1.000264625538921370e+00
1.001885318532423685e+00
1.003597068196411257e+00
