9.889435834539223036e-01
9.889586279722354378e-01
9.889952554127866557e-01
9.890516362638271941e-01
9.891258574250459956e-01
9.892159820592354436e-01
9.893200982913736841e-01
9.894363578661622416e-01
9.895630058781353933e-01
9.896984026646815646e-01
9.898410389080493088e-01
9.899895449331089781e-01
9.901426951187619618e-01
9.902994082651167540e-01
9.904587446796674355e-01
9.906199006669064167e-01
9.907822010270206370e-01
9.909450900939238416e-01
9.911081217720936198e-01
9.912709489631320592e-01
9.914333127125601886e-01
9.915950313497984281e-01
9.917559898434736843e-01
9.919161295485646734e-01
9.920754384816519167e-01
9.922339422247866692e-01
9.923916955284911579e-01
9.925487746576696635e-01
9.927052705029592028e-01
9.928612824609539533e-01
9.930169130722624748e-01
9.931722633939440437e-01
9.933274290744440460e-01
9.934824970905443697e-01
9.936375431024715432e-01
9.937926293785507292e-01
9.939478032402033758e-01
9.941030959760481789e-01
9.942585221754205449e-01
9.944140794317665177e-01
9.945697483688953344e-01
9.947254929445894511e-01
9.948812609893479264e-01
9.950369849404736566e-01
9.951925827346143061e-01
9.953479588256335386e-01
9.955030052969923160e-01
9.956576030413458733e-01
9.958116229829608868e-01
9.959649273216047982e-01
9.961173707787113196e-01
9.962688018303101911e-01
9.964190639122491033e-01
9.965679965867088042e-01
9.967154366603024895e-01
9.968612192463502941e-01
9.970051787653829711e-01
9.971471498794937105e-01
9.972869683578221567e-01
9.974244718711370306e-01
9.975595007150140914e-01
9.976918984619166375e-01
9.978215125429971133e-01
9.979481947616025694e-01
9.980718017404676123e-01
9.981921953057486530e-01
9.983092428105779792e-01
9.984228174019659230e-01
9.985327982343651376e-01
9.986390706340614321e-01
9.987415262180555642e-01
9.988400629714264678e-01
9.989345852874932374e-01
9.990250039745114385e-01
9.991112362329127583e-01
9.991932056071571866e-01
9.992708419157169120e-01
9.993440811635412313e-01
9.994128654400000755e-01
9.994771428061614005e-01
9.995368671750558542e-01
9.995919981880456717e-01
9.996425010905194419e-01
9.996883466102629567e-01
9.997295108417014742e-01
9.997659751388134897e-01
9.997977260198771532e-01
9.998247550871028899e-01
9.998470589638704942e-01
9.998646392529669802e-01
9.998775025182529141e-01
9.998856602936003757e-01
9.998891291215448174e-01
9.998879306252946852e-01
9.998820916177503237e-01
9.998716442507120661e-01
9.998566262083162792e-01
9.998370809492104216e-01
9.998130580014493729e-01
9.997846133151956360e-01
9.997518096787444408e-01
9.997147172032611051e-01
9.996734138833514027e-01
9.996279862398328442e-01
9.995785300534746343e-01
9.995251511975888903e-01
9.994679665804238056e-01
9.994071052074388062e-01
9.993427093761761970e-01
9.992749360176577111e-01
9.992039581993749087e-01
9.991299668070265927e-01
9.990531724245701461e-01
9.989738074328712303e-01
9.988921283508012117e-01
9.988084184435762625e-01
9.987229906250254530e-01
9.986361906818054246e-01
9.985484008474995177e-01
9.984600437518028615e-01
9.983715867658059517e-01
9.982835467529046491e-01
9.981964952162070137e-01
9.981110638009949021e-01
9.980279500565532036e-01
9.979479232750223527e-01
9.978718300829051424e-01
9.978005992339696872e-01
9.977352446857222779e-01
9.976768654479775122e-01
9.976266397224524685e-01
9.975858092536352695e-01
9.975556471382360790e-01
9.975373978012259668e-01
9.975321699986002821e-01
9.975407498380473026e-01
9.975632756984302851e-01
9.975986701649367516e-01
9.976436341386181184e-01
9.976908286847031571e-01
9.977254958793037032e-01
9.977189498335889972e-01
9.976154639212245767e-01
9.973043365306918373e-01
9.965560838850139325e-01
9.948633148671317539e-01
9.909969696034124365e-01
9.815788299991244914e-01
9.556192976000940087e-01
8.710344624308387074e-01
6.402935022811923060e-01
6.608419345941911605e-01
8.195984760328085539e-01
8.879999387315057335e-01
9.149945166103613525e-01
9.185357533110493078e-01
8.852124106244005919e-01
7.140940431063698135e-01
5.197197010019184438e-01
7.663444726282293562e-01
8.671817664233638645e-01
9.057991270427436792e-01
9.244973491852865877e-01
9.351314041489205975e-01
9.418448928825032818e-01
9.463888061084330117e-01
9.496140242548669619e-01
9.519794350628534296e-01
9.537531157052315800e-01
9.551018683418293076e-01
9.561349299160555315e-01
9.569269769606926213e-01
9.575310238573552235e-01
9.579860733002701911e-01
9.583219135772649278e-01
9.585623300200011299e-01
9.587274657119650989e-01
9.588358324385841680e-01
9.589064317865506615e-01
9.589616145318236029e-01
9.590318683216519924e-01
9.591652905101291093e-01
9.594490187039999007e-01
9.600628427773694185e-01
9.613824471750266332e-01
9.597941480920191282e-01
9.004246779180481441e-01
9.418120532502592956e-01
9.466809762275327778e-01
9.480359924879639966e-01
9.483341416319897021e-01
9.481253755225554913e-01
9.475289234101040847e-01
9.461890526473255569e-01
9.257975359894257128e-01
9.477578573564098274e-01
9.464840127568437955e-01
9.454710046444971816e-01
9.445102219987775438e-01
9.435512274036371716e-01
