6.947516776287631091e-01
7.026575989846152170e-01
7.095647733557993719e-01
7.156342235499882909e-01
7.210253688351875301e-01
7.258917069974836211e-01
7.303773892576294058e-01
7.346145785621825963e-01
7.387214886747639486e-01
7.428010090125417575e-01
7.469398279550051312e-01
7.512079751177306308e-01
7.556587106375914908e-01
7.603286967462455914e-01
7.652383939219299380e-01
7.703926312387300301e-01
7.757813098369459315e-01
7.813802145337837013e-01
7.871519460497626852e-01
7.930470940050079465e-01
7.990061398385440716e-01
8.049641450632268880e-01
8.108695606375417864e-01
8.168328234275775701e-01
8.187026699094395177e-01
8.256440592967976277e-01
8.300284956354332389e-01
8.334779152140476821e-01
8.358795734071131633e-01
8.369984839870617810e-01
8.365207015548080660e-01
8.340371780528971213e-01
8.290077547862383378e-01
8.207054676376578373e-01
8.081348744523410010e-01
7.899158499971106195e-01
7.641264304423061038e-01
7.281135842097693489e-01
6.783330447688762366e-01
6.104189191809747950e-01
5.198908148619070246e-01
4.059320736464211987e-01
2.732845486576647720e-01
1.419301628895265344e-01
4.437126686497246120e-02
2.757816656335201639e-03
1.943767069316724994e-02
7.455728133441165417e-02
1.447930968119126027e-01
2.143211351690492705e-01
2.756943627040978062e-01
3.267715174127378552e-01
3.679305174176473181e-01
4.004612373712881923e-01
4.258186727316297659e-01
4.453325139162027102e-01
4.601239468745588201e-01
4.711056608269021950e-01
4.790097599908101356e-01
4.844209617145433522e-01
4.878068024060513430e-01
4.895415423091624141e-01
4.899493424061516778e-01
4.892398369296889205e-01
4.876474617455518468e-01
4.853414329706618457e-01
4.824747605721653732e-01
4.791913637425171957e-01
4.756439842461995804e-01
4.720317656746447210e-01
4.687043299513229400e-01
4.665501991814390848e-01
4.497300621138515808e-01
4.603923729728784942e-01
3.778513589651063542e-01
4.191278057066892826e-01
4.194179153417449402e-01
4.157457244164452503e-01
4.107343687888531658e-01
4.050263201667473889e-01
3.988460279174848577e-01
3.922798112515730184e-01
3.853538054553700687e-01
3.780613395620224249e-01
3.703738341139442003e-01
3.622377511811601392e-01
3.536089383288462118e-01
3.443894183354581640e-01
3.344845401037765398e-01
3.237720494143926375e-01
3.121021287460323257e-01
2.992894056725834417e-01
2.850956412417874897e-01
2.691670361215292573e-01
2.504477790770299195e-01
2.358359524018896203e-01
2.115386844871873506e-01
1.859647078137619258e-01
1.573613516478022112e-01
1.254657959461782935e-01
9.070470795574817058e-02
5.483100993465844786e-02
2.223284304815665094e-02
2.243040831314815995e-03
1.311297204075242626e-02
7.789714599667592332e-02
2.139278913484860267e-01
4.072519682217592973e-01
6.097313709296380280e-01
7.738579597977894853e-01
8.822546305179924664e-01
9.428895927994154214e-01
9.714971524171273076e-01
9.814408693735432454e-01
9.815474231360084012e-01
9.770250688299945141e-01
9.707701688542393903e-01
9.643061920111126728e-01
9.584542472774489896e-01
9.536067553796497842e-01
9.498299075960553450e-01
9.471544269072883493e-01
9.455214074229896237e-01
9.448347569734840690e-01
9.449793110758700765e-01
9.458296216626742581e-01
9.472535571051697856e-01
9.491124705316826837e-01
9.512584304521283229e-01
9.535278442896637507e-01
9.557290402481718461e-01
9.576175737462265802e-01
9.588429905118774910e-01
9.588194620508048160e-01
9.563534185278197430e-01
9.482538808009171039e-01
9.209938500003732598e-01
6.102194915551359955e-01
1.088244980351387170e+00
1.036167842265804939e+00
1.021336362420644628e+00
1.013948083212420359e+00
1.008904580721206035e+00
1.004605525897510176e+00
1.000396801308246708e+00
9.959805584244937338e-01
9.912305172675641707e-01
9.861246678269891541e-01
9.807167387777308010e-01
9.751017632751555198e-01
9.696196705179259689e-01
9.644594620335734669e-01
9.600475176042402303e-01
9.568091033441983306e-01
9.548754336790801212e-01
9.527186772955532623e-01
9.413292277530316277e-01
8.794225126246143498e-01
6.263122037397920172e-01
1.620535056886289738e-01
5.462654448142686969e-03
3.557230069919964377e-02
1.084697146557318977e-02
7.083394602472640189e-01
5.128592208541635777e-01
3.715165463095290166e-01
2.845199559625943841e-01
1.548318577905398175e-01
2.460598287817765684e-01
1.462301378233142046e-01
7.604803925088798877e-02
2.430804363221339762e-02
4.586781401165146953e-03
3.650790852895387240e-02
1.332255048450153856e-01
2.867779622461033573e-01
4.663420833298793644e-01
6.353144052944517117e-01
7.694143434778419888e-01
8.581718196802560206e-01
8.182991898193255897e-01
9.813158701993659472e-01
9.843564887491204063e-01
9.976766434444381826e-01
9.935946349261849386e-01
9.834386337494350760e-01
9.694733816090945755e-01
9.529938366316520471e-01
9.348383863923296344e-01
9.155776338762193767e-01
8.956210818435408338e-01
8.752842156203317625e-01
8.548321654534244418e-01
8.345086706590346681e-01
8.145563410838204677e-01
7.952489218605673926e-01
7.766850627757572179e-01
7.594082752286629434e-01
7.435372603569430083e-01
7.292215730713260680e-01
