9.884877992053906492e-01
9.892143808273585748e-01
9.899200962644363333e-01
9.906040499957776690e-01
9.912655543675745751e-01
9.919040858679021300e-01
9.925192466321135498e-01
9.931107312046920654e-01
9.936782984654821682e-01
9.942217485396895871e-01
9.947409044455511884e-01
9.952355981856000344e-01
9.957056609586415474e-01
9.961509171519370431e-01
9.965711817671952799e-01
9.969662609389957630e-01
9.973359552130328654e-01
9.976800652679824744e-01
9.979983997851472610e-01
9.982907851903978225e-01
9.985570770182699007e-01
9.987971726707629561e-01
9.990110253672407348e-01
9.991986591035915133e-01
9.993601844591853967e-01
9.994958151062913743e-01
9.996058848902650285e-01
9.996908653560794278e-01
9.997513835992993814e-01
9.997882403124138673e-01
9.998024278814910959e-01
9.997951483579230469e-01
9.997678310842964544e-01
9.997221496824667542e-01
9.996600380142093289e-01
9.995837045843184443e-01
9.994956446635564484e-01
9.993986491404611705e-01
9.992958087444887560e-01
9.991905117753928645e-01
9.990864327756470153e-01
9.989875086151751571e-01
9.988978971147695063e-01
9.988219114588365866e-01
9.987639210147906121e-01
9.987282054576676060e-01
9.987187438072941958e-01
9.987389124057459711e-01
9.987910549151333139e-01
9.988758714714062181e-01
9.989915506968224390e-01
9.991325335122920315e-01
9.992877456048878670e-01
9.994380565662189797e-01
9.995526031158280533e-01
9.995834273933393854e-01
9.994575901425690745e-01
9.990654595822124895e-01
9.982431474441526564e-01
9.967458995662198395e-01
9.942073925362865383e-01
9.900769643156575039e-01
9.835223532624801646e-01
9.732792752370713618e-01
9.574222410208705902e-01
9.330297696277158881e-01
8.957445459833347501e-01
8.393525430471963089e-01
7.558814394339352649e-01
6.375499140295997069e-01
4.827749468584621728e-01
3.063452590917780105e-01
1.441812660036504434e-01
3.676759964073644110e-02
4.622689897979316044e-04
2.126322190169483567e-02
7.354425544897280620e-02
1.366313436284063987e-01
1.988174898896216125e-01
2.550112010448905564e-01
3.037365500796417872e-01
3.451659519938524157e-01
3.800918159177168465e-01
4.094529640673279514e-01
4.341401942591329166e-01
4.549304916347124972e-01
4.724763192896857533e-01
4.873161271503115843e-01
4.998912599040625238e-01
5.105635242770489857e-01
5.196192797345597914e-01
5.273244716438318935e-01
5.338638198508313115e-01
5.394094238455047208e-01
5.441022630604566146e-01
5.480609560355456100e-01
5.513859974895518601e-01
5.541630436274553873e-01
5.564655274233828441e-01
5.583567613141706687e-01
5.598916471554237217e-01
5.611180986811156179e-01
5.620783012807581969e-01
5.628100766294272805e-01
5.633494855934545464e-01
5.637447988337248583e-01
5.628266257403670147e-01
5.638963345963535767e-01
5.639172732591777315e-01
5.638300266489774115e-01
5.636676202664813173e-01
5.634476872678422232e-01
5.631839493142890563e-01
5.628880262509339261e-01
5.625699756942318386e-01
5.622385311626760807e-01
5.619012375221729139e-01
5.615645399999956711e-01
5.612338467770965345e-01
5.609135737353435625e-01
5.606071756788582050e-01
5.603171665218190656e-01
5.600451300450085546e-01
5.597917223339002879e-01
5.595566667090056123e-01
5.593387417497560632e-01
5.591357628451428807e-01
5.589445575418204859e-01
5.587609347584561181e-01
5.585796476109913256e-01
5.583943489524758608e-01
5.581975372451950523e-01
5.579804864235949902e-01
5.577331411344084167e-01
5.574439125711755372e-01
5.570990797293893237e-01
5.566796291432074550e-01
5.560944687862017233e-01
5.556650279016736027e-01
5.549342797566380048e-01
5.540801358641403995e-01
5.530684067803668391e-01
5.518728675227657643e-01
5.504667482109508736e-01
5.488215597346635111e-01
5.469067391714408366e-01
5.446894629852674363e-01
5.421345076645239791e-01
5.392041280094841404e-01
5.358579455681011794e-01
5.320528472288943433e-01
5.277428976972692309e-01
5.228792724070915332e-01
5.174102203160750868e-01
5.112810694225444763e-01
5.044342919788933344e-01
4.968096514628559390e-01
4.883444595807309163e-01
4.789739790684638954e-01
4.686320169303746508e-01
4.572517630247170950e-01
4.447669404205054078e-01
4.311133463002241317e-01
4.162308745485121531e-01
4.000661221254605548e-01
3.825756886024990755e-01
3.637302784266452371e-01
3.435197037272516574e-01
3.219588552784671820e-01
2.990946524091354086e-01
2.750138898234755769e-01
2.498517611287369156e-01
2.238006485618764529e-01
1.971185258248881467e-01
1.701360384285739158e-01
1.432610352611444204e-01
1.169790832560713839e-01
9.184838654526539248e-02
6.848764550282737673e-02
4.755577291115849203e-02
2.972270170659298619e-02
1.562613709825822275e-02
6.027523014440725434e-03
1.070986823098257637e-03
1.337550044023468098e-03
6.986205823439485540e-03
1.802737402153783974e-02
3.430270634091924647e-02
5.549520894592441245e-02
8.114308912010530228e-02
1.101941104950114880e-01
1.439904059714026408e-01
1.796589500263378603e-01
2.175093103884701007e-01
2.569372670192799912e-01
2.974190859338454729e-01
3.384969464020922136e-01
3.797796621814826801e-01
4.209409730631190616e-01
4.617148731694349917e-01
