9.217317549963327528e-01
9.296458132988657530e-01
9.377965339927978317e-01
9.459458374173412842e-01
9.538975852693472035e-01
9.614946187630880603e-01
9.686154563507571869e-01
9.751707891800858174e-01
9.810998900156630009e-01
9.863670308029418576e-01
9.909579854973099566e-01
9.948766782333791081e-01
9.981420223348719256e-01
1.000784982983635718e+00
1.002845885472524845e+00
1.004371981736062569e+00
1.005415280146349177e+00
1.006030637239741399e+00
1.006274104959519855e+00
1.006201523016982069e+00
1.005867342959086308e+00
1.005323668350562638e+00
1.004619494016955716e+00
1.003800126439583718e+00
1.002906767045226077e+00
1.001976240198617196e+00
1.001040848107253245e+00
1.000128335510721111e+00
9.992619478906031860e-01
9.984605679457287941e-01
9.977389161868003287e-01
9.971078026734960797e-01
9.965744181154537751e-01
9.961426537555411187e-01
9.958134406334400168e-01
9.955850999667932300e-01
9.954536974780827663e-01
9.954133955232591369e-01
9.954567978407916629e-01
9.955752826283450485e-01
9.957593204688413024e-01
9.959987743647585878e-01
9.962831798006187567e-01
9.966020033369589193e-01
9.969448787458284889e-01
9.973018201285900330e-01
9.976634118076467272e-01
9.980209750541131353e-01
9.983667118954200337e-01
9.986938263300929597e-01
9.989966232424135617e-01
9.992705851318202104e-01
9.995124264023264038e-01
9.997201243344483457e-01
9.998929248781179835e-01
1.000031319906628413e+00
1.000136990314196783e+00
1.000212705949649061e+00
1.000262168267901153e+00
1.000289773818443528e+00
1.000300264785126458e+00
1.000298214316210021e+00
1.000287265328240416e+00
1.000268995098779756e+00
1.000241202758027637e+00
1.000195292656741008e+00
1.000112217731988329e+00
9.999560882221790736e-01
9.996639207900407387e-01
9.991288687539172653e-01
9.981721795015969789e-01
9.964951525320091541e-01
9.935946327813722778e-01
9.886101256091033296e-01
9.800392589381473618e-01
9.651948898515070319e-01
9.391565194220244939e-01
8.927952656483117977e-01
8.095583212618866487e-01
6.632697587565448138e-01
4.320637860588106838e-01
1.618433244783827052e-01
7.084211928539584611e-03
4.227419890165961397e-02
1.708543611733664980e-01
3.019183507223758278e-01
4.070839807405768340e-01
4.861646735470782077e-01
5.450951833680357517e-01
5.894495349853875465e-01
6.233624973610847331e-01
6.497261338369111350e-01
6.705464916311068002e-01
6.872296668582146273e-01
7.007799554112760232e-01
7.119323432671375018e-01
7.212419161917000832e-01
7.291471959438940997e-01
7.360205682256060200e-01
7.422193130681201678e-01
7.481601491187711561e-01
7.544787924589443362e-01
7.625064212743651870e-01
7.763462938621700227e-01
8.213868931423493613e-01
5.393862521127822385e-01
7.017955250862958350e-01
7.220780649970921505e-01
7.298736878989774413e-01
7.337828807625563776e-01
7.358919893337491080e-01
7.369663042515740559e-01
7.373573364222332227e-01
7.372519060260368517e-01
7.367601585860009683e-01
7.359522970739894587e-01
7.348758651033974187e-01
7.335646572691150169e-01
7.320436566072061613e-01
7.303319342425002025e-01
7.284444340376052818e-01
7.263931124534988015e-01
7.241876868165290082e-01
7.218361348411310718e-01
7.193450292586873740e-01
7.167197584455279324e-01
7.139646647981290339e-01
7.110831210759914756e-01
7.080775577422322442e-01
7.049494496706083524e-01
7.016992674096145244e-01
6.983263958504085656e-01
6.948290211702736752e-01
6.912039848800808350e-01
6.874466011056384884e-01
6.835504287953079183e-01
6.795069819962844537e-01
6.753053427899895489e-01
6.709315966948377064e-01
6.663678890001657473e-01
6.615905214275794588e-01
6.565650764060336764e-01
6.512294223974843810e-01
6.454000485192457059e-01
6.275813082292875933e-01
6.354123677466697595e-01
6.282929643276734533e-01
6.211511904284373609e-01
6.136046707021026725e-01
6.055287778817005639e-01
5.968299888335238945e-01
5.874158095205775920e-01
5.771868006921175853e-01
5.660332057955805851e-01
5.538328778465535507e-01
5.404496684990600652e-01
5.257320668502482031e-01
5.095121065924912429e-01
4.916047076925035841e-01
4.718077778522434818e-01
4.499036198819569288e-01
4.256625217243046877e-01
3.988499073597023825e-01
3.692391821836673582e-01
3.366335246193622455e-01
3.009014867480533373e-01
2.620334991142625469e-01
2.202293155953012893e-01
1.760301610354385038e-01
1.305146125852851835e-01
8.558999464286748404e-02
4.446919794664440373e-02
1.278266131142336177e-02
3.859486527355233780e-03
1.068839692365264465e-01
6.449550534790346457e-02
9.810203809953826209e-03
6.868014224689823755e-02
1.568341219896240424e-01
2.625249734326371986e-01
3.760514033183529059e-01
4.885119227840805656e-01
5.930635314072962849e-01
6.854819420789719508e-01
7.638931422050202480e-01
8.280830307835236326e-01
8.787644659721017826e-01
9.169943331864711666e-01
9.437791795695421593e-01
9.598309619157986416e-01
9.654094570456055457e-01
9.601750021797662571e-01
9.429220342418808132e-01
9.108171885283072866e-01
8.565020771399690647e-01
7.464806949642865952e-01
2.840840369460515547e-01
9.104408636898785323e-01
7.806914089194834094e-01
6.711633969039828562e-01
