9.989112083563352895e-01
9.989096531601271423e-01
9.989083919581843718e-01
9.989074256661266693e-01
9.989067550390816619e-01
9.989063806712153992e-01
9.989063029952032213e-01
9.989065222818446221e-01
9.989070386396349255e-01
9.989078520144200057e-01
9.989089621891250603e-01
9.989103687834937073e-01
9.989120712538736013e-01
9.989140688932082179e-01
9.989163608308648801e-01
9.989189460327572156e-01
9.989218233015106918e-01
9.989249912764756045e-01
9.989284484342525472e-01
9.989321930888739320e-01
9.989362233923309020e-01
9.989405373351472051e-01
9.989451327469898168e-01
9.989500072973314104e-01
9.989551584963665132e-01
9.989605836958389551e-01
9.989662800901369932e-01
9.989722447172385555e-01
9.989784744599743416e-01
9.989849660472911452e-01
9.989917160556263109e-01
9.989987209101711674e-01
9.990059768866578205e-01
9.990134801127773523e-01
9.990212265700052496e-01
9.990292120952168897e-01
9.990374323827287961e-01
9.990458829861091905e-01
9.990545593202805330e-01
9.990634566635565594e-01
9.990725701598967001e-01
9.990818948210958839e-01
9.990914255291412083e-01
9.991011570386851837e-01
9.991110839793910792e-01
9.991212008585872439e-01
9.991315020638729116e-01
9.991419818658168195e-01
9.991526344206510535e-01
9.991634537732340116e-01
9.991744338597424724e-01
9.991855685108445018e-01
9.991968514545823687e-01
9.992082763195128114e-01
9.992198366377741392e-01
9.992315258483602802e-01
9.992433373003487551e-01
9.992552642561816079e-01
9.992672998950731245e-01
9.992794373163979005e-01
9.992916695431178775e-01
9.993039895253718052e-01
9.993163901439556795e-01
9.993288642140014666e-01
9.993414044885053915e-01
9.993540036621387790e-01
9.993666543748906950e-01
9.993793492158733471e-01
9.993920807270707529e-01
9.994048414072190800e-01
9.994176237156959797e-01
9.994304200762772483e-01
9.994432228811642727e-01
9.994560244949229899e-01
9.994688172584200725e-01
9.994815934928701351e-01
9.994943455036791047e-01
9.995070655846798324e-01
9.995197460220756058e-01
9.995323790984240730e-01
9.995449570967719355e-01
9.995574723047746524e-01
9.995699170186931326e-01
9.995822835474434953e-01
9.995945642167519685e-01
9.996067513732194154e-01
9.996188373883490019e-01
9.996308146626982083e-01
9.996426756298304461e-01
9.996544127605186958e-01
9.996660185665803278e-01
9.996774856051049429e-01
9.996888064823585829e-01
9.996999738577155847e-01
9.997109804477640749e-01
9.997218190301982998e-01
9.997324824476158112e-01
9.997429636115493512e-01
9.997532555062986770e-01
9.997633511926665717e-01
9.997732438118674958e-01
9.997829265891152728e-01
9.997923928375064273e-01
9.998016359615129467e-01
9.998106494608099970e-01
9.998194269335750617e-01
9.998279620802497103e-01
9.998362487069267779e-01
9.998442807286918033e-01
9.998520521730955846e-01
9.998595571834471007e-01
9.998667900219098126e-01
9.998737450729169307e-01
9.998804168460949660e-01
9.998867999793620287e-01
9.998928892420059222e-01
9.998986795374820158e-01
9.999041659062343212e-01
9.999093435286129372e-01
9.999142077273965867e-01
9.999187539704909033e-01
9.999229778734414209e-01
9.999268752018571904e-01
9.999304418738429456e-01
9.999336739621718095e-01
9.999365676965543681e-01
9.999391194657478721e-01
9.999413258195309906e-01
9.999431834706030697e-01
9.999446892964559686e-01
9.999458403410667051e-01
9.999466338164585411e-01
9.999470671044491388e-01
9.999471377578095233e-01
9.999468435016694023e-01
9.999461822348443274e-01
9.999451520307197638e-01
9.999437511384693389e-01
9.999419779837500633e-01
9.999398311695443242e-01
9.999373094768556625e-01
9.999344118651088964e-01
9.999311374726547186e-01
9.999274856170589088e-01
9.999234557951869329e-01
9.999190476833389463e-01
9.999142611370737121e-01
9.999090961910459541e-01
9.999035530586579679e-01
9.998976321315558025e-01
9.998913339790586052e-01
9.998846593473700306e-01
9.998776091587338044e-01
9.998701845104926988e-01
9.998623866738387544e-01
9.998542170925762695e-01
9.998456773817836485e-01
9.998367693261791533e-01
9.998274948785341731e-01
9.998178561578381363e-01
9.998078554473217583e-01
9.997974951924303300e-01
9.997867779986425729e-01
9.997757066291125261e-01
9.997642840022060717e-01
9.997525131889237748e-01
9.997403974101192192e-01
9.997279400338373589e-01
9.997151445720549034e-01
9.997020146778016203e-01
9.996885541417587229e-01
9.996747668889722771e-01
9.996606569753122562e-01
9.996462285837395267e-01
9.996314860205963715e-01
9.996164337115939214e-01
9.996010761977115466e-01
9.995854181309270503e-01
9.995694642697539045e-01
9.995532194746052923e-01
9.995366887030554537e-01
9.995198770047472037e-01
9.995027895161757714e-01
9.994854314552403807e-01
9.994678081155737859e-01
9.994499248605116515e-01
9.994317871169571266e-01
9.994134003686795387e-01
9.993947701495965452e-01
9.993759020363987000e-01
9.993568016410852017e-01
9.993374746028540478e-01
9.993179265796252597e-01
9.992981632391689795e-01
9.992781902495322388e-01
9.992580132690692674e-01
9.992376379357151839e-01
9.992170698557208963e-01
9.991963145914406486e-01
9.991753776486425043e-01
