1.007513901072314644e+00
1.002633071943934473e+00
9.976067408560472805e-01
9.925553392200922032e-01
9.875777972307944186e-01
9.827533114389658264e-01
9.781434066123296800e-01
9.737942226221142361e-01
9.697389904962796514e-01
9.660007048476633162e-01
9.625950622888509445e-01
9.595338367030882276e-01
9.568290437389582737e-01
9.544986015515284361e-01
9.525749462763442033e-01
9.511197935558827199e-01
9.502526423503901976e-01
9.502132502785067825e-01
9.515207674654405645e-01
9.554706810809375783e-01
9.662779514190285024e-01
1.009179091324272193e+00
4.977766837531278354e-01
8.670113872666130872e-01
8.909770248564385930e-01
8.984450337275953213e-01
9.012782816608553293e-01
9.021402260043552834e-01
9.019647066936222757e-01
9.011642182921872912e-01
8.999501558646256782e-01
8.984433523854387094e-01
8.967192814993542038e-01
8.948288702406564932e-01
8.928089512180904519e-01
8.906878638839660356e-01
8.884886056942997712e-01
8.862306690806568410e-01
8.839311389153409193e-01
8.816053578098117516e-01
8.792673314452300604e-01
8.769299742681513354e-01
8.746052559540097304e-01
8.723042859831259266e-01
8.700373598965013278e-01
8.678139823102284378e-01
8.656428763852189734e-01
8.635319859418932875e-01
8.614884740508327310e-01
8.595187202736253029e-01
8.576283174688105193e-01
8.558220679695034416e-01
8.541039776866220512e-01
8.524772447991235680e-01
8.509442360233590019e-01
8.495064349733713049e-01
8.481643244510330693e-01
8.469170937397363375e-01
8.457617924565591361e-01
8.446901772069065339e-01
8.436697327105127098e-01
8.420421323482196740e-01
8.423980961908801302e-01
8.415855830052523245e-01
8.409337309571467411e-01
8.403680007326839174e-01
8.398670005624270241e-01
8.394133429005260494e-01
8.389839574636628328e-01
8.385344813739462611e-01
8.379138361598637008e-01
8.343294889800599856e-01
8.388081591735532250e-01
8.379133648200041140e-01
8.372766664318286312e-01
8.365805609867723591e-01
8.357160315328047151e-01
8.345849107386396071e-01
8.330652463829830712e-01
8.309875670175316253e-01
8.281013307028836090e-01
8.240153559108815973e-01
8.180803056286358732e-01
8.091330772914501201e-01
7.948697144180301155e-01
7.700341357088497096e-01
7.197915871377471575e-01
5.855461415060553287e-01
2.350287285551306005e-01
5.707141131385401467e-01
9.550921659463583735e-01
9.647460360026938186e-01
9.553692552877401933e-01
9.476633230441595668e-01
9.424200524484889208e-01
9.390395420662229764e-01
9.369939748196735030e-01
9.359166145433073236e-01
9.355584667681262623e-01
9.357477201569334158e-01
9.363627367206458496e-01
9.373149786961023633e-01
9.385381498520749544e-01
9.399810440764828634e-01
9.416022592049002604e-01
9.433631126441244241e-01
9.451217721074998135e-01
9.473335171116061826e-01
9.493766821044380411e-01
9.514885685824938655e-01
9.536139704144901419e-01
9.556178956632168653e-01
9.550367063109398424e-01
9.611067270165568610e-01
9.632835448846808202e-01
9.655073349339605704e-01
9.677523877850141565e-01
9.699887164853870924e-01
9.721987595357320933e-01
9.743693022922784719e-01
9.764888889981480080e-01
9.785468673653839877e-01
9.805329791336515610e-01
9.824371625679789721e-01
9.842494478764282073e-01
9.859598972551928409e-01
9.875585675180842404e-01
9.890354839715760349e-01
9.903806188504209462e-01
9.915838696890802995e-01
9.926350338358272962e-01
9.935237754902759288e-01
9.942395813993187836e-01
9.947717007649258258e-01
9.951090640043502855e-01
9.952401736944045396e-01
9.951529592106831412e-01
9.948345840430079523e-01
9.942711912118686879e-01
9.934475671167508626e-01
9.923466966043613668e-01
9.909491702446138195e-01
9.892323842573668147e-01
9.871694289818597756e-01
9.847274143285748016e-01
9.818639925026433346e-01
9.784865491254184366e-01
9.747158772116757408e-01
9.702300576799222087e-01
9.650252782492880765e-01
9.589407806338415829e-01
9.517587486560941112e-01
9.431614598665178928e-01
9.326603313723715871e-01
9.194495838080773975e-01
9.020549167479042785e-01
8.772889427037946497e-01
8.358903964836735812e-01
7.277560181722328991e-01
3.429311898652327439e-01
8.763857631242421009e-01
7.826490434914128436e-01
6.633987608347011733e-01
4.799486142204231198e-01
2.183509393637203810e-01
4.617968269777188856e-02
2.152195629732082394e-01
5.405183843930073673e-01
7.584848875264924573e-01
8.655507393979027242e-01
9.082250930649680143e-01
8.672237349593427957e-01
3.891110837379187504e-01
9.067590876180948722e-01
9.615115058029689576e-01
9.725430633442890827e-01
9.749355595122033424e-01
9.714661663918962020e-01
9.731465371497254324e-01
9.704531606672418542e-01
9.667133221668322562e-01
9.623957310812744081e-01
9.575903663157486756e-01
9.523353193582089204e-01
9.466355308093440390e-01
9.404193701193086508e-01
9.328471467765198089e-01
9.248079322482252174e-01
9.204185314721874400e-01
9.131266111969178478e-01
9.054344977638612013e-01
8.974857053182322408e-01
8.893524104633414584e-01
8.811106734223936865e-01
8.728505440065459364e-01
8.646791329130181225e-01
8.567222478683867992e-01
8.491254682703279766e-01
8.420547936706234138e-01
8.356968362413523810e-01
