9.939629500329001388e-01
9.937292921127220957e-01
9.935340814686058897e-01
9.933764703184745359e-01
9.932548814271695559e-01
9.931671830358688169e-01
9.931108428159903800e-01
9.930830614593311179e-01
9.930808868684927182e-01
9.931013101646299912e-01
9.931413448990616955e-01
9.931980909559232629e-01
9.932687846782773944e-01
9.933508367508483428e-01
9.934418593376310724e-01
9.935396839130703484e-01
9.936423711444749562e-01
9.937482140900276706e-01
9.938557358754707138e-01
9.939636829045356281e-01
9.940710145519300323e-01
9.941768901803961223e-01
9.942806542205687714e-01
9.943818199543716929e-01
9.944800525506241051e-01
9.945751518156076276e-01
9.946670350435887764e-01
9.947557202805528132e-01
9.948413102513964379e-01
9.949239771434463808e-01
9.950039483898127646e-01
9.950814935523095706e-01
9.951569123674709472e-01
9.952305239858679764e-01
9.953026574102228352e-01
9.953736431145331354e-01
9.954438058100582021e-01
9.955134583088095512e-01
9.955828964256105973e-01
9.956523948513563704e-01
9.957222039251015788e-01
9.957925472290956037e-01
9.958636199298368519e-01
9.959355877880738950e-01
9.960085867616210731e-01
9.960827231280138250e-01
9.961580740560749270e-01
9.962346885596861101e-01
9.963125887708452755e-01
9.963917714737877684e-01
9.964722098456778587e-01
9.965538553552488743e-01
9.966366397738208871e-01
9.967204772589668416e-01
9.968052664746479552e-01
9.968908927163573352e-01
9.969772300134356335e-01
9.970641431847284686e-01
9.971514898274007610e-01
9.972391222216667739e-01
9.973268891375921541e-01
9.974146375328236669e-01
9.975022141323298674e-01
9.975894668840994406e-01
9.976762462860593317e-01
9.977624065821859567e-01
9.978478068263850753e-01
9.979323118150416061e-01
9.980157928896665753e-01
9.980981286126316965e-01
9.981792053194721293e-01
9.982589175520768521e-01
9.983371683780379868e-01
9.984138696014102088e-01
9.984889418707142417e-01
9.985623146905581171e-01
9.986339263427850277e-01
9.987037237243984178e-01
9.987716621079821833e-01
9.988377048316381401e-01
9.989018229250916647e-01
9.989639946782494784e-01
9.990242051586050165e-01
9.990824456838688361e-01
9.991387132561614370e-01
9.991930099634982465e-01
9.992453423546124869e-01
9.992957207929971108e-01
9.993441587954098315e-01
9.993906723608284581e-01
9.994352792945317976e-01
9.994779985333043237e-01
9.995188494761256814e-01
9.995578513257521447e-01
9.995950224462442080e-01
9.996303797408994107e-01
9.996639380555464305e-01
9.996957096123154640e-01
9.997257034781653617e-01
9.997539250730956839e-01
9.997803757230294686e-01
9.998050522616926949e-01
9.998279466869801624e-01
9.998490458759597965e-01
9.998683313642521275e-01
9.998857791939447237e-01
9.999013598361665700e-01
9.999150381926893427e-01
9.999267736821837449e-01
9.999365204167578458e-01
9.999442274738951086e-01
9.999498392694577964e-01
9.999532960378491042e-01
9.999545344243555567e-01
9.999534881961398280e-01
9.999500890774866146e-01
9.999442677150802705e-01
9.999359547793710279e-01
9.999250822081348078e-01
9.999115845975113936e-01
9.998954007469353922e-01
9.998764753632929381e-01
9.998547609299697214e-01
9.998302197463448948e-01
9.998028261426984420e-01
9.997725688759346863e-01
9.997394537107227031e-01
9.997035061906511810e-01
9.996647746037842230e-01
9.996233331468405980e-01
9.995792852917017024e-01
9.995327673580373107e-01
9.994839522959123590e-01
9.994330536811993904e-01
9.993803299280228369e-01
9.993260887216263155e-01
9.992706916749030110e-01
9.992145592132736232e-01
9.991581756908664014e-01
9.991020947421488385e-01
9.990469448711820633e-01
9.989934352783818028e-01
9.989423619202525417e-01
9.988946137877562359e-01
9.988511793727905541e-01
9.988131532639118459e-01
9.987817427629733791e-01
9.987582743326774981e-01
9.987441995462190691e-01
9.987410999792525335e-01
9.987506900962473955e-01
9.987748165286330915e-01
9.988154510288309584e-01
9.988746724680920286e-01
9.989546298992486584e-01
9.990574727582269832e-01
9.991852234778775266e-01
9.993395476875769345e-01
9.995213386591872418e-01
9.997299563279619106e-01
9.999618038393407460e-01
1.000207584715927300e+00
1.000446808548687283e+00
1.000636225566241100e+00
1.000683895761756315e+00
1.000386141831562936e+00
9.992570972461612966e-01
9.959968093157526292e-01
9.864577466762779467e-01
9.530807281759893224e-01
7.767320028822942701e-01
3.459482740251450944e-02
6.953300132858724059e-01
8.766669987042722267e-01
9.293408700608809525e-01
9.519438667405493160e-01
9.640617595968173914e-01
9.715048915202293411e-01
9.766044613999147472e-01
9.803800645626425947e-01
9.833039521455467780e-01
9.856864576406584311e-01
9.877127057940374710e-01
9.895024197132852306e-01
9.911395339055879550e-01
9.926878229860630620e-01
9.941987352288134128e-01
9.957109770908514346e-01
9.972297895050268313e-01
9.986287749196240959e-01
9.991719228643247686e-01
9.944341305630831629e-01
9.397624080654584100e-01
1.787633532891957922e-01
8.203757469038945871e-01
9.193120565561430091e-01
9.459759799293648852e-01
9.571410940441265058e-01
9.627864520313507146e-01
9.658594614733881922e-01
