9.084710399547325510e-01
9.157056677167016989e-01
9.267808178787523277e-01
9.159175595543223025e-01
5.915150327234187655e-01
9.441358037989550089e-01
9.477310113285200011e-01
9.065515158162118503e-01
7.918654167467319427e-01
5.816837595170512021e-01
3.203096993259238467e-01
1.136529729522302162e-01
1.651531597267234461e-02
2.730372236589384376e-03
2.923451087567357012e-02
6.908620206436051625e-02
1.100805073952635799e-01
1.477086595114400491e-01
1.807901598995361181e-01
2.094993256829499606e-01
2.339266000064125217e-01
2.552369700208712011e-01
2.737931391969363748e-01
2.900948779863422033e-01
3.045749764353024025e-01
3.175962530834685049e-01
3.294629802003878893e-01
3.403888894677621346e-01
3.505119131369022756e-01
3.607311763791412051e-01
3.701505297354281687e-01
3.794268401427018933e-01
3.886458188546981218e-01
3.979092597575042412e-01
4.073120897749972213e-01
4.169412256047999032e-01
4.268765750287658589e-01
4.371922768829077377e-01
4.479578573981207179e-01
4.592392375281634243e-01
4.710995726918163484e-01
4.835999008941117561e-01
4.967995413716358999e-01
5.107561106462109590e-01
5.255248538990920926e-01
5.411565729272848069e-01
5.576922685387073475e-01
5.751487719089956041e-01
5.934730401176195880e-01
6.122951246589621865e-01
6.310584751824992455e-01
6.161475511901067792e-01
6.954408232548624502e-01
7.102912106848480178e-01
7.399719361603912526e-01
7.683580887744010379e-01
7.985068738357946616e-01
8.302751038666615901e-01
8.629338218465886223e-01
8.969200734931849217e-01
9.297286443736111350e-01
9.602461269552183820e-01
9.822314806657930220e-01
9.861132487033711369e-01
9.527666608742241250e-01
8.500261756354667853e-01
6.440398463744073654e-01
3.537894883670689161e-01
1.006162668613836964e-01
8.362149026819776579e-03
6.517564787779167590e-02
1.866684186083121255e-01
3.160804213999401924e-01
4.324959439390197447e-01
5.318144305827171570e-01
6.153544402861225171e-01
6.855543329522526541e-01
7.446746128104665408e-01
7.945174010396676145e-01
8.364850182814441704e-01
8.719169630772171109e-01
9.018934029778986616e-01
9.268106803018058004e-01
9.472561291643901704e-01
9.639606851385756903e-01
9.777796632147671696e-01
9.914546767351757328e-01
8.894852959251248192e-01
9.882079255645197513e-01
9.945651797952120843e-01
9.973753592652695454e-01
9.985569698479759282e-01
9.986245318089692624e-01
9.961643573366335547e-01
9.968605233220971806e-01
9.966423347748901707e-01
9.963406745025943367e-01
9.955890341203932348e-01
9.936125750160875736e-01
9.886338913427192843e-01
9.770142315241872044e-01
9.517054703804035398e-01
8.999002557798121416e-01
8.014046757697612655e-01
6.350814552093879684e-01
4.069150960853171739e-01
1.816076429425003413e-01
4.080345896413653528e-02
8.198695006195169579e-04
2.361843320440742966e-02
7.095772784108066167e-02
1.221609867912062247e-01
1.693878787034518163e-01
2.102540666540770042e-01
2.450131084323469155e-01
2.745098532963586302e-01
2.996875779640617021e-01
3.212994438605483727e-01
3.396650240392644626e-01
3.536016068307344939e-01
3.435780304071948676e-01
4.256991492284912249e-01
4.256896615171419374e-01
4.387794206918314011e-01
4.546457377615584772e-01
4.723359824030859411e-01
4.919468542514518483e-01
5.139323127686885595e-01
5.391210574959659496e-01
5.619928613112183946e-01
6.025794641279744734e-01
6.483539709061721945e-01
7.183924680290296738e-01
9.207197563831734932e-01
4.216777658769682580e-01
6.672193281178709912e-01
7.625927478476549615e-01
8.385927317362470435e-01
9.022955738424507377e-01
9.402724552905935562e-01
9.241114491042875523e-01
8.227005982563742048e-01
6.353152969053859067e-01
4.117463129713104242e-01
2.215855269994672916e-01
9.657387748591299281e-02
2.922411767731705745e-02
4.010667235545248982e-03
3.449988174465686442e-03
1.660344797034453423e-02
3.705356814340075161e-02
6.131623539835948100e-02
8.744150189779904825e-02
1.144283853189182465e-01
1.417716265927962960e-01
1.692382461650991099e-01
1.967418978915770611e-01
2.242726943398795636e-01
2.518577867357617572e-01
2.795391598816640011e-01
3.073612747141877266e-01
3.353646883174691840e-01
3.635845178813937872e-01
3.919110726016810098e-01
4.206153220809658033e-01
4.495113375075642237e-01
4.796454920165852398e-01
5.098823689974280038e-01
5.409695330614187059e-01
5.745111998039025281e-01
6.160867627821919879e-01
7.209380483569662879e-01
5.438471907259762039e-01
6.275587306449292857e-01
6.652481533870442387e-01
6.775151175661238145e-01
7.240456899989826667e-01
7.482443618298384447e-01
7.710034924459668870e-01
7.923032535786382891e-01
8.121118817115621225e-01
8.302791748126616689e-01
8.464618772783966127e-01
8.599846239529097547e-01
8.695731061396018147e-01
8.728353648782092300e-01
8.652273182650769279e-01
8.376005978636803517e-01
7.785374038724625079e-01
6.132672175167619422e-01
1.864219784600510410e-01
4.501611238087421113e-02
5.122565119188202815e-02
2.489880966232741466e-01
4.746537211622016694e-01
6.639150303895092753e-01
8.293739350413680267e-01
1.001824832319056613e+00
1.070383397702216577e+00
2.568820215503643881e-02
