9.844817816232882546e-01
9.849099287053565410e-01
9.853506647625850379e-01
9.857991440350055701e-01
9.862512236906481045e-01
9.867034256689574123e-01
9.871528901109772880e-01
9.875973231151180531e-01
9.880349411277918881e-01
9.884644138867743068e-01
9.888848074829975632e-01
9.892955287904415806e-01
9.896962722371771548e-01
9.900869696478552529e-01
9.904677436786800682e-01
9.908388651890702725e-01
9.912007147438914867e-01
9.915537483161497301e-01
9.918984671607162795e-01
9.922353917477159113e-01
9.925650395835241557e-01
9.928879067000815350e-01
9.932044525604161178e-01
9.935150881066578954e-01
9.938201666652188848e-01
9.941199774191030736e-01
9.944147411605274156e-01
9.947046080438252114e-01
9.949896570709344523e-01
9.952698970556741465e-01
9.955452688299176733e-01
9.958156484726026214e-01
9.960808513621762783e-01
9.963406368706978489e-01
9.965947135384020106e-01
9.968427445849235013e-01
9.970843536322407941e-01
9.973191305304304199e-01
9.975466371941645871e-01
9.977664133722496942e-01
9.979779822865788574e-01
9.981808560891368698e-01
9.983745410974371737e-01
9.985585427789228641e-01
9.987323704636944521e-01
9.988955417738609732e-01
9.990475867641417373e-01
9.991880517750648671e-01
9.993165030052749698e-01
9.994325298145571024e-01
9.995357477722035533e-01
9.996258014701507877e-01
9.997023671214104734e-01
9.997651549681749739e-01
9.998139115249627951e-01
9.998484216843586125e-01
9.998685107138954864e-01
9.998740461739424878e-01
9.998649397876869793e-01
9.998411492947636425e-01
9.998026803214860037e-01
9.997495883013483020e-01
9.996819804802841158e-01
9.996000180427566661e-01
9.995039183954070872e-01
9.993939576472076203e-01
9.992704733260266980e-01
9.991338673741304577e-01
9.989846094670200571e-01
9.988232407030723792e-01
9.986503777139358329e-01
9.984667172491785703e-01
9.982730412925551189e-01
9.980702227704253415e-01
9.978592319170924707e-01
9.976411433655849592e-01
9.974171440349901552e-01
9.971885418886510255e-01
9.969567756362422983e-01
9.967234254510377589e-01
9.964902247656918233e-01
9.962590731943351541e-01
9.960320506025182041e-01
9.958114323033298021e-01
9.955997052896994326e-01
9.953995853066163191e-01
9.952140344065442124e-01
9.950462783879574502e-01
9.948998231508724421e-01
9.947784684548871548e-01
9.946863167390536109e-01
9.946277734205539733e-01
9.946075332042139117e-01
9.946305440659188868e-01
9.947019361646762814e-01
9.948268961047543879e-01
9.950104562646916451e-01
9.952571519327224614e-01
9.955704716917018748e-01
9.959519819354659687e-01
9.963999324003924851e-01
9.969070243742250703e-01
9.974568068746058058e-01
9.980177835033340328e-01
9.985336188080219388e-01
9.989065389703635223e-01
9.989685339095192296e-01
9.984300255833875593e-01
9.967855020475824279e-01
9.931339657402318277e-01
9.858244672117527641e-01
9.717306326615398060e-01
9.447265933663616666e-01
8.925201351465300581e-01
7.909740119435597627e-01
6.009688494923043356e-01
3.066634847698856969e-01
4.515541870132928903e-02
2.218173794573297802e-02
1.634138007375025570e-01
3.219842932659910395e-01
4.435300853666012677e-01
5.304254537015532511e-01
5.924098465687254178e-01
6.374284618521925960e-01
6.708501628750344059e-01
6.961774617043292590e-01
7.157108108824354886e-01
7.309917411411064325e-01
7.430779538333712742e-01
7.527125358333980332e-01
7.604292907710838989e-01
7.666195906911587032e-01
7.715757369245532793e-01
7.755197036598977522e-01
7.786225936991791885e-01
7.810180678751550420e-01
7.828117845753478354e-01
7.840881467004684469e-01
7.849151987190635671e-01
7.853482313370926393e-01
7.854324690989140656e-01
7.852050977146562971e-01
7.846968094972475161e-01
7.839329925853162351e-01
7.829346536646422106e-01
7.817191390135803664e-01
7.803007012469993509e-01
7.786909467414425690e-01
7.768991898208432723e-01
7.749327333120041850e-01
7.727970903255332313e-01
7.704961585884257946e-01
7.680323560059568733e-01
7.654067241206272687e-01
7.626190045948511020e-01
7.596676926455544487e-01
7.565500704152514633e-01
7.532622225085995327e-01
7.497990353060841606e-01
7.461541811517663492e-01
7.423200880703377802e-01
7.382878952787395033e-01
7.340473944020198260e-01
7.295869559681456007e-01
7.248934404307093571e-01
7.199520926431909329e-01
7.147464183764343781e-01
7.092580411261270035e-01
7.034665370984221067e-01
6.973492458849905873e-01
6.908810539514428362e-01
6.840341476698124090e-01
6.767777322458136124e-01
6.690777125520986912e-01
6.608963316247609132e-01
6.521917624851567563e-01
6.429176491204766641e-01
6.330225930625640318e-01
6.224495832944026974e-01
6.111353695623928939e-01
5.990097831358708325e-01
5.859950154605799710e-01
5.720048752200295183e-01
5.569440598484570737e-01
5.407075011698245781e-01
5.231798804078418019e-01
5.042354608378382119e-01
4.837384645850020259e-01
4.615443339632715469e-01
4.375023801725800854e-01
4.114605453328136764e-01
3.832732864414615803e-01
3.528138694414095222e-01
3.199923263215736502e-01
2.847785440134344981e-01
2.472186110613019128e-01
2.073502212063324246e-01
1.639790124348295686e-01
1.305699024313170531e-01
