9.974775951553082054e-01
9.974789367233526383e-01
9.974752190512513605e-01
9.974673531529877346e-01
9.974562026486897270e-01
9.974425718885134851e-01
9.974271978177680076e-01
9.974107450138062214e-01
9.973938033700008310e-01
9.973768879501958562e-01
9.973604405856563160e-01
9.973448328345492220e-01
9.973303699708359060e-01
9.973172957138960459e-01
9.973057974513352963e-01
9.972960117466921348e-01
9.972880299582086439e-01
9.972819038265813285e-01
9.972776509189463789e-01
9.972752598397052193e-01
9.972746951424062978e-01
9.972759018947860987e-01
9.972788098654745692e-01
9.972833373146690050e-01
9.972893943824299168e-01
9.972968860771086463e-01
9.973057148743831313e-01
9.973157829425418619e-01
9.973269940147403423e-01
9.973392549314188393e-01
9.973524768785810846e-01
9.973665763484352853e-01
9.973814758503367628e-01
9.973971043983007601e-01
9.974133978023665970e-01
9.974302987887982974e-01
9.974477569740894944e-01
9.974657287149679696e-01
9.974841768561087951e-01
9.975030703948434274e-01
9.975223840808629117e-01
9.975420979667086741e-01
9.975621969237004061e-01
9.975826701358925241e-01
9.976035105828868765e-01
9.976247145216357026e-01
9.976462809749901961e-01
9.976682112340706787e-01
9.976905083799983975e-01
9.977131768299573045e-01
9.977362219104768393e-01
9.977596494615947886e-01
9.977834654728594543e-01
9.978076757530690566e-01
9.978322856339837399e-01
9.978572997083328122e-01
9.978827216015907497e-01
9.979085537767519165e-01
9.979347973712561215e-01
9.979614520644697340e-01
9.979885159743540068e-01
9.980159855817301029e-01
9.980438556800580452e-01
9.980721193492277932e-01
9.981007679510235375e-01
9.981297911448233640e-01
9.981591769211107801e-01
9.981889116512648874e-01
9.982189801515048977e-01
9.982493657594171399e-01
9.982800504211422066e-01
9.983110147874990625e-01
9.983422383177730230e-01
9.983736993893833622e-01
9.984053754120408852e-01
9.984372429452604836e-01
9.984692778175747740e-01
9.985014552470449223e-01
9.985337499611502965e-01
9.985661363155615700e-01
9.985985884109549460e-01
9.986310802068546488e-01
9.986635856317073179e-01
9.986960786886552865e-01
9.987285335564902722e-01
9.987609246849784572e-01
9.987932268842091288e-01
9.988254154076264824e-01
9.988574660280756801e-01
9.988893551069636390e-01
9.989210596556210575e-01
9.989525573893790478e-01
9.989838267734407751e-01
9.990148470606805553e-01
9.990455983214311386e-01
9.990760614647212767e-01
9.991062182509602430e-01
9.991360512964714280e-01
9.991655440692533974e-01
9.991946808761958954e-01
9.992234468420374549e-01
9.992518278795491371e-01
9.992798106518081536e-01
9.993073825258508291e-01
9.993345315187082134e-01
9.993612462351046943e-01
9.993875157980968149e-01
9.994133297720755316e-01
9.994386780788064861e-01
9.994635509071109203e-01
9.994879386162770496e-01
9.995118316337632258e-01
9.995352203482278375e-01
9.995580949977882490e-01
9.995804455549294198e-01
9.996022616085976642e-01
9.996235322443275395e-01
9.996442459235357347e-01
9.996643903633668504e-01
9.996839524177437708e-01
9.997029179616382377e-01
9.997212717796944981e-01
9.997389974609782737e-01
9.997560773017089009e-01
9.997724922176949303e-01
9.997882216689419899e-01
9.998032435984218758e-01
9.998175343874574628e-01
9.998310688304331562e-01
9.998438201315705820e-01
9.998557599266055806e-01
9.998668583324685777e-01
9.998770840285126082e-01
9.998864043719181138e-01
9.998947855515890604e-01
9.999021927837944412e-01
9.999085905529255802e-01
9.999139429018167879e-01
9.999182137745773469e-01
9.999213674162782395e-01
9.999233688328555969e-01
9.999241843145918462e-01
9.999237820268576105e-01
9.999221326708032098e-01
9.999192102166647445e-01
9.999149927120837278e-01
9.999094631666531896e-01
9.999026105139033893e-01
9.998944306505241908e-01
9.998849275517948110e-01
9.998741144612496301e-01
9.998620151507880971e-01
9.998486652462582613e-01
9.998341136117138150e-01
9.998184237830630705e-01
9.998016754404195350e-01
9.997839659052152328e-01
9.997654116455627626e-01
9.997461497706218170e-01
9.997263394907834888e-01
9.997061635174158134e-01
9.996858293717691968e-01
9.996655705684461823e-01
9.996456476343718034e-01
9.996263489196579588e-01
9.996079911515949323e-01
9.995909196777749139e-01
9.995755083389552542e-01
9.995621589051820743e-01
9.995513000031204243e-01
9.995433854518088745e-01
9.995388919137017103e-01
9.995383157486437131e-01
9.995421689293251255e-01
9.995509738247481124e-01
9.995652565614157048e-01
9.995855384875932392e-01
9.996123248988938448e-01
9.996460894313616841e-01
9.996872509279922658e-01
9.997361360308535394e-01
9.997929124378385213e-01
9.998574570551226337e-01
9.999290675113178262e-01
1.000005759919780690e+00
1.000082338226900402e+00
1.000144199401632239e+00
1.000142611182415875e+00
9.998547759066543916e-01
9.972851578609879253e-01
8.619781849770201676e-01
9.945684918977683031e-01
9.987481732794674105e-01
9.997563290325660601e-01
1.000219547683188992e+00
1.000502984047979327e+00
1.000701933971500868e+00
1.000848815956727034e+00
1.000955479936000092e+00
1.001025385617196228e+00
