1.061044288317107176e+00
1.055431393227725057e+00
1.049283175984059069e+00
1.042819716558759380e+00
1.036230977211157755e+00
1.029677828466747380e+00
1.023293561105304006e+00
1.017185753403400117e+00
1.011438382378865741e+00
1.006114085659382207e+00
1.001256496864215917e+00
9.968925920998685797e-01
9.930349984317708989e-01
9.896842271378684108e-01
9.868308053634304855e-01
9.844572897245457144e-01
9.825401547720119533e-01
9.810515584863550576e-01
9.799609967729365767e-01
9.792368702259811597e-01
9.788480006989994653e-01
9.787651546983626716e-01
9.789626586982643763e-01
9.794202328532390922e-01
9.801252289548914032e-01
9.810755321381818828e-01
9.822834223413602350e-01
9.837804141708793582e-01
9.856211566292573112e-01
9.878739532136877610e-01
9.905248812846463302e-01
9.927876188966044957e-01
9.864425073372494746e-01
8.047923149401677856e-01
5.163443614846244811e-01
8.586060612854091723e-01
9.133921087986913712e-01
9.327352889291329330e-01
9.420362425390467198e-01
9.471988826398741734e-01
9.502535087798599234e-01
9.520744080921765828e-01
9.530983358795747096e-01
9.535682368345396176e-01
9.536309886321105989e-01
9.533816358145914549e-01
9.528853224642946929e-01
9.521889712769426861e-01
9.513278678454533122e-01
9.503295495412457106e-01
9.492161929580666957e-01
9.480061284262568666e-01
9.467148285319476608e-01
9.453555700601777856e-01
9.439398880363930600e-01
9.424778946296128446e-01
9.409785086867462622e-01
9.394496253225286253e-01
9.378982448308644804e-01
9.363305737220165570e-01
9.347521064973431937e-01
9.331676940032921364e-01
9.315816023489852382e-01
9.299975651114225084e-01
9.284188306880453156e-01
9.268482060624099184e-01
9.252880978383749566e-01
9.237405511202069208e-01
9.222072866313437700e-01
9.206897363532975387e-01
9.191890779146932866e-01
9.177062679682984614e-01
9.162420748717555741e-01
9.147971111651969078e-01
9.133718666856978086e-01
9.119667438172969209e-01
9.105820976589188431e-01
9.092182865186076990e-01
9.078757438593880735e-01
9.065550963038558896e-01
9.052573873916482938e-01
9.039845704961388950e-01
9.027407980547068611e-01
9.015366670334807875e-01
9.004095567323433524e-01
8.996575195078380105e-01
8.968397290826732871e-01
8.963341846552237424e-01
8.953790944807743513e-01
8.935316218286114553e-01
8.929443864631302352e-01
8.919099623393251797e-01
8.908589522258473226e-01
8.898140344635115939e-01
8.887803671971753472e-01
8.877591276747743843e-01
8.867497547248389678e-01
8.857503862611312284e-01
8.847577113105988822e-01
8.837664008396842741e-01
8.827679444847637003e-01
8.817483398334527989e-01
8.806831937798114129e-01
8.795261368657854018e-01
8.781767543238037099e-01
8.763680923502777942e-01
8.730715541762266163e-01
8.574360487658965191e-01
8.891224789043131738e-01
8.818924672632612038e-01
8.792873041685057567e-01
8.776765486411320927e-01
8.764024637551121044e-01
8.752509160374113417e-01
8.741041449049072876e-01
8.728220808258572161e-01
8.709307930037987200e-01
8.577830418355618658e-01
8.709006232429247207e-01
8.698675868584403448e-01
8.683218849963072472e-01
8.666439639769591974e-01
8.647611287518168766e-01
8.625940365470634585e-01
8.600529382657735589e-01
8.570276643027167074e-01
8.533763843846041697e-01
8.489105057341234106e-01
8.433722020547899101e-01
8.363990483577468105e-01
8.274659457308627397e-01
8.157857779006807419e-01
8.001320784862783198e-01
7.785083159023148403e-01
7.475057595886335227e-01
7.010202271609273783e-01
6.276156438505577917e-01
5.049147513729340675e-01
2.965045534858340992e-01
5.353360372372463483e-02
1.967869303174973605e-01
5.850418756871507142e-01
7.054053653353391518e-01
9.186916746583538851e-01
9.638054001156639572e-01
9.784454396853480285e-01
9.845624170331763736e-01
9.871001949959993249e-01
9.879821772072590047e-01
9.880404644410230031e-01
9.875088372683700211e-01
9.837221498250581231e-01
9.873867061104608656e-01
9.878653918890215602e-01
9.876698223111691766e-01
9.875701763633086827e-01
9.875872297221747198e-01
9.877271428113379992e-01
9.879979111542802617e-01
9.884048592694673063e-01
9.889195430734305514e-01
9.892933693859616850e-01
9.874579712453680491e-01
9.424094356441465870e-01
8.274864309143450392e-01
9.570336264238513690e-01
9.727095583464339112e-01
9.783487837645240548e-01
9.814333258887760758e-01
9.835693134264047455e-01
9.852881958152516217e-01
9.868122253356126361e-01
9.882478705652901763e-01
9.896490831624493723e-01
9.910413557824775399e-01
9.924311390237090524e-01
9.938081071815157985e-01
9.951415234827070133e-01
9.963666044972344649e-01
9.973427164369795817e-01
9.976983571765828396e-01
9.959369591490369045e-01
9.692732599512222658e-01
1.019037741789529550e+00
1.013471030771621484e+00
1.012700230225322073e+00
1.012752492782696523e+00
1.012926977895879821e+00
1.012971280539146868e+00
1.012722857919815089e+00
1.011798627908784720e+00
1.005520973646744753e+00
9.403290136360559215e-01
9.913976095380984122e-01
9.946273938547647298e-01
9.924678280907035521e-01
9.883706188887296795e-01
9.830004579992566160e-01
9.765685721627763716e-01
9.691793531482363333e-01
