2.336427265238100459e-01
2.702393565542685061e-01
3.010570694134387937e-01
3.270254532900621625e-01
3.490319026985062023e-01
3.678437589243575556e-01
3.840952769949398382e-01
3.982989664980415290e-01
4.108641362631215155e-01
4.221157500942525620e-01
4.323111319003978270e-01
4.416539006301780090e-01
4.503052171247710622e-01
4.583926085617183177e-01
4.660164981714738919e-01
4.732538180005504969e-01
4.801539730013874574e-01
4.865908984716956209e-01
4.857735225340134577e-01
5.002450004701382014e-01
5.062515704548328221e-01
5.122811161515858913e-01
5.182618779174026358e-01
5.241983943657748668e-01
5.301060060177987809e-01
5.360021549182698575e-01
5.419044237663833696e-01
5.478299798770112083e-01
5.537953900757557335e-01
5.598165383595190558e-01
5.659085653900810531e-01
5.720858044591862202e-01
5.783617071174812496e-01
5.847487581840371540e-01
5.912583820751262653e-01
5.979008429864867136e-01
6.046851414509252232e-01
6.116189095763445716e-01
6.187083070190980694e-01
6.259579195292839238e-01
6.333706617440262310e-01
6.409476858043824388e-01
6.486882973271302921e-01
6.565898802624043906e-01
6.646478322002179473e-01
6.728555117390500051e-01
6.812041995809224870e-01
6.896830750558939904e-01
6.982792097858774305e-01
7.069775801582520725e-01
7.157611001753564350e-01
7.246106760646063849e-01
7.335052837585022134e-01
7.424220699792307698e-01
7.513364771814139420e-01
7.602223920265894774e-01
7.690523164022490255e-01
7.777975593007864230e-01
7.864284472263535219e-01
7.949145503708103799e-01
8.032249219450449118e-01
8.113283495243517329e-01
8.191936218225924771e-01
8.267898263726053409e-01
8.340867253839676643e-01
8.410553463210690417e-01
8.476692033626029854e-01
8.539075766704631310e-01
8.597662130708947359e-01
8.652247858443261608e-01
8.662986330930468881e-01
8.732958735204184864e-01
8.773118794085419392e-01
8.805646299176225211e-01
8.831383880000490683e-01
8.850142405198817563e-01
8.861456523681704445e-01
8.864649262593180534e-01
8.858607515489542727e-01
8.837098053239244022e-01
8.823681262146255699e-01
8.784381288584958147e-01
8.732618947493678840e-01
8.665362529721407636e-01
8.579960072130368154e-01
8.473372633429532286e-01
8.342034147756275386e-01
8.181845395775131369e-01
7.988508888474861180e-01
7.762070381259980056e-01
7.453465823059866047e-01
7.130572546938546141e-01
6.741335985921328433e-01
6.288140820051857371e-01
5.769528618235010287e-01
5.187556745425027094e-01
4.549886734583215575e-01
3.871209411292461655e-01
3.173665603810673641e-01
2.485521178165596701e-01
1.838747582190930485e-01
1.263141970016568305e-01
7.776712400282510818e-02
4.300961178908699334e-02
1.773493968851569055e-02
3.950262205413892017e-03
1.618441445713635790e-04
4.712053610529183534e-03
1.586371812351815291e-02
3.199107312777693668e-02
5.169875316689481748e-02
7.387289866604501709e-02
9.768703346952925526e-02
1.225856008550237353e-01
1.482637709201287957e-01
1.746587629710003586e-01
2.019688378456760414e-01
2.307257564703405761e-01
2.619762098647466231e-01
2.977133353828636531e-01
3.419696994360276743e-01
4.039780756554978147e-01
5.091590574969651062e-01
7.362828870113315993e-01
4.989460088566244345e-01
8.385360713719532816e-03
9.352757902918673594e-02
1.560570562284462337e-01
1.984895110937213436e-01
2.296304876910817139e-01
2.541370382677875517e-01
2.744172862471050411e-01
2.918070279090612118e-01
3.071201916745140426e-01
3.210149544086728923e-01
3.358773026519948912e-01
3.273116110737021023e-01
2.974265887272251052e-01
3.807437508429402651e-01
3.831656518789676169e-01
3.896472542507389281e-01
3.971565983232157038e-01
4.044523613650216065e-01
4.113966490529398223e-01
4.179006645043973900e-01
4.238999773637337487e-01
4.293333054766711454e-01
4.341323823752005762e-01
4.382159667711357787e-01
4.414851646978787958e-01
4.438188700147095989e-01
4.450688360644778907e-01
4.450548440252575233e-01
4.435677169962307653e-01
4.398237433248055606e-01
4.347197596529874808e-01
4.267902385734796411e-01
4.157645334828110051e-01
4.009994904393571202e-01
3.816725882841516260e-01
3.567088419482881134e-01
3.243502303097637318e-01
2.693575680085403268e-01
2.494701467202627421e-01
1.920250375991930658e-01
1.308676590478338175e-01
7.008074382162601812e-02
2.098910064724393218e-02
6.394602391893496485e-04
2.565102576691081007e-02
1.008798002020202117e-01
2.129887780362593741e-01
3.380231875032383426e-01
4.552415641634153798e-01
5.539442636108273810e-01
6.319198271615452667e-01
6.913241155878582234e-01
7.356499907699939333e-01
7.682691897395386160e-01
7.919511185582740476e-01
8.088190380281273795e-01
8.204534565756885778e-01
8.280202752853604853e-01
8.323822353000797092e-01
8.341849397297007584e-01
8.339198215450873697e-01
8.319690536233940170e-01
8.286371400870335968e-01
8.241729390797268850e-01
8.187848815238087941e-01
8.126513680972921039e-01
8.059277674399132341e-01
7.987510842313882975e-01
7.912432411321214110e-01
7.835142625306316111e-01
7.756687682839658038e-01
7.678289014934199797e-01
7.560537658426850216e-01
7.507997464283096001e-01
7.433252881730083583e-01
