9.952206505323104579e-01
9.955153617609532324e-01
9.958079340051171346e-01
9.960914924604201692e-01
9.963606495075182368e-01
9.966113539474676930e-01
9.968407382270236816e-01
9.970469676047325480e-01
9.972290943390901274e-01
9.973869192269961825e-01
9.975208621749704907e-01
9.976318429388549847e-01
9.977211727106788386e-01
9.977904568551945186e-01
9.978415087931619132e-01
9.978762747876835926e-01
9.978967692023087421e-01
9.979050196605172562e-01
9.979030214381130470e-01
9.978927003538826668e-01
9.978758833891738789e-01
9.978542762530229204e-01
9.978294471156391454e-01
9.978028157536428244e-01
9.977756473826141503e-01
9.977490504923521852e-01
9.977239780471405250e-01
9.977012314625542944e-01
9.976814668231567262e-01
9.976652028572243758e-01
9.976528302369901402e-01
9.976446218229974017e-01
9.976407435203379359e-01
9.976412654585542494e-01
9.976461732512670322e-01
9.976553791294843210e-01
9.976687327798119398e-01
9.976860317500132469e-01
9.977070313148207470e-01
9.977314537200741018e-01
9.977589967467064280e-01
9.977893415556530199e-01
9.978221597923684349e-01
9.978571199442375361e-01
9.978938929561662619e-01
9.979321571207456776e-01
9.979716022668757569e-01
9.980119332778538688e-01
9.980528729748655570e-01
9.980941644059821982e-01
9.981355725825277192e-01
9.981768857076651624e-01
9.982179159411637137e-01
9.982584997458046061e-01
9.982984978592849279e-01
9.983377949350579206e-01
9.983762988935518390e-01
9.984139400236969886e-01
9.984506698726721696e-01
9.984864599593143986e-01
9.985213003444608493e-01
9.985551980892933832e-01
9.985881756297224632e-01
9.986202690932087789e-01
9.986515265812325737e-01
9.986820064391943585e-01
9.987117755323382529e-01
9.987409075449900087e-01
9.987694813177639963e-01
9.987975792360045402e-01
9.988252856804490376e-01
9.988526855496567824e-01
9.988798628625158438e-01
9.989068994471561602e-01
9.989338737216242325e-01
9.989608595706737093e-01
9.989879253213340693e-01
9.990151328201616332e-01
9.990425366126605145e-01
9.990701832258784831e-01
9.990981105541891782e-01
9.991263473474026879e-01
9.991549127999844737e-01
9.991838162400066281e-01
9.992130569159684006e-01
9.992426238789994253e-01
9.992724959581483768e-01
9.993026418261627963e-01
9.993330201526513523e-01
9.993635798421154348e-01
9.993942603531936753e-01
9.994249920967466227e-01
9.994556969089207765e-01
9.994862885963178289e-01
9.995166735502256650e-01
9.995467514262971198e-01
9.995764158865331206e-01
9.996055554007341470e-01
9.996340541037703753e-01
9.996617927055210240e-01
9.996886494506961318e-01
9.997145011247817736e-01
9.997392241037152960e-01
9.997626954434513102e-01
9.997847940072281947e-01
9.998054016266565425e-01
9.998244042949543386e-01
9.998416933887559477e-01
9.998571669165716713e-01
9.998707307920039478e-01
9.998823001299506075e-01
9.998918005649187757e-01
9.998991695920929068e-01
9.999043579317606900e-01
9.999073309209467464e-01
9.999080699376056147e-01
9.999065738661436775e-01
9.999028606179112266e-01
9.998969687266573425e-01
9.998889590468611477e-01
9.998789165962399528e-01
9.998669525999712704e-01
9.998532068189999178e-01
9.998378502800269185e-01
9.998210885757442545e-01
9.998031659803340299e-01
9.997843707391502743e-01
9.997650420669805804e-01
9.997455796641586678e-01
9.997264570002212247e-01
9.997082403397111738e-01
9.996916167146394638e-01
9.996774362044003048e-01
9.996667778111475444e-01
9.996610556986507135e-01
9.996621975476578381e-01
9.996729586786317068e-01
9.996975085757531243e-01
9.997426088118323007e-01
9.998202100759988609e-01
9.999539299131942061e-01
1.000198185227462844e+00
1.000709205121109280e+00
1.001886108718893276e+00
9.859533345850584052e-01
9.964001856697439763e-01
9.976111746378273359e-01
9.980628572608040150e-01
9.982996422391905433e-01
9.984482990224742283e-01
9.985537038986169733e-01
9.986356949027568319e-01
9.987043295732097592e-01
9.987651757770027450e-01
9.988214807580476640e-01
9.988751726465542324e-01
9.989273659067462452e-01
9.989786346974635078e-01
9.990291692096086029e-01
9.990788694427807926e-01
9.991274040143418578e-01
9.991742488160916258e-01
9.992187138920400891e-01
9.992599634994124846e-01
9.992970324302989926e-01
9.993288405905895733e-01
9.993542071924201853e-01
9.993718655245938942e-01
9.993804790167157837e-01
9.993786591508716510e-01
9.993649856596420467e-01
9.993380293662987857e-01
9.992963779532183510e-01
9.992386648831456109e-01
9.991636016371344686e-01
9.990700133681270634e-01
9.989568779984520086e-01
9.988233687086716106e-01
9.986688996727238754e-01
9.984931747881159447e-01
9.982962390281013842e-01
9.980785319034175540e-01
9.978409423639242881e-01
9.975848642930016386e-01
9.973122515497595542e-01
9.970256712953162737e-01
9.967283541002504021e-01
9.964242390696399498e-01
9.961180119444746905e-01
9.958151338415066611e-01
9.955218579858874373e-01
9.952452314720495741e-01
9.949930787679974742e-01
9.947739633617548316e-01
9.945971236459211218e-01
9.944723788606114612e-01
9.944100006780423051e-01
9.944205458334297587e-01
9.945146451046783520e-01
9.947027439441240571e-01
