1.016213250725513717e+00
1.011546851083289011e+00
1.007245949090225245e+00
1.003373235311485923e+00
9.999698699910848365e-01
9.970582286597816646e-01
9.946445620688388889e-01
9.927214959257824045e-01
9.912703023631397325e-01
9.902628770491825883e-01
9.896633520508892889e-01
9.894292630104786213e-01
9.895121668862134623e-01
9.898575687673881740e-01
9.904039558844228708e-01
9.910806426740262909e-01
9.918039851777871174e-01
9.924712991618122038e-01
9.929514728683467295e-01
9.930707408196686181e-01
9.925912933297414975e-01
9.911792316535709135e-01
9.883567595424226360e-01
9.834315331248665304e-01
9.753945570786084485e-01
9.627797221263466598e-01
9.434910939389959950e-01
9.146480611174685471e-01
8.726109883558168523e-01
8.135649086521902218e-01
7.352399992321999589e-01
6.399076423250090739e-01
5.366907306100112685e-01
4.388588800799299583e-01
3.553839829866567435e-01
2.851874388139801209e-01
2.218027539179234231e-01
1.637206097657518955e-01
1.185009650462952174e-01
8.860323647654445856e-02
1.213296822233846661e-01
1.432532420691421393e-01
1.798079147683538104e-01
2.196313330983816203e-01
2.578905041462210557e-01
2.925368865112858430e-01
3.229900125212824546e-01
3.493647772812166208e-01
3.720574391263507530e-01
3.915433880242197295e-01
4.082868359211395126e-01
4.227056454336257652e-01
4.351618240221972189e-01
4.459631484078331320e-01
4.553690112764868236e-01
4.635973388169937759e-01
4.708312339186513373e-01
4.772248475198066497e-01
4.829083640520283049e-01
4.879921487346980391e-01
4.925701626559884083e-01
4.967227631311849634e-01
5.005189989919046623e-01
5.040184959802578302e-01
5.072730120452038083e-01
5.103277284770341149e-01
5.132223313501957929e-01
5.159919289299733647e-01
5.186678446300013734e-01
5.212783220241296034e-01
5.238491789797652398e-01
5.264044537120680101e-01
5.289670996840827311e-01
5.315598155651223289e-01
5.342061554895579656e-01
5.369321865782958891e-01
5.397692244945611062e-01
5.427587910620720324e-01
5.459624990552303103e-01
5.494840375323982729e-01
5.535253803660459271e-01
5.585616609478235572e-01
5.660854512127503346e-01
5.845827990420175979e-01
4.591383391769043865e-01
5.423820780138870479e-01
5.548885319339299516e-01
5.617715976755560670e-01
5.671369757058815075e-01
5.719350913799234881e-01
5.765071120766519508e-01
5.810120058109397023e-01
5.855456776866675428e-01
5.901950689447738041e-01
5.951035817773216996e-01
6.007191670899542091e-01
6.106919687293522747e-01
5.967172773073685654e-01
6.082203985588024997e-01
6.141432592422390035e-01
6.193572710291099792e-01
6.243527986571238975e-01
6.292514286440243909e-01
6.340901077392164797e-01
6.388766027468741893e-01
6.436053483939603304e-01
6.482620951863367065e-01
6.528174041589748233e-01
6.556744519853621167e-01
6.617504358264264530e-01
6.659331965520320917e-01
6.699561981688761936e-01
6.737804212823699235e-01
6.773735614197796684e-01
6.807029389791418028e-01
6.837343732238757577e-01
6.864318375107959502e-01
6.887572690237419026e-01
6.906704023697474160e-01
6.921285890741779578e-01
6.930865886599782977e-01
6.934963247981292822e-01
6.933066036165256296e-01
6.924627938605159017e-01
6.909064713189960738e-01
6.885750332843886268e-01
6.854012931574468004e-01
6.813130709705730315e-01
6.762328029388602335e-01
6.700772025416886768e-01
6.627570174905625944e-01
6.541769416182728891e-01
6.442357584646936086e-01
6.328268140550156184e-01
6.198389393572253381e-01
6.051579662505213175e-01
5.886690003701023910e-01
5.702596213477897358e-01
5.498241577661144852e-01
5.272690893992972860e-01
5.025193528412987831e-01
4.755245034447054264e-01
4.462607282782157236e-01
4.147095459556546238e-01
3.806429456705198167e-01
3.257243657306394535e-01
3.101291274470426851e-01
2.698953696748672693e-01
2.207502396927381039e-01
2.187335018686384636e-01
1.706004285226123407e-01
1.334014344349253034e-01
1.003683204835979642e-01
7.143951106773314963e-02
4.719008680271832151e-02
2.825162300107943517e-02
1.515545392358146233e-02
8.262701652169100741e-03
7.731153022588451232e-03
1.350871016436557340e-02
2.534910622949726813e-02
4.284495829428178887e-02
6.547180076007937111e-02
9.263622354455122720e-02
1.237219955180100667e-01
1.581297948256701613e-01
1.953083751472530216e-01
2.347773138370171375e-01
2.761442323977130187e-01
3.191252374234499478e-01
3.636017890807349828e-01
4.099113695091891607e-01
4.463764176171463594e-01
4.948283297119875357e-01
5.451195602152376640e-01
5.943323868063874471e-01
6.438294347991125877e-01
6.936892041768029094e-01
7.436231085330794466e-01
7.929537010690136389e-01
8.404091980267835993e-01
8.837788044678887012e-01
9.194294599062284856e-01
9.417628918588303311e-01
9.429279702227431059e-01
9.135235796067141534e-01
8.452937720346783701e-01
7.358796270995087152e-01
5.930248912623852231e-01
4.343290331673078652e-01
2.821516428690379330e-01
1.566418072870918443e-01
6.952642433286877754e-02
2.186892542780595125e-02
7.586188127375540456e-03
4.579519980676134694e-02
3.181098241875090354e-02
6.354016422376157491e-02
9.896187792135176242e-02
1.360352072342302099e-01
