3.408554277724377135e-01
3.794983393606101152e-01
4.144604708723633735e-01
4.464233152191343645e-01
4.760560500693854502e-01
5.039616169663028167e-01
5.306522249440431827e-01
5.565413662687457297e-01
5.819449747947459395e-01
6.070875434788021163e-01
6.321108323087564207e-01
6.570838251185560086e-01
6.820131706329609633e-01
7.068536616097321756e-01
7.315184716052807179e-01
7.558889147542324771e-01
7.798231416728551579e-01
8.031464164706850761e-01
8.257778563888872325e-01
8.474644585182841139e-01
8.680931396067765871e-01
8.875245357573358085e-01
9.056373835969124819e-01
9.223310905185523323e-01
9.375278428431986777e-01
9.511738274369807566e-01
9.632395439989202002e-01
9.737192444548827819e-01
9.826294281789804685e-01
9.900050140749296901e-01
9.957019227828453056e-01
1.000449343272276748e+00
1.003634039387304666e+00
1.005605608802051076e+00
1.006464100488168478e+00
1.006317800856762590e+00
1.005277982787063706e+00
1.003456298849609185e+00
1.000962743488636120e+00
9.979039809982110931e-01
9.943819998593717013e-01
9.904930736568072769e-01
9.863270073222629719e-01
9.819666431834839226e-01
9.774875979055344111e-01
9.729581996218447104e-01
9.684395943379245919e-01
9.639859918151094664e-01
9.596450233171569533e-01
9.554581865672640006e-01
9.514613568214717043e-01
9.476853471163900755e-01
9.441565065877703944e-01
9.408973734376613329e-01
9.379267935048316573e-01
9.352624345987459176e-01
9.329186016036608020e-01
9.309092978993179779e-01
9.292481825817670016e-01
9.279496456334556109e-01
9.270299826532697463e-01
9.265088830970319433e-01
9.264114227972043425e-01
9.267708685552509262e-01
9.276328155377464579e-01
9.290615689196420890e-01
9.311504197796662829e-01
9.340388913445704100e-01
9.379427405025240194e-01
9.432067402227511943e-01
9.503873087364125283e-01
9.602382796174099289e-01
9.710562115745450251e-01
8.699608177497636374e-01
9.118497163165615316e-01
2.690702396277918629e-01
7.546136221257898624e-01
8.338897282422235158e-01
8.685250183976399585e-01
8.868063692458426628e-01
8.995952174831778336e-01
9.097132614792116101e-01
9.184096108103224632e-01
9.263177958865385087e-01
9.337745859601401799e-01
9.410331670733009801e-01
9.481676260138806045e-01
9.552474277159554994e-01
9.622698721339163486e-01
9.691631522530211873e-01
9.757565805097901945e-01
9.817212599093059211e-01
9.864610864170290094e-01
9.889286837321363821e-01
9.873776312818172141e-01
9.690920916572186572e-01
9.461717191633288726e-01
8.886160243619486421e-01
7.738653463269010713e-01
5.700205823096196056e-01
2.869152857658788247e-01
5.416582139268679569e-02
1.339526605610997199e-02
1.187005453010698819e-01
2.562709814519112395e-01
3.746212792611871567e-01
4.657326452765477853e-01
5.339814834596803284e-01
5.849507853464678275e-01
6.229841725832259147e-01
6.510646471002360380e-01
6.711105296412730459e-01
6.842434527015500700e-01
6.909550829031407826e-01
6.911756714510532973e-01
6.842523616591775770e-01
6.688366098402719340e-01
6.426795384061779748e-01
6.023758086597474914e-01
5.432823478418946639e-01
4.604053709100032754e-01
3.520769334337336964e-01
2.275248973835317656e-01
1.125868097089102737e-01
4.823173686763321255e-02
7.820817335207007337e-02
1.983446246444063032e-01
3.481844307005396710e-01
4.788714567558986501e-01
5.770571618786455304e-01
6.468541506936886787e-01
6.957113510464117967e-01
7.298530455478474677e-01
7.536921749217689870e-01
7.702147267228297567e-01
7.814293660627635862e-01
7.887018811301524934e-01
7.929775307270815476e-01
7.949241108895218622e-01
7.950237148080555594e-01
7.936318545601807051e-01
7.895232469402008180e-01
7.873394995945580677e-01
7.828524380190352572e-01
7.776236617698867315e-01
7.717670038286188472e-01
7.653526080071880733e-01
7.584822981726738744e-01
7.512057739293575009e-01
7.435939690530566359e-01
7.357263500061657080e-01
7.219540843272784780e-01
7.109592366455970147e-01
7.076605784695769730e-01
6.990484803372184475e-01
6.898057040224584435e-01
6.802037589618449287e-01
6.703014815031602680e-01
6.601119463457069125e-01
6.496304328461243172e-01
6.388417768191829715e-01
6.277227425931195537e-01
6.162427912680398245e-01
6.043642042181210927e-01
5.920418853760488487e-01
5.792229625553372285e-01
5.658462329661327894e-01
5.518414676555146725e-01
5.371285778649297349e-01
5.216166452204066273e-01
5.052028262991793417e-01
4.877711637255608967e-01
4.691913781101446079e-01
4.493177915445390469e-01
4.279886674174154804e-01
4.050264823571425032e-01
3.802400392500037696e-01
3.534299912229296736e-01
3.244004409593074789e-01
2.929810513674614425e-01
2.590668646072303849e-01
2.226870438324266843e-01
1.841188332114745974e-01
1.440673949316143287e-01
1.039300007105143642e-01
6.614070680818062709e-02
3.452660736853133128e-02
1.447642329878373775e-02
1.260410403774503245e-02
3.546525411267418409e-02
8.729122247045768834e-02
1.672462692896575787e-01
2.678349955136076210e-01
3.763569098218136344e-01
4.792417586680445818e-01
5.661658094615760195e-01
6.310185771057529314e-01
6.693214577735480120e-01
6.720211265135159762e-01
6.103599781602331298e-01
