7.326880761680193421e-01
7.351701373604383472e-01
7.346203709186182040e-01
7.315719118157263390e-01
7.265352535659206357e-01
7.199880081290181977e-01
7.123678168811262701e-01
7.040676757745436554e-01
6.954287441704886108e-01
6.867664515882854204e-01
6.783182860848250284e-01
6.702968809125191552e-01
6.628687434301765435e-01
6.561615759916408219e-01
6.502679620699313157e-01
6.452491509339465248e-01
6.411388920179041939e-01
6.379472238539843909e-01
6.356641379827350224e-01
6.342630570008300772e-01
6.337040828689598504e-01
6.339369862912486164e-01
6.349039206428609416e-01
6.365418551443577933e-01
6.387847328892619636e-01
6.415653724720162820e-01
6.448171542072365092e-01
6.484755850923864529e-01
6.524800035530370357e-01
6.567763571739207995e-01
6.613253448301658066e-01
6.661274555961800292e-01
6.684919786427250266e-01
6.753176172185213488e-01
6.802150949361278620e-01
6.853439194176408344e-01
6.903708528511723896e-01
6.953489292204888539e-01
7.002838942380721354e-01
7.051682295536277900e-01
7.099953616549937729e-01
7.147610489531970313e-01
7.194633897166133885e-01
7.241025053004765955e-01
7.286801120056470848e-01
7.331990453656114237e-01
7.376627598319488444e-01
7.420748079612777826e-01
7.464382753988202390e-01
7.507550272349043929e-01
7.550236122294030627e-01
7.592158621932174611e-01
7.634665220660087348e-01
7.675943198844672466e-01
7.717026772486678121e-01
7.751427968945038272e-01
7.793782999971257119e-01
7.831643700854848955e-01
7.867794305595710025e-01
7.902012014628445602e-01
7.933886153952985909e-01
7.962894311269699266e-01
7.988401659632209384e-01
8.009645462217084289e-01
8.025711491650856511e-01
8.035502169545877260e-01
8.037694278705015405e-01
8.030682805854350015e-01
8.012506013824396423e-01
7.980744869308431522e-01
7.932387076678691917e-01
7.863641434988211110e-01
7.769680093446736935e-01
7.644268327344795333e-01
7.479190078674502473e-01
7.263183416689353855e-01
6.979097400958238495e-01
6.589549678450875581e-01
5.691421048380738146e-01
5.943356935263202079e-01
5.170456265299190335e-01
4.344760712527200308e-01
3.413503301492565867e-01
2.415747970876151174e-01
1.447097428929531582e-01
6.449833666071264071e-02
1.434864161509309330e-02
1.210510699794958888e-03
2.247363352473787448e-02
6.838922229921724771e-02
1.273016673039664703e-01
1.898583661685533108e-01
2.497642568277399500e-01
3.049550268419429777e-01
3.522242568962961062e-01
3.933290218550007378e-01
4.284895727561831569e-01
4.582971961931791571e-01
4.650449537053296667e-01
5.095527319846019365e-01
5.306773392999393213e-01
5.516272689052729161e-01
5.730041792831843672e-01
5.950975469380435090e-01
6.349967514500011179e-01
7.162178058948286408e-01
4.447795838631368182e-01
2.612487967321506788e-01
4.006276823760840378e-01
4.494698636649688273e-01
4.738002887327974477e-01
4.881765789859139337e-01
4.974414860121941229e-01
5.043063443415172209e-01
5.086942144517796471e-01
5.119753133492499497e-01
5.143943133774306897e-01
5.161774468435536001e-01
5.174824800612819464e-01
5.184180026763500759e-01
5.190571706417916875e-01
5.194458819656131432e-01
5.196071658583617525e-01
5.195428001912119065e-01
5.192324868947996164e-01
5.186303073180583700e-01
5.176574376258297194e-01
5.161888885196196375e-01
5.140296549589967734e-01
5.108704593835667884e-01
5.062007408662884123e-01
4.991229315455716908e-01
4.879089265093403682e-01
4.687606739830394997e-01
4.314312665592007767e-01
3.365442301082238186e-01
1.889173264752155856e-02
9.352907497670021053e-01
7.394967680449926473e-01
6.809112964191044171e-01
6.540054804950264922e-01
6.389392341812552001e-01
6.293005038878681789e-01
6.157064877964026905e-01
6.191014819810524150e-01
6.150509190941630955e-01
6.114168071350046807e-01
6.076249819226031690e-01
6.031161040791052086e-01
5.971442056701536938e-01
5.884870770886180269e-01
5.747308747186326006e-01
5.496451173524454781e-01
4.868715066345288833e-01
4.328144333357371587e-01
1.025293008528931349e-01
8.359366151448599513e-01
8.280830843196691493e-01
7.867916315259796400e-01
7.434642603551145923e-01
7.598090408998140477e-01
7.546054760493950964e-01
7.537355827224675453e-01
7.556522339115618880e-01
7.624457533701211043e-01
7.730944911063925007e-01
7.930279562346105315e-01
8.585876280229668422e-01
6.596208348246028752e-01
7.397003624951256073e-01
7.642295895951110030e-01
7.810216846312346695e-01
7.957473353338668787e-01
8.099146405721404651e-01
8.240468063051867853e-01
8.383237857740554189e-01
8.527698507741086065e-01
8.673210996981901566e-01
8.818521524181305304e-01
8.961818882383267848e-01
9.100236084702114647e-01
9.214198529087651579e-01
9.353626793296472286e-01
9.467590226177917678e-01
9.537028546103767379e-01
9.649634975886159927e-01
9.710833995398089336e-01
9.743445164734619857e-01
9.746389625081451902e-01
9.715884626851476469e-01
9.647554179973343302e-01
9.536187314055072362e-01
9.374875649941598610e-01
9.153103670043073459e-01
8.852468308648325790e-01
8.436494337214320849e-01
7.824444537162896784e-01
6.819693809559542741e-01
4.938269796457011585e-01
1.622594994570583926e-01
