7.230456944287603216e-01
7.438784687235330262e-01
7.608354364697234029e-01
7.735245225530551494e-01
7.826491795680252661e-01
7.885102877546210642e-01
7.582348377581725751e-01
7.930806450236270733e-01
7.920733163017164014e-01
7.896558368859700749e-01
7.861984286078754769e-01
7.820635320830290338e-01
7.775840442143141518e-01
7.730566049700885456e-01
7.687383412438987262e-01
7.648451209751939706e-01
7.615507021958063394e-01
7.589864089831149796e-01
7.572409604010805761e-01
7.563598861096343384e-01
7.563433370310730375e-01
7.571389042559860671e-01
7.586160372221801840e-01
7.604347146671629476e-01
7.596169399580754433e-01
7.685435447895841987e-01
7.616032628247650926e-01
7.802690156480729389e-01
7.806847914424804857e-01
7.815693600150943610e-01
7.808692195102379108e-01
7.772280802004425393e-01
7.688022383128984005e-01
7.526061261788984380e-01
7.233349982510297593e-01
6.708135554443012127e-01
5.744979347816977500e-01
3.960630730760152929e-01
1.192273155925154676e-01
2.714416606549789959e-02
3.685406393472646647e-01
6.673799795345072283e-01
8.149760437574297134e-01
8.856978393223476909e-01
9.220134073179403478e-01
9.394509067609905228e-01
9.487558598583221148e-01
9.595943442609782270e-01
9.617406152168865852e-01
9.620991087894275040e-01
9.609573843567581486e-01
9.586631032517557438e-01
9.554851310255801922e-01
9.516345618372858972e-01
9.472861366257669946e-01
9.425920009193824445e-01
9.376900740061160366e-01
9.327091700184719780e-01
9.277722455717760663e-01
9.229986105265467478e-01
9.185056016681332203e-01
9.144099728559114126e-01
9.108289330406149631e-01
9.078799131561846592e-01
9.056750262740135282e-01
9.042930529749551027e-01
9.036519753062378646e-01
9.029797150519732751e-01
9.003143441744817510e-01
8.997561628179436832e-01
9.058857338352915844e-01
9.151241818909555681e-01
9.276595033284291691e-01
9.479241270713643086e-01
1.007989366870932324e+00
8.206365666675941029e-01
9.156821799761336589e-01
9.430992336796150122e-01
9.617563817249248359e-01
9.756080954727409660e-01
9.830766067666587560e-01
9.797261078978047877e-01
9.583205873056009905e-01
9.092130547398981077e-01
8.229105672202099431e-01
6.963880457164928206e-01
5.415424534527969458e-01
3.924219231918714135e-01
1.234627247166680958e-01
9.043759140393221874e-02
3.640077096217005787e-02
8.294381550977883086e-03
2.957008106091210914e-04
5.510798326610980361e-03
2.056080142257921475e-02
3.443525677536334040e-02
5.077677511354173473e-02
6.732624903622047574e-02
8.326365973253133101e-02
9.821456667241731942e-02
1.120261389917822786e-01
1.246635178062108773e-01
1.361531079151471202e-01
1.465501498914689726e-01
1.559198505364661758e-01
1.643261913014630038e-01
1.718249682898089770e-01
1.784588718870853685e-01
1.842528209762098190e-01
1.892065107784690059e-01
1.932700347553145959e-01
1.962031111929858906e-01
1.973862629519337053e-01
1.971275042078185769e-01
1.957059767629552027e-01
1.792634288951465427e-01
2.271993802343358348e-01
2.284130878603161663e-01
2.137746337782611972e-01
2.046142633290227164e-01
1.951459525865371636e-01
1.837498232339215554e-01
1.694577767978340810e-01
1.514181750435149021e-01
1.288247082629276896e-01
1.010922897445061946e-01
6.846855286070278879e-02
3.367552108863428734e-02
5.866888681940302629e-03
8.396847389004154227e-03
8.566543168709778167e-02
2.794440603515073729e-01
5.520888781111359389e-01
7.869578618312248475e-01
9.219694172124391907e-01
9.770983988329364767e-01
9.889249262606238933e-01
9.809302032189199938e-01
9.641143716992196522e-01
9.418443820684450074e-01
9.110014926347678177e-01
8.491178740250623358e-01
3.564196006785161353e-01
1.056363136619312471e+00
9.847110513886651040e-01
9.536171317200030639e-01
9.324108347099149263e-01
9.143332345500274627e-01
8.967894975736441232e-01
8.769607645033086207e-01
8.479540907724912868e-01
8.293793832894167384e-01
8.149647866097670112e-01
7.877649625629826735e-01
7.536815794534394986e-01
7.130365466349560810e-01
6.651148823943818789e-01
6.092812521722440477e-01
5.454428270294205960e-01
4.744734581635536852e-01
3.985862258910294331e-01
3.215235383003936520e-01
2.400058259201210131e-01
1.750636453469809339e-01
1.215017903923613363e-01
8.039084624337267115e-02
5.389139106706698074e-02
4.591758965291237171e-02
1.176566611090949233e-01
1.118841681597859128e-01
4.286322130592700591e-02
3.785593494503453754e-02
3.846768107018209287e-02
3.298090624814572352e-02
2.909418546193492331e-03
2.854317296383013791e-01
1.833692097828631407e-01
1.686770384891485008e-01
1.687086985517413651e-01
1.787334704546402753e-01
1.847751525159655184e-01
1.916285278525225177e-01
1.984183564999324190e-01
2.047613792862512105e-01
2.104319902768681805e-01
2.152787743176095558e-01
2.192037215070279654e-01
2.222088933169744096e-01
2.246260801944782448e-01
2.254755828445554611e-01
2.243379860895031996e-01
2.221543471057136343e-01
2.207160607175649714e-01
2.159388827109081921e-01
2.109897913804484881e-01
2.053987859806692406e-01
1.993455873091315167e-01
1.931027955577394595e-01
1.869280939094884741e-01
1.810172908176868878e-01
