9.901696966690485269e-01
9.905038472500282687e-01
9.908280019683324280e-01
9.911430082937069397e-01
9.914497861017937952e-01
9.917492832826909632e-01
9.920424389047531877e-01
9.923301532972228500e-01
9.926132643857897841e-01
9.928925296095599817e-01
9.931686127580559020e-01
9.934420750890643470e-01
9.937133701218989756e-01
9.939828415386942062e-01
9.942507236699128503e-01
9.945171440874819302e-01
9.947821278749868767e-01
9.950456031914506339e-01
9.953074077919497054e-01
9.955672962106139057e-01
9.958249473541679331e-01
9.960799722923070476e-01
9.963319220665647347e-01
9.965802953718058133e-01
9.968245459939248931e-01
9.970640899127091172e-01
9.972983120024030423e-01
9.975265722818794645e-01
9.977482116844920146e-01
9.979625573315096254e-01
9.981689273061712386e-01
9.983666349350506231e-01
9.985549925929257942e-01
9.987333150524189129e-01
9.989009224064179238e-01
9.990571425940117933e-01
9.992013135644377542e-01
9.993327851141030616e-01
9.994509204338629660e-01
9.995550974031003344e-01
9.996447096674321298e-01
9.997191675355990848e-01
9.997778987304555276e-01
9.998203490273375182e-01
9.998459828112340464e-01
9.998542835832300302e-01
9.998447544441435575e-01
9.998169185818228666e-01
9.997703197867170433e-01
9.997045230188597031e-01
9.996191150469883047e-01
9.995137051802082118e-01
9.993879261097156075e-01
9.992414348780656042e-01
9.990739139915493228e-01
9.988850726906848276e-01
9.986746483927685381e-01
9.984424083198590871e-01
9.981881513253689775e-01
9.979117099317538209e-01
9.976129525921101360e-01
9.972917861886093638e-01
9.969481587807411671e-01
9.965820626174786145e-01
9.961935374276905675e-01
9.957826740049577907e-01
9.953496181034328094e-01
9.948945746638344634e-01
9.944178123899722888e-01
9.939196686989592022e-01
9.934005550705234944e-01
9.928609628239086771e-01
9.923014693547438370e-01
9.917227448675405288e-01
9.911255596443020455e-01
9.905107918948566903e-01
9.898794362396612367e-01
9.892326128832303889e-01
9.885715775421118900e-01
9.878977322002990835e-01
9.872126367736686614e-01
9.865180217744146107e-01
9.858158020773385433e-01
9.851080919016870219e-01
9.843972211347421508e-01
9.836857531361310469e-01
9.829765041757692057e-01
9.822725646715403380e-01
9.815773224044844758e-01
9.808944878993410832e-01
9.802281221614710383e-01
9.795826669579181800e-01
9.789629778096337054e-01
9.783743598196282809e-01
9.778226063792301304e-01
9.773140406480751441e-01
9.768555594519497953e-01
9.764546788100942898e-01
9.761195795488059046e-01
9.758591501013421654e-01
9.756830210195652775e-01
9.756015804569089234e-01
9.756259479715809757e-01
9.757678532745840405e-01
9.760392728381656058e-01
9.764513207832674624e-01
9.770100260867925490e-01
9.776895715142617238e-01
9.771436214385312846e-01
9.802076966925246104e-01
9.814846879708570837e-01
9.830651235714551461e-01
9.848948135531870873e-01
9.869533341456890874e-01
9.892076258512746412e-01
9.915935686183044995e-01
9.939929501751570973e-01
9.961966406269233687e-01
9.978425498133606242e-01
9.983086911112059036e-01
9.965258591910470809e-01
9.906461412123129806e-01
9.774578893138630153e-01
9.513870791244696257e-01
9.029775957593381142e-01
8.173896172754676615e-01
6.761715548772702089e-01
4.715296998918730442e-01
2.384790986349535347e-01
6.162017875802060923e-02
2.298309471793599692e-04
3.366248268533995197e-02
1.095981848922676360e-01
1.924080956730635783e-01
2.672659145663531244e-01
3.304484107882454391e-01
3.824916364241643385e-01
4.251258802289671901e-01
4.601573036038564823e-01
4.891373245039818407e-01
5.133185030814304550e-01
5.336075231080743553e-01
5.508817311658646965e-01
5.656539715798738488e-01
5.783984134057345017e-01
5.894807261415271338e-01
5.991913355725425605e-01
6.077633355357260347e-01
6.153854921917988330e-01
6.222119483682868601e-01
6.283695415146801633e-01
6.339633677854337179e-01
6.390810457480167184e-01
6.437960083817503287e-01
6.481700632533702322e-01
6.522553971675645323e-01
6.560961557979018144e-01
6.597296956353075892e-01
6.631875814121445112e-01
6.664963844111162494e-01
6.696783239454020542e-01
6.727517845194331825e-01
6.757317338382365923e-01
6.786300612742400817e-01
6.814558521531817181e-01
6.842156099425005245e-01
6.869134358653929961e-01
6.895511734361912115e-01
6.921285237773276977e-01
6.946431362314919866e-01
6.970906776375555003e-01
6.994648826314983081e-01
7.017575863984427675e-01
7.039587403772815666e-01
7.060564104218660653e-01
7.080367557239858334e-01
7.098839851686138402e-01
7.115802852302819392e-01
7.131057089117306402e-01
7.144380057607628842e-01
7.155523508667633870e-01
7.164208714379334264e-01
7.170116835692624813e-01
7.172864371666975991e-01
7.171916849515496128e-01
7.166080378985915100e-01
7.142653135725252067e-01
7.151419607640577825e-01
7.132164675163342737e-01
7.107500275599665240e-01
7.076580567266529398e-01
7.038452034528495105e-01
6.992125772719213206e-01
6.936471499341138047e-01
6.870127250488401449e-01
6.791357666774056057e-01
6.697741828460193059e-01
6.585264277665959787e-01
6.444558415676979735e-01
6.233531045596021336e-01
