1.112565263462686360e+00
1.100094074679979661e+00
1.086424644451960964e+00
1.072116780076630471e+00
1.057675583863573632e+00
1.043574143968799772e+00
1.030324337708169224e+00
1.018769128014896275e+00
1.011450276061460762e+00
9.677157771493444249e-01
9.744216504554826797e-01
9.685527350261619040e-01
9.624807658405265531e-01
9.573278815682593201e-01
9.533811653334787195e-01
9.507459545866624451e-01
9.494747672443165643e-01
9.496113094310758562e-01
9.512130322664061888e-01
9.543628950472013983e-01
9.591584861375361815e-01
9.656148880714469085e-01
9.731448578818713280e-01
9.787343711226315079e-01
9.631420887363868477e-01
7.938074353928821214e-01
5.677295228004349686e-02
2.917935769490969111e-01
5.696296177383060044e-01
6.850051797228223771e-01
7.420171261570949195e-01
7.746297536490733826e-01
7.951101420511402784e-01
8.087243992589348007e-01
8.180577556162905717e-01
8.245156130244388759e-01
8.289258739707131562e-01
8.318095572076982247e-01
8.335136643505857146e-01
8.342811855184243397e-01
8.342901400219876473e-01
8.336763753202420801e-01
8.325473906949288905e-01
8.309909798856979224e-01
8.290807714078091140e-01
8.268798534396054611e-01
8.244431855884871707e-01
8.218192261456437331e-01
8.190510434540131390e-01
8.161770835909323285e-01
8.132317068265464410e-01
8.102455673673546466e-01
8.072458862122070533e-01
8.042566505353627715e-01
8.012987618403725198e-01
7.983901473258024906e-01
7.955458432657965817e-01
7.927780549344271011e-01
7.900961941257462762e-01
7.875068922001955407e-01
7.850139834362511726e-01
7.826184498902749587e-01
7.803183145275277566e-01
7.781084635995241250e-01
7.759803717434383685e-01
7.739216946714652101e-01
7.719156897414736207e-01
7.699404496411691445e-01
7.679681122911413693e-01
7.659651760785116670e-01
7.638952341491297426e-01
7.606734447871372762e-01
7.587232161177694945e-01
7.557914573120420032e-01
7.521195403489217002e-01
7.473189881455206685e-01
7.406052962149646257e-01
7.303077398805148945e-01
7.121751581839699252e-01
6.715404531368659446e-01
5.146561146367288897e-01
5.287496970071838831e-01
8.449391703450833679e-01
8.241652386972927458e-01
8.101278523135403420e-01
8.009623455083294541e-01
7.943125199405111081e-01
7.889972390450487039e-01
7.843808923413371215e-01
7.800808633592076768e-01
7.758383770297245796e-01
7.714564782900507067e-01
7.667669226350758427e-01
7.616101074062163745e-01
7.558208179496553880e-01
7.492160677167123417e-01
7.415827385242593772e-01
7.326632083314418287e-01
7.221371116987297389e-01
7.095969497435619111e-01
6.945144638680122995e-01
6.761934881729303459e-01
6.537034843364616377e-01
6.257867367947778092e-01
5.907335954596231176e-01
5.462320540863911944e-01
4.892446689724223030e-01
4.161177101430755809e-01
3.235634128140944532e-01
2.121794265849328009e-01
9.539730332135464008e-02
1.280791566513471945e-02
2.489856408983781577e-02
1.563716661065045477e-01
3.522050271680144951e-01
5.368034298579021923e-01
6.765671729124530520e-01
7.726603204725502883e-01
8.366373174896011289e-01
8.791582131601362038e-01
9.077232203449668857e-01
9.271320117508935477e-01
9.388747669177128774e-01
9.511337703162894286e-01
9.577635680869703849e-01
9.626710633063567668e-01
9.661120290885164552e-01
9.686314977582710650e-01
9.703756871665596417e-01
9.715123876589385477e-01
9.721528356364652623e-01
9.723712422798782562e-01
9.722159352352466311e-01
9.717168039899001242e-01
9.708904230717443351e-01
9.697436202285857343e-01
9.682759433390137893e-01
9.664812211538369446e-01
9.643479652749404885e-01
9.618566233500398521e-01
9.589602353394922618e-01
9.554186878845710718e-01
9.511948551399749263e-01
9.479374178892074898e-01
9.436781873418456090e-01
9.388529622767021188e-01
9.335330987849492779e-01
9.277185072834336355e-01
9.213944994243644659e-01
9.145410082664788831e-01
9.071342031914361170e-01
8.991461402079521381e-01
8.905435073794846224e-01
8.812856144130651881e-01
8.713214846368008137e-01
8.605857176458507896e-01
8.489925606202091135e-01
8.364272652898079308e-01
8.227331882123759543e-01
8.076919753192510765e-01
7.909920661868128366e-01
7.721765879086512907e-01
7.505530044537404022e-01
7.250275205507989984e-01
6.937809120868954071e-01
6.535821866594819785e-01
5.981965171264531644e-01
5.143322890256082358e-01
3.713105839483285542e-01
1.230518739805060852e-01
1.998465824970227789e-01
7.908891844730693288e-01
8.671371467621112883e-01
8.165648911885784456e-01
7.305475057417202267e-01
5.665835560155081385e-01
4.768705279609489894e-02
1.037263514573655954e+00
9.722062944044673749e-01
9.023194474429546696e-01
8.548498511725967086e-01
8.180509768554304895e-01
7.853046582040115187e-01
7.589964299598782604e-01
7.334154131647772079e-01
7.078532285900874799e-01
6.821962761473343573e-01
6.560176984237383602e-01
6.289558046348707743e-01
6.007115766434358850e-01
5.710398466768085157e-01
5.397492461117713303e-01
5.067133318278140841e-01
4.718971262351483453e-01
4.354085444866570009e-01
3.975946811496700040e-01
3.592265061960178696e-01
3.218770424566518851e-01
2.887907541881070128e-01
2.672865755114083308e-01
