9.878630470286265952e-01
9.881994026980689405e-01
9.885038556008980404e-01
9.887789369936952344e-01
9.890275051865229372e-01
9.892526128259010454e-01
9.894573951839882309e-01
9.896449778492256710e-01
9.898184020955649309e-01
9.899805661552694147e-01
9.901341806203322049e-01
9.902817362386848732e-01
9.904254824428129211e-01
9.905674150428798175e-01
9.907092716255323506e-01
9.908525333194168061e-01
9.909984317121377506e-01
9.911479598286199177e-01
9.913018862053583069e-01
9.914607712126363159e-01
9.916249848922135124e-01
9.917947256829872105e-01
9.919700395063377751e-01
9.921508387728622536e-01
9.923369209541076374e-01
9.925279864355245341e-01
9.927236554322903528e-01
9.929234838059236568e-01
9.931269776696590723e-01
9.933336067120983603e-01
9.935428162050403689e-01
9.937540376907543216e-01
9.939666983695016889e-01
9.941802292262924556e-01
9.943940719529691386e-01
9.946076847321961845e-01
9.948205469595923223e-01
9.950321629847911353e-01
9.952420649566385835e-01
9.954498148582533457e-01
9.956550058180766438e-01
9.958572627806870914e-01
9.960562426190381347e-01
9.962516337659713672e-01
9.964431554382531253e-01
9.966305565227020491e-01
9.968136141880118428e-01
9.969921322813670717e-01
9.971659395635310563e-01
9.973348878313078592e-01
9.974988499704757761e-01
9.976577179786796368e-01
9.978114009916595473e-01
9.979598233430649890e-01
9.981029226831669154e-01
9.982406481784228403e-01
9.983729588099871100e-01
9.984998217861351666e-01
9.986212110808160292e-01
9.987371061075271950e-01
9.988474905356639066e-01
9.989523512544000727e-01
9.990516774870413785e-01
9.991454600577042156e-01
9.992336908102833481e-01
9.993163621793051954e-01
9.993934669105090096e-01
9.994649979291025943e-01
9.995309483525305350e-01
9.995913116447158187e-01
9.996460819081676163e-01
9.996952543104036248e-01
9.997388256416137597e-01
9.997767950000493453e-01
9.998091646023620216e-01
9.998359407165198220e-01
9.998571347150335686e-01
9.998727642477097666e-01
9.998828545323935613e-01
9.998874397639404554e-01
9.998865646419385911e-01
9.998802860180519003e-01
9.998686746643008494e-01
9.998518171640655705e-01
9.998298179273723552e-01
9.998028013308403184e-01
9.997709139815004198e-01
9.997343271006861043e-01
9.996932390188403295e-01
9.996478777651924830e-01
9.995985037230310510e-01
9.995454123044841266e-01
9.994889365696212336e-01
9.994294496743005851e-01
9.993673669687588301e-01
9.993031474748871323e-01
9.992372943292783249e-01
9.991703535649074652e-01
9.991029102749071633e-01
9.990355806950074191e-01
9.989689979481297666e-01
9.989037879385332941e-01
9.988405298682047073e-01
9.987796925553039662e-01
9.987215322620066615e-01
9.986659284411756321e-01
9.986121176523553578e-01
9.985582570509281553e-01
9.985006958177136127e-01
9.984327320321073618e-01
9.983424331713806055e-01
9.982086868304675953e-01
9.979937540781514960e-01
9.976285369482215115e-01
9.969816796560826422e-01
9.957899603905643326e-01
9.934869650998529034e-01
9.887321687080269372e-01
9.779277650798651189e-01
9.497989472864759586e-01
8.656656945379532786e-01
6.899565196097059427e-01
7.414186971201952581e-01
8.600515666002609416e-01
9.142951881587768614e-01
9.394910428903073818e-01
9.523360238224045649e-01
9.585751682236223203e-01
9.595403240965019176e-01
9.531277359375595060e-01
9.299317344148891884e-01
8.540121000240160631e-01
6.001624137486604171e-01
3.752298861571483068e-01
6.389249197629083277e-01
7.904067787484890806e-01
8.557477550355843121e-01
8.884075878378693281e-01
9.070269934997841066e-01
9.186815767832444690e-01
9.264705413411333801e-01
9.319224174569632480e-01
9.358644990717742695e-01
9.387785448096273022e-01
9.409620138789982491e-01
9.426075241554787709e-01
9.438447937789476994e-01
9.447640823046905556e-01
9.454299387971160096e-01
9.458896033497351530e-01
9.461783264047436415e-01
9.463228418839714218e-01
9.463436967241152242e-01
9.462568505899106031e-01
9.460747970856392408e-01
9.458073631827613736e-01
9.454622865950791377e-01
9.450456351429721291e-01
9.445621083784621064e-01
9.440152437027220511e-01
9.434075310903088374e-01
9.427404126751725011e-01
9.420140802954256598e-01
9.412267971359501439e-01
9.403727747859957908e-01
9.394342053006359272e-01
9.383360477305821012e-01
9.361590756394286839e-01
9.367882562439350247e-01
9.358368061775679259e-01
9.346295991784033808e-01
9.333928048324959814e-01
9.321108817908907440e-01
9.307753153391191692e-01
9.293808107321911427e-01
9.279232465016143960e-01
9.263988636424306256e-01
9.248039102500024145e-01
9.231344724033351268e-01
9.213864014868392571e-01
9.195553182614025767e-01
9.176367158586878903e-01
9.156262319364150137e-01
9.135202474080544865e-01
9.113171622396182281e-01
9.090201798082747642e-01
9.066437781564027354e-01
9.042304065735411456e-01
9.019010872445833993e-01
9.000514712484435353e-01
9.002280982346357874e-01
8.535787047727179111e-01
8.772720306847843208e-01
8.759743792484132596e-01
8.721784854688043875e-01
8.672725667524048276e-01
8.615051265305486705e-01
8.548882416543525098e-01
8.473457889914577379e-01
8.387492870945678636e-01
