9.953057026596032753e-01
9.964740015535928919e-01
9.974669517710761379e-01
9.982973782646445970e-01
9.989791778487195906e-01
9.995267364059682302e-01
9.999544416318539852e-01
1.000276284303835528e+00
1.000505540509367908e+00
1.000654526992952986e+00
1.000734421732225821e+00
1.000755141978153739e+00
1.000725272263263577e+00
1.000652035249874006e+00
1.000541298737372076e+00
1.000397612645934187e+00
1.000224270320131392e+00
1.000023389037894228e+00
9.997960051514608315e-01
9.995421798152627213e-01
9.992611117664210729e-01
9.989512541068983342e-01
9.986104324883484651e-01
9.982359625208039322e-01
9.978247646091000789e-01
9.973734747684321889e-01
9.968785502820570743e-01
9.963363693398287202e-01
9.957433240394734097e-01
9.950959063423563400e-01
9.943907867564899528e-01
9.936248856719609446e-01
9.927954374026205508e-01
9.919000470906811362e-01
9.909367407164358932e-01
9.899040085195676131e-01
9.888008421889427080e-01
9.876267662117056423e-01
9.863818637967923797e-01
9.850667977996316882e-01
9.836828270794713003e-01
9.822318187168590509e-01
9.807162565101786855e-01
9.791392461560779470e-01
9.775045175008165721e-01
9.758164242303012381e-01
9.740799413434452214e-01
9.723006607306917681e-01
9.704847851549166515e-01
9.686391209077169773e-01
9.667710693881289563e-01
9.648886178271425251e-01
9.630003293543299980e-01
9.611153325785143364e-01
9.592433108267105490e-01
9.573944911578754491e-01
9.555796332367930690e-01
9.538100181193385207e-01
9.520974369606144405e-01
9.504541796100984818e-01
9.488930230009179345e-01
9.474272191692661993e-01
9.460704826503123499e-01
9.448369768837560079e-01
9.437412991162016374e-01
9.427984631015626782e-01
9.420238786605833470e-01
9.414333268554790912e-01
9.410429291486139824e-01
9.408691084348164146e-01
9.409285392608983667e-01
9.412380839008560596e-01
9.418147103376215412e-01
9.426753878781803930e-01
9.438369567704937291e-01
9.453159714405355851e-01
9.471285269045357502e-01
9.492901050392839046e-01
9.518155504322525218e-01
9.547194900790624272e-01
9.580181341371476478e-01
9.617355673518246384e-01
9.659269932069913800e-01
9.707884450422628042e-01
9.776390347154032545e-01
9.639904789055692147e-01
9.801489928690068076e-01
9.860343406803822042e-01
9.908600726410347059e-01
9.947915571044458893e-01
9.974163295512185057e-01
9.979812711579711948e-01
9.953170325510646288e-01
9.876576314745836305e-01
9.723633376076825652e-01
9.455463602273804780e-01
9.016661235309727518e-01
8.333826076043630016e-01
7.324846309240711228e-01
5.935241159963453583e-01
4.216552617811243908e-01
2.414434445325376599e-01
9.392264138966473219e-02
1.347638980588496301e-02
5.440684963471783576e-03
5.011227201310208823e-02
1.221375171781787922e-01
2.028053566679698105e-01
2.817704290804555756e-01
3.545092958893482638e-01
4.196773347607639093e-01
4.774131034452679945e-01
5.284368961513203899e-01
5.736214448881373773e-01
6.138071036925348833e-01
6.497342200304604409e-01
6.820282117650422471e-01
7.112064033080683911e-01
7.376923741575505122e-01
7.618315839626321750e-01
7.839057772340874974e-01
8.041453617144668220e-01
8.227396802907442908e-01
8.398453754972795560e-01
8.555931215683733049e-01
8.700929760234198396e-01
8.834384756725378596e-01
8.957089244032627740e-01
9.069584253068830870e-01
9.173879356575862509e-01
9.268146702578254903e-01
9.354425939502182263e-01
9.432974578393213960e-01
9.504231565939673665e-01
9.568631061123482606e-01
9.626592709838274198e-01
9.678521967467795806e-01
9.724811381501884400e-01
9.765841614151195005e-01
9.801982053008893025e-01
9.833591063086810635e-01
9.861015972101707661e-01
9.884592879404132670e-01
9.904646367481111380e-01
9.921489182166156606e-01
9.935421936557481404e-01
9.946732885704390181e-01
9.955697815898791880e-01
9.962580096297475318e-01
9.967630956306922085e-01
9.971090089400819201e-01
9.973186764076785726e-01
9.974141794613550216e-01
9.974171109251307454e-01
9.973492573254224558e-01
9.972340108981014861e-01
9.970995899099370785e-01
9.969871126571741016e-01
9.969681041957522138e-01
9.967705685084874423e-01
9.827825394448417295e-01
9.929637314318597863e-01
9.937113741371875753e-01
9.938110672377339361e-01
9.937557387732148806e-01
9.936541743598658050e-01
9.935414690910344682e-01
9.934271996851559150e-01
9.933056769988987122e-01
9.931556346106890087e-01
9.929333519675483943e-01
9.925567724309667383e-01
9.918718626545999228e-01
9.905784916141219254e-01
9.880536426141451889e-01
9.828806780750601879e-01
9.713936770951736577e-01
9.421134590317097324e-01
8.476986645044225499e-01
4.719217468803882376e-01
2.818515406735927487e-01
4.574804406360943876e-01
7.071844398268276599e-01
8.291025269988478996e-01
8.830349343801451312e-01
9.109756728588895847e-01
9.274214272159450045e-01
9.380157695755967362e-01
9.452972596145436945e-01
9.505473087643010466e-01
9.544736010111849467e-01
9.574961779145894081e-01
9.598798403217650987e-01
9.618006018012369429e-01
9.633813280046618077e-01
9.647119270459834084e-01
9.658613243169472673e-01
9.668848538648094904e-01
9.678290202232243677e-01
9.687348354515199489e-01
