9.984677780726092244e-01
9.984621390329010415e-01
9.984567436441504906e-01
9.984516063450076251e-01
9.984467422821946547e-01
9.984421668398809624e-01
9.984378952514800787e-01
9.984339422864529912e-01
9.984303220040504634e-01
9.984270475663717948e-01
9.984241311032079347e-01
9.984215836214156425e-01
9.984194149521853356e-01
9.984176337301144954e-01
9.984162473980816577e-01
9.984152622332688187e-01
9.984146833895576334e-01
9.984145149520370355e-01
9.984147600009063428e-01
9.984154206808206755e-01
9.984164982738865657e-01
9.984179932738986851e-01
9.984199054599963707e-01
9.984222339684295511e-01
9.984249773615069268e-01
9.984281336925491246e-01
9.984317005665849232e-01
9.984356751960322685e-01
9.984400544515263931e-01
9.984448349075131235e-01
9.984500128827977772e-01
9.984555844758221665e-01
9.984615455956258323e-01
9.984678919877877368e-01
9.984746192564071254e-01
9.984817228818574364e-01
9.984891982352648299e-01
9.984970405894321166e-01
9.985052451270378659e-01
9.985138069461396704e-01
9.985227210635705397e-01
9.985319824162580682e-01
9.985415858610221518e-01
9.985515261730996128e-01
9.985617980433393326e-01
9.985723960748367212e-01
9.985833147787958053e-01
9.985945485700216118e-01
9.986060917620436239e-01
9.986179385623813465e-01
9.986300830674791351e-01
9.986425192582503163e-01
9.986552409954746468e-01
9.986682420157481088e-01
9.986815159277244724e-01
9.986950562088977579e-01
9.987088562028616501e-01
9.987229091170197748e-01
9.987372080209850900e-01
9.987517458454058250e-01
9.987665153814040409e-01
9.987815092806574535e-01
9.987967200558867109e-01
9.988121400820543228e-01
9.988277615978738977e-01
9.988435767080794392e-01
9.988595773859805238e-01
9.988757554765658186e-01
9.988921026999819652e-01
9.989086106554937450e-01
9.989252708257827518e-01
9.989420745814597824e-01
9.989590131861180167e-01
9.989760778015437381e-01
9.989932594931842935e-01
9.990105492359202533e-01
9.990279379198128140e-01
9.990454163564183032e-01
9.990629752849303769e-01
9.990806053784618834e-01
9.990982972506100568e-01
9.991160414620320340e-01
9.991338285269819597e-01
9.991516489198998263e-01
9.991694930821719556e-01
9.991873514287307190e-01
9.992052143546718002e-01
9.992230722419273015e-01
9.992409154656992643e-01
9.992587344010975814e-01
9.992765194293481423e-01
9.992942609443029589e-01
9.993119493585591595e-01
9.993295751094843915e-01
9.993471286653424768e-01
9.993646005310786729e-01
9.993819812538891068e-01
9.993992614289147758e-01
9.994164317045913792e-01
9.994334827877697780e-01
9.994504054489034006e-01
9.994671905266984124e-01
9.994838289330110204e-01
9.995003116571132828e-01
9.995166297702057223e-01
9.995327744292202832e-01
9.995487368809469197e-01
9.995645084656324952e-01
9.995800806203755107e-01
9.995954448825126182e-01
9.996105928926775075e-01
9.996255163975293900e-01
9.996402072526580085e-01
9.996546574248572625e-01
9.996688589945200709e-01
9.996828041577785484e-01
9.996964852284180303e-01
9.997098946396092423e-01
9.997230249457327300e-01
9.997358688237397706e-01
9.997484190746681598e-01
9.997606686249435048e-01
9.997726105276540931e-01
9.997842379638124388e-01
9.997955442435112472e-01
9.998065228072210431e-01
9.998171672271107813e-01
9.998274712084250782e-01
9.998374285909785719e-01
9.998470333509392738e-01
9.998562796027383737e-01
9.998651616012382837e-01
9.998736737444943179e-01
9.998818105764559760e-01
9.998895667904362794e-01
9.998969372331321104e-01
9.999039169088709267e-01
9.999105009849220682e-01
9.999166847971332484e-01
9.999224638565291645e-01
9.999278338567195723e-01
9.999327906820055789e-01
9.999373304166153664e-01
9.999414493548348659e-01
9.999451440120169510e-01
9.999484111368484029e-01
9.999512477244092423e-01
9.999536510304620762e-01
9.999556185866568248e-01
9.999571482166635938e-01
9.999582380533043047e-01
9.999588865563239226e-01
9.999590925308761147e-01
9.999588551465523611e-01
9.999581739563832006e-01
9.999570489159760323e-01
9.999554804022476873e-01
9.999534692311887740e-01
9.999510166745366746e-01
9.999481244744420350e-01
9.999447948556700050e-01
9.999410305346407846e-01
9.999368347244005362e-01
9.999322111345405606e-01
9.999271639651503563e-01
9.999216978935793199e-01
9.999158180527222273e-01
9.999095299997320385e-01
9.999028396730437196e-01
9.998957533370361750e-01
9.998882775118602684e-01
9.998804188873106069e-01
9.998721842186484299e-01
9.998635802026685226e-01
9.998546133325362240e-01
9.998452897294195507e-01
9.998356149496819834e-01
9.998255937663831361e-01
9.998152299241677143e-01
9.998045258672002555e-01
9.997934824405059206e-01
9.997820985654917170e-01
9.997703708920311350e-01
9.997582934303492763e-01
9.997458571677504402e-01
9.997330496769228914e-01
9.997198547254106948e-01
9.997062518979147328e-01
9.996922162475512241e-01
9.996777179951236159e-01
9.996627223015032149e-01
9.996471891430426249e-01
9.996310733275485250e-01
9.996143246964304119e-01
9.995968885680184268e-01
9.995787064894738894e-01
9.995597173779108280e-01
9.995398591487822948e-01
9.995190709491605929e-01
9.994972961392112332e-01
