9.992380342874557231e-01
9.992333485540816351e-01
9.992287013716176780e-01
9.992241473694655207e-01
9.992197336692683063e-01
9.992155001992000241e-01
9.992114801151575909e-01
9.992077002973153155e-01
9.992041818949283227e-01
9.992009408971761486e-01
9.991979887117381498e-01
9.991953327363377602e-01
9.991929769117217086e-01
9.991909222475324759e-01
9.991891673142426766e-01
9.991877086972686950e-01
9.991865414103791032e-01
9.991856592668698633e-01
9.991850552091514626e-01
9.991847215966173090e-01
9.991846504540603524e-01
9.991848336823845322e-01
9.991852632340085805e-01
9.991859312557795914e-01
9.991868302023515502e-01
9.991879529227000178e-01
9.991892927229863997e-01
9.991908434082572565e-01
9.991925993061603339e-01
9.991945552749812443e-01
9.991967066985620871e-01
9.991990494700967451e-01
9.992015799675627585e-01
9.992042950217294717e-01
9.992071918792344576e-01
9.992102681615496751e-01
9.992135218218601844e-01
9.992169511002688687e-01
9.992205544788641536e-01
9.992243306371122458e-01
9.992282784085195768e-01
9.992323967388976325e-01
9.992366846468205832e-01
9.992411411866836124e-01
9.992457654142504753e-01
9.992505563553965020e-01
9.992555129777308531e-01
9.992606341653302859e-01
9.992659186964271134e-01
9.992713652243316869e-01
9.992769722609222693e-01
9.992827381633800909e-01
9.992886611232126848e-01
9.992947391580115912e-01
9.993009701054248461e-01
9.993073516194465045e-01
9.993138811686166356e-01
9.993205560360124418e-01
9.993273733209826482e-01
9.993343299422420278e-01
9.993414226422608904e-01
9.993486479928894717e-01
9.993560024017752452e-01
9.993634821197784346e-01
9.993710832488484908e-01
9.993788017506702870e-01
9.993866334555518982e-01
9.993945740717123938e-01
9.994026191946938642e-01
9.994107643169712896e-01
9.994190048375423130e-01
9.994273360713294974e-01
9.994357532586632953e-01
9.994442515744849098e-01
9.994528261372521705e-01
9.994614720176784317e-01
9.994701842468791675e-01
9.994789578245618644e-01
9.994877877264882748e-01
9.994966689115434288e-01
9.995055963285469636e-01
9.995145649225156692e-01
9.995235696404126680e-01
9.995326054363989909e-01
9.995416672767774013e-01
9.995507501443162690e-01
9.995598490420872784e-01
9.995689589969688482e-01
9.995780750624481126e-01
9.995871923212701349e-01
9.995963058872390228e-01
9.996054109070134919e-01
9.996145025611379298e-01
9.996235760647129709e-01
9.996326266678584593e-01
9.996416496556095321e-01
9.996506403473317537e-01
9.996595940960948390e-01
9.996685062874921535e-01
9.996773723381141563e-01
9.996861876939205915e-01
9.996949478280607870e-01
9.997036482387781087e-01
9.997122844467265512e-01
9.997208519925008252e-01
9.997293464334907620e-01
9.997377633411205222e-01
9.997460982976561494e-01
9.997543468929608323e-01
9.997625047213865024e-01
9.997705673785727276e-01
9.997785304581486843e-01
9.997863895489222941e-01
9.997941402317721549e-01
9.998017780770174223e-01
9.998092986420291650e-01
9.998166974690381181e-01
9.998239700833148058e-01
9.998311119920541001e-01
9.998381186834010004e-01
9.998449856263548208e-01
9.998517082712250481e-01
9.998582820508407076e-01
9.998647023826747748e-01
9.998709646717522936e-01
9.998770643147281145e-01
9.998829967050318901e-01
9.998887572391764733e-01
9.998943413243760459e-01
9.998997443876396218e-01
9.999049618863009581e-01
9.999099893200846800e-01
9.999148222451503809e-01
9.999194562894284655e-01
9.999238871701419118e-01
9.999281107132722557e-01
9.999321228746790302e-01
9.999359197636548124e-01
9.999394976681087455e-01
9.999428530820819727e-01
9.999459827351894203e-01
9.999488836238945577e-01
9.999515530448592759e-01
9.999539886299187996e-01
9.999561883825573982e-01
9.999581507158770144e-01
9.999598744913756887e-01
9.999613590585598732e-01
9.999626042946835325e-01
9.999636106441168737e-01
9.999643791568085804e-01
9.999649115249129583e-01
9.999652101168096108e-01
9.999652780075303227e-01
9.999651190040313997e-01
9.999647376643515662e-01
9.999641393087894681e-01
9.999633300211316911e-01
9.999623166380288142e-01
9.999611067236952033e-01
9.999597085271642039e-01
9.999581309187208777e-01
9.999563833013888070e-01
9.999544754927002232e-01
9.999524175710785556e-01
9.999502196798583098e-01
9.999478917802953060e-01
9.999454433429865174e-01
9.999428829632386329e-01
9.999402178829945864e-01
9.999374533940508236e-01
9.999345920895236217e-01
9.999316329156712202e-01
9.999285699554442131e-01
9.999253908417821135e-01
9.999220746442609720e-01
9.999185889838372310e-01
9.999148859774527054e-01
9.999108963441664111e-01
9.999065205077104501e-01
9.999016145746200124e-01
9.998959671278475625e-01
9.998892585903853547e-01
9.998809851678900351e-01
9.998703044860939304e-01
9.998556885088090151e-01
9.998340293114876820e-01
9.997978433077374660e-01
9.997234108427317523e-01
9.994799816666409820e-01
9.932521006187724488e-01
1.000093225589986368e+00
1.000042082278404632e+00
9.999998851733727934e-01
9.999714227830801550e-01
9.999493301700924652e-01
9.999300462225295671e-01
9.999117031799508171e-01
9.998931875609688991e-01
9.998737532892297830e-01
