5.599996014119427855e+03
4.573931027471185189e+03
3.743451154700345342e+03
3.069981350467451648e+03
2.522787540725943927e+03
2.077339070613357308e+03
1.714021682222095933e+03
1.417124272692486102e+03
1.174039840882328690e+03
9.746342788484126913e+02
8.107469093553240782e+02
6.757946054545312791e+02
5.644574835162296722e+02
4.724289431783411715e+02
3.962165491816026019e+02
3.329831502850576044e+02
2.804198945466133637e+02
2.366445703565976828e+02
2.001200887614676844e+02
1.695890097894045709e+02
1.440208695246318200e+02
1.225697365950417037e+02
1.045399562666504494e+02
8.935845822678986394e+01
7.655233449756165953e+01
6.573065546511796242e+01
5.656969939133915659e+01
4.880093547214415395e+01
4.220123149735948687e+01
3.658486151002426112e+01
3.179697209987637407e+01
2.770823246625328196e+01
2.421044658485971368e+01
2.121294842954197435e+01
1.863963537772438173e+01
1.642652235795022264e+01
1.451972131946746813e+01
1.287376826052343048e+01
1.145023416464684374e+01
1.021656737445814400e+01
9.145123625188537275e+00
8.212346437087431283e+00
7.398064926806839914e+00
6.684878270361577002e+00
6.057595855313694599e+00
5.502699659608487615e+00
5.007792177190321325e+00
4.560996513056911006e+00
4.150309681490435665e+00
3.763045485555968739e+00
3.385895866215962613e+00
3.006968474721766871e+00
2.621917363249603117e+00
2.243821533603122642e+00
1.906601731306885927e+00
1.646843039848811419e+00
1.475614965387532784e+00
1.374529625391635701e+00
1.315532637324040355e+00
1.276847966391033040e+00
1.246147384988156803e+00
1.217787583171446197e+00
1.189708721767169797e+00
1.161477014116352846e+00
1.133284974468643957e+00
1.105499091457098348e+00
1.078476693763411154e+00
1.052504336709623178e+00
1.027787060802818564e+00
1.004456673206968631e+00
9.825854216458553836e-01
9.621996490015837233e-01
9.432916062745350105e-01
9.258291230614117406e-01
9.097635173606041237e-01
8.950367493929104468e-01
8.815910377843340084e-01
8.694009193723370998e-01
8.589829716862450448e-01
8.471463859816189546e-01
8.382958731608030067e-01
8.300530426432440878e-01
8.225753902070120915e-01
8.158286138667486531e-01
8.097603380150367736e-01
8.043172121635644434e-01
7.994487366649638549e-01
7.951085060130408388e-01
7.912547015242804571e-01
7.878502954464734476e-01
7.848631161169942194e-01
7.822658331306584500e-01
7.800358905252287034e-01
7.781554047275621722e-01
7.766110408760075190e-01
7.753938833998371694e-01
7.744993258659431667e-01
7.739270284913818410e-01
7.736810519894157245e-01
7.737704475075628530e-01
7.742111457393526797e-01
7.750322820307063987e-01
7.763030773806915974e-01
7.783344507960738845e-01
7.680383722026123960e-01
7.804147680665896036e-01
7.835634877267949605e-01
7.868679999332315322e-01
7.905673802066583988e-01
7.947303066301880659e-01
7.993955052498573632e-01
8.045930787733021061e-01
8.103499539582927902e-01
8.166917388017860269e-01
8.236435292652436457e-01
8.312303733721487786e-01
8.394776295504765562e-01
8.484113006760954923e-01
8.580583504843829479e-01
8.684469347097462100e-01
8.796063314491024965e-01
8.915659428949818111e-01
9.043513213260714334e-01
9.179689306946613447e-01
9.323311344274555212e-01
9.465021052217574837e-01
9.703524802737201194e-01
9.854403913514616642e-01
1.004318173191432129e+00
1.024924925061381886e+00
1.047194509902949600e+00
1.071240582978361999e+00
1.097239960371700906e+00
1.125415798454648453e+00
1.156040971885701651e+00
1.189456386152976330e+00
1.226130470930558047e+00
1.266939416720608058e+00
1.315258335872451445e+00
1.346398758987829014e+00
1.404217555731769540e+00
1.463486627416229480e+00
1.528341743227100702e+00
1.600042572399172691e+00
1.679644186584888566e+00
1.768251672438056143e+00
1.867088920561509324e+00
1.977537048595444213e+00
2.101169396222384744e+00
2.239791306045094021e+00
2.395489339295928222e+00
2.570694279729922371e+00
2.768262972328529692e+00
2.991585054531749055e+00
3.244721496824917395e+00
3.532581898671312004e+00
3.861145602381325315e+00
4.237726405893980974e+00
4.671270519781304031e+00
5.172662255562852529e+00
5.754995095086510304e+00
6.433756416100846032e+00
7.226886639066315787e+00
8.154720243149935044e+00
9.239892996810867842e+00
1.050737585318461598e+01
1.198482371411389380e+01
1.370337803447873348e+01
1.569895703921886110e+01
1.801393987999334811e+01
2.069839945455517594e+01
2.376519101551875224e+01
2.724391297265650991e+01
3.157287862865381456e+01
3.649443524141799600e+01
4.223194961291460459e+01
4.894841683667940657e+01
5.683221949870782197e+01
6.610848909295243914e+01
7.704791212448520810e+01
8.997668514301533094e+01
1.052883501424227717e+02
1.234563916536907868e+02
1.450888955416413921e+02
1.708320139107684383e+02
2.015670200794698701e+02
2.383285012229132462e+02
2.823784265506336624e+02
3.352593197289651243e+02
3.988587980352734803e+02
4.754906703871785680e+02
5.679961340487648158e+02
6.798697790579748244e+02
8.154196507113636017e+02
9.802414443163073656e+02
1.180258462890507417e+03
1.424187675844156502e+03
1.722065066883395730e+03
2.086528229914752956e+03
2.533345592405753450e+03
