2.547683183925263729e+20
2.081002510875033600e+20
1.703230867295480054e+20
1.396843577865146040e+20
1.147876077289115812e+20
9.451807474648794726e+19
7.798427730053524685e+19
6.447202097048337613e+19
5.340812388134276301e+19
4.433175863012206182e+19
3.687177317421751501e+19
3.072871296452868506e+19
2.566054576662039347e+19
2.147130751643871232e+19
1.800205636317144064e+19
1.512365362563291955e+19
1.273099310702305485e+19
1.073838052873369805e+19
9.075827743505228800e+18
7.686075724144151552e+18
6.522199083385919488e+18
5.545675377249187840e+18
4.724826478759764992e+18
4.033558278353210880e+18
3.450339964046940672e+18
2.957376007597517312e+18
2.539933398450040320e+18
2.185794144787800832e+18
1.884809008894162176e+18
1.628533182228539392e+18
1.409928385871588352e+18
1.223118902692024064e+18
1.063191464749728896e+18
9.260308567676546560e+17
8.081846514248847360e+17
7.067517420724760320e+17
6.192903447274283520e+17
5.437419522979866240e+17
4.783683789778746880e+17
4.216995622581413760e+17
3.724902187882682880e+17
3.296837980232487680e+17
2.923824599261893760e+17
2.598220326094904320e+17
2.313510927855084800e+17
2.064134643827312640e+17
1.845335552256988800e+17
1.653040535161619200e+17
1.483755892744059840e+17
1.334480342876137920e+17
1.202631703020899680e+17
1.085985013837949440e+17
9.826202441709659200e+16
8.908780308406249600e+16
8.093221656642907200e+16
7.367077563585542400e+16
6.719541652648200000e+16
6.141219769158629600e+16
5.623933674947889600e+16
5.160553506915750400e+16
4.744854589525196000e+16
4.371394894727258400e+16
4.035410030610918400e+16
3.732723130680454400e+16
3.459667426686476000e+16
3.213019631845295600e+16
2.989942550122413600e+16
2.787935569599894800e+16
2.604791902024216400e+16
2.438561602132842000e+16
2.287519545503584800e+16
2.150137665143070800e+16
2.025060851549956000e+16
1.911086007082708400e+16
1.807143820450732400e+16
1.712282889632376800e+16
1.625655874944934400e+16
1.546507409441825600e+16
1.474163532363833000e+16
1.408022444494663800e+16
1.347546412217177800e+16
1.292254671237600400e+16
1.241717201482469800e+16
1.195549262304814400e+16
1.153406592262591800e+16
1.114981190733725000e+16
1.079997609837514600e+16
1.048209694780168400e+16
1.019397718858902800e+16
9.933658672656582000e+15
9.699400286735458000e+15
9.489658607938806000e+15
9.303070992859108000e+15
9.138440843867382000e+15
8.994724829157477000e+15
8.871021865671229000e+15
8.766563702195840000e+15
8.680706964570552000e+15
8.612926548205525000e+15
8.562810261940207000e+15
8.530054647680323000e+15
8.514461915810280000e+15
8.515937953274920000e+15
8.534491375935543000e+15
8.570233612798737000e+15
8.623380021229128000e+15
8.694252051351184000e+15
8.783280488151519000e+15
8.891009817978713000e+15
9.018103781220268000e+15
9.165352190439032000e+15
9.333679112221120000e+15
9.524152531218316000e+15
9.737995638021118000e+15
9.976599907729724000e+15
1.024154016491268600e+16
1.053459186285099200e+16
1.085775084201183400e+16
1.121325587454371600e+16
1.160361434986950800e+16
1.203163151169064400e+16
1.250044372054600200e+16
1.301355628931590000e+16
1.357488652459511600e+16
1.418881270474975600e+16
1.486022984046756600e+16
1.559461319597438600e+16
1.639809070360554200e+16
1.727752558817569000e+16
1.824061071698227600e+16
1.929597645688454800e+16
2.045331408539724400e+16
2.172351715812702800e+16
2.311884361129323600e+16
2.465310187774413600e+16
2.634186478440985600e+16
2.820271570248987200e+16
3.025553213926130400e+16
3.252281287186786000e+16
3.503005577651816400e+16
3.780619476527070400e+16
4.088410567721154400e+16
4.430119288152186400e+16
4.810007015313614400e+16
5.232935219499521600e+16
5.704457589821346400e+16
6.230927405277319200e+16
6.819622841742292800e+16
7.478893407467924800e+16
8.218331302166236800e+16
9.048972215266212800e+16
9.983530944432641600e+16
1.103667825453995200e+17
1.222536664788132320e+17
1.356921422239439360e+17
1.509095761181130880e+17
1.681698719559296960e+17
1.877798042091050240e+17
2.100965229276034880e+17
2.355364598646118080e+17
2.645859126925716160e+17
2.978136417564019200e+17
3.358858838687470720e+17
3.795842731456357120e+17
4.298272632290186240e+17
4.876957728372042880e+17
5.544639328585166720e+17
6.316360047824167680e+17
7.209907755305446400e+17
8.246350230873838080e+17
9.450680035222553600e+17
1.085259349431089792e+18
1.248743312316834816e+18
1.439732952556036096e+18
1.663258711716303360e+18
1.925336832776723200e+18
2.233174374301307392e+18
2.595419158296433152e+18
3.022464975908753408e+18
3.526824851390772736e+18
4.123588259623950848e+18
4.830982065472561152e+18
5.671059807117386752e+18
6.670550038916589568e+18
7.861902109460941824e+18
9.284577395626952704e+18
1.098664617626173645e+19
1.302676569024761446e+19
1.547663435504673382e+19
1.842404173852592538e+19
2.197666511264736870e+19
2.626680311251381862e+19
3.145728754916436378e+19
3.774887883257668403e+19
4.538953269795640115e+19
5.468603108825001165e+19
6.601860473333385626e+19
7.985934773226225664e+19
9.679544640622110310e+19
1.175585302832413082e+20
