1.654948110845900322e+00
1.539635913633347730e+00
1.444146234122429595e+00
1.364797639713197563e+00
1.298670980053165280e+00
1.243441205727420451e+00
1.197246781376932079e+00
1.158588329054916821e+00
1.126249999453164952e+00
1.099238511109335681e+00
1.076735917136072196e+00
1.058063029141905753e+00
1.042651105314128746e+00
1.030019937589407908e+00
1.019760884826740988e+00
1.011523720714917474e+00
1.005006416706599959e+00
9.999471769962618994e-01
9.961181964204975925e-01
9.933207324638606561e-01
9.913811765550335497e-01
9.901478832033490107e-01
9.894885726835285222e-01
9.892881674069642362e-01
9.894469565471757377e-01
9.898790100635731504e-01
9.905107836846459568e-01
9.912798720001460007e-01
9.921338786297297929e-01
9.930293813090264043e-01
9.939309763255473884e-01
9.948103915606076875e-01
9.956456608624584259e-01
9.964203549071900534e-01
9.971228653574435441e-01
9.977457401960230232e-01
9.982850687526857447e-01
9.987399152726532670e-01
9.991117999922839443e-01
9.994042266573135436e-01
9.996222552987917842e-01
9.997721189094229688e-01
9.998608824692141184e-01
9.998961425736997422e-01
9.998857657361248652e-01
9.998376632765195726e-01
9.997596005796559604e-01
9.996590384055896727e-01
9.995430038698415176e-01
9.994179886758066678e-01
9.992898721758382008e-01
9.991638668608613383e-01
9.990444839230482321e-01
9.989355166046052226e-01
9.988400391300793491e-01
9.987604191197620995e-01
9.986983414928922720e-01
9.986548419897147699e-01
9.986303485679605130e-01
9.986247290594230108e-01
9.986373436045283825e-01
9.986671005152106817e-01
9.987125143463632115e-01
9.987717650846964501e-01
9.988427574868268266e-01
9.989231797183587558e-01
9.990105605583989856e-01
9.991023245422746557e-01
9.991958445161657210e-01
9.992884911724548846e-01
9.993776792226535255e-01
9.994609099464464297e-01
9.995358099311942857e-01
9.996001658845564686e-01
9.996519554663804152e-01
9.996893741435234348e-01
9.997108581227570623e-01
9.997151034652376200e-01
9.997010815272268092e-01
9.996680509115665192e-01
9.996155661492249767e-01
9.995434833618661585e-01
9.994519631858443942e-01
9.993414712653055920e-01
9.992127766473730688e-01
9.990669484356368146e-01
9.989053510810951275e-01
9.987296387105278894e-01
9.985417489108142641e-01
9.983438964044356601e-01
9.981385670606776062e-01
9.979285126894944513e-01
9.977167470482632972e-01
9.975065434490680838e-01
9.973014342629705764e-01
9.971052124455134225e-01
9.969219349018603182e-01
9.967559269773029751e-01
9.966117864431752738e-01
9.964943837859325804e-01
9.964088529336336819e-01
9.963605619522614143e-01
9.963550452487660580e-01
9.963978647285317569e-01
9.964943421120963096e-01
9.966490584340048642e-01
9.968649301810909025e-01
9.971415045322025161e-01
9.974717830825059472e-01
9.978361927140998455e-01
9.981908232840519535e-01
9.984436204365375600e-01
9.984038557149224058e-01
9.976682053709168274e-01
9.953434902043184485e-01
9.893029400758984737e-01
9.739284127683022207e-01
9.321302328784054625e-01
8.028774490102154049e-01
3.897084128364958211e-01
1.306453980268449007e-02
3.889758327274442928e-01
6.394175319723616191e-01
7.543065005201500250e-01
8.133516340518585075e-01
8.475057605677555062e-01
8.690687751724986976e-01
8.835653212928039624e-01
8.937630772276281554e-01
9.011755165425119340e-01
9.066882097534615381e-01
9.108328467988296984e-01
9.138564737237684366e-01
9.160889617281264830e-01
9.179718717122863358e-01
9.194021322962889764e-01
9.204442172958987589e-01
9.211766357594606269e-01
9.216589108146765463e-01
9.219369386954738843e-01
9.220475595298310845e-01
9.220214919984965896e-01
9.218853708181742324e-01
9.216633533422872171e-01
9.213786286630523126e-01
9.210551918948856054e-01
9.207204797635805127e-01
9.204101477998074543e-01
9.201782738634228798e-01
9.201229646748613211e-01
9.204649495646062274e-01
9.218761554190078034e-01
9.280287970468559244e-01
8.310053096399486749e-01
9.035358577594746476e-01
9.076075850518735555e-01
9.086087768090855832e-01
9.087525811213953419e-01
9.084596996887389642e-01
9.044535932847530546e-01
9.081484776096039324e-01
9.074763348289223153e-01
9.068052631553478182e-01
9.060777647810649427e-01
9.052756264561810928e-01
9.043840486203746920e-01
9.033871146243088734e-01
9.022671150406781360e-01
9.010046648906626654e-01
8.995790581718879908e-01
8.979687404269253159e-01
8.961518786668911662e-01
8.941070333805571924e-01
8.918139440741743584e-01
8.892544412510953178e-01
8.864134976738993199e-01
8.832804312572553052e-01
8.798502713575855338e-01
8.761252996856340181e-01
8.721167766554726031e-01
8.678468638109497757e-01
8.633507531990300965e-01
8.586790154430186117e-01
8.539001801728197671e-01
8.491035659542464087e-01
8.444023827878662791e-01
8.399371400641675312e-01
8.358794092382415553e-01
8.324360191616401172e-01
8.298538174872214235e-01
8.284252576957650271e-01
8.284954266051808291e-01
8.304723839831588128e-01
8.348465813115416578e-01
8.413189437391591641e-01
8.517102656379276215e-01
8.671228253592905277e-01
8.872632703630297657e-01
9.134277400671250158e-01
9.468290067054854209e-01
