2.593160592309710077e-01
2.838092919801417646e-01
3.052935521152787546e-01
3.240662753167786736e-01
3.404424524718807632e-01
3.547334147005879457e-01
3.672351377862025923e-01
3.782221468243406326e-01
3.879447351438805591e-01
3.966281552715216208e-01
4.044729888966773768e-01
4.116562352951195214e-01
4.183329269413946783e-01
4.246390352625484255e-01
4.305413676547770740e-01
4.365546212461976494e-01
4.423665644928937990e-01
4.481689329858850046e-01
4.540206322288391494e-01
4.599686609265688508e-01
4.660505984347148578e-01
4.722960330956371688e-01
4.787277550030663575e-01
4.853628078503086085e-01
4.922134212504010731e-01
4.992878324384845135e-01
5.065910037714608238e-01
5.141252420702825399e-01
5.218907259489142803e-01
5.298859474244153045e-01
5.381080741989339167e-01
5.465532390269602914e-01
5.552167625394065498e-01
5.640933158042137352e-01
5.731770287818093168e-01
5.824615506959395228e-01
5.919400682027832206e-01
6.016052871119285106e-01
6.114493833018220803e-01
6.214639283802787517e-01
6.316397955688006771e-01
6.419670512297266374e-01
6.524348373966892822e-01
6.630312505896606146e-01
6.737432220638368552e-01
6.845564044068167542e-01
6.954550689741058056e-01
7.064220178919505821e-01
7.174385129683160667e-01
7.284842212331558153e-01
7.395371715870907581e-01
7.505737056917155536e-01
7.615683791204695963e-01
7.724936957253836223e-01
7.833193293621621978e-01
7.940096117391521879e-01
8.045135642199091608e-01
8.147026376505402956e-01
8.221065614623361828e-01
8.360241241552575087e-01
8.453646908545698890e-01
8.546749489090814667e-01
8.637252985687335904e-01
8.724459292880438754e-01
8.808369603286465566e-01
8.888417846933847066e-01
8.964459936658005779e-01
9.036347370637959342e-01
9.103940474935812155e-01
9.167126801796008362e-01
9.225819959370592516e-01
9.279956913559656018e-01
9.329492964357783968e-01
9.374388872637023917e-01
9.414545717111807432e-01
9.447427608757262840e-01
9.482365989898569048e-01
9.508702259413785995e-01
9.530607371810660977e-01
9.547958929910160819e-01
9.560325950233717895e-01
9.568432253198283499e-01
9.571346449571804804e-01
9.569067345906018263e-01
9.561253323285359151e-01
9.547446254183242775e-01
9.527044815430537605e-01
9.499274484538912100e-01
9.463153450872782146e-01
9.417453840445356716e-01
9.360658102204023612e-01
9.290910913466687848e-01
9.205967790273933415e-01
9.103142920638814806e-01
8.979260791846878087e-01
8.830619196890151512e-01
8.652975349914767689e-01
8.441571839562326263e-01
8.191222233389932050e-01
7.896451496014722515e-01
7.550697990206586274e-01
7.155384957023506187e-01
6.699001852091488463e-01
6.184428584444997545e-01
5.613606217730862102e-01
4.993090280485274479e-01
4.334590264783251268e-01
3.655134366620750863e-01
2.976376713436018062e-01
2.322902197366249477e-01
1.719689885242150773e-01
1.189219489749957087e-01
7.488967041120578316e-02
4.094135258340084182e-02
1.743618199702091920e-02
4.102975579895552609e-03
2.018419376478454289e-04
4.707735633170979407e-03
1.654335632729825659e-02
3.468563758793351270e-02
5.836370534497191398e-02
8.720519008831309482e-02
1.214900373552397356e-01
1.626890031220230015e-01
2.148926917255251645e-01
2.894853347179637826e-01
4.253267702925286331e-01
7.661725138178918648e-01
1.326231523061066064e-01
3.137130920165588643e-02
1.088078552035854490e-01
1.656451700795811555e-01
2.097106522125371797e-01
2.465703991009546014e-01
2.789857099893918724e-01
3.084147560290736445e-01
3.356916314112717847e-01
3.613278268772844304e-01
3.856561013075742728e-01
4.089095344716961455e-01
4.311309369103381584e-01
4.526841204960791454e-01
4.734610926719555746e-01
4.935669045278202605e-01
5.130498644344817505e-01
5.319440470599161586e-01
5.502743583962937945e-01
5.680623490616288906e-01
5.853395877169551564e-01
6.015427222611976488e-01
6.178980248793786156e-01
6.334839897813472342e-01
6.484626367505370581e-01
6.628266086599285956e-01
6.765495585461250849e-01
6.895946853423272627e-01
7.019149879150315963e-01
7.134518834400870313e-01
7.241346367351008118e-01
7.339010303081681119e-01
7.422541181002796362e-01
7.497414055815370126e-01
7.556539188266948592e-01
7.597711653784846586e-01
7.616698983554146540e-01
7.607300680321259501e-01
7.560296299846628321e-01
7.461575718425111914e-01
7.288841111226098679e-01
7.005697747933788966e-01
6.551159935773681608e-01
5.822789853661267667e-01
4.661886791828768195e-01
2.915410212350620922e-01
8.723485525009842811e-02
6.975509208123388712e-03
1.675690496952234876e-01
4.095714942314509499e-01
5.930232899808520752e-01
7.086292169196265478e-01
7.798697168232435750e-01
8.250527118887234224e-01
8.550608012537267433e-01
8.762908149578150230e-01
8.929336493734684188e-01
9.083701104628231215e-01
9.290744936944592691e-01
9.674655860882973579e-01
1.086238866189330743e+00
3.327638262521037116e-01
6.929228299977767680e-01
7.457732116978345038e-01
7.642938373651863015e-01
7.684848477487278284e-01
7.665282088937258598e-01
7.611863094003290531e-01
7.537748134338592143e-01
7.450500213847328634e-01
7.355112613040786229e-01
7.255232941758904541e-01
