9.931678492403850367e-01
9.937659716918499919e-01
9.943413620679519838e-01
9.948928962744668647e-01
9.954194962619625775e-01
9.959201352613441527e-01
9.963938438568811229e-01
9.968397168856872881e-01
9.972569211461201899e-01
9.976447038956546276e-01
9.980024021184492611e-01
9.983294525405821407e-01
9.986254023720437800e-01
9.988899207524756241e-01
9.991228108756261550e-01
9.993240227659462294e-01
9.994936666740025233e-01
9.996320270505590910e-01
9.997395770487295108e-01
9.998169934863738728e-01
9.998651721807712001e-01
9.998852435371106129e-01
9.998785882326854946e-01
9.998468527846343656e-01
9.997919647180887326e-01
9.997161469549374901e-01
9.996219309166863853e-01
9.995121676639675545e-01
9.993900361689882494e-01
9.992590475125584515e-01
9.991230433901047148e-01
9.989861867621738778e-01
9.988529417453553272e-01
9.987280388339918602e-01
9.986164201775855620e-01
9.985231577676729753e-01
9.984533348175552714e-01
9.984118770620231675e-01
9.984033157616984955e-01
9.984314572786491260e-01
9.984989243499967637e-01
9.986065203765193132e-01
9.987523483303164529e-01
9.989305875422609393e-01
9.991297905864870987e-01
9.993305026234697852e-01
9.995019176753016099e-01
9.995971564678356458e-01
9.995465576914823735e-01
9.992480874020384096e-01
9.985535436522059438e-01
9.972485999658476929e-01
9.950238063644000208e-01
9.914323580413463288e-01
9.858287093367507081e-01
9.772801511282112052e-01
9.644422234970380092e-01
9.453912550493336342e-01
9.174212298813051447e-01
8.768556460590978263e-01
8.190322483488644556e-01
7.388289046690962314e-01
6.323666930782175788e-01
5.004500446922151013e-01
3.528963001362273588e-01
2.098434818856538819e-01
9.528070993338659533e-02
2.513001254282410182e-02
3.889932370818768295e-04
1.071729781592916340e-02
4.254221755478876377e-02
8.458179111540492512e-02
1.294064247227632858e-01
1.728530355483126890e-01
2.129316796532183809e-01
2.489171891343553433e-01
2.807523048443167912e-01
3.086980514033946799e-01
3.331430844883583875e-01
3.545057350189562140e-01
3.731871705582472387e-01
3.895516398488300669e-01
4.039205105868033940e-01
4.165729556599895855e-01
4.277495108806224633e-01
4.376550611897488952e-01
4.464735410988101005e-01
4.543494471312229943e-01
4.614171402193800176e-01
4.677897199239564041e-01
4.735652734117264395e-01
4.788291083207167342e-01
4.836556886678792244e-01
4.881102563178990050e-01
4.922501837206253450e-01
4.961261022894085659e-01
4.997828447756295644e-01
5.032602340372885896e-01
5.065937456004172557e-01
5.098150678194091068e-01
5.129525820692623084e-01
5.160317886682086463e-01
5.190757203964591060e-01
5.221054475074097256e-01
5.251410523750714709e-01
5.282051644710106242e-01
5.313539992081204311e-01
5.340399692299209189e-01
5.374654766163713404e-01
5.407423378898856825e-01
5.440751535840574471e-01
5.474838876970067325e-01
5.509772963550944036e-01
5.545608285743648391e-01
5.582380285576800105e-01
5.620109264971687724e-01
5.658801761448088996e-01
5.698451082819079305e-01
5.739037501027901556e-01
5.780528286775042934e-01
5.822877663605527943e-01
5.866026721696909751e-01
5.909903315414386515e-01
5.954421961023889098e-01
5.999483746769002090e-01
6.044976264859863724e-01
6.090773573038616995e-01
6.136736192255191069e-01
6.182711147246255923e-01
6.228532056165245745e-01
6.274019136776098904e-01
6.318961099199649212e-01
6.363168395726316318e-01
6.406462184175042429e-01
6.448553100511832392e-01
6.489211975798945264e-01
6.528182709425170982e-01
6.565195244939231456e-01
6.599966296905783736e-01
6.632199190025959146e-01
6.661583387756606633e-01
6.687793761733091813e-01
6.710489581698145800e-01
6.729313190329996308e-01
6.743888323540516705e-01
6.753818036694978488e-01
6.758682199176849759e-01
6.758034523630668255e-01
6.751399102396311580e-01
6.738266432814056239e-01
6.718088926303407149e-01
6.690275914969091575e-01
6.654188196189273485e-01
6.609132193283315804e-01
6.554353863188918661e-01
6.489032555865351659e-01
6.412275132547184953e-01
6.323110791107017237e-01
6.220487239617683572e-01
6.103269119968741663e-01
5.970239931656550203e-01
5.820109163787751116e-01
5.651526933533425057e-01
5.463109169991061664e-01
5.253477278162709263e-01
5.021317242744957055e-01
4.765464202143157024e-01
4.485019456291182705e-01
4.179507325200653711e-01
3.849078674249664100e-01
3.494765389719599602e-01
3.118784418256274615e-01
2.724879743924344955e-01
2.318674557020449778e-01
1.907983387336943393e-01
1.503006366500836410e-01
1.116297640410021524e-01
7.623612439748844727e-02
4.565783150853477967e-02
2.115052013000110614e-02
9.525815891009953296e-03
1.012250703116886240e-03
4.087242516747208870e-03
1.755231203343866897e-02
4.084666603346365915e-02
7.299409387947067285e-02
1.126360711796074304e-01
1.581567821021807874e-01
2.079003328827636887e-01
2.602391893863776895e-01
3.137339100035925199e-01
3.671748127580252152e-01
4.196047747387488536e-01
4.703108967301204424e-01
5.187976315939688554e-01
5.647509511232891022e-01
6.080002226355736283e-01
6.484761733679162976e-01
6.862327319697767436e-01
7.212911979716755129e-01
