9.944889611872737012e-01
9.951868356121547077e-01
9.958413232526528436e-01
9.964506166365809658e-01
9.970134295906012412e-01
9.975289354184727619e-01
9.979967092220894953e-01
9.984166751392303807e-01
9.987890590273095226e-01
9.991143469211845041e-01
9.993932494289784474e-01
9.996266720998161492e-01
9.998156916989386911e-01
9.999615382535457231e-01
1.000065582685026655e+00
1.000129329818673307e+00
1.000154416553509229e+00
1.000142614984938838e+00
1.000095840296843841e+00
1.000016163273861336e+00
9.999058273308069067e-01
9.997672700074863306e-01
9.996031489320018615e-01
9.994163723093971718e-01
9.992101340360689532e-01
9.989879535619982098e-01
9.987537206032512938e-01
9.985117447123840195e-01
9.982668094926778757e-01
9.980242308024501741e-01
9.977899174915367819e-01
9.975704317915538022e-01
9.973730440210497594e-01
9.972057720270671721e-01
9.970773884867626391e-01
9.969973665435176713e-01
9.969757121120977894e-01
9.970225918761296269e-01
9.971475949681932738e-01
9.973583352207310293e-01
9.976578528829658232e-01
9.980397922253421150e-01
9.984793631525122892e-01
9.989160886750123591e-01
9.992200899617074139e-01
9.991251590349307099e-01
9.981162869147673922e-01
9.943922579559464348e-01
9.864087246380472962e-01
9.668268224615382822e-01
9.189456238974058611e-01
7.967187014619636631e-01
4.966577734944502276e-01
6.797670124252370993e-02
7.079169485889519331e-02
3.245109929559317208e-01
5.089576820612238262e-01
6.187719493835748263e-01
6.856607264987539807e-01
7.292513753922817976e-01
7.584135143405976720e-01
7.789755075050960320e-01
7.938826651544926838e-01
8.049220374596217642e-01
8.132180121515355520e-01
8.195071016095906158e-01
8.242892059683165629e-01
8.279142710130985572e-01
8.306339453491610181e-01
8.326335005540480561e-01
8.340521967363481171e-01
8.349966506791292042e-01
8.355498356194284160e-01
8.357772785762329626e-01
8.357314152089404535e-01
8.354547062685008241e-01
8.349819048262410170e-01
8.343417304624701769e-01
8.335581223743813162e-01
8.326511889107313102e-01
8.316379351556433264e-01
8.305328261160499492e-01
8.293482266617908660e-01
8.280947480154143836e-01
8.267815226231953751e-01
8.254164235758431056e-01
8.240062406728660971e-01
8.225568222580036393e-01
8.210731897693386294e-01
8.195596303238553704e-01
8.180197714337257286e-01
8.164566410235609695e-01
8.148727152008122809e-01
8.132699556713478550e-01
8.116498382412390411e-01
8.100133734668024665e-01
8.083611201711449201e-01
8.066931921854726406e-01
8.050092582071142200e-01
8.033085339000123337e-01
8.015897637947410059e-01
7.998511867216838711e-01
7.980904676006882470e-01
7.963045412954925517e-01
7.944891551362264215e-01
7.926369249557723151e-01
7.907209631643881131e-01
7.861177000928236680e-01
7.869284495987177719e-01
7.849076109417195690e-01
7.828276228508935786e-01
7.806812397700253481e-01
7.784584434545431808e-01
7.761484229063356777e-01
7.737392561737425067e-01
7.712176526199983062e-01
7.685687217571891550e-01
7.657757261398694393e-01
7.628197742863476183e-01
7.596792962440467312e-01
7.563278553488498313e-01
7.526576067265530190e-01
7.488664378907654573e-01
7.447482412486190473e-01
7.402642433244581710e-01
7.353928062439017976e-01
7.300841346323957426e-01
7.242793709532170388e-01
7.179104674097080974e-01
7.108988181831888964e-01
7.031534450955068127e-01
6.945687935342440555e-01
6.850221018131208428e-01
6.743702893770091578e-01
6.624463132158808776e-01
6.490549663066828012e-01
6.339681496052641529e-01
6.169197650920389409e-01
5.976005948052653949e-01
5.756539216192246844e-01
5.506733281551891013e-01
5.222052613131824561e-01
4.897608326421706293e-01
4.528442672657837509e-01
4.110096965239485867e-01
3.639634614824114323e-01
3.117342054489390946e-01
2.549328504451642829e-01
1.951078018356990906e-01
1.351483855974543180e-01
7.958395257172519444e-02
3.448658414919796716e-02
6.628509326416366469e-03
1.785141483095458673e-03
2.269567116659912398e-02
6.778099739965064152e-02
1.315208552214077453e-01
2.063160828169899319e-01
2.847102505060153943e-01
3.608988625791785254e-01
4.312068665825509739e-01
4.938332577926513589e-01
5.483070351689830479e-01
5.949554482245558162e-01
6.345053697053296693e-01
6.678280249697102766e-01
6.957946828146006624e-01
7.192054719914208194e-01
7.387615163692005105e-01
7.550604834738917637e-01
7.686034862696500269e-01
7.798065270470384558e-01
7.890128524390345177e-01
7.965043368042854510e-01
8.025108150908991655e-01
8.072187588902791644e-01
8.105162627255569907e-01
8.124385100608026988e-01
8.117986449271074045e-01
8.164027452115303340e-01
8.167516947076614020e-01
8.163839170580687865e-01
8.154269245055953963e-01
8.139372156269787384e-01
8.119644762407220995e-01
8.095925356885323998e-01
8.058232581414047635e-01
8.031033244322988152e-01
7.994692125639993874e-01
7.954334169944364819e-01
7.910374674380222793e-01
7.863012399485630466e-01
7.812388155898796205e-01
7.758612317864606034e-01
7.701772949293347326e-01
7.641939046341500452e-01
7.579162048967001963e-01
7.513476549081612443e-01
7.444900534641269996e-01
7.373435315724438111e-01
