5.930924102815365861e-01
6.166839226187369460e-01
6.387073971839057895e-01
6.588784669686728046e-01
6.770177452079723102e-01
6.930357468702681434e-01
7.069185835092617332e-01
7.187146030812936459e-01
7.285220766514427515e-01
7.364779420735404480e-01
7.427472262782467416e-01
7.474996292229874051e-01
7.510024023798445025e-01
7.533712419790332682e-01
7.548488804703493704e-01
7.556312751621422352e-01
7.559071376364030481e-01
7.558441913006072044e-01
7.556497793382402905e-01
7.554143102743478000e-01
7.552934847968216792e-01
7.553971985523991739e-01
7.558180958161653251e-01
7.566302786036820383e-01
7.578893613852552003e-01
7.596328524067746946e-01
7.618807214174763143e-01
7.646360875550977099e-01
7.678859742986297032e-01
7.716020809219087395e-01
7.757415182373097462e-01
7.802474512114503380e-01
7.850495814211663204e-01
7.900643866125656167e-01
7.951950101338826071e-01
8.003306555140401457e-01
8.053452843190167521e-01
8.100953280510373444e-01
8.144159901785832378e-01
8.181155045095678258e-01
8.209663854126167948e-01
8.226921810855588602e-01
8.229474266944679650e-01
8.212874902580612479e-01
8.171304948505966337e-01
8.095566683417930731e-01
7.975811158399330747e-01
7.793872289301191358e-01
7.524372004179757933e-01
7.128343338263111173e-01
6.546544048698136331e-01
5.693528135402321499e-01
4.468485870214361499e-01
2.837931378863376985e-01
1.084641957332656281e-01
4.268195320014092284e-03
4.519474011537660124e-02
1.914122415895414542e-01
3.521698605360950030e-01
4.817041800553458208e-01
5.748614766685099520e-01
6.393933579662035571e-01
6.836666131414829151e-01
7.139405025290306295e-01
7.344803843488613149e-01
7.481354730342657522e-01
7.568232019553146062e-01
7.618585409954521381e-01
7.641652215189627118e-01
7.644097332074414330e-01
7.630871271917772924e-01
7.605771732055596202e-01
7.571824431240117281e-01
7.531556940490178320e-01
7.487216171773934947e-01
7.440970834600015849e-01
7.395143835814839139e-01
7.352541460299925058e-01
7.316992725302690070e-01
7.293276246505047133e-01
7.297101450843281878e-01
7.344980931568119153e-01
7.494526606069260577e-01
7.929413562067179067e-01
9.481007640498780864e-01
2.274578376768079391e-01
4.723954181329471647e-01
5.224314107734879808e-01
5.377871121749046024e-01
5.411887119307108307e-01
5.387127138754952416e-01
5.327882471315157353e-01
5.244429020668323060e-01
5.141368336520092397e-01
5.020449950247524162e-01
4.881691225187190231e-01
4.723847899902384184e-01
4.544574285329838204e-01
4.340407631910401243e-01
4.106630823273119124e-01
3.836977263300025420e-01
3.524298407748511219e-01
3.157717090310718788e-01
2.726770879522578683e-01
2.220603134605416695e-01
1.634962955941003659e-01
9.891785228671504115e-02
3.685111014244182165e-02
9.230475985930129126e-04
3.813057873557085253e-02
1.977625447526734914e-01
4.564536219705842002e-01
7.053023655008813231e-01
8.691173686291083778e-01
9.515735432573212416e-01
9.834358851648649091e-01
9.891543207120720993e-01
9.827298745895522991e-01
9.713272982759205698e-01
9.584525401127435007e-01
9.457711920548432794e-01
9.340388141998092753e-01
9.235629793202785320e-01
9.144324207402914073e-01
9.066314545145864878e-01
9.000974238897477830e-01
8.947494573490315517e-01
8.905025903262432374e-01
8.872743471992269315e-01
8.849874272349791404e-01
8.835703908459211497e-01
8.829573418727562073e-01
8.830871294823662287e-01
8.839023419646655499e-01
8.853482288349070473e-01
8.873716123979790149e-01
8.899198056629834541e-01
8.929395211329979043e-01
8.963756923207246707e-01
9.001653645472370568e-01
9.042626800052859792e-01
9.085819608552139215e-01
9.130523267477317351e-01
9.175845449842431334e-01
9.220714958532952865e-01
9.263784408030322215e-01
9.303254133332220510e-01
9.336534873724207095e-01
9.359522904253335662e-01
9.364921717874363782e-01
9.337710699577912443e-01
9.240340664409963933e-01
8.940838800426860189e-01
7.778863920625535000e-01
9.431024217549571764e-02
9.001610180412913387e-01
9.898828113667377249e-01
1.002191089742906049e+00
1.004481248801560866e+00
1.004056599461335963e+00
1.002152915439042058e+00
9.987676302643947457e-01
9.931971170354979561e-01
9.831120751389649248e-01
9.574360313732772632e-01
7.291239707642720447e-01
9.983559041557659164e-01
1.004503068575792746e+00
9.958027192289987672e-01
9.875109609034635749e-01
9.795064268644622096e-01
9.715097017283250702e-01
9.633419961279243715e-01
9.548441485135150675e-01
9.457672567125783303e-01
9.355331035661603734e-01
9.223408541473210320e-01
8.970906995074192647e-01
5.655966880491404281e-01
9.445256669598901533e-01
9.281778288036789393e-01
9.171747702922358192e-01
9.085240288897264982e-01
9.009849782166363674e-01
8.940438422140630781e-01
8.874161244177714014e-01
8.808959379537093515e-01
8.743014819614723931e-01
8.674524835549738411e-01
8.601601947689155869e-01
8.522230891433507649e-01
8.434255102768066781e-01
8.335380333534289088e-01
8.223188903542077988e-01
8.095160229946610775e-01
7.948693271106491709e-01
7.781116415342446135e-01
7.589778371149297209e-01
7.371839416780786580e-01
7.124459342953674001e-01
