9.850869389714344004e-01
9.854495908542201255e-01
9.858217659358703422e-01
9.862025232493263349e-01
9.865908781381720338e-01
9.869858227455657884e-01
9.873863430080652703e-01
9.877914324535815860e-01
9.882001031153212489e-01
9.886113938778101629e-01
9.890243765673454313e-01
9.894381600875716831e-01
9.898518928869419753e-01
9.902647640258592787e-01
9.906760030904110392e-01
9.910848791792067347e-01
9.914906991659903079e-01
9.918928054196902711e-01
9.922905731421658437e-01
9.926834074621071480e-01
9.930707404056691168e-01
9.934520278453289333e-01
9.938267465121523037e-01
9.941943911415357382e-01
9.945544718092682590e-01
9.949065115020933048e-01
9.952500439569699209e-01
9.955846117935521766e-01
9.959097649570383126e-01
9.962250594815301730e-01
9.965300565785436548e-01
9.968243220507579938e-01
9.971074260282055679e-01
9.973789430199637707e-01
9.976384522739120131e-01
9.978855384344744728e-01
9.981197924887686979e-01
9.983408129898707628e-01
9.985482075473451902e-01
9.987415945747883939e-01
9.989206052856411944e-01
9.990848859289920281e-01
9.992341002590544585e-01
9.993679322332379433e-01
9.994860889351532274e-01
9.995883037216232170e-01
9.996743395937822685e-01
9.997439927950638738e-01
9.997970966408054050e-01
9.998335255868372462e-01
9.998531995460211430e-01
9.998560884654421610e-01
9.998422171777950895e-01
9.998116705445769803e-01
9.997645989101959785e-01
9.997012238892314384e-01
9.996218445111537676e-01
9.995268437492489388e-01
9.994166954626929611e-01
9.992919717819562786e-01
9.991533509690750936e-01
9.990016257843599146e-01
9.988377123894724985e-01
9.986626598142469557e-01
9.984776600079294795e-01
9.982840584867019862e-01
9.980833655732718190e-01
9.978772682025629503e-01
9.976676422339713080e-01
9.974565651637357089e-01
9.972463290628293953e-01
9.970394534702463618e-01
9.968386978369720985e-01
9.966470729250422877e-01
9.964678502991149989e-01
9.963045686708925652e-01
9.961610353238816717e-01
9.960413200925719579e-01
9.959497382953423905e-01
9.958908174866962781e-01
9.958692406863742796e-01
9.958897555458047224e-01
9.959570342487952255e-01
9.960754620837000139e-01
9.962488224417828109e-01
9.964798307317398463e-01
9.967694465708826224e-01
9.971158581555834566e-01
9.975129776729186881e-01
9.979482000254445984e-01
9.983990389520585040e-01
9.988280307350561049e-01
9.991749271218023365e-01
9.993445823681692541e-01
9.991878901786342970e-01
9.984713131262675789e-01
9.968273700134885340e-01
9.936728291526842893e-01
9.880714346702995643e-01
9.785008792428891988e-01
9.624564561571959942e-01
9.357905299166630053e-01
8.916924278848761265e-01
8.194681204613855074e-01
7.045008017804335054e-01
5.343478533063816815e-01
3.194462079503412877e-01
1.182825359918815988e-01
1.021204203301643958e-02
1.464911867695791597e-02
8.750524980406962361e-02
1.803963273257790656e-01
2.680163723955771293e-01
3.422857651046070093e-01
4.027324601914227253e-01
4.512901369495162518e-01
4.902551434132917940e-01
5.216462575990604700e-01
5.470797570889075478e-01
5.678061144351910228e-01
5.847827058632227848e-01
5.987428120564400880e-01
6.102512622372523454e-01
6.197466992137460329e-01
6.275729346043789070e-01
6.340020385623531540e-01
6.392513531275640926e-01
6.434960883820685096e-01
6.468787133649840371e-01
6.495160135615244412e-01
6.515044387572148654e-01
6.529241859008513282e-01
6.538423237390839082e-01
6.543150754642579336e-01
6.543860827936970326e-01
6.541148813919434035e-01
6.535110678434578046e-01
6.526158548308789165e-01
6.514537355510849892e-01
6.500462572940390871e-01
6.484119323712361771e-01
6.465665816549743816e-01
6.445236546553515522e-01
6.422944983141676278e-01
6.398885781576402199e-01
6.373136587329218949e-01
6.345759497429749318e-01
6.316802232549812990e-01
6.286299063712373902e-01
6.254271529215185144e-01
6.220728970600866159e-01
6.185668911065648201e-01
6.149077295349055783e-01
6.110928606679216779e-01
6.071185873606923522e-01
6.029800577432634645e-01
5.986712469310651041e-01
5.941849304956796640e-01
5.895126504149493796e-01
5.846446741874938846e-01
5.795699478044604724e-01
5.742760433220654992e-01
5.687491018771212437e-01
5.629737731414955482e-01
5.569331524294852676e-01
5.506087169669053871e-01
5.439802632181779396e-01
5.370258476681418758e-01
5.297217340924742501e-01
5.220423511566781860e-01
5.139602651924836119e-01
5.054461742602309737e-01
4.964689311680735018e-01
4.869956050542610937e-01
4.769915935401357054e-01
4.664208004785804218e-01
4.552458982693078915e-01
4.434286994598129472e-01
4.309306730798013740e-01
4.177136719402187448e-01
4.037410880506173694e-01
3.889809658646111723e-01
3.733432167736286944e-01
3.569337253288685230e-01
3.396314438742922825e-01
3.214504000480084001e-01
3.023965775427138736e-01
2.824912022914626841e-01
2.617753247671171235e-01
2.403118955239720578e-01
2.181678375268976677e-01
1.957003934212691865e-01
1.728213829733153406e-01
1.497960523834747648e-01
1.269653438383818167e-01
1.046583454304460953e-01
8.326494613059597094e-02
6.322994284428164191e-02
4.504533378099484509e-02
2.923817997099178653e-02
