9.905579152493130257e-01
9.911687134827623646e-01
9.917664039741961313e-01
9.923492917641946187e-01
9.929156061057210492e-01
9.934635627596458685e-01
9.939914172381185686e-01
9.944975095572029522e-01
9.949803010873383702e-01
9.954384040764968633e-01
9.958706043664901086e-01
9.962758777250447784e-01
9.966534000725810749e-01
9.970025516820197886e-01
9.973229151588446362e-01
9.976142666459766328e-01
9.978765592054916755e-01
9.981098966600857603e-01
9.983144952531529670e-01
9.984906291918992371e-01
9.986385543063912573e-01
9.987584014242044672e-01
9.988500272305999017e-01
9.989128047391201415e-01
9.989453270656567518e-01
9.989449854300234133e-01
9.989073626918165694e-01
9.988253531179943634e-01
9.986878705264613520e-01
9.984779285422732409e-01
9.981697476150823700e-01
9.977243264011650403e-01
9.970825417429470816e-01
9.961541830143503251e-01
9.948001336076178758e-01
9.928026870436862383e-01
9.898147034877065042e-01
9.852698034856585130e-01
9.782183381825260149e-01
9.670170647539597653e-01
9.487218620070194675e-01
9.178703310508087299e-01
8.640649995507869718e-01
7.677590081643835829e-01
5.972228914040653702e-01
3.324615758078455774e-01
6.767463452466737639e-02
1.082033587730844848e-02
1.503543829951148880e-01
3.229871570307358275e-01
4.588223134531999037e-01
5.549470168329658781e-01
6.222005906483067950e-01
6.700263397273504840e-01
7.048086985276447169e-01
7.306565152062278745e-01
7.502229859596828421e-01
7.652558677725229686e-01
7.769352774361715230e-01
7.860783041874703780e-01
7.932643340260144837e-01
7.989133523297562434e-01
8.033359861873641261e-01
8.067662234641408414e-01
8.093832791820529948e-01
8.113265126802309268e-01
8.127058002829192773e-01
8.136088762873477931e-01
8.141066134493850637e-01
8.142568785351907978e-01
8.141073864634545965e-01
8.136978400805774392e-01
8.130615532099841891e-01
8.122266950800450802e-01
8.112172539692371620e-01
8.100537902755458042e-01
8.087540299946809341e-01
8.073333360485775989e-01
8.058050852449687440e-01
8.041809716808616670e-01
8.024712523178484380e-01
8.006849467037899792e-01
7.988300000068251361e-01
7.969134163821203209e-01
7.949413679826240475e-01
7.929192834181518768e-01
7.908519177826703883e-01
7.887434035289407896e-01
7.865972740315539946e-01
7.844164238944577594e-01
7.822028210159266415e-01
7.799553431114155666e-01
7.775222110355713978e-01
7.754198496234498972e-01
7.730929675496631681e-01
7.707459096586567471e-01
7.683754286757789043e-01
7.659806098946079223e-01
7.635606047809233576e-01
7.611142923165148400e-01
7.586401841203168628e-01
7.561363809341020703e-01
7.536005414067293851e-01
7.510298519123809191e-01
7.484209926524555412e-01
7.457700964095221874e-01
7.430726948031094459e-01
7.403236416416109078e-01
7.375169879261092021e-01
7.346457351819722925e-01
7.317012090492899246e-01
7.286708367683427667e-01
7.255246568567240706e-01
7.216930047992745623e-01
7.192574145672880892e-01
7.157644393578459496e-01
7.121892069769342193e-01
7.084784199113653980e-01
7.046089967777990903e-01
7.005607891308101021e-01
6.963129726067857073e-01
6.918430177409918835e-01
6.871261786352337309e-01
6.821351067359452403e-01
6.768394819856965450e-01
6.712056196328763935e-01
6.651960209387366429e-01
6.587687872408205525e-01
6.518763019582791696e-01
6.444164093191852016e-01
6.365053264008042611e-01
6.278868752362082306e-01
6.185620795395643245e-01
6.084493711959584328e-01
5.974596918255626887e-01
5.854944609530364774e-01
5.724446980876334301e-01
5.581904367081296225e-01
5.426004666853775360e-01
5.255325712185461295e-01
5.068344678188939634e-01
4.863454935057324180e-01
4.638971819035547783e-01
4.392757552956571554e-01
4.127843685631136794e-01
3.835330414416858735e-01
3.519549461300283677e-01
3.180033069119297395e-01
2.818260258550336350e-01
2.437535824009892382e-01
2.043514610908660212e-01
1.644760130913536234e-01
1.253176669443470947e-01
8.841117507946202880e-02
5.558838959107779282e-02
2.885177739520058612e-02
1.016200444571074661e-02
1.161729374660742118e-03
2.892281898010592121e-03
1.558230147990089486e-02
3.857899021621986196e-02
7.044893156833675896e-02
1.091933055377774658e-01
1.526963727862621911e-01
1.987703983484881975e-01
2.455280334249028418e-01
2.915314900041011126e-01
3.358075872487485403e-01
3.780256934561795346e-01
4.198365632940240233e-01
4.041556917261980297e-01
4.709422013437871146e-01
5.021263948462683091e-01
5.281974276173854177e-01
5.508953625405206278e-01
5.707793916413195223e-01
5.881931348918325586e-01
6.034077326914185635e-01
6.166560690976649051e-01
6.281436789788341635e-01
6.380534365193010204e-01
6.465483921765646791e-01
6.537740060568117961e-01
6.598601368526915145e-01
6.649228763913922480e-01
6.690662417457635680e-01
6.723837193880143337e-01
6.749596524757094373e-01
6.768704209151729101e-01
6.781847812105800122e-01
6.789453585134470615e-01
6.789223296839506094e-01
6.791000309575254690e-01
6.786385431974059079e-01
6.778360095434295962e-01
6.767478182365075368e-01
6.754164679821891282e-01
6.738798823591087839e-01
6.721725838619332372e-01
6.703257355887152213e-01
