9.987182416867688151e-01
9.988960909799324828e-01
9.990364252057317707e-01
9.991443125217512877e-01
9.992243489791348132e-01
9.992806557508854270e-01
9.993168573866405557e-01
9.993360293649867776e-01
9.993406002398175225e-01
9.993321892945263851e-01
9.993113542179490327e-01
9.992772139983089330e-01
9.992268986626158256e-01
9.991547576419050891e-01
9.990512293458679860e-01
9.989012312540467287e-01
9.986818651293412064e-01
9.983591343407215435e-01
9.978832215876973777e-01
9.971816466901799458e-01
9.961492695064566583e-01
9.946335490733967388e-01
9.924126008607241367e-01
9.891622313113939136e-01
9.844060142962384186e-01
9.774392860416402096e-01
9.672134499442165412e-01
9.521617262314610031e-01
9.299448620922897701e-01
8.971078262748048981e-01
8.487034406382351071e-01
7.781485149607065832e-01
6.780917014112647356e-01
5.438843295263414701e-01
3.811024508947298273e-01
2.137056708320097254e-01
8.007601717372510308e-02
9.955359698384983955e-03
4.685431947718897601e-03
4.372423638587887018e-02
1.035130755347414278e-01
1.678430969277427964e-01
2.283976821626678699e-01
2.819619187523429438e-01
3.279320271162753375e-01
3.668277842660953025e-01
3.995469012793936847e-01
4.270324049021440027e-01
4.501426638444851469e-01
4.696132060480460724e-01
4.860568660371149541e-01
4.999778575933098157e-01
5.117892019336737208e-01
5.218292873631227291e-01
5.303761481504812858e-01
5.376592355061733386e-01
5.438689066142488038e-01
5.491639916662109933e-01
5.536778017275774122e-01
5.575228958638044352e-01
5.607948702711451627e-01
5.635753795329546678e-01
5.659345552931069889e-01
5.679329512982029815e-01
5.696231150594197601e-01
5.710508640339185815e-01
5.722563269419170817e-01
5.732747975109893090e-01
5.741374376685097758e-01
5.748718592758087498e-01
5.755026073621057892e-01
5.760515630511544583e-01
5.765382806566439200e-01
5.769802705056448211e-01
5.773932367398885157e-01
5.777912774754313530e-01
5.781870530820906184e-01
5.785919265803723954e-01
5.790160766786192070e-01
5.794685686242613265e-01
5.799572102463638190e-01
5.802860288922708776e-01
5.810757500937968612e-01
5.817142940074220281e-01
5.824136666452773836e-01
5.831777320683024790e-01
5.840099055162557562e-01
5.849134193873098964e-01
5.858832143455503516e-01
5.869329388237829459e-01
5.880554730931466523e-01
5.892516101633789027e-01
5.905205256197408881e-01
5.918605492461080919e-01
5.932692128517043084e-01
5.947432361925617528e-01
5.962784977562817224e-01
5.978699981987825041e-01
5.995118183419062552e-01
6.011970723174127063e-01
6.029178560670966913e-01
6.046651913082465857e-01
6.064289651163073946e-01
6.081978654920485727e-01
6.099593138571874906e-01
6.116993968834414375e-01
6.134028039641331587e-01
6.150527881412285458e-01
6.166312076870570369e-01
6.181188739594000170e-01
6.194974621717501684e-01
6.207674566883929490e-01
6.215257583689173249e-01
6.225732301508007938e-01
6.232333275740579159e-01
6.236068469952261717e-01
6.237057104371547256e-01
6.234521485483988101e-01
6.228160127151689540e-01
6.217500074405259980e-01
6.202024280609454987e-01
6.181168882939789277e-01
6.154319277173346814e-01
6.120805506853633782e-01
6.079896871870617003e-01
6.030794724185462030e-01
5.972617270821838353e-01
5.904316985504214355e-01
5.820594929501382575e-01
5.734431723197831454e-01
5.630216283458943094e-01
5.511397871266259241e-01
5.376843207728621010e-01
5.225240477913329906e-01
5.055269665790800282e-01
4.865655873684580635e-01
4.655236687355701064e-01
4.423052464689031238e-01
4.168463061407139403e-01
3.891290752823851617e-01
3.591978913819484087e-01
3.271718768761365248e-01
2.932280500217088748e-01
2.572222653520648827e-01
2.243433093026618863e-01
1.869498685482646472e-01
1.510829982917555880e-01
1.169725963022445053e-01
8.555659326144492149e-02
5.785609168656435930e-02
3.483262220983193019e-02
1.728963782016947753e-02
5.793409774572383895e-03
6.211653918651324855e-04
1.744298024619881250e-03
8.848065201162963467e-03
2.138177781756217533e-02
3.862810119948196369e-02
5.977824527743510336e-02
8.400134678090775964e-02
1.104996060838331906e-01
1.385405072518729186e-01
1.673356239941229118e-01
1.970933195391122994e-01
2.264844245589018867e-01
2.555937794266827101e-01
2.841718528028707169e-01
3.120567192099900078e-01
3.391474418594149776e-01
3.653901185314766820e-01
3.907668578852603880e-01
4.152867381490157883e-01
4.389784854167677608e-01
4.618846581825669650e-01
4.840571170494491482e-01
5.055535615294951546e-01
5.264349320191392678e-01
5.467634981326465748e-01
5.666014782472269529e-01
5.860100518855630991e-01
6.050486163842728748e-01
6.237739917042798288e-01
6.422378687952563503e-01
6.604156347946816830e-01
6.786654095142845566e-01
6.966611577366355057e-01
7.146059040461474332e-01
7.325331120710456556e-01
7.504787801968532124e-01
7.684748956563035582e-01
7.865472137445488343e-01
8.047127126334160385e-01
8.229758593858884641e-01
8.413227268256996405e-01
8.597099942840989995e-01
8.780160055099845984e-01
8.955176965105350328e-01
9.140952220458964383e-01
9.312439669583166824e-01
9.471303627003122561e-01
