5.601643176040733696e-01
5.554307598872334495e-01
5.534960283801985126e-01
5.541710544708018382e-01
5.572368311179152212e-01
5.624544660967202292e-01
5.695738715132097063e-01
5.783411492323575764e-01
5.885047523225364063e-01
5.998205157162345147e-01
6.120556566201753590e-01
6.249918480907088458e-01
6.384274687053331787e-01
6.521791282952622559e-01
6.660825649754562594e-01
6.799930028014338212e-01
6.937850527581285176e-01
7.073522328127218595e-01
7.206061757237925969e-01
7.334755864028272843e-01
7.459050040266932413e-01
7.578534179027237583e-01
7.692927803478617488e-01
7.802064545900990744e-01
7.905876309338545349e-01
8.004377401546040049e-01
8.097648893563548222e-01
8.185823425905738304e-01
8.269070673355877199e-01
8.347583719310854855e-01
8.421566826467572486e-01
8.491226274185345035e-01
8.556773877716480348e-01
8.618573292183870915e-01
8.674688110050408074e-01
8.729171614288037118e-01
8.779293204648830340e-01
8.825523462444205824e-01
8.867778246206832193e-01
8.905838019843650422e-01
8.939335080502420761e-01
8.967921078573305449e-01
8.990815309561231983e-01
9.007186045846460321e-01
9.015878930538627767e-01
9.015369112216735648e-01
9.003643926692680433e-01
8.978045505261902370e-01
8.935093688363663356e-01
8.868035949061311429e-01
8.775735772052490891e-01
8.645295419834313488e-01
8.466881809556616734e-01
8.226092957940790429e-01
7.904606692431375148e-01
7.480269724228326700e-01
6.928634927348368278e-01
6.227432307953378876e-01
5.365717388948241240e-01
4.358178734111106678e-01
3.260473643222464024e-01
2.173776174930416305e-01
1.225083368488718294e-01
5.240031138574925001e-02
1.217701443556225629e-02
1.304198290830288736e-04
9.984761206900611211e-03
3.415866180360239285e-02
6.604311197087381347e-02
1.008594309088316487e-01
1.355914746836101303e-01
1.685649550737453317e-01
1.990052588191426330e-01
2.266945104584381365e-01
2.517419379447736194e-01
2.744459048274514590e-01
2.952228685833678257e-01
3.145870797315229450e-01
3.331782422551435863e-01
3.518558002901193693e-01
3.719258853957092548e-01
3.957057803626983228e-01
4.281428139980740788e-01
4.826484518220081621e-01
6.097161065373919442e-01
5.359158654175699699e-01
8.187490898510661752e-02
1.998391956649790691e-01
2.507385105005260351e-01
2.785955602663111041e-01
2.963853408471422424e-01
3.088730293993394715e-01
3.181944776707206213e-01
3.254466882647062409e-01
3.312488525480911661e-01
3.359736480485885912e-01
3.398542194097781688e-01
3.430383576026532211e-01
3.456194832685366425e-01
3.476771152927819464e-01
3.488814818739015000e-01
3.498840269976306039e-01
3.501864932188336610e-01
3.497777138223427951e-01
3.485315348244752420e-01
3.463807283687629912e-01
3.430171643004058524e-01
3.381744517706927189e-01
3.314465002711008412e-01
3.222699660471372574e-01
3.098495881373063976e-01
2.930387533807359279e-01
2.701477974012014283e-01
2.386482572447047035e-01
1.948092631975796574e-01
1.338684424802368267e-01
5.517597448754532619e-02
8.181022730707489775e-04
2.142565258869192080e-01
7.852523468067461598e-01
9.753662010732512266e-01
9.207428541057585125e-01
8.346595070168648656e-01
7.512267377953333325e-01
6.642422310123831108e-01
5.554512537181253151e-01
3.928880292289467779e-01
1.409111884637484213e-01
2.931565391455109859e-02
5.409127645813385232e-01
8.764855901637387259e-01
9.668995804636868474e-01
9.865342468479854077e-01
9.882945550791227829e-01
9.860653615731438393e-01
9.836851337612034785e-01
9.821663345388308430e-01
9.816580596412570747e-01
9.820404695700045705e-01
9.831191987340599514e-01
9.846909683305854477e-01
9.865648708693935953e-01
9.885678998873457246e-01
9.905449637885126446e-01
9.923571536344278909e-01
9.938796144400201538e-01
9.949994071870991164e-01
9.956133100842867734e-01
9.956251992903109027e-01
9.949420089161384873e-01
9.934587239737907582e-01
9.910855734677839202e-01
9.876348559483602019e-01
9.827988781169908483e-01
9.757585802535828634e-01
9.630794311836483601e-01
8.805868916537118452e-01
9.955776522279865537e-01
9.729770773085250068e-01
9.607506289935547894e-01
9.501895069226733437e-01
9.399127025460117801e-01
9.295901262825324585e-01
9.191692797509224411e-01
9.087220136020432992e-01
8.984014595349010257e-01
8.884353529244397585e-01
8.791368150388388925e-01
8.709284152303226056e-01
8.643796950600056705e-01
8.602569766281850105e-01
8.595647803563540856e-01
8.635682245325317918e-01
8.732085166190630687e-01
8.869824948753345373e-01
8.907354356364104442e-01
8.210846497583347281e-01
5.358245324541821564e-01
1.533659891422300137e-01
9.812762945028240605e-03
7.622304667196829787e-03
2.682594173583334810e-02
3.733654112126030128e-02
3.661028357209921563e-02
2.746843656821549087e-02
1.439387044003644610e-02
3.098040815423057891e-03
1.969101305988010114e-03
2.259574379967181287e-02
7.866821224514879141e-02
1.803175267660356851e-01
3.244482624635739443e-01
4.897278059493223035e-01
6.461246935377710221e-01
7.719422653421790237e-01
8.612419506771238353e-01
9.191101291458104727e-01
9.541942118678525819e-01
9.743287634720496637e-01
9.852144980211935410e-01
