9.995910873359498128e-01
9.995747210207445166e-01
9.995577232839660820e-01
9.995406473557271188e-01
9.995239509211055751e-01
9.995080031918588404e-01
9.994930926861400611e-01
9.994794353892505478e-01
9.994671830278825109e-01
9.994564312441808207e-01
9.994472275023917884e-01
9.994395786015300986e-01
9.994334577022638832e-01
9.994288108059176112e-01
9.994255626477084320e-01
9.994236219874264027e-01
9.994228862967489135e-01
9.994232458554658249e-01
9.994245872800349151e-01
9.994267965139186360e-01
9.994297613161821081e-01
9.994333732874892684e-01
9.994375294748357730e-01
9.994421335973893150e-01
9.994470969355220280e-01
9.994523389237356392e-01
9.994577874870879119e-01
9.994633791578877435e-01
9.994690590078277870e-01
9.994747804272824387e-01
9.994805047811888832e-01
9.994862009676260817e-01
9.994918449035087304e-01
9.994974189573221368e-01
9.995029113480160543e-01
9.995083155252867391e-01
9.995136295454104536e-01
9.995188554533209757e-01
9.995239986809115740e-01
9.995290674688243060e-01
9.995340723180367037e-01
9.995390254755602832e-01
9.995439404578366771e-01
9.995488316140416218e-01
9.995537137302059616e-01
9.995586016752309177e-01
9.995635100880485568e-01
9.995684531053349309e-01
9.995734441283656846e-01
9.995784956276536626e-01
9.995836189828282148e-01
9.995888243563896269e-01
9.995941205981765387e-01
9.995995151787090416e-01
9.996050141485881557e-01
9.996106221217098131e-01
9.996163422796293663e-01
9.996221763947016337e-01
9.996281248698045685e-01
9.996341867921854085e-01
9.996403599994176936e-01
9.996466411555494647e-01
9.996530258352894771e-01
9.996595086147959108e-01
9.996660831670625136e-01
9.996727423609181873e-01
9.996794783617442004e-01
9.996862827330630363e-01
9.996931465376834858e-01
9.997000604375797517e-01
9.997070147914804972e-01
9.997139997493666996e-01
9.997210053434764099e-01
9.997280215750175003e-01
9.997350384960811409e-01
9.997420462865745927e-01
9.997490353254083750e-01
9.997559962564119829e-01
9.997629200479689615e-01
9.997697980466068168e-01
9.997766220246225854e-01
9.997833842213976752e-01
9.997900773783932049e-01
9.997966947679656213e-01
9.998032302161646845e-01
9.998096781193069882e-01
9.998160334546054573e-01
9.998222917850413394e-01
9.998284492583470184e-01
9.998345026007114944e-01
9.998404491047554465e-01
9.998462866127024729e-01
9.998520134942923132e-01
9.998576286198967988e-01
9.998631313293168121e-01
9.998685213960052387e-01
9.998737989871225862e-01
9.998789646200002545e-01
9.998840191147885248e-01
9.998889635437399059e-01
9.998937991775916911e-01
9.998985274288992864e-01
9.999031497932333590e-01
9.999076677878558916e-01
9.999120828889693779e-01
9.999163964670101379e-01
9.999206097213763078e-01
9.999247236141451944e-01
9.999287388035263957e-01
9.999326555777240388e-01
9.999364737893430277e-01
9.999401927908778687e-01
9.999438113723281285e-01
9.999473277007370209e-01
9.999507392629854996e-01
9.999540428122580815e-01
9.999572343187298484e-01
9.999603089254798238e-01
9.999632609105820746e-01
9.999660836557330290e-01
9.999687696229278000e-01
9.999713103398134573e-01
9.999736963948817614e-01
9.999759174436648745e-01
9.999779622269011625e-01
9.999798186022050839e-01
9.999814735903136409e-01
9.999829134372838491e-01
9.999841236941323652e-01
9.999850893154632603e-01
9.999857947784901446e-01
9.999862242241335242e-01
9.999863616222017804e-01
9.999861909617059341e-01
9.999856964689790573e-01
9.999848628552476804e-01
9.999836755954153444e-01
9.999821212410197058e-01
9.999801877689671326e-01
9.999778649693297217e-01
9.999751448748437355e-01
9.999720222353902788e-01
9.999684950416856122e-01
9.999645651025604876e-01
9.999602386815213961e-01
9.999555271999239769e-01
9.999504480154091102e-01
9.999450252876801448e-01
9.999392909468649560e-01
9.999332857852362144e-01
9.999270607004980826e-01
9.999206781291855028e-01
9.999142137240876194e-01
9.999077583514360823e-01
9.999014205153464729e-01
9.998953293655685748e-01
9.998896385160810363e-01
9.998845310132096209e-01
9.998802259662821212e-01
9.998769876325556138e-01
9.998751382081264572e-01
9.998750763550170451e-01
9.998773048578487588e-01
9.998824732825970507e-01
9.998914462184940177e-01
9.999054170927597074e-01
9.999261075104033392e-01
9.999561375832327625e-01
9.999997660069522842e-01
1.000064513560212642e+00
1.000165193401218788e+00
1.000335796742839678e+00
1.000674643631152438e+00
1.001567648217369433e+00
9.869955658867823889e-01
9.977718217928244204e-01
9.986909216744488393e-01
9.990278863805938103e-01
9.992095122822991504e-01
9.993290166995535406e-01
9.994184411132526202e-01
9.994916885425996211e-01
9.995556982392159728e-01
9.996142427827366950e-01
9.996694619592613185e-01
9.997225620276261049e-01
9.997741639561904536e-01
9.998244886973416401e-01
9.998734608459050044e-01
9.999207690010603056e-01
9.999659022297930910e-01
1.000008173101103015e+00
1.000046733300530510e+00
1.000080585500985775e+00
1.000108593899433407e+00
1.000129495124659984e+00
1.000141910821667368e+00
1.000144362991780778e+00
1.000135293038120210e+00
1.000113085394084722e+00
