6.256783854838079417e-01
3.129471386769758778e-01
-4.664362240567956094e-04
3.707913538002937104e-01
7.037500181186865378e-01
8.403211132212582424e-01
8.973478344875888135e-01
9.227790706624268147e-01
9.339118186185635384e-01
9.377902758535613392e-01
9.376808918062089493e-01
9.353188676605371787e-01
9.317325432213178216e-01
9.276088274753019336e-01
9.234617280297385822e-01
9.197205434555905113e-01
9.167821783589489293e-01
9.150473762476687423e-01
9.149499235860150126e-01
9.169816532204643211e-01
9.217086255567019659e-01
9.297564343850627244e-01
9.416906716674996458e-01
9.574793416633938792e-01
9.753537393116645804e-01
9.856033340840257839e-01
9.548590826438360102e-01
7.914389817908286107e-01
4.113256546431396932e-01
7.196258742867496505e-02
1.947132561906881124e-03
5.536242622376926631e-02
1.223071482422882494e-01
1.760692100458603471e-01
2.150102561525459588e-01
2.420174552380479627e-01
2.599388381536095749e-01
2.708740362054624096e-01
2.762366337434134511e-01
2.769091482231552659e-01
2.733581815204834675e-01
2.656930349779902389e-01
2.536689294294215413e-01
2.366317518979612344e-01
2.133945125886438920e-01
1.820476056530523079e-01
1.398393076095286458e-01
8.412961279999603414e-02
2.085049190503018499e-02
1.851853391290989026e-02
3.652405644955867836e-01
8.899385917126515499e-01
9.451810183005232568e-01
8.550712259538477689e-01
7.737134168415261692e-01
7.142829225911615509e-01
6.712917334415212656e-01
6.395321873546399027e-01
6.155138350745492648e-01
5.969876210704215813e-01
5.824778223418343170e-01
5.709801014322991586e-01
5.617741322501568213e-01
5.542973071684230701e-01
5.480285401371168819e-01
5.423672336958839102e-01
5.361232422816285537e-01
5.256328692595723107e-01
4.806101867083135692e-01
6.271403470934437951e-01
5.765721568753339188e-01
5.690122808500849283e-01
5.679625387848240559e-01
5.695274969650887531e-01
5.726421373645963486e-01
5.768889712003596459e-01
5.820668334644620856e-01
5.880643943999837031e-01
5.948133037322704819e-01
6.022677883248893638e-01
6.103945853881824757e-01
6.191674170518596254e-01
6.285636424363765240e-01
6.385620225846395659e-01
6.491410786601269356e-01
6.602777723021946432e-01
6.719463585838794106e-01
6.841173253079949612e-01
6.967563672678763753e-01
7.098233643074161048e-01
7.232713439626606844e-01
7.370454156929512335e-01
7.510816623152329896e-01
7.653059349219593077e-01
7.796313417885191166e-01
7.939680668683473108e-01
8.081897767428852797e-01
8.221330480153616893e-01
8.357520828348889985e-01
8.487889304239770727e-01
8.610472633245268570e-01
8.722450768134800692e-01
8.819181793257419022e-01
8.887876042684494937e-01
8.715302185014672798e-01
9.136604855088886756e-01
9.118586351628427122e-01
9.091641512270874914e-01
9.016223156512529480e-01
8.859830145612278551e-01
8.569761047795749764e-01
8.056893082023497410e-01
7.199069536582860529e-01
5.943822749845208975e-01
4.559263693346202739e-01
3.642039552136491221e-01
3.631457573140137729e-01
4.605704806139609420e-01
6.242029645880025068e-01
7.834275951717990516e-01
8.889258091488451141e-01
9.405930641957245264e-01
9.573989071381462379e-01
9.551759228402779689e-01
9.430231785694910274e-01
9.262776770626961476e-01
9.070695893858176095e-01
8.868283525652115307e-01
8.661205659209506580e-01
8.456314840004113265e-01
8.253864087686841877e-01
8.055704458199319795e-01
7.862784002220687407e-01
7.675713552655687444e-01
7.494895339945973900e-01
7.320489501867580850e-01
7.152849223309845073e-01
6.991820927925352924e-01
6.837372430225324704e-01
6.689293947689876063e-01
6.547162799878908368e-01
6.410137353043063868e-01
6.276313915907553165e-01
6.140105442361905030e-01
5.973452684108300215e-01
3.732305725120585449e-01
5.979326802819480147e-01
5.836604743298889897e-01
5.732733868329539240e-01
5.643233009288632918e-01
5.563015152063502944e-01
5.490402495066344368e-01
5.424819650271374138e-01
5.366333564403404921e-01
5.315807677114974261e-01
5.275969931186048623e-01
5.256470456845869776e-01
5.320474537441789442e-01
4.579685921647238533e-01
4.950193363090862886e-01
4.967666245875212994e-01
4.960079313634507270e-01
4.948089836957853538e-01
4.936686807516924569e-01
4.927718475262231612e-01
4.922079931112461337e-01
4.920317596128528925e-01
4.922848485395935336e-01
4.930059706420168997e-01
4.942366734530584393e-01
4.960260334800086768e-01
4.984358264263338278e-01
5.015476318982856618e-01
5.054739382889298360e-01
5.103769589000163309e-01
5.165026224276464406e-01
5.242444361307360134e-01
5.342981366656640585e-01
5.479435876308194064e-01
5.679439467207557657e-01
6.012018804355598878e-01
6.686387941479887687e-01
6.509781275521813182e-01
1.697440352208219871e-01
3.473802925230435878e-01
4.043468558467550600e-01
4.291220615184722642e-01
4.392610524025006846e-01
4.389737939005146639e-01
4.281345669891593597e-01
4.041008360009591405e-01
3.620197850642385418e-01
2.954730584715924979e-01
2.006251098764359475e-01
9.020824397115548288e-02
1.102316881662869855e-02
1.060036703544033065e-02
5.998459746963531042e-02
9.113622931255381532e-02
7.659429763523883938e-02
