9.997583888924810314e-01
9.997555721415357644e-01
9.997527769617635673e-01
9.997500613306667949e-01
9.997474723541702746e-01
9.997450471963283958e-01
9.997428140608398683e-01
9.997407931910207157e-01
9.997389978610491390e-01
9.997374353374488543e-01
9.997361077948123675e-01
9.997350131739546342e-01
9.997341459745872072e-01
9.997334979776649755e-01
9.997330588947815899e-01
9.997328169446849655e-01
9.997327593580703775e-01
9.997328728130342457e-01
9.997331438055251374e-01
9.997335589581267667e-01
9.997341052726625987e-01
9.997347703313117506e-01
9.997355424512988087e-01
9.997364107983617298e-01
9.997373654640673291e-01
9.997383975114757515e-01
9.997394989940244781e-01
9.997406629514192788e-01
9.997418833869275989e-01
9.997431552293065682e-01
9.997444742827251707e-01
9.997458371672951483e-01
9.997472412534600394e-01
9.997486845915425357e-01
9.997501658391700907e-01
9.997516841876167293e-01
9.997532392890980946e-01
9.997548311854985714e-01
9.997564602400024203e-01
9.997581270720190538e-01
9.997598324962267968e-01
9.997615774658927812e-01
9.997633630209689093e-01
9.997651902411007763e-01
9.997670602032965315e-01
9.997689739447879198e-01
9.997709324305232848e-01
9.997729365253662515e-01
9.997749869706634707e-01
9.997770843652513673e-01
9.997792291500882111e-01
9.997814215970310947e-01
9.997836618006301634e-01
9.997859496732519613e-01
9.997882849429132746e-01
9.997906671537510892e-01
9.997930956686926773e-01
9.997955696740089548e-01
9.997980881857478908e-01
9.998006500574525557e-01
9.998032539891543724e-01
9.998058985374114194e-01
9.998085821260268569e-01
9.998113030574795612e-01
9.998140595245852413e-01
9.998168496226680357e-01
9.998196713616197551e-01
9.998225226780858010e-01
9.998254014473981766e-01
9.998283054954105742e-01
9.998312326099410008e-01
9.998341805516903769e-01
9.998371470649030091e-01
9.998401298874113330e-01
9.998431267600574879e-01
9.998461354356337205e-01
9.998491536868970853e-01
9.998521793143642089e-01
9.998552101530721048e-01
9.998582440786785153e-01
9.998612790130371186e-01
9.998643129290120113e-01
9.998673438544977143e-01
9.998703698757686054e-01
9.998733891402997731e-01
9.998763998587703039e-01
9.998794003064224167e-01
9.998823888239120050e-01
9.998853638173182956e-01
9.998883237578364280e-01
9.998912671805438857e-01
9.998941926829855165e-01
9.998970989229579720e-01
9.998999846157854421e-01
9.999028485313337100e-01
9.999056894903780579e-01
9.999085063604248313e-01
9.999112980514508475e-01
9.999140635110259634e-01
9.999168017190548374e-01
9.999195116824265428e-01
9.999221924290114805e-01
9.999248430018304878e-01
9.999274624525607003e-01
9.999300498352929889e-01
9.999326041996093872e-01
9.999351245840886193e-01
9.999376100094019559e-01
9.999400594713803159e-01
9.999424719342890899e-01
9.999448463240664386e-01
9.999471815215338344e-01
9.999494763561637134e-01
9.999517295996627197e-01
9.999539399601340417e-01
9.999561060766021248e-01
9.999582265138599046e-01
9.999602997578818098e-01
9.999623242120687650e-01
9.999642981938677844e-01
9.999662199324679257e-01
9.999680875673027103e-01
9.999698991475812759e-01
9.999716526330428845e-01
9.999733458958300902e-01
9.999749767239328735e-01
9.999765428261288003e-01
9.999780418385605385e-01
9.999794713331940921e-01
9.999808288283614788e-01
9.999821118014428079e-01
9.999833177038877086e-01
9.999844439791142348e-01
9.999854880827723225e-01
9.999864475063591218e-01
9.999873198041943079e-01
9.999881026236584480e-01
9.999887937397605731e-01
9.999893910935805375e-01
9.999898928356490968e-01
9.999902973744779766e-01
9.999906034307129987e-01
9.999908100979981729e-01
9.999909169111785845e-01
9.999909239230824198e-01
9.999908317916156308e-01
9.999906418789092921e-01
9.999903563656392658e-01
9.999899783840882073e-01
9.999895121753300531e-01
9.999889632781129301e-01
9.999883387599995954e-01
9.999876475065692105e-01
9.999869005918696763e-01
9.999861117646832165e-01
9.999852981048559242e-01
9.999844809341482677e-01
9.999836871185018294e-01
9.999829509902458113e-01
9.999823172832230656e-01
9.999818457862895693e-01
9.999816190394535953e-01
9.999817556979838651e-01
9.999824351197647010e-01
9.999839458961826688e-01
9.999867904276384944e-01
9.999919369621651510e-01
1.000001519906818181e+00
1.000021064967485884e+00
1.000053271484514283e+00
9.991855137154229682e-01
9.998159070462281361e-01
9.998779022378740944e-01
9.998995812614583922e-01
9.999103253444079353e-01
9.999166864570478985e-01
9.999209376884522493e-01
9.999240761674466071e-01
9.999266087403062553e-01
9.999288196860025568e-01
9.999308789176625245e-01
9.999328912363089072e-01
9.999349207491221581e-01
9.999370037291007707e-01
9.999391556585870422e-01
9.999413751588097643e-01
9.999436461709395596e-01
9.999459391221974247e-01
9.999482114967074287e-01
9.999504080649056492e-01
9.999524609376632123e-01
9.999542895611187587e-01
9.999558007418309913e-01
9.999568887770380332e-01
9.999574357570903960e-01
9.999573121048439539e-01
9.999563774159340168e-01
9.999544816655688839e-01
9.999514668489759561e-01
9.999471691258502437e-01
