9.964585017341142104e-01
9.961437164081686779e-01
9.958454564888623572e-01
9.955824596768184653e-01
9.953748865925877709e-01
9.952439746961297962e-01
9.952114528557760575e-01
9.952985237573843680e-01
9.955240769290166769e-01
9.959015285949878171e-01
9.964331681609398528e-01
9.970997960723436693e-01
9.978405514546729860e-01
9.985037307971097453e-01
9.980516529804925874e-01
9.988371104206216211e-01
9.965713940365779067e-01
9.905768724627974642e-01
9.767243062729105141e-01
9.464029280417571854e-01
8.813210006061962254e-01
7.454142662401006536e-01
4.925088430575434995e-01
1.674381495442714973e-01
1.913437994752935226e-03
6.964429631730961745e-02
2.131110314558277707e-01
3.393753883888445122e-01
4.333211341131226746e-01
5.010836679417051132e-01
5.503259845318753118e-01
5.867425833089634502e-01
6.141769674542892909e-01
6.351901254968588262e-01
6.515110484141061198e-01
6.643400233259533216e-01
6.734990617103773225e-01
6.824591591533284429e-01
6.889216368515066469e-01
6.940770283257784445e-01
6.981876700033797789e-01
7.014512070188666515e-01
7.040220484539609913e-01
7.060229068487441362e-01
7.075526092188109129e-01
7.086916724306682180e-01
7.095063805646296684e-01
7.100518163379073711e-01
7.103741447257199138e-01
7.105123519588750769e-01
7.104995806857928864e-01
7.103641590428052544e-01
7.101303894006320006e-01
7.098191346092532772e-01
7.094482055321158498e-01
7.090324889540101649e-01
7.085835761037133640e-01
7.081079944451534880e-01
7.075998389121104237e-01
7.069959181764932099e-01
7.049853199426963091e-01
7.070782012008092199e-01
7.064094814756531893e-01
7.059882040373218759e-01
7.056538171139573601e-01
7.053824983509151547e-01
7.051693722419288823e-01
7.050142008533785143e-01
7.049180827781685865e-01
7.048824162860332088e-01
7.049085073523316813e-01
7.049974016378049990e-01
7.051498048905123772e-01
7.053660410750623999e-01
7.056460270215350050e-01
7.059892539038493675e-01
7.063947707756752514e-01
7.068611676413323330e-01
7.073865566167339969e-01
7.079685502667870667e-01
7.086042364630092960e-01
7.092901492182640544e-01
7.100222349878064776e-01
7.107958139087129368e-01
7.116055354000262456e-01
7.124453274735714770e-01
7.133083390200616325e-01
7.141868742491452871e-01
7.150723184046999803e-01
7.159550539210945974e-01
7.168243665218825278e-01
7.176683419461750146e-01
7.184737578007048819e-01
7.192259881759842655e-01
7.199089922466905822e-01
7.205057526193894279e-01
7.210024219926011169e-01
7.196082552441076530e-01
7.214930158573711338e-01
7.215155070235808044e-01
7.213107468134232203e-01
7.208500339004259017e-01
7.200933416277038868e-01
7.172298465650778221e-01
7.174639228741116481e-01
7.155311306607325950e-01
7.130655864716201053e-01
7.099968887662443384e-01
7.062345495149610075e-01
7.016690366901238152e-01
6.961541968556806959e-01
6.892293024686063641e-01
6.824430757868515940e-01
6.731360198492732927e-01
6.623694667288543281e-01
6.497615838917475406e-01
6.350003014428208248e-01
6.177411483601203956e-01
5.975951675182622491e-01
5.741278344324435290e-01
5.468662157844087490e-01
5.153184383305652316e-01
4.790127814658203809e-01
4.375666613053516563e-01
3.907977736457631801e-01
3.388880982372310391e-01
2.826014963792486956e-01
2.235296029794493489e-01
1.614672407950558664e-01
1.080396374903947465e-01
6.011215835787365319e-02
2.433838592318206956e-02
4.256224703378410495e-03
1.484460557013683821e-03
1.536119943245453125e-02
4.323742459277291755e-02
8.128996028574404786e-02
1.254564402656939970e-01
1.721470124892755804e-01
2.186011264782738994e-01
2.629420253816515674e-01
3.040544244057346579e-01
3.413980042878835830e-01
3.748257016517699269e-01
4.044365708163801254e-01
4.304689258985550659e-01
4.532284383398172412e-01
4.730426484122829400e-01
4.902337360673649780e-01
5.051028369516927796e-01
5.179200568822081019e-01
5.289115742357911598e-01
5.382069915191614040e-01
5.452145092073192867e-01
5.543492060050255743e-01
5.604809644190635876e-01
5.653835946118588307e-01
5.696072496993764833e-01
5.732006305478470898e-01
5.762379922462839144e-01
5.787943606845884492e-01
5.809398063194954887e-01
5.827383334976992124e-01
5.842480182127083310e-01
5.855214979059552016e-01
5.866065347814268804e-01
5.875465580951451106e-01
5.883811528416245107e-01
5.891464839919438035e-01
5.898756510875936554e-01
5.905989630802238599e-01
5.913440997132046739e-01
5.921360337482947100e-01
5.929961149812519317e-01
5.939355101907046741e-01
5.947429460447730687e-01
5.963189146487444248e-01
5.975980269897098740e-01
5.991364693984218004e-01
6.007956505068285935e-01
6.026132267005712695e-01
6.045660553582469232e-01
6.065934486413006033e-01
6.085343037483027517e-01
6.098808839070295473e-01
6.081063007256162223e-01
4.396988503281747951e-01
6.376312013156737457e-01
6.363843584264350373e-01
6.392768716930026240e-01
6.434775642114095584e-01
6.484465568209899500e-01
6.540174448474400659e-01
6.601347945761716351e-01
6.667878297820014621e-01
6.739895258463863836e-01
6.817696261681127634e-01
6.901731172100306066e-01
6.992614819532161352e-01
7.091158581850284248e-01
