9.958986196900702081e-01
9.963934521438326808e-01
9.968599068621982751e-01
9.972967979562126217e-01
9.977029774569341480e-01
9.980773332356395189e-01
9.984187886156656866e-01
9.987263035985811666e-01
9.989988776169662632e-01
9.992355537231969453e-01
9.994354241247406234e-01
9.995976369777582748e-01
9.997214043578357412e-01
9.998060113324402920e-01
9.998508260676058912e-01
9.998553109123573535e-01
9.998190344125688078e-01
9.997416842172665019e-01
9.996230808520149003e-01
9.994631923435002285e-01
9.992621496924725122e-01
9.990202632025578788e-01
9.987380396841200048e-01
9.984162005636745274e-01
9.980557009409197766e-01
9.976577496458426397e-01
9.972238303595100106e-01
9.967557238714526147e-01
9.962555315559387115e-01
9.957257001556969467e-01
9.951690479662003153e-01
9.945887925131587926e-01
9.939885798106052883e-01
9.933725152700318972e-01
9.927451963037020599e-01
9.921117466161152310e-01
9.914778521025623403e-01
9.908497981563116896e-01
9.902345080132869404e-01
9.896395815054623846e-01
9.890733332190748683e-01
9.885448285057218953e-01
9.880639149995376069e-01
9.876412461381501862e-01
9.872882915050749109e-01
9.870173263631936145e-01
9.868413891648831759e-01
9.867741905566245197e-01
9.868299496046177843e-01
9.870231213698593686e-01
9.873679625626556877e-01
9.878778556944650679e-01
9.885642719824111468e-01
9.894351913694994227e-01
9.904927016476644530e-01
9.917293469865362532e-01
9.931225548040814033e-01
9.946260816647872760e-01
9.961567880061950042e-01
9.975740175741192317e-01
9.986471540148558201e-01
9.990041228381462135e-01
9.980490478760288831e-01
9.948301238828798354e-01
9.878285513684774699e-01
9.746283014517480581e-01
9.514274898842537409e-01
9.124126819014396483e-01
8.492742196970777258e-01
7.518740917478812236e-01
6.124071270618028917e-01
4.354709092263713277e-01
2.491581357493211635e-01
9.876486303635909070e-02
1.659475365433444802e-02
1.464126551952513481e-03
3.063285251533376385e-02
8.060671844984639012e-02
1.360526747039989270e-01
1.892306948637747233e-01
2.370521872839184696e-01
2.787736776658660820e-01
3.146789555571322117e-01
3.454249988263058957e-01
3.717457082248505906e-01
3.943304447453212513e-01
4.137829534362592598e-01
4.306151268425190137e-01
4.452544939974084626e-01
4.580560071218914842e-01
4.693141884354445903e-01
4.792747051353721810e-01
4.880962142367898382e-01
4.960696005025533872e-01
5.032298744591732209e-01
5.097306489460919909e-01
5.156764524434590546e-01
5.211562765833420707e-01
5.262466146393035560e-01
5.310135920066344495e-01
5.355146484772852489e-01
5.397998949150675241e-01
5.439132158465371791e-01
5.478931697853437477e-01
5.517737272761681355e-01
5.555848790163547823e-01
5.593531462406393651e-01
5.631021056240126388e-01
5.668504118367340139e-01
5.706205631103107301e-01
5.744253520585363981e-01
5.782794107070777789e-01
5.821948341209549627e-01
5.861819085070154589e-01
5.902492369838169273e-01
5.944038212364708418e-01
5.986511221784728276e-01
6.029951052909144904e-01
6.074382738324325404e-01
6.119816924100333067e-01
6.166250030732064458e-01
6.213664358860336856e-01
6.262028157795777039e-01
6.311295673625297864e-01
6.361407192590523563e-01
6.412289094426687486e-01
6.463853929420799727e-01
6.516000532202398388e-01
6.568614185043830656e-01
6.621566844609165781e-01
6.674717451022068593e-01
6.727912353600242756e-01
6.780985935208799775e-01
6.833761677076771734e-01
6.886054546305542257e-01
6.937679031631799331e-01
6.988498910089885330e-01
7.033028071340414744e-01
7.085529418035487748e-01
7.132268688094759446e-01
7.177038636238939340e-01
7.219667173647222880e-01
7.259904103706591449e-01
7.297478768176064445e-01
7.332107909790633871e-01
7.363497015230977549e-01
7.391339934681026014e-01
7.415317699682621999e-01
7.435096757424810576e-01
7.450326664977467983e-01
7.460637234781071214e-01
7.465635106047644465e-01
7.464899712714795355e-01
7.457978620460316010e-01
7.444382211234077396e-01
7.423577703987207510e-01
7.394982516051301635e-01
7.357956993252290356e-01
7.311796571734591188e-01
7.255723485425414898e-01
7.188878206744603316e-01
7.110310913536773691e-01
7.018973424271974793e-01
6.913712252019823534e-01
6.793263715609724196e-01
6.656252438578581510e-01
6.501195092293095001e-01
6.326511931114995324e-01
6.130549554396272915e-01
5.911619410089032911e-01
5.668056952368908386e-01
5.391520823164328569e-01
5.101036822517889258e-01
4.775416333639972977e-01
4.421129854148500571e-01
4.038853637817914066e-01
3.630534619585769618e-01
3.199795671011427256e-01
2.752351777930530652e-01
2.296383589546454052e-01
1.842778439690072045e-01
1.405120406028373403e-01
9.992993956697593383e-02
6.426225658211026648e-02
3.522560995057663624e-02
1.484854390734206483e-02
3.698441365025128841e-03
2.762876212671108202e-03
1.234936111936523265e-02
3.200344413954117617e-02
6.077431617406404973e-02
9.732813666581456580e-02
1.401098356595547600e-01
1.875036782775399979e-01
2.379657911326961139e-01
2.901161193485758960e-01
3.427889428551335604e-01
3.950485076235960014e-01
4.461793050447745435e-01
4.956596296872610719e-01
