9.984407838107498545e-01
9.984384242342853044e-01
9.984364859340949527e-01
9.984349704757111699e-01
9.984338791279004921e-01
9.984332128754281888e-01
9.984329724304554787e-01
9.984331582427861118e-01
9.984337705088011106e-01
9.984348091791804825e-01
9.984362739655314734e-01
9.984381643459022682e-01
9.984404795693135881e-01
9.984432186595604275e-01
9.984463804180127022e-01
9.984499634259668133e-01
9.984539660463924715e-01
9.984583864249680918e-01
9.984632224911633713e-01
9.984684719585720236e-01
9.984741323252994682e-01
9.984802008741181512e-01
9.984866746724712083e-01
9.984935505724119587e-01
9.985008252106862825e-01
9.985084950086833278e-01
9.985165561726295769e-01
9.985250046936690049e-01
9.985338363482809676e-01
9.985430466987517129e-01
9.985526310938637184e-01
9.985625846695246333e-01
9.985729023500343748e-01
9.985835788490954323e-01
9.985946086713296532e-01
9.986059861136691307e-01
9.986177052673349541e-01
9.986297600196561985e-01
9.986421440562931462e-01
9.986548508635109123e-01
9.986678737307628229e-01
9.986812057532972187e-01
9.986948398350301570e-01
9.987087686916388263e-01
9.987229848535623677e-01
9.987374806694295781e-01
9.987522483094904979e-01
9.987672797692065396e-01
9.987825668729046757e-01
9.987981012777431555e-01
9.988138744774673894e-01
9.988298778067105088e-01
9.988461024450038250e-01
9.988625394211255726e-01
9.988791796174100179e-01
9.988960137742661782e-01
9.989130324947212980e-01
9.989302262490201700e-01
9.989475853793799986e-01
9.989651001047676893e-01
9.989827605257188825e-01
9.990005566293500561e-01
9.990184782942705954e-01
9.990365152957363382e-01
9.990546573106389161e-01
9.990728939228116223e-01
9.990912146281794026e-01
9.991096088400860387e-01
9.991280658945708160e-01
9.991465750558072845e-01
9.991651255215274752e-01
9.991837064283857206e-01
9.992023068575314193e-01
9.992209158401721414e-01
9.992395223630815559e-01
9.992581153742970956e-01
9.992766837885458386e-01
9.992952164931462322e-01
9.993137023535787478e-01
9.993321302191140454e-01
9.993504889286113357e-01
9.993687673163028640e-01
9.993869542174701470e-01
9.994050384741471893e-01
9.994230089410022222e-01
9.994408544910520220e-01
9.994585640214087574e-01
9.994761264591306427e-01
9.994935307668781910e-01
9.995107659488240426e-01
9.995278210562030807e-01
9.995446851932608956e-01
9.995613475228635192e-01
9.995777972721618942e-01
9.995940237384023375e-01
9.996100162945558143e-01
9.996257643948229799e-01
9.996412575803870215e-01
9.996564854849646631e-01
9.996714378402529189e-01
9.996861044815552599e-01
9.997004753530664978e-01
9.997145405134750806e-01
9.997282901411336242e-01
9.997417145395938176e-01
9.997548041425877718e-01
9.997675495194608963e-01
9.997799413802405111e-01
9.997919705806207480e-01
9.998036281271064363e-01
9.998149051819326116e-01
9.998257930677936223e-01
9.998362832728835414e-01
9.998463674554013414e-01
9.998560374482828861e-01
9.998652852638090227e-01
9.998741030979957367e-01
9.998824833349463370e-01
9.998904185513024512e-01
9.998979015202679177e-01
9.999049252158104251e-01
9.999114828166285607e-01
9.999175677100426984e-01
9.999231734958233808e-01
9.999282939897928824e-01
9.999329232274493107e-01
9.999370554674348321e-01
9.999406851948197117e-01
9.999438071242960913e-01
9.999464162032950520e-01
9.999485076149023932e-01
9.999500767806088763e-01
9.999511193631795969e-01
9.999516312689361586e-01
9.999516086501910594e-01
9.999510479075968128e-01
9.999499456919715978e-01
9.999482989064086835e-01
9.999461047078254117e-01
9.999433605085545906e-01
9.999400639777420441e-01
9.999362130423908868e-01
9.999318058883932547e-01
9.999268409612980246e-01
9.999213169667540146e-01
9.999152328709285387e-01
9.999085879004985244e-01
9.999013815425454865e-01
9.998936135441618411e-01
9.998852839117563507e-01
9.998763929101760484e-01
9.998669410614888786e-01
9.998569291435089879e-01
9.998463581881426032e-01
9.998352294792235417e-01
9.998235445502174912e-01
9.998113051816384100e-01
9.997985133980024086e-01
9.997851714646808219e-01
9.997712818842593441e-01
9.997568473926549126e-01
9.997418709549517057e-01
9.997263557609271656e-01
9.997103052202471751e-01
9.996937229573870098e-01
9.996766128063214740e-01
9.996589788048889647e-01
9.996408251891520935e-01
9.996221563872037530e-01
9.996029770132349723e-01
9.995832918612135298e-01
9.995631058987278772e-01
9.995424242608180743e-01
9.995212522438563507e-01
9.994995952998919631e-01
9.994774590312349716e-01
9.994548491856094508e-01
9.994317716521449180e-01
9.994082324582618249e-01
9.993842377678952005e-01
9.993597938814496873e-01
9.993349072377351039e-01
9.993095844186890009e-01
9.992838321575864269e-01
9.992576573517627514e-01
9.992310670810835571e-01
9.992040686343370837e-01
9.991766695457753311e-01
9.991488776461963095e-01
9.991207011336513677e-01
9.990921486729713585e-01
9.990632295369994420e-01
9.990339538108858886e-01
9.990043326935972301e-01
9.989743789514621275e-01
9.989441076111712503e-01
9.989135370137190995e-01
9.988826903061253093e-01
9.988515967860833733e-01
9.988202876297228583e-01
