9.945978420572068046e-01
9.946207366686787843e-01
9.946711538739120284e-01
9.947436125131240425e-01
9.948331173182179965e-01
9.949351865152538110e-01
9.950458620497566464e-01
9.951617056814586748e-01
9.952797838493097071e-01
9.953976438684342121e-01
9.955132836940862040e-01
9.956251171788856880e-01
9.957319364620462743e-01
9.958328728650570616e-01
9.959273574273745933e-01
9.960150820008609740e-01
9.960959616291055196e-01
9.961700987693724585e-01
9.962377497692940231e-01
9.962992938830307343e-01
9.963552050063781973e-01
9.964060262199729845e-01
9.964523471563407897e-01
9.964947841470523926e-01
9.965339630592435771e-01
9.965705046940864786e-01
9.966050125936950499e-01
9.966380630836041421e-01
9.966701973670285541e-01
9.967019154803625769e-01
9.967336719185573291e-01
9.967658727411505826e-01
9.967988739763069539e-01
9.968329811465923562e-01
9.968684497515200027e-01
9.969054865515395436e-01
9.969442515110551462e-01
9.969848602689058703e-01
9.970273870182235765e-01
9.970718676889251952e-01
9.971183033385006000e-01
9.971666636676845830e-01
9.972168905889418067e-01
9.972689017856342097e-01
9.973225942089135598e-01
9.973778474690355722e-01
9.974345270848088418e-01
9.974924875627820819e-01
9.975515752839919648e-01
9.976116311823618465e-01
9.976724932031291182e-01
9.977339985355049290e-01
9.977959856161576768e-01
9.978582959047948009e-01
9.979207754350736259e-01
9.979832761470311953e-01
9.980456570087212764e-01
9.981077849365079802e-01
9.981695355248375590e-01
9.982307935968569579e-01
9.982914535881435292e-01
9.983514197763039277e-01
9.984106063689459631e-01
9.984689374632259584e-01
9.985263468892657812e-01
9.985827779503834156e-01
9.986381830718186192e-01
9.986925233699361915e-01
9.987457681529220421e-01
9.987978943638304852e-01
9.988488859758909433e-01
9.988987333494990795e-01
9.989474325601206406e-01
9.989949847050617615e-01
9.990413951967844763e-01
9.990866730500860271e-01
9.991308301691590454e-01
9.991738806412083784e-01
9.992158400412366470e-01
9.992567247532843089e-01
9.992965513126556010e-01
9.993353357728917974e-01
9.993730931009822127e-01
9.994098366041178627e-01
9.994455773909088903e-01
9.994803238692268055e-01
9.995140812830733967e-01
9.995468512904197578e-01
9.995786315833976587e-01
9.996094155527931457e-01
9.996391919973959261e-01
9.996679448800975809e-01
9.996956531309728611e-01
9.997222904984004455e-01
9.997478254491494187e-01
9.997722211175449347e-01
9.997954353043088105e-01
9.998174205258858471e-01
9.998381241140047448e-01
9.998574883659930856e-01
9.998754507462058738e-01
9.998919441382588813e-01
9.999068971488370705e-01
9.999202344623201455e-01
9.999318772470646710e-01
9.999417436123809733e-01
9.999497491170928898e-01
9.999558073287337923e-01
9.999598304334722521e-01
9.999617298967995449e-01
9.999614171743183011e-01
9.999588044724511127e-01
9.999538055592238628e-01
9.999463366241635454e-01
9.999363171878570267e-01
9.999236710609277212e-01
9.999083273526059301e-01
9.998902215297923446e-01
9.998692965281230638e-01
9.998455039167125635e-01
9.998188051207543836e-01
9.997891727070055135e-01
9.997565917404167557e-01
9.997210612239183503e-01
9.996825956386135026e-01
9.996412266100753730e-01
9.995970047374216350e-01
9.995500016388001452e-01
9.995003122919534633e-01
9.994480577856795778e-01
9.993933886546728651e-01
9.993364890584873761e-01
9.992775822049729806e-01
9.992169376432143979e-01
9.991548814274306967e-01
9.990918107929934733e-01
9.990282161168704267e-01
9.989647150043973189e-01
9.989021072764384668e-01
9.988414674306128616e-01
9.987843072587156978e-01
9.987328755765066957e-01
9.986907330142924533e-01
9.986638386263613221e-01
9.986617898642830005e-01
9.986820626878750717e-01
9.977082057071592347e-01
9.917327068484944608e-01
9.967843480690102842e-01
9.973063397750553394e-01
9.974526081559336177e-01
9.974978895847376181e-01
9.975043039761849473e-01
9.974935021495242582e-01
9.974750835498397139e-01
9.974540422709652354e-01
9.974332969633334933e-01
9.974147095639525062e-01
9.973995477013326560e-01
9.973887138420749476e-01
9.973828665150592521e-01
9.973824876352554991e-01
9.973879212635765601e-01
9.973993965537077955e-01
9.974170417092362850e-01
9.974408928122623363e-01
9.974708998265007232e-01
9.975069312185191883e-01
9.975487781387322173e-01
9.975961587895670890e-01
9.976487233790385378e-01
9.977060598590092866e-01
9.977677004243394876e-01
9.978331284559327496e-01
9.979017851610516576e-01
9.979730745021951899e-01
9.980463639620037464e-01
9.981209770136445503e-01
9.981961704316812956e-01
9.982710850510545519e-01
9.983446509550946146e-01
9.984154149669314249e-01
9.984812352815268799e-01
9.985387465229886850e-01
9.985824213325499299e-01
9.986029063550799778e-01
9.985840146282981555e-01
9.984971391137729135e-01
9.982904961742768979e-01
9.978674431338189210e-01
9.970401753205521134e-01
9.954233786613269075e-01
9.921662010661698172e-01
9.851900418372158130e-01
9.686433271538563705e-01
9.223584319258441022e-01
7.561317575008349445e-01
1.739854503509626893e-01
3.349607311222921324e-01
7.017587969492006250e-01
