4.285134814452149291e-03
4.499772816538567116e-02
1.087137333804869960e-01
1.788301026251790660e-01
2.471976146438238930e-01
3.105621178646433278e-01
3.680817700483961508e-01
4.199701029872674463e-01
4.668320704262816645e-01
5.093616012986432739e-01
5.482142809099387337e-01
5.839612144623469447e-01
6.170789651110850649e-01
6.479544936262725541e-01
6.768954971946593568e-01
7.041419321790698405e-01
7.298770003566924514e-01
7.542370071167767698e-01
7.773199735296016932e-01
7.991923678025197875e-01
8.199059925542989680e-01
8.394441620371426716e-01
8.578863626560717659e-01
8.751865103970936088e-01
8.913489376177015089e-01
9.063666383268458304e-01
9.202321093946502772e-01
9.329400016953296459e-01
9.444889962334979128e-01
9.548832121179775534e-01
9.641332119155168190e-01
9.722567803110946372e-01
9.792783906639195290e-01
9.852309637829608224e-01
9.901537924931574919e-01
9.940929913027529707e-01
9.971006828761507235e-01
9.992342339620579050e-01
1.000555418302381483e+00
1.001129543171851433e+00
1.001024576966651036e+00
1.000310310907393641e+00
9.990575831851402633e-01
9.973375892355123007e-01
9.952212976550678381e-01
9.927789879391980543e-01
9.900799240803732637e-01
9.871921775139123056e-01
9.841826144037744140e-01
9.811170664577713030e-01
9.780607122666343800e-01
9.750787089740675651e-01
9.722371340630741043e-01
9.696043275576531340e-01
9.672527711554500529e-01
9.652617103970507761e-01
9.637208292458767644e-01
9.627354333031428180e-01
9.624337813791415952e-01
9.629773327003527950e-01
9.645742943022568294e-01
9.674939996902620631e-01
9.720657225761621945e-01
9.785791880039931279e-01
9.866531355979555329e-01
9.913548648749920256e-01
9.529098267954684287e-01
5.182568435090054715e-01
9.743755446973356715e-02
5.068765537314003922e-01
6.685510918132419045e-01
7.393497482937598786e-01
7.776373588910886481e-01
8.015014194184574281e-01
8.179597529673089396e-01
8.302323460682241585e-01
8.399869295599097230e-01
8.481693095929139226e-01
8.553552855292761992e-01
8.619165498122185465e-01
8.681048376436779623e-01
8.741037407919057811e-01
8.800368617758731471e-01
8.860138981905673061e-01
8.921178157462443803e-01
8.984200236430309738e-01
9.049839929499322588e-01
9.118678146772765114e-01
9.191249892286185164e-01
9.268027481274060397e-01
9.349361970120388943e-01
9.435345659198884904e-01
9.525516819940197388e-01
9.618236695706570138e-01
9.709361534436067309e-01
9.789342803226285250e-01
9.836698530677866481e-01
9.802902594021803973e-01
9.577325207791689277e-01
8.913194480249392315e-01
7.339545083977937479e-01
4.448318468008463089e-01
1.285533587028101776e-01
1.198066670570809835e-03
4.809393163905442692e-02
1.397938191051320278e-01
2.162050545758507913e-01
2.649390931942829930e-01
2.864322716125119461e-01
2.821307110072121538e-01
2.520387193248332380e-01
1.956406487393668459e-01
1.165502498726272151e-01
3.450623030787674378e-02
1.443795887605456903e-03
8.202377120630627294e-02
2.695226758955409085e-01
4.762817515339735630e-01
6.382739988585006685e-01
7.471792119744059546e-01
8.167164287474626416e-01
8.608864398701635556e-01
8.892628600618345258e-01
9.077249741730123445e-01
9.197968084860169702e-01
9.275977086135406280e-01
9.324506113971338106e-01
9.351613595073245966e-01
9.362547186898187990e-01
9.360922856082446453e-01
9.348904640297091007e-01
9.320013718689907911e-01
9.300151546272641401e-01
9.265119002605805010e-01
9.223863147309577792e-01
9.176829534493181617e-01
9.124346396406586290e-01
9.066667579372433838e-01
9.003993195251726034e-01
8.936483152794666429e-01
8.864266117659604927e-01
8.787445367552567665e-01
8.706102726766232758e-01
8.620302273258321213e-01
8.530099898169291039e-01
8.435613851907672878e-01
8.333190401025668548e-01
8.232208122775530601e-01
8.124234452195441269e-01
8.011514674141706482e-01
7.893967176193977808e-01
7.771448311383652996e-01
7.643644661897265324e-01
7.510274225733921671e-01
7.370933654022722159e-01
7.225131214357701781e-01
7.072267367430914442e-01
6.911615169752748367e-01
6.742297112872752685e-01
6.563257441989817087e-01
6.373229067045149687e-01
6.170693816377832430e-01
5.953846958015138746e-01
5.720511554185706560e-01
5.468128880010841852e-01
5.193665536703030439e-01
4.893576168130672754e-01
4.563785096796865726e-01
4.199743745029457243e-01
3.796647803800963228e-01
3.349974547093809707e-01
2.856635145660215147e-01
2.317259682157365996e-01
1.740450135094104012e-01
1.150118305470313740e-01
5.966815280054152404e-02
1.702640017740180561e-02
6.383027889863151800e-04
2.625286476308829123e-02
1.045120711307888500e-01
2.313849083171782839e-01
3.858276049470425462e-01
5.400660931722587321e-01
6.733142803649938557e-01
7.771688536637166855e-01
8.525742617545715163e-01
9.046771172678149675e-01
9.393183182009969823e-01
9.615222883625853534e-01
9.751348224715368218e-01
9.829402032225933450e-01
9.868989915442970551e-01
9.883682237335231768e-01
9.882597258384041572e-01
9.871116957454587615e-01
9.849510007983028892e-01
9.813559264525303361e-01
9.737666468861313485e-01
9.470298014814781951e-01
8.154890935582429501e-01
