9.835290716924830479e-01
9.844982181959690548e-01
9.854852509607984201e-01
9.864756884675965898e-01
9.874571914102446835e-01
9.884194508153247849e-01
9.893540494436964261e-01
9.902543048754829380e-01
9.911151014192124409e-01
9.919327168242028092e-01
9.927046487198076807e-01
9.934294447540988893e-01
9.941065395602980415e-01
9.947361009355026873e-01
9.953188869699206576e-01
9.958561153109038999e-01
9.963493452742570033e-01
9.968003731220915764e-01
9.972111405039884025e-01
9.975836557954950168e-01
9.979199278649079075e-01
9.982219116412057724e-01
9.984914647425668921e-01
9.987303143472152644e-01
9.989400334413766069e-01
9.991220255578712184e-01
9.992775171194862027e-01
9.994075565181811394e-01
9.995130190929503167e-01
9.995946172101183302e-01
9.996529146995724036e-01
9.996883449547823153e-01
9.997012320638430927e-01
9.996918143969083514e-01
9.996602701376107181e-01
9.996067443043731293e-01
9.995313768662426046e-01
9.994343316123186494e-01
9.993158254867341439e-01
9.991761581487355048e-01
9.990157415619334014e-01
9.988351294550656956e-01
9.986350465306322866e-01
9.984164173244571838e-01
9.981803946384107951e-01
9.979283874801775367e-01
9.976620884427935820e-01
9.973835004437654472e-01
9.970949627124400250e-01
9.967991758614269671e-01
9.964992257942471010e-01
9.961986060798136977e-01
9.959012382464348390e-01
9.956114891989331639e-01
9.953341846099957868e-01
9.950746166445374463e-01
9.948385436861797437e-01
9.946321787688240379e-01
9.944621620589362276e-01
9.943355108181824997e-01
9.942595375608150876e-01
9.942417232480400546e-01
9.942895268042540868e-01
9.944101042100217391e-01
9.946098987300131533e-01
9.948940466603536370e-01
9.952655175353661843e-01
9.957238696868511152e-01
9.962634445927452953e-01
9.968707357999125884e-01
9.975205330848075924e-01
9.981702320347324298e-01
9.987513680317550158e-01
9.991569076509472236e-01
9.992219890731246501e-01
9.986944519250222640e-01
9.971893328173264681e-01
9.941180874180520766e-01
9.885781179073225289e-01
9.791810534343441397e-01
9.637909044222617849e-01
9.391446005086193649e-01
9.003684303864316618e-01
8.405718072856248613e-01
7.511819431928979940e-01
6.246456900071112317e-01
4.617392420419075827e-01
2.820363392392835622e-01
1.249384038440473493e-01
2.793745529383927576e-02
4.563744692664573489e-04
2.486693958658327264e-02
7.644898362355838362e-02
1.368062797566502176e-01
1.958845072799239584e-01
2.493795067746774619e-01
2.960632056671267942e-01
3.361079658243220081e-01
3.702190035854249217e-01
3.992325659591339226e-01
4.239485417395137956e-01
4.450727347157805713e-01
4.632081114713603176e-01
4.788688559136228817e-01
4.925142827715920935e-01
5.046521959330245721e-01
5.166461375007006529e-01
5.125771312031695004e-01
5.280017896543555134e-01
5.357082182868174725e-01
5.420887238382600115e-01
5.476332904872028839e-01
5.525285399590725843e-01
5.568894223960508816e-01
5.608013439467390837e-01
5.643329590853003452e-01
5.675415514859095678e-01
5.704758853282353437e-01
5.731779768803395569e-01
5.756843156543303142e-01
5.780267630293718373e-01
5.802332410746321445e-01
5.823282742590109029e-01
5.843334224078873262e-01
5.862676302173202014e-01
5.881475110117138083e-01
5.899875776441412256e-01
5.918004302532621219e-01
5.935969083713263927e-01
5.953862132751923664e-01
5.971760052831597276e-01
5.989724797994834260e-01
6.007804252142614487e-01
6.026032652234379894e-01
6.044430877054480789e-01
6.063006619464641478e-01
6.081754457267636305e-01
6.100655835497905688e-01
6.119678970988445821e-01
6.138778688364178171e-01
6.157896195075964751e-01
6.176958801674291566e-01
6.195879592191478880e-01
6.214557048256780236e-01
6.232874629511482301e-01
6.250700312263672842e-01
6.267886088757130825e-01
6.284267432499228700e-01
6.299662744870283548e-01
6.313872826290838347e-01
6.326680498154643173e-01
6.337850774096188688e-01
6.347133044955515224e-01
6.354272173285336889e-01
6.359070879171182522e-01
6.356005030054426852e-01
6.358252091344008816e-01
6.353492118729208160e-01
6.344566138643720210e-01
6.331147924141485861e-01
6.312770884631798696e-01
6.288907063902977601e-01
6.258975020921997423e-01
6.222337442391009388e-01
6.178295778191695842e-01
6.126083379297631026e-01
6.064857561637121419e-01
5.993690805631206597e-01
5.911561317362529211e-01
5.817343305379962803e-01
5.709797556600716417e-01
5.587563252031880756e-01
5.449152497692626440e-01
5.292949831333495503e-01
5.117220101644093244e-01
4.920129733733413224e-01
4.699788647714350232e-01
4.454323140158979455e-01
4.181993948163380548e-01
3.881378301239976070e-01
3.551639094373632011e-01
3.192905442000913974e-01
2.806777493279856150e-01
2.396906544053069021e-01
1.969229147566188276e-01
1.526657522535915801e-01
1.141581300293207091e-01
7.486611253948437239e-02
4.174371282421592694e-02
1.736063065162671629e-02
4.353312970868701212e-03
4.849650140156381781e-03
1.998177031399293521e-02
4.960572963564113813e-02
9.230709738289125110e-02
1.456791531573064513e-01
2.067608177618290854e-01
2.724884383566662516e-01
3.400519731025920533e-01
4.071106138473243319e-01
