1.114025910712990175e+00
1.108494229062015002e+00
1.100931899188359431e+00
1.091874848263431064e+00
1.081805383159061273e+00
1.071149440938603981e+00
1.060275809957514248e+00
1.049496940435649117e+00
1.039071006618421666e+00
1.029204923933383142e+00
1.020058063512934377e+00
1.011746442821835013e+00
1.004347204736680377e+00
9.979032281719794062e-01
9.924277412089541617e-01
9.879088326869456260e-01
9.843137804259431967e-01
9.815931337703548420e-01
9.796845050944230637e-01
9.785160394194830635e-01
9.780095434842336344e-01
9.780832655648626917e-01
9.786543250753829692e-01
9.796407963374978989e-01
9.809634534010196472e-01
9.825471811490004148e-01
9.843220489964276121e-01
9.862240191961403335e-01
9.881951995261294419e-01
9.901833791959085973e-01
9.921400481784350411e-01
9.940140204169750637e-01
9.957268579199671787e-01
9.970163912600439327e-01
9.884672217031755803e-01
1.002689392367453580e+00
1.003436014866963877e+00
1.004505516260333353e+00
1.005486609705542600e+00
1.006228124864812390e+00
1.006545089324658360e+00
1.006113255142812468e+00
1.004360666319109141e+00
9.989336143228700893e-01
9.892297198448011253e-01
9.674742934311378884e-01
9.196225659523773466e-01
8.112972754371057249e-01
5.730146466454660859e-01
1.895555676691535463e-01
1.392104824286580092e-03
1.565784897431928557e-01
3.569924962240683119e-01
4.974096788481344178e-01
5.879304807200194105e-01
6.473242486837416099e-01
6.877021427002359966e-01
7.161003165495939404e-01
7.366475175247434448e-01
7.518536752280789992e-01
7.633055726928541507e-01
7.720440205600682670e-01
7.787745177895354365e-01
7.839891929998502595e-01
7.880399491244403087e-01
7.911838313684302904e-01
7.936120486399771412e-01
7.954690735403530111e-01
7.968655504485248064e-01
7.978872443389295466e-01
7.986014086010754243e-01
7.990614525706745130e-01
7.993104994933325491e-01
7.993842672854151177e-01
7.993136481346758693e-01
7.991274239359517084e-01
7.988558289130910373e-01
7.985364783327634219e-01
7.982266208385456752e-01
7.980341352145121636e-01
7.982165041075777179e-01
7.996271488238194669e-01
8.075168422566693094e-01
7.630676281333792499e-01
7.815385296366393897e-01
7.834580892841960242e-01
7.833147780330140808e-01
7.824562168891221470e-01
7.812286887088750742e-01
7.797606031918619118e-01
7.781098475492190802e-01
7.763055904354779768e-01
7.743632333096346354e-01
7.722905716439637525e-01
7.700905149906185354e-01
7.677622341515222271e-01
7.653014515795747430e-01
7.627001398956400058e-01
7.599456730316794806e-01
7.570193188252756222e-01
7.538937869754493981e-01
7.505292717055224161e-01
7.468669185695783197e-01
7.428176040276711634e-01
7.382416188892453324e-01
7.329093255448582145e-01
7.264181541416883103e-01
7.179966341659512752e-01
7.059641817697973609e-01
6.858565467077113453e-01
6.408191679335987212e-01
4.236797933207325784e-01
9.012616338579337860e-01
8.185915419760048106e-01
7.858246169866005548e-01
7.689101847032391301e-01
7.579115892186795156e-01
7.496810807231075735e-01
7.429159049437755735e-01
7.369709228631126097e-01
7.314800498548261753e-01
7.262098323749193174e-01
7.209943185569757107e-01
7.157027298008525884e-01
7.102218190119260477e-01
7.044453244505400891e-01
6.982670291566905885e-01
6.915756891852313792e-01
6.842509016290172497e-01
6.761593799633331958e-01
6.671513119483237775e-01
6.570565953091538347e-01
6.456808307391156410e-01
6.328010337863967383e-01
6.181611366369192950e-01
6.014675238716296057e-01
5.823851350147893902e-01
5.605351498889772355e-01
5.354960682724235754e-01
5.068112696061520817e-01
4.740080996229776855e-01
4.366363682857888340e-01
3.943378340446644370e-01
3.469620778806923878e-01
2.947457558271397993e-01
2.385659643309410438e-01
1.802541521801998281e-01
1.229017195462513423e-01
7.099887047924470507e-02
3.016127462628571607e-02
6.224384892037467670e-03
3.765771911026523974e-03
2.466437642379051484e-02
6.856600140449523040e-02
1.203285551182056434e-01
1.886257006663303870e-01
2.594648761411459392e-01
3.284076967473644193e-01
3.923373366963897602e-01
4.495947073787177617e-01
4.996350151261181871e-01
5.426262221329154478e-01
5.791265216283991712e-01
6.098651582131076054e-01
6.356101485948397745e-01
6.571009118622501699e-01
6.749448591628242067e-01
6.898372401165644430e-01
7.022113893166408438e-01
7.125129666532917794e-01
7.211101221015765450e-01
7.283141403873749642e-01
7.344019460132442667e-01
7.387195005765286870e-01
7.436728900357633121e-01
7.474054214361686155e-01
7.505646522518314434e-01
7.532300368120503631e-01
7.554339664045763847e-01
7.571744656976420185e-01
7.584169496566167679e-01
7.590939895052690733e-01
7.591040405258894230e-01
7.583090875926830066e-01
7.565307629535744649e-01
7.535440345521804417e-01
7.490668045814973253e-01
7.427423515553498445e-01
7.341087768455031304e-01
7.225438189375831266e-01
7.071604392718948695e-01
6.865972626399290402e-01
6.585648843332515545e-01
6.187630371755004077e-01
5.579593679745880053e-01
4.530291409708124828e-01
2.440513761835597650e-01
1.402958086379747227e-01
7.855515114762237072e-01
8.342677228711781190e-01
