9.876461515977000838e-01
9.883185979272686161e-01
9.889766353563353984e-01
9.896199194870456406e-01
9.902478938777676820e-01
9.908598327321287424e-01
9.914548815650662261e-01
9.920320953421442045e-01
9.925904737421369362e-01
9.931289933176912221e-01
9.936466364250166050e-01
9.941424168612426060e-01
9.946154021908321097e-01
9.950647327571567891e-01
9.954896373626139772e-01
9.958894455587288252e-01
9.962635964078437878e-01
9.966116434569755045e-01
9.969332554883023612e-01
9.972282123597692172e-01
9.974963949028377019e-01
9.977377673583012196e-01
9.979523501530574991e-01
9.981401798664876202e-01
9.983012518808072056e-01
9.984354392690669711e-01
9.985423786667294577e-01
9.986213097619246470e-01
9.986708489530936594e-01
9.986886685926816831e-01
9.986710393580577882e-01
9.986121718840963446e-01
9.985032602541328295e-01
9.983310764942218141e-01
9.980758784524323968e-01
9.977082497434718311e-01
9.971842471869510893e-01
9.964378094604994240e-01
9.953686303768385368e-01
9.938223269453356767e-01
9.915571409712330420e-01
9.881863601694926835e-01
9.830754504151004713e-01
9.751516160554662971e-01
9.625378059886013915e-01
9.418238171715764828e-01
9.065795852676119537e-01
8.443775071294699064e-01
7.318036298694193809e-01
5.334352040177320342e-01
2.447373162147541970e-01
1.954934501062046207e-02
4.917597275440462046e-02
2.265861667614753883e-01
3.960317606015356096e-01
5.191907971065596872e-01
6.039602990126421433e-01
6.627272601108545880e-01
7.044265645387707275e-01
7.347640280582965477e-01
7.573326677848050137e-01
7.744332183791043933e-01
7.875774256763632408e-01
7.977862486990416890e-01
8.057676282940376966e-01
8.120245888786616906e-01
8.169225897110419243e-01
8.207325462519960979e-01
8.236589797495392773e-01
8.258588567901123945e-01
8.274544646387950175e-01
8.285423817100454613e-01
8.291998390038660682e-01
8.294893051552576502e-01
8.294618407289684470e-01
8.291595859209254238e-01
8.286176288911146770e-01
8.278654252495796229e-01
8.269278880575234858e-01
8.258262330504952953e-01
8.245786399696756197e-01
8.232007742891763735e-01
8.217062019136903706e-01
8.201067210542493102e-01
8.184126294458577977e-01
8.166329406565870919e-01
8.147755599811526972e-01
8.128474279831096050e-01
8.108546379174476071e-01
8.088025318642755312e-01
8.066957793070405058e-01
8.045384409962103023e-01
8.023340201438978747e-01
8.000855021562017777e-01
7.977953829392772089e-01
7.954656835852379482e-01
7.930979437463009374e-01
7.906931692874279438e-01
7.882516466151142653e-01
7.857722150252977045e-01
7.832478715568041983e-01
7.805474700879236893e-01
7.782088725798868012e-01
7.755650484994549565e-01
7.729016287220655812e-01
7.702018838376833987e-01
7.674608329277262664e-01
7.646748071398469238e-01
7.618401205593249292e-01
7.589527336350555542e-01
7.560081195970262957e-01
7.530011856619986954e-01
7.499262098345624850e-01
7.467767801697626773e-01
7.435457310729262081e-01
7.402250738198926650e-01
7.368059194110343491e-01
7.332783921606105260e-01
7.296315324141742220e-01
7.258531865813685480e-01
7.219298822450935793e-01
7.178466852688024646e-01
7.135870339858865208e-01
7.091325408089502735e-01
7.044627367916364014e-01
6.995546765341280615e-01
6.943820040923818215e-01
6.889099517865199251e-01
6.822062668358054305e-01
6.770561415681887185e-01
6.705154680673841572e-01
6.635491354414889686e-01
6.561021289579157534e-01
6.481177821801710204e-01
6.394935435317958827e-01
6.303603413475289408e-01
6.203879320164996658e-01
6.096154229700813110e-01
5.979445234070491777e-01
5.852744707994030904e-01
5.714949329247365206e-01
5.564845659394974664e-01
5.401096809409910993e-01
5.222187134296835120e-01
5.025360548541774053e-01
4.815526175284960408e-01
4.581899730739913412e-01
4.327655304377324152e-01
4.051027219427668635e-01
3.750989611843174032e-01
3.427164728976935248e-01
3.080121401358351108e-01
2.711797432002311936e-01
2.326021378607451284e-01
1.929098399145019183e-01
1.530380601193833678e-01
1.142677796406346424e-01
7.822941776693892457e-02
4.684338271205136517e-02
2.217575627415040510e-02
6.205020007705060875e-03
5.276752366880750828e-04
6.067041270198686789e-03
2.287037201945497922e-02
5.006544836605576754e-02
8.599757822315412525e-02
1.285047702912383294e-01
1.752463794325606339e-01
2.239980597882772761e-01
2.728566654277981285e-01
3.203399771275661223e-01
3.653969202713239772e-01
4.073495877214373673e-01
4.455977566964750003e-01
4.810135670058222623e-01
5.125277293228039932e-01
5.407157301846737818e-01
5.657911632057069928e-01
5.879997640441010365e-01
6.075968275447664046e-01
6.248337394075801354e-01
6.399515014793093481e-01
6.531819510372428583e-01
6.647700170638818351e-01
6.751729823387724316e-01
6.803501760934883569e-01
6.895328691133199017e-01
6.959558664394209782e-01
7.012253496727997026e-01
7.055477220788337611e-01
7.090368565288175384e-01
7.117805646852373158e-01
7.138533518535965516e-01
7.153210394320849153e-01
7.162438147171640290e-01
7.166597106277957652e-01
7.158004834225704105e-01
7.158934971004200509e-01
7.150063829865482834e-01
7.130524926211534442e-01
