9.926741769707866370e-01
9.927844498335075540e-01
9.928774457679490073e-01
9.929572262594794640e-01
9.930275154656810210e-01
9.930916713857135258e-01
9.931526708748632526e-01
9.932131061059494836e-01
9.932751903121787018e-01
9.933407708785647605e-01
9.934113480763431259e-01
9.934880979522023869e-01
9.935718980896711683e-01
9.936633551509147511e-01
9.937628332822210364e-01
9.938704826271611559e-01
9.939862673338126786e-01
9.941099925703970053e-01
9.942413301768664446e-01
9.943798426765280141e-01
9.945250054573504528e-01
9.946762270038720377e-01
9.948328671207882223e-01
9.949942531393717315e-01
9.951596941385187911e-01
9.953284932439107058e-01
9.954999580943190152e-01
9.956734095819361752e-01
9.958481889875246962e-01
9.960236636388370979e-01
9.961992312257977877e-01
9.963743229066621687e-01
9.965484053390707420e-01
9.967209817648114978e-01
9.968915922735315238e-01
9.970598133630358406e-01
9.972252569076290873e-01
9.973875686368414151e-01
9.975464262197628607e-01
9.977015370410243777e-01
9.978526357466001029e-01
9.979994816289879944e-01
9.981418559137571478e-01
9.982795590017006226e-01
9.984124077133592623e-01
9.985402325767331888e-01
9.986628751918765756e-01
9.987801857009417361e-01
9.988920203865832015e-01
9.989982394174518054e-01
9.990987047542874144e-01
9.991932782276561342e-01
9.992818197934932867e-01
9.993641859710140629e-01
9.994402284640837575e-01
9.995097929656251434e-01
9.995727181422139340e-01
9.996288347949007225e-01
9.996779651909731834e-01
9.997199225601978156e-01
9.997545107485532601e-01
9.997815240219570798e-01
9.998007470118129847e-01
9.998119547945554242e-01
9.998149130967943776e-01
9.998093786184829579e-01
9.997950994660983470e-01
9.997718156888920626e-01
9.997392599114099943e-01
9.996971580566433868e-01
9.996452301547599228e-01
9.995831912336639036e-01
9.995107522896293784e-01
9.994276213375377083e-01
9.993335045433439090e-01
9.992281074450373168e-01
9.991111362728699596e-01
9.989822993877687241e-01
9.988413088660056394e-01
9.986878822750083762e-01
9.985217447093940324e-01
9.983426311948678800e-01
9.981502896311353901e-01
9.979444845526332930e-01
9.977250021734628271e-01
9.974916575239103356e-01
9.972443051358788058e-01
9.969828560355031843e-01
9.967073065720182257e-01
9.964177909646514397e-01
9.961146853850371130e-01
9.957988362196414922e-01
9.954721317139100245e-01
9.951392273544352740e-01
9.948145287303716833e-01
9.945722603610975820e-01
9.901116556122883106e-01
9.931959452709047120e-01
9.928894709410875929e-01
9.924819963104760667e-01
9.920366340554731543e-01
9.915665763791504661e-01
9.910763888922966558e-01
9.905681597024825757e-01
9.900430650377263220e-01
9.895018978721380476e-01
9.889452822432421852e-01
9.883737725568922938e-01
9.877879048210013169e-01
9.871882257067059463e-01
9.865753105940910928e-01
9.859497758388784394e-01
9.853122878987935485e-01
9.846635707323868614e-01
9.840044122723021758e-01
9.833356704528530834e-01
9.826582790968361181e-01
9.819732538685098655e-01
9.812816984437746637e-01
9.805848110159752773e-01
9.798838912396360401e-01
9.791803477049935145e-01
9.784757060342849089e-01
9.777716176922554014e-01
9.770698696077674272e-01
9.763723947109644863e-01
9.756812834991802630e-01
9.749987967559974322e-01
9.743273795608422549e-01
9.736696767410467634e-01
9.730285499342347100e-01
9.724070964467634859e-01
9.718086701128058058e-01
9.712369043770495702e-01
9.706957378442543360e-01
9.701894425548711620e-01
9.697226552584702342e-01
9.693004119621650982e-01
9.689281860199074892e-01
9.686119299967540508e-01
9.683581214706132867e-01
9.681738128042499669e-01
9.680666846983552176e-01
9.680451029695802401e-01
9.681181774079824498e-01
9.682958206316549798e-01
9.685888033773657479e-01
9.690088003397322458e-01
9.695684170049267969e-01
9.702811821280530324e-01
9.711614812816070641e-01
9.722243921134288147e-01
9.734853579974258597e-01
9.749595974933958908e-01
9.766610817762213514e-01
9.786008020470314817e-01
9.807838597286094862e-01
9.832045808402162246e-01
9.858382628773475487e-01
9.886270759975824829e-01
9.914555987346831412e-01
9.941075283087175141e-01
9.961872915654046423e-01
9.969743875050234294e-01
9.951453612563360140e-01
9.882301943095597174e-01
9.715368670009368879e-01
9.360752718989485688e-01
8.650362154407277293e-01
7.305997048427039786e-01
5.050641771302648575e-01
2.216207323417168640e-01
2.782857603356257356e-02
1.950819772445994485e-02
1.220604369565932990e-01
2.437268372106975167e-01
3.484546297823876149e-01
4.309902046192993774e-01
4.948495708451728370e-01
5.445623179725795904e-01
5.838320112904685777e-01
6.153815255548147345e-01
6.411562611953733892e-01
6.625424939982936801e-01
6.805337453524373803e-01
6.958452045013093779e-01
7.089868702508944631e-01
7.203007041246126674e-01
7.299482635919213314e-01
7.377574338382887342e-01
7.422860330463010303e-01
7.294976363380496487e-01
7.580232029801541316e-01
7.751599662497585808e-01
7.803092309762871270e-01
7.850162763767691843e-01
7.894722150806474659e-01
7.936428995634512429e-01
7.975040801044711580e-01
8.010412297869067277e-01
