9.791586730073073008e-01
9.803499553890281382e-01
9.817452665939528922e-01
9.832745058002855254e-01
9.848769906931970075e-01
9.865011350598257289e-01
9.881039787411887154e-01
9.896506098926637351e-01
9.911135137858247957e-01
9.924718770831368886e-01
9.937108716683110687e-01
9.948209377345078597e-01
9.957970819205335111e-01
9.966382028299582974e-01
9.973464532502779312e-01
9.979266457843452010e-01
9.983857063836255596e-01
9.987321784015531501e-01
9.989757782344630410e-01
9.991270023502655251e-01
9.991967844951566979e-01
9.991962010802647454e-01
9.991362221571247204e-01
9.990275049656611728e-01
9.988802267552278069e-01
9.987039534155004450e-01
9.985075403903851399e-01
9.982990623636931460e-01
9.980857682868856662e-01
9.978740584495026100e-01
9.976694804617569634e-01
9.974767412144901479e-01
9.972997320963439272e-01
9.971415649712251916e-01
9.970046166497723572e-01
9.968905798154596987e-01
9.968005185908735966e-01
9.967349271441287017e-01
9.966937899420126312e-01
9.966766424491412257e-01
9.966826312533448862e-01
9.967105727634344436e-01
9.967590097784222447e-01
9.968262653650807881e-01
9.969104936047931131e-01
9.970097268821399572e-01
9.971219194845957201e-01
9.972449873690604205e-01
9.973768440246749689e-01
9.975154324255931515e-01
9.976587531201779324e-01
9.978048885493283615e-01
9.979520237219838830e-01
9.980984634064107297e-01
9.982426460182647343e-01
9.983831544038839212e-01
9.985187237291519580e-01
9.986482466920005852e-01
9.987707762807725986e-01
9.988855263006649610e-01
9.989918698888933246e-01
9.990893362344972495e-01
9.991776057121708465e-01
9.992565036321543470e-01
9.993259927985597146e-01
9.993861650593134360e-01
9.994372320196260873e-01
9.994795150805660944e-01
9.995134349527416973e-01
9.995395007842490243e-01
9.995582990306364213e-01
9.995704821837327891e-01
9.995767574660600063e-01
9.995778755866997489e-01
9.995746196448910270e-01
9.995677942586054243e-01
9.995582149858309728e-01
9.995466980991193351e-01
9.995340507646069961e-01
9.995210616707347340e-01
9.995084921446842907e-01
9.994970677880522514e-01
9.994874706574483625e-01
9.994803320107149558e-01
9.994762256339648765e-01
9.994756617599648285e-01
9.994790815839753595e-01
9.994868523789485204e-01
9.994992632072619010e-01
9.995165212228313001e-01
9.995387485516601389e-01
9.995659797357500098e-01
9.995981597184014911e-01
9.996351423437672690e-01
9.996766893360741202e-01
9.997224697140204563e-01
9.997720595850375647e-01
9.998249422490932403e-01
9.998805085212770782e-01
9.999380571562176412e-01
9.999967952216629596e-01
1.000055838217341453e+00
1.000114209666606024e+00
1.000170839806971079e+00
1.000224562862880973e+00
1.000274112170006058e+00
1.000318112104756185e+00
1.000355065285158274e+00
1.000383332753274956e+00
1.000401103638406397e+00
1.000406348812711066e+00
1.000396749690731557e+00
1.000369587448586062e+00
1.000321567260501476e+00
1.000248531882070191e+00
1.000144978404304608e+00
1.000003206023288627e+00
9.998117264122248216e-01
9.995520785236361450e-01
9.991918217927557855e-01
9.986670529874014379e-01
9.978301869164227789e-01
9.962430714985160973e-01
9.917707224790591747e-01
8.903729939422706519e-01
1.008988110528712401e+00
1.004480925185610829e+00
1.002798099853804192e+00
1.001831859457024798e+00
1.001143943955938642e+00
1.000587482292282226e+00
1.000099855560862894e+00
9.996502801864636245e-01
9.992222465240722107e-01
9.988064744684940210e-01
9.983977042391931622e-01
9.979930870097764029e-01
9.975913136920780966e-01
9.971921119782288789e-01
9.967959387880747091e-01
9.964037815770862005e-01
9.960170226164898333e-01
9.956373407065532977e-01
9.952666355078797489e-01
9.949069655882298857e-01
9.945604946747946817e-01
9.942294426211314429e-01
9.939160388447152439e-01
9.936224767878810704e-01
9.933508684850798076e-01
9.931031986884875096e-01
9.928812782726550434e-01
9.926866968474461483e-01
9.925207746787330088e-01
9.923845141638262257e-01
9.922785512439932232e-01
9.922031072637332860e-01
9.921579419115347243e-01
9.921423080016270601e-01
9.921549089810506317e-01
9.921938601732528396e-01
9.922566548968795308e-01
9.923401367260795691e-01
9.924404792850558543e-01
9.925531750930074448e-01
9.926730350928045787e-01
9.927942006048923185e-01
9.929101695438304898e-01
9.930138388115941073e-01
9.930975648385410581e-01
9.931532442673899341e-01
9.931724167672333348e-01
9.931463919106640059e-01
9.930664019416363120e-01
9.929237820947679483e-01
9.927101798862679738e-01
9.924177944740715240e-01
9.920396467654616357e-01
9.915698804230876906e-01
9.910040932713410911e-01
9.903396978205035728e-01
9.895763086916699036e-01
9.887161536281637852e-01
9.877645035026993980e-01
9.867301152606287040e-01
9.856256800614358049e-01
9.844682669757731652e-01
9.832797504393721022e-01
9.820872072270389053e-01
9.809232659353330774e-01
9.798263887689965257e-01
9.788410616626546101e-01
9.780178641798600303e-01
9.774133847589163704e-01
9.770899389034372051e-01
9.771150363850148457e-01
9.775605257736074138e-01
9.785013157339028655e-01
9.800135233053893780e-01
9.821718121201455931e-01
