9.973692059576872992e-01
9.973668838166751538e-01
9.973138930001869129e-01
9.972209739118713667e-01
9.970979568395433867e-01
9.969536966777673426e-01
9.967960430594675625e-01
9.966318394626184629e-01
9.964669455353681871e-01
9.963062775465590937e-01
9.961538625052978047e-01
9.960129020949666234e-01
9.958858431282577861e-01
9.957744517463774647e-01
9.956798890552435166e-01
9.956027863159617741e-01
9.955433181834569822e-01
9.955012728203617156e-01
9.954761180047047020e-01
9.954670625994912481e-01
9.954731129679201818e-01
9.954931240975534168e-01
9.955258453468933677e-01
9.955699608502210918e-01
9.956241247148390761e-01
9.956869912207395590e-01
9.957572402912515663e-01
9.958335985440590621e-01
9.959148562607251787e-01
9.959998806282630568e-01
9.960876256134274520e-01
9.961771388285654005e-01
9.962675657413422314e-01
9.963581515662610633e-01
9.964482411613240220e-01
9.965372772325173933e-01
9.966247971291225527e-01
9.967104284891527000e-01
9.967938839728548439e-01
9.968749552983253714e-01
9.969535067716037702e-01
9.970294684812393005e-01
9.971028293069378323e-01
9.971736298719902081e-01
9.972419555502939348e-01
9.973079296224672818e-01
9.973717066587725055e-01
9.974334661926852474e-01
9.974934067355378797e-01
9.975517401713409615e-01
9.976086865595221731e-01
9.976644693653690110e-01
9.977193111282992577e-01
9.977734295723996727e-01
9.978270341567606616e-01
9.978803230585574502e-01
9.979334805771612471e-01
9.979866749442870555e-01
9.980400565224699649e-01
9.980937563716050231e-01
9.981478851620431136e-01
9.982025324114403020e-01
9.982577660215942172e-01
9.983136320916261575e-01
9.983701549831639488e-01
9.984273376142196454e-01
9.984851619579316884e-01
9.985435897238348346e-01
9.986025631994301932e-01
9.986620062311859503e-01
9.987218253246694655e-01
9.987819108446122085e-01
9.988421382971794937e-01
9.989023696771228700e-01
9.989624548639002288e-01
9.990222330520190930e-01
9.990815342013507072e-01
9.991401804950437171e-01
9.991979877923206077e-01
9.992547670651996672e-01
9.993103258087711049e-01
9.993644694149389496e-01
9.994170025000924662e-01
9.994677301778503997e-01
9.995164592681118343e-01
9.995629994331355350e-01
9.996071642317022610e-01
9.996487720814994926e-01
9.996876471185655033e-01
9.997236199416612568e-01
9.997565282259894826e-01
9.997862171885619764e-01
9.998125398811613662e-01
9.998353572808437173e-01
9.998545381377685892e-01
9.998699585251735744e-01
9.998815010159082250e-01
9.998890533792906821e-01
9.998925066450112809e-01
9.998917523108745709e-01
9.998866783616203735e-01
9.998771635903070942e-01
9.998630694296194443e-01
9.998442280185627640e-01
9.998204243975727934e-01
9.997913692195191659e-01
9.997566555373874619e-01
9.997156876362252031e-01
9.996675581636992325e-01
9.996108234953039462e-01
9.995430628822470354e-01
9.994599316254845212e-01
9.993528700372745766e-01
9.992025542792620785e-01
9.989547548131106902e-01
9.983797838693013738e-01
9.938961960134449214e-01
1.001076946355827557e+00
1.000157976744678212e+00
9.998239652678813094e-01
9.996303330034257417e-01
9.994893779777996867e-01
9.993732388298851577e-01
9.992703998885804628e-01
9.991752795032154966e-01
9.990848682789765789e-01
9.989974148356688399e-01
9.989118382239259297e-01
9.988274374907605280e-01
9.987437363814212210e-01
9.986603948261932873e-01
9.985771557300732182e-01
9.984938115020232097e-01
9.984101821679098876e-01
9.983261005825585510e-01
9.982414021714479668e-01
9.981559176793458610e-01
9.980694679990891327e-01
9.979818605019916689e-01
9.978928865048827257e-01
9.978023196399442574e-01
9.977099149777900466e-01
9.976154088093973638e-01
9.975185190278854641e-01
9.974189460752973524e-01
9.973163744356551286e-01
9.972104746650358731e-01
9.971009059564405197e-01
9.969873192397711303e-01
9.968693608183133437e-01
9.967466765421312269e-01
9.966189165155852070e-01
9.964857403321765172e-01
9.963468228239409363e-01
9.962018603049159760e-01
9.960505772802806801e-01
9.958927335818642534e-01
9.957281318792404745e-01
9.955566255028723832e-01
9.953781265004791878e-01
9.951926138322733095e-01
9.950001415929077275e-01
9.948008471289175869e-01
9.945949589001846780e-01
9.943828039125726104e-01
9.941648145262459435e-01
9.939415344209978631e-01
9.937136234763961351e-01
9.934818613000954146e-01
9.932471491157367494e-01
9.930105096979903179e-01
9.927730850231775150e-01
9.925361312850171647e-01
9.923010109111244370e-01
9.920691812063029413e-01
9.918421792443956608e-01
9.916216026345595624e-01
9.914090858002236883e-01
9.912062714321769885e-01
9.910147768132336887e-01
9.908361547624262577e-01
9.906718490133196164e-01
9.905231439274645444e-01
9.903911085500080036e-01
9.902765351437402552e-01
9.901798724904615767e-01
9.901011544266169473e-01
9.900399242811460665e-01
9.899951561090203356e-01
9.899651738552559532e-01
9.899475698382599331e-01
9.899391241900418192e-01
9.899357271155820870e-01
9.899323059962314986e-01
9.899227594038445543e-01
9.898998999185947278e-01
9.898554070900174029e-01
9.897797906725890327e-01
9.896623619098525726e-01
9.894912062368664829e-01
