9.524617671253916562e-01
9.542835337750917857e-01
9.568635431013740034e-01
9.600032280454974254e-01
9.635265461370301487e-01
9.672798912806340743e-01
9.711315144760470641e-01
9.749705620747193269e-01
9.787058270856269226e-01
9.822642964207505267e-01
9.855895650367745287e-01
9.886401768306765092e-01
9.913879419689033412e-01
9.938162711201985466e-01
9.959185588244287013e-01
9.976966409518998047e-01
9.991593448491388196e-01
1.000321145279462032e+00
1.001200934591450764e+00
1.001820911616347898e+00
1.002205590544105185e+00
1.002380928383186154e+00
1.002373567506921415e+00
1.002210188162944382e+00
1.001916964610264582e+00
1.001519117692033722e+00
1.001040556099893175e+00
1.000503598285855000e+00
9.999287668898513282e-01
9.993346476317026550e-01
9.987378048343548143e-01
9.981527460675043706e-01
9.975919288031898091e-01
9.970658024311011003e-01
9.965828794775543065e-01
9.961498303861383574e-01
9.957715967420304182e-01
9.954515183402299350e-01
9.951914700066131214e-01
9.949920045686082570e-01
9.948524988380071932e-01
9.947712999053890393e-01
9.947458694540897151e-01
9.947729241775706832e-01
9.948485707284209223e-01
9.949684339405004962e-01
9.951277773459987763e-01
9.953216152606773059e-01
9.955448159320391399e-01
9.957921954399872044e-01
9.960586022072517309e-01
9.963389921228053003e-01
9.966284944025854964e-01
9.969224684153987770e-01
9.972165517852826788e-01
9.975067001493334029e-01
9.977892190025237085e-01
9.980607881006849924e-01
9.983184789209810228e-01
9.985597656965944369e-01
9.987825305520224850e-01
9.989850632667035546e-01
9.991660561898585424e-01
9.993245948198493656e-01
9.994601445463270339e-01
9.995725340363805778e-01
9.996619357243065052e-01
9.997288438427931467e-01
9.997740504082643920e-01
9.997986195487317262e-01
9.998038605359658160e-01
9.997912998583260435e-01
9.997626526449632234e-01
9.997197937262884970e-01
9.996647285912180214e-01
9.995995644778642442e-01
9.995264818109871330e-01
9.994477061785679295e-01
9.993654810176697545e-01
9.992820411613606568e-01
9.991995873795274097e-01
9.991202620290063896e-01
9.990461259121801163e-01
9.989791364283131525e-01
9.989211270877326188e-01
9.988737884451309723e-01
9.988386504962514234e-01
9.988170665701789908e-01
9.988101987374774504e-01
9.988190047439025054e-01
9.988442264669181725e-01
9.988863798817997353e-01
9.989457465100315403e-01
9.990223663097196338e-01
9.991160319516920740e-01
9.992262844052097748e-01
9.993524097346048185e-01
9.994934369795718254e-01
9.996481369536838191e-01
9.998150217482368873e-01
9.999923446643725899e-01
1.000178100209711873e+00
1.000370023679157949e+00
1.000565589675481482e+00
1.000762008698272254e+00
1.000956220602548630e+00
1.001144883258775931e+00
1.001324354050233012e+00
1.001490660804119415e+00
1.001639457160943936e+00
1.001765954898318434e+00
1.001864821741019318e+00
1.001930026636532300e+00
1.001954603366965957e+00
1.001930283897351392e+00
1.001846917379533242e+00
1.001691523153954044e+00
1.001446690558696062e+00
1.001087749429319773e+00
1.000577472382252031e+00
9.998554062148226063e-01
9.988142497545230425e-01
9.972404084059989238e-01
9.946343942271373972e-01
9.894876445063862658e-01
9.742462081118837824e-01
6.786552896630163589e-01
1.027042986137844505e+00
1.016038653383007029e+00
1.011404501826557167e+00
1.008735202501917172e+00
1.006874586151235373e+00
1.005410728388207664e+00
1.004162849219949694e+00
1.003040575761712683e+00
1.001994911749259698e+00
1.000998101751430669e+00
1.000034310858939568e+00
9.990948962117480736e-01
9.981758242996413566e-01
9.972761691261801120e-01
9.963971882227070642e-01
9.955417225135421155e-01
9.947137844201422441e-01
9.939182582927401644e-01
9.931606689204444116e-01
9.924469914168621010e-01
9.917834858942691234e-01
9.911765463855327640e-01
9.906325572183181105e-01
9.901577524505238426e-01
9.897580755806245634e-01
9.894390378667383690e-01
9.892055744095057390e-01
9.890618977905309972e-01
9.890113495830902268e-01
9.890562505070505939e-01
9.891977504176250324e-01
9.894356797149570504e-01
9.897684041501525476e-01
9.901926853920828275e-01
9.907035501105513342e-01
9.912941707269938840e-01
9.919557613832060694e-01
9.926774930785688955e-01
9.934464323219753812e-01
9.942475080297678014e-01
9.950635117671726704e-01
9.958751367657435738e-01
9.966610614429110004e-01
9.973980833814281022e-01
9.980613098820226847e-01
9.986244112542909113e-01
9.990599429341024962e-01
9.993397422754095594e-01
9.994354054172366331e-01
9.993188489218012283e-01
9.989629598441406300e-01
9.983423364321757365e-01
9.974341196293301515e-01
9.962189127495933993e-01
9.946817827838441151e-01
9.928133312256146592e-01
9.906108141203265882e-01
9.880792785373327947e-01
9.852326626656144892e-01
9.820947731395814895e-01
9.786999938274689725e-01
9.750934698964276448e-01
9.713302947855024794e-01
9.674727815018109300e-01
9.635839254255497144e-01
9.597129035712382850e-01
9.558628242438130806e-01
9.519157639436448548e-01
9.474453243243036171e-01
9.412008176222160794e-01
9.295275036280373770e-01
9.012445465158199776e-01
8.275743735715960225e-01
