3.075764439634294365e+31
2.514341606332909107e+31
2.059534230637914788e+31
1.690389861821615377e+31
1.390200716208524766e+31
1.145619927330650422e+31
9.459664284431539813e+30
7.826772777896545458e+30
6.488754209677371649e+30
5.390279814169629236e+30
4.486756620897478121e+30
3.742180982338570163e+30
3.127433057525565372e+30
2.618919389607905969e+30
2.197490723220593470e+30
1.847577812482089429e+30
1.556500160797659184e+30
1.313912170971356304e+30
1.111358658186714663e+30
9.419175442702342168e+29
7.999121629241406800e+29
6.806792360132628563e+29
5.803814439178413479e+29
4.958557739030404471e+29
4.244906190102046453e+29
3.641260168189507235e+29
3.129725417243497857e+29
2.695452577456072005e+29
2.326098499680929252e+29
2.011386194944785382e+29
1.742744792444692098e+29
1.513014497142836032e+29
1.316204434609040637e+29
1.147293593637655624e+29
1.002066942745573010e+29
8.769802969093709590e+28
7.690487196726575851e+28
6.757542204596685397e+28
5.949692946172226588e+28
5.248934907890891814e+28
4.640007064766762083e+28
4.109953314413298409e+28
3.647756989169966828e+28
3.244035814881892219e+28
2.890786941310372674e+28
2.581173509753801311e+28
2.309345728338720992e+28
2.070290655967032282e+28
1.859705904809906740e+28
1.673893298830574497e+28
1.509669205890270097e+28
1.364288820575596785e+28
1.235382135934507509e+28
1.120899722708212846e+28
1.019066748901033491e+28
9.283439325617985761e+27
8.473943359940984297e+27
7.750550883052697811e+27
7.103132715714335038e+27
6.522853293528280268e+27
6.001994590659442333e+27
5.533805354050584599e+27
5.112371836564291808e+27
4.732506814822401969e+27
4.389654179383521037e+27
4.079806804107105090e+27
3.799435754411116484e+27
3.545429190004677843e+27
3.315039567015285787e+27
3.105837954295463941e+27
2.915674455833484708e+27
2.742643880694313246e+27
2.585055928467965067e+27
2.441409265239613077e+27
2.310368955902448511e+27
2.190746795681893357e+27
2.081484149216602609e+27
1.981636961270450640e+27
1.890362650606228301e+27
1.806908639036593782e+27
1.730602302244830629e+27
1.660842158550040796e+27
1.597090137090175784e+27
1.538864788607488215e+27
1.485735320662463614e+27
1.437316355092355126e+27
1.393263319387969626e+27
1.353268395467480182e+27
1.317056959693594449e+27
1.284384456793450834e+27
1.255033658115729138e+27
1.228812261340918939e+27
1.205550794556916829e+27
1.185100792882568298e+27
1.167333220049407485e+27
1.152137111606528005e+27
1.139418419675633661e+27
1.129099042469283135e+27
1.121116024518651942e+27
1.115420916156659995e+27
1.111979283115820278e+27
1.110770359293047408e+27
1.111786837772867968e+27
1.115034797168621293e+27
1.120533762230343592e+27
1.128316899579149535e+27
1.138431351307694163e+27
1.150938711149028283e+27
1.165915649953204341e+27
1.183454699370667026e+27
1.203665204955387557e+27
1.226674462437136475e+27
1.252629053709496140e+27
1.281696402137539676e+27
1.314066570294505862e+27
1.349954327114172412e+27
1.389601515876590301e+27
1.433279759498424336e+27
1.481293545332017432e+27
1.533983738307424072e+27
1.591731578812069094e+27
1.654963230511121127e+27
1.724154953326280787e+27
1.799838988626707647e+27
1.882610257059225704e+27
1.973133985436137000e+27
2.072154397149253268e+27
2.180504622162155571e+27
2.299118007234047117e+27
2.429041036342770668e+27
2.571448105018469643e+27
2.727658432155917832e+27
2.899155439367008357e+27
3.087608982726785375e+27
3.294900885910989562e+27
3.523154299313740648e+27
3.774767498762728480e+27
4.052452842445366007e+27
4.359281728552574662e+27
4.698736542789331044e+27
5.074770758276493114e+27
5.491878556049624510e+27
5.955175578238762750e+27
6.470492715998897795e+27
7.044485179006759803e+27
7.684759504168796007e+27
8.400021651102309245e+27
9.200249916973134782e+27
1.009689710289099872e+28
1.110312720160451980e+28
1.223409288045312993e+28
1.350726123879001069e+28
1.494279676797639135e+28
1.656401218586862250e+28
1.839789991902711221e+28
2.047575954209124222e+28
2.283393954786538480e+28
2.551471553074960454e+28
2.856733135627332359e+28
3.204923534436886070e+28
3.602755011279611752e+28
4.058082278613558206e+28
4.580111209107003597e+28
5.179648083294222661e+28
5.869397687742041267e+28
6.664320365744141485e+28
7.582060314985191630e+28
8.643460116274159582e+28
9.873179781670319538e+28
1.130044267590848729e+29
1.295993567295629725e+29
1.489289709004064851e+29
1.714843357593395132e+29
1.978511657898739435e+29
2.287292072745362910e+29
2.649558098420752479e+29
3.075346349449746211e+29
3.576706752055018947e+29
4.168130387073319127e+29
4.867073020426677633e+29
5.694596731454642156e+29
6.676157524166723659e+29
7.842573671626632414e+29
9.231218165628678698e+29
1.088748948910421724e+30
1.286662859025984583e+30
1.523596717482357556e+30
1.807771421373273497e+30
2.149241512970524885e+30
2.560325306695666459e+30
3.056140600675269112e+30
3.655272989239424032e+30
4.380610975308675253e+30
5.260391242675675009e+30
6.329509151011258623e+30
7.631164489570678466e+30
9.218931712767363798e+30
1.115936850556395982e+31
1.353530818045093619e+31
1.645002215733475102e+31
