1.018464765906653691e+00
1.021595478170311377e+00
1.023565658850924542e+00
1.024513034580000648e+00
1.024578145322634803e+00
1.023900238455101031e+00
1.022613978414585789e+00
1.020846893282270962e+00
1.018717478624118211e+00
1.016333879772904014e+00
1.013793076089540168e+00
1.011180494240174976e+00
1.008569981863861376e+00
1.006024077910128822e+00
1.003594521163746700e+00
1.001322943839958679e+00
9.992417024360432665e-01
9.973748030978316637e-01
9.957388834271126976e-01
9.943442167313107927e-01
9.931957079832388624e-01
9.922938529190877821e-01
9.916356323521333671e-01
9.912153123073220717e-01
9.910251160566261319e-01
9.910557250934957096e-01
9.912965501934941637e-01
9.917356871810796282e-01
9.923594286401585807e-01
9.931511321836336004e-01
9.940891304475469870e-01
9.951431774130027330e-01
9.962686069848484260e-01
9.973968386377114470e-01
9.984199307759707986e-01
9.991652421708437926e-01
9.993533349083668638e-01
9.985269599788085815e-01
9.959293362844212627e-01
9.902925635578095909e-01
9.794670417379864880e-01
9.597780780881217666e-01
9.249620096880978304e-01
8.646721386452874691e-01
7.635043384642105080e-01
6.049331828675603706e-01
3.901463359924141616e-01
1.694798180649365327e-01
2.871522440595309505e-02
4.206783178209425045e-03
5.858745020683602672e-02
1.412531743788652538e-01
2.233172298019752422e-01
2.944059153502478487e-01
3.528686253553114383e-01
4.000686264301769879e-01
4.380263245041243758e-01
4.686247442681432673e-01
4.934125870395429381e-01
5.136070232023010051e-01
5.301499189810841006e-01
5.437685020431427541e-01
5.550266218050550204e-01
5.643646265971923315e-01
5.721293804137650429e-01
5.785965871053202481e-01
5.839873619779271108e-01
5.884805749625642290e-01
5.922221017638676921e-01
5.953318114181083143e-01
5.979088890493937658e-01
6.000359260883282309e-01
6.017820908454089013e-01
6.032056070052086438e-01
6.043557064773048548e-01
6.052741789795075267e-01
6.059966086557752041e-01
6.065533643113472095e-01
6.069703918104211171e-01
6.072698427319603853e-01
6.074705606003808489e-01
6.075884326581063588e-01
6.076365977355331349e-01
6.076254725084341279e-01
6.075625040158504353e-01
6.074514373156729707e-01
6.072905963232997362e-01
6.070688750688377766e-01
6.067555815128159447e-01
6.062703140165477400e-01
6.053665024093110025e-01
6.028824122184106571e-01
5.579516780462829839e-01
6.146397931622070709e-01
6.113574265497870863e-01
6.105091451731882168e-01
6.104908891308938879e-01
6.055443193561346193e-01
6.092834656173690133e-01
6.097645937245405046e-01
6.104102588173377919e-01
6.124392465046437639e-01
6.041563293110614463e-01
6.085310877154407327e-01
6.094670277715933393e-01
6.100677497951059181e-01
6.105825155042789998e-01
6.110704236116570875e-01
6.115492979607463075e-01
6.120229815559663500e-01
6.124889240210543706e-01
6.129408046393728382e-01
6.133695416664456390e-01
6.137636772839365484e-01
6.141094866084344517e-01
6.143909503353168766e-01
6.145896528991150465e-01
6.146846361322652053e-01
6.146522244083155728e-01
6.144658310139875512e-01
6.140957530425771305e-01
6.135089618807838541e-01
6.126688979077008490e-01
6.115352815175570944e-01
6.100639587939852282e-01
6.082068107103896226e-01
6.059117726542131432e-01
6.031230421934526964e-01
5.997816088314626981e-01
5.958263439020211605e-01
5.911960941424309057e-01
5.858336518048523622e-01
5.796934395887761715e-01
5.727571217414519911e-01
5.650678707967431436e-01
5.568146850309620977e-01
5.485777961176594442e-01
5.422551201995517989e-01
5.465359345609246411e-01
2.876627504335593222e-01
4.200526015909466504e-01
4.237196486421475061e-01
4.086386814898969599e-01
3.872082431794675594e-01
3.618970155144962675e-01
3.335763138774239800e-01
3.027322052003690867e-01
2.697787543144704037e-01
2.351500244951691965e-01
1.990968086151908845e-01
1.646980937794308431e-01
1.304743810317602615e-01
9.714916101755834144e-02
6.703936577268147790e-02
4.125831963332961955e-02
2.097024395169341457e-02
7.212897513104468868e-03
7.885109685545584664e-04
2.189626933061074657e-03
1.157006211368748379e-02
2.877248647067581419e-02
5.342415889205347213e-02
8.513397724885850282e-02
1.239469258226279791e-01
1.719686787192725996e-01
2.456061760316894937e-01
1.259918171422532984e-01
2.443382744358371939e-01
3.089705703593624286e-01
3.653218520749664244e-01
4.199172329181085628e-01
4.743260410826246609e-01
5.291104030744487874e-01
5.844884339127689454e-01
6.404512121075702780e-01
6.967155800887290251e-01
7.525855121290525584e-01
8.067329454511913411e-01
8.569053754583215721e-01
8.996035536071601557e-01
9.298595973584086183e-01
9.413777876648030674e-01
9.273878991873885091e-01
8.823949059910141113e-01
8.044555579242280707e-01
6.970280185331572120e-01
5.694431321329302964e-01
4.354534177592360167e-01
3.097680978600659274e-01
2.037522060940358815e-01
1.227731231326668615e-01
6.654579833294373137e-02
3.136781403316823980e-02
1.239395837748421061e-02
5.042598425385526849e-03
5.567272068954080139e-03
1.113812744573781065e-02
1.971983591503590275e-02
2.990307161619500803e-02
4.075587116212130157e-02
