8.302898567965341092e-01
8.334790309144384235e-01
8.393685707104232563e-01
8.473066787083035623e-01
8.566550454871935116e-01
8.670388502537113018e-01
8.780999519923446961e-01
8.896023446200984619e-01
9.014185937050970265e-01
9.135268410071044620e-01
9.260106292415665186e-01
9.390683058771825964e-01
9.530804615924389767e-01
9.693348923161397845e-01
9.786120362704414655e-01
9.981932662592646333e-01
1.016314442373845051e+00
1.032238969556100727e+00
1.039725637667470171e+00
1.022644491678059930e+00
1.514503263151338319e-01
4.665532489256228876e-01
1.926660785509843321e-01
1.840859930860412955e-02
1.295583738772715029e-02
7.971773286545658088e-02
1.553154511211961575e-01
2.204947713470127857e-01
2.728835659601966390e-01
3.144369890838106252e-01
3.476376267950640475e-01
3.745868298793105788e-01
3.968980258963031860e-01
4.157762609506246432e-01
4.321183958244924073e-01
4.465957615793335611e-01
4.597154945742141230e-01
4.718645462110123145e-01
4.833410303736012104e-01
4.943766393418046468e-01
5.051528171853388871e-01
5.158125583272410442e-01
5.264691137879056182e-01
5.372124859388007767e-01
5.481143202467668729e-01
5.592316179541375609e-01
5.706095679171635515e-01
5.822837093726570545e-01
5.942815771732511410e-01
6.066239382104487987e-01
6.193256960301327663e-01
6.323965146399918025e-01
6.458411851045748886e-01
6.596597135032241654e-01
6.738469914005987826e-01
6.883914787521331347e-01
7.032704170362394924e-01
7.184197162506161805e-01
7.300790435062459727e-01
7.502712301788293514e-01
7.662548944716800481e-01
7.825261418674940295e-01
7.989789669595555033e-01
8.155458715124960234e-01
8.321581489793808961e-01
8.487395027517610213e-01
8.652038931954075807e-01
8.814569708818001947e-01
8.973686095579026523e-01
9.128171460203343690e-01
9.276647908679797050e-01
9.417246613152716606e-01
9.547822708827301552e-01
9.665700835965638227e-01
9.767395987862357298e-01
9.848123937192763133e-01
9.900908515539191823e-01
9.914891978819432294e-01
9.871895796303649107e-01
9.733013786257194155e-01
9.446254021080507934e-01
8.862878334790115220e-01
7.670654471324870327e-01
5.216701026078636172e-01
1.305876035791340706e-01
4.794625144877184830e-02
4.041955921423009412e-01
6.813853006941289481e-01
8.269394532581043622e-01
9.033898568532273687e-01
9.461089996683628156e-01
9.723418713717745243e-01
9.982165781968058704e-01
9.549182568802800919e-01
9.780842897956218973e-01
9.815427965881275973e-01
9.811860096743469928e-01
9.791084180276331539e-01
9.761765406698230674e-01
9.729618925743045432e-01
9.699136417313373171e-01
9.674329481421292121e-01
9.659160290585668829e-01
9.657504466356935380e-01
9.672939644504344736e-01
9.707259449756496794e-01
9.755344893053844446e-01
9.787118549500128939e-01
9.680046806424400518e-01
8.957463175420196100e-01
6.106601080508573531e-01
1.061772872961872505e-01
3.331349691564383653e-02
2.005389368780169101e-01
3.339352552364786009e-01
4.183568152786136807e-01
4.743154047244324545e-01
5.112737737072577948e-01
5.372806177908610037e-01
5.563544889040745733e-01
5.709284082972548857e-01
5.825261901378863127e-01
5.921726145814738551e-01
6.006142497072156639e-01
6.084099304330565783e-01
6.165882989918956003e-01
6.051717172469371908e-01
6.253023870517474547e-01
6.332472075913562204e-01
6.408448384256900665e-01
6.486877913066930734e-01
6.569629120988186299e-01
6.656984232952274372e-01
6.728288788464165115e-01
6.870675693826235886e-01
6.979781430758768002e-01
7.101079781810795133e-01
7.232271819794172663e-01
7.366099336843979772e-01
7.543140112650174034e-01
7.707613334916112446e-01
7.887028970024934083e-01
8.079697145278241788e-01
8.284983085666358660e-01
8.501945419186850428e-01
8.728294603535800000e-01
8.961081258262553195e-01
9.194342938436347312e-01
9.418700580116129428e-01
9.619286171402118280e-01
9.773071781569636629e-01
9.845003601376695057e-01
9.766064777749847714e-01
9.545038910565418755e-01
9.072506806234226229e-01
8.290882558786860645e-01
7.273261419270353745e-01
6.243062393238769658e-01
5.637203817619523827e-01
3.957506171250990690e-01
8.340935603887697503e-02
5.443366657848595219e-02
7.871416795642201258e-02
1.229804345825269013e-01
1.783945683763468737e-01
2.394970281219534480e-01
3.028030818674559144e-01
3.662485540072987211e-01
4.290672816203125461e-01
4.910131349987765792e-01
5.516031441915301148e-01
6.121495607050931875e-01
6.741651192808360005e-01
7.400784352002462985e-01
8.135390247692589893e-01
8.615627466197447459e-01
6.895056170943786311e-01
1.868433785615671860e-01
5.388726900804959863e-01
6.765191126161378410e-01
7.534346563795463192e-01
8.062596485109984057e-01
8.463905221375940258e-01
8.783453075875636840e-01
9.041642964907388169e-01
9.247472050608855909e-01
9.402507432151968603e-01
9.499897991878935022e-01
9.516334142559419451e-01
9.383175683983726589e-01
8.869109302722415489e-01
7.043340071022921034e-01
1.638663754495243707e-01
2.712403750826410387e-01
6.320208204394426321e-01
7.635600945589423594e-01
8.102218259676629009e-01
8.232440641846451301e-01
8.191112267239950562e-01
8.039076066260421038e-01
