9.931609762929142216e-01
9.934889337241388230e-01
9.937996830018945849e-01
9.940890433536608839e-01
9.943541533773049279e-01
9.945932908991155230e-01
9.948057013952723571e-01
9.949914371659304146e-01
9.951512087578883170e-01
9.952862495518695063e-01
9.953981939511881150e-01
9.954889692201490670e-01
9.955607007117163176e-01
9.956156299848004654e-01
9.956560451319547145e-01
9.956842225112793043e-01
9.957023789909167366e-01
9.957126337664402582e-01
9.957169787932580451e-01
9.957172568797701961e-01
9.957151465124560730e-01
9.957121525214036595e-01
9.957096017442118585e-01
9.957086429026824614e-01
9.957102499684135077e-01
9.957152283567580753e-01
9.957242233540674059e-01
9.957377302464582858e-01
9.957561056814590028e-01
9.957795798525481690e-01
9.958082691533504116e-01
9.958421890002677745e-01
9.958812665714887880e-01
9.959253532531697761e-01
9.959742366249810797e-01
9.960276518518369482e-01
9.960852923815598503e-01
9.961468198749316993e-01
9.962118733201410503e-01
9.962800773035374036e-01
9.963510494273293272e-01
9.964244068789219755e-01
9.964997721697784749e-01
9.965767780711989321e-01
9.966550717822747485e-01
9.967343183719723498e-01
9.968142035410725299e-01
9.968944357531061007e-01
9.969747477852097806e-01
9.970548977509011701e-01
9.971346696458772696e-01
9.972138734687167050e-01
9.972923449650361594e-01
9.973699450436359637e-01
9.974465589097720741e-01
9.975220949588892161e-01
9.975964834711126272e-01
9.976696751441583855e-01
9.977416394995494153e-01
9.978123631939297411e-01
9.978818482645666066e-01
9.979501103354940783e-01
9.980171768075090100e-01
9.980830850533468634e-01
9.981478806361459011e-01
9.982116155677417391e-01
9.982743466202825822e-01
9.983361337033850313e-01
9.983970383165063911e-01
9.984571220850245732e-01
9.985164453864100453e-01
9.985750660715652094e-01
9.986330382854776699e-01
9.986904113895486157e-01
9.987472289871212050e-01
9.988035280531015747e-01
9.988593381669631510e-01
9.989146808489999252e-01
9.989695689973570047e-01
9.990240064242117413e-01
9.990779874885519218e-01
9.991314968223643511e-01
9.991845091468557483e-01
9.992369891751492483e-01
9.992888915977626851e-01
9.993401611463732515e-01
9.993907327318665157e-01
9.994405316521159932e-01
9.994894738647245314e-01
9.995374663201819221e-01
9.995844073499241533e-01
9.996301871046541221e-01
9.996746880367181065e-01
9.997177854209220449e-01
9.997593479075151945e-01
9.997992380999656259e-01
9.998373131497179100e-01
9.998734253595532584e-01
9.999074227847570828e-01
9.999391498202041539e-01
9.999684477591838094e-01
9.999951553057710996e-01
1.000019109019442132e+00
1.000040143663302628e+00
1.000058092420784028e+00
1.000072786932768132e+00
1.000084057093281631e+00
1.000091730517705724e+00
1.000095631566183307e+00
1.000095579757424913e+00
1.000091387336496940e+00
1.000082855652688840e+00
1.000069769835815858e+00
1.000051890990546921e+00
1.000028944692514132e+00
1.000000603832969626e+00
9.999664625795668949e-01
9.999259959115338603e-01
9.998784948369746628e-01
9.998229587846803046e-01
9.997579085770337270e-01
9.996810426531012039e-01
9.995885592425730604e-01
9.994736939659409902e-01
9.993231632420108701e-01
9.991069307581581516e-01
9.987401176915733370e-01
9.978573268086146086e-01
9.904575405803206500e-01
1.001846577535126626e+00
1.000595675910919136e+00
1.000127267896127936e+00
9.998589765361736159e-01
9.996674814775546869e-01
9.995128194286247991e-01
9.993783419890368558e-01
9.992559768355374628e-01
9.991414072841300342e-01
9.990321726594982854e-01
9.989268141805935919e-01
9.988244508400031529e-01
9.987245515709745058e-01
9.986268046173482071e-01
9.985310382889520664e-01
9.984371703774207463e-01
9.983451742910979254e-01
9.982550553238483948e-01
9.981668332782689390e-01
9.980805292002495888e-01
9.979961548586260278e-01
9.979137041222194693e-01
9.978331457033184915e-01
9.977544169369597649e-01
9.976774183957500819e-01
9.976020092272859241e-01
9.975280031628916966e-01
9.974551651897444193e-01
9.973832089111777099e-01
9.973117946456795391e-01
9.972405283344145666e-01
9.971689613440191113e-01
9.970965912646476692e-01
9.970228638143546762e-01
9.969471759698544933e-01
9.968688804509604484e-01
9.967872916906278524e-01
9.967016934250911842e-01
9.966113480388660850e-01
9.965155077953351537e-01
9.964134280785802433e-01
9.963043827598976332e-01
9.961876817885949587e-01
9.960626910852301563e-01
9.959288547893763166e-01
9.957857198806230326e-01
9.956329631500256960e-01
9.954704204497480946e-01
9.952981180891391499e-01
9.951163061752074102e-01
9.949254936137273964e-01
9.947264843925244238e-01
9.945204146591545280e-01
9.943087899817598663e-01
9.940935220404751860e-01
9.938769638381773630e-01
9.936619423400061546e-01
9.934517872505952418e-01
9.932503544106005000e-01
9.930620420390289249e-01
9.928917977540145934e-01
9.927451139664871249e-01
9.926280088372119170e-01
9.925469894952044791e-01
9.925089935883132375e-01
9.925213044027743070e-01
9.925914336286246753e-01
9.927269641549461010e-01
9.929353427052404202e-01
9.932236080527329092e-01
9.935980338989474081e-01
