5.507713207637712055e+25
4.497889594866404246e+25
3.680608842271357135e+25
3.017891002404016168e+25
2.479476965368260898e+25
2.041215734702457636e+25
1.683796990418230889e+25
1.391753321846714661e+25
1.152673420612547586e+25
9.565805782963383916e+24
7.954409282141317432e+24
6.627736888076077428e+24
5.533417306316276974e+24
4.629055004058429059e+24
3.880270016754057193e+24
3.259133887013830842e+24
2.742919604217459797e+24
2.313100848094923203e+24
1.954549492177261484e+24
1.654891029850184191e+24
1.403985996026005575e+24
1.193512073862733499e+24
1.016626789772282544e+24
8.676948139977805734e+23
7.420671365349189102e+23
6.359019623929175039e+23
5.460192115477731953e+23
4.697821297848418786e+23
4.050008056934450300e+23
3.498534158912991611e+23
3.028218395927135566e+23
2.626389380321645020e+23
2.282453178311225272e+23
1.987538169665236427e+23
1.734202886911359451e+23
1.516195293869013687e+23
1.328254141341641956e+23
1.165944793646034657e+23
1.025523336979268575e+23
9.038239264761569713e+22
7.981652564594422029e+22
7.062727905596641011e+22
6.262139990287149590e+22
5.563443471275098794e+22
4.952621827833162052e+22
4.417710013873859749e+22
3.948478348079153965e+22
3.536167318158273256e+22
3.173264773664635827e+22
2.853318459948419305e+22
2.570778059204170718e+22
2.320861902688996242e+22
2.099444339712791360e+22
1.902960426396262020e+22
1.728325156647807327e+22
1.572864920056803570e+22
1.434259254304198518e+22
1.310491276941214089e+22
1.199805444828043202e+22
1.100671508411461088e+22
1.011753710312221573e+22
9.318844293658332627e+21
8.600415981303527113e+21
7.953293276561770807e+21
7.369612618557193978e+21
6.842462580609168441e+21
6.365760525462524658e+21
5.934146220611386474e+21
5.542889963536624124e+21
5.187813136871358202e+21
4.865219425182387536e+21
4.571835188483509977e+21
4.304757710034244207e+21
4.061410224221585932e+21
3.839502789838100759e+21
3.636998209427727188e+21
3.452082310158636024e+21
3.283137999476450394e+21
3.128722591977871770e+21
2.987547974801942381e+21
2.858463239460212441e+21
2.740439459589693374e+21
2.632556338577824809e+21
2.533990488770534179e+21
2.444005136505689342e+21
2.361941075316642939e+21
2.287208713505209319e+21
2.219281083115246191e+21
2.157687695201503281e+21
2.102009141748134576e+21
2.051872357915669037e+21
2.006946470106521928e+21
1.966939165209031606e+21
1.931593525508764074e+21
1.900685281217795588e+21
1.874020439594548068e+21
1.851433255565252624e+21
1.832784514096593633e+21
1.817960099430241927e+21
1.806869830561202700e+21
1.799446546280668463e+21
1.795645426875090862e+21
1.795443542775538123e+21
1.798839623848738423e+21
1.805854046080465633e+21
1.816529035427860972e+21
1.830929091718502941e+21
1.849141638543367209e+21
1.871277908337135190e+21
1.897474075180815090e+21
1.927892651472009560e+21
1.962724168577666253e+21
2.002189165748725744e+21
2.046540516390806749e+21
2.096066126046745592e+21
2.151092042318859469e+21
2.211986023743291916e+21
2.279161622129099145e+21
2.353082841698963292e+21
2.434269448122716389e+21
2.523303012183433544e+21
2.620833785554530206e+21
2.727588522005496332e+21
2.844379373989642895e+21
2.972114015616239665e+21
3.111807166247239418e+21
3.264593716196016652e+21
3.431743688162705146e+21
3.614679304940942787e+21
3.814994477205652242e+21
4.034477075825156948e+21
4.275134412570497122e+21
4.539222421886969315e+21
4.829279118173843489e+21
5.148162998298302480e+21
5.499097171231295668e+21
5.885720128978611601e+21
6.312144228581359223e+21
6.783023138759011992e+21
7.303629721544699150e+21
7.879946077274236781e+21
8.518767783019435524e+21
9.227824718131593478e+21
1.001592129686842900e+22
1.089309943773379376e+22
1.187082820580545659e+22
1.296222478572955946e+22
1.418231230605835842e+22
1.554832106541649022e+22
1.708004094288397861e+22
1.880023425291109217e+22
2.073512007497646552e+22
2.291494321641060565e+22
2.537464352573042878e+22
2.815464435545400987e+22
3.130178268861926946e+22
3.487040793257867372e+22
3.892368180776325979e+22
4.353511832903034182e+22
4.879041084283953349e+22
5.478960275338942009e+22
6.164967032380394045e+22
6.950760025626009770e+22
7.852406219271696915e+22
8.888779758411517526e+22
1.008208724049693969e+23
1.145849730672090604e+23
1.304889639529707565e+23
1.488979729554551435e+23
1.702443303782134873e+23
1.950407591366764622e+23
2.238963037051542013e+23
2.575355957443584674e+23
2.968221909717430378e+23
3.427868810040490485e+23
3.966620936768358397e+23
4.599237558576902077e+23
5.343423167607855697e+23
6.220450333191384355e+23
7.255921225425807863e+23
8.480700145950178872e+23
9.932057271505951528e+23
1.165507367296942601e+24
1.370437004406326638e+24
1.614623712235004619e+24
1.906126535507491972e+24
2.254759603636110732e+24
2.672494729265986750e+24
3.173960768856638750e+24
3.777064011601826854e+24
4.503760191883092766e+24
5.381016760957251092e+24
6.442014284378850040e+24
7.727648870323347433e+24
9.288414176175193441e+24
1.118676281612781978e+25
1.350007423257759062e+25
1.632439102605845785e+25
1.977913060151195482e+25
2.401303669765860504e+25
