9.296731339643679037e-01
9.337804969987457682e-01
9.385779970545956585e-01
9.438528215085356665e-01
9.494322071452179213e-01
9.551818771241654682e-01
9.610034440366672648e-01
9.668307083225794463e-01
9.726245732228263607e-01
9.783659464083623858e-01
9.840453848147083793e-01
9.896471318080082291e-01
9.951231390953403366e-01
1.000348745051038213e+00
1.005044031022976236e+00
1.008629672356977647e+00
1.009955637128891359e+00
1.006781056844359368e+00
9.947747135441422639e-01
9.656644269015554061e-01
9.042955898289363192e-01
7.864091226610187002e-01
5.876321506467102607e-01
3.249212973844922137e-01
9.779571776864438848e-02
3.117159914183546560e-03
2.615764091075373915e-02
1.016450272199107552e-01
1.853225406194397018e-01
2.381060918482284516e-01
3.123408491992631375e-01
3.625635287862094547e-01
4.027812125856717329e-01
4.354868266080276218e-01
4.624157618730964092e-01
4.848681816415668644e-01
5.038252600350432431e-01
5.200310000725749671e-01
5.340534805926175910e-01
5.463301021184637785e-01
5.572006867648923167e-01
5.669316511448532214e-01
5.757337257024220945e-01
5.837750324797690293e-01
5.911908188219198168e-01
5.980907680621897482e-01
6.045645405318256227e-01
6.106860101478683855e-01
6.165165300718514763e-01
6.221074684343257388e-01
6.275021898540511511e-01
6.327376121178586166e-01
6.378454341971511177e-01
6.428531078300571133e-01
6.477846074858103487e-01
6.526610407861729302e-01
6.575011320993808805e-01
6.623216051671944049e-01
6.671374856956056032e-01
6.719623415003583844e-01
6.768084759573517184e-01
6.816870903772175305e-01
6.866084331899828808e-01
6.915819599490524716e-01
6.966165404590075605e-01
7.017207675846497406e-01
7.069034104374515293e-01
7.121736410742313117e-01
7.175357654676962627e-01
7.228898613182337396e-01
7.187942742571177268e-01
7.289275444366601908e-01
7.377398024708118340e-01
7.439868100990811861e-01
7.499523292899332727e-01
7.558729524153220414e-01
7.618031416808348499e-01
7.677568096396542030e-01
7.737339831761541609e-01
7.797282058345093025e-01
7.857290194519677140e-01
7.917226458750281637e-01
7.976912687949222480e-01
8.036086695470380237e-01
8.094130645705072125e-01
8.143367804909185104e-01
8.215674951958414907e-01
8.270197547240306646e-01
8.324743335283660839e-01
8.378045256215664871e-01
8.429691184660823566e-01
8.479398499192128957e-01
8.523772006523532285e-01
8.571636519482007666e-01
8.613827741360564616e-01
8.652940525078481881e-01
8.688703848910779293e-01
8.720821120472825871e-01
8.748977783310213363e-01
8.772838154827865553e-01
8.792039607269684920e-01
8.806184661099673017e-01
8.814830745141027935e-01
8.817477151827114445e-01
8.813548564770677940e-01
8.802374377023354235e-01
8.783162830648598707e-01
8.754968783418721756e-01
8.716653644963402447e-01
8.666835729650202991e-01
8.603828970538832666e-01
8.525567682907767564e-01
8.429514969794436041e-01
8.312552642033558259e-01
8.170851579257887298e-01
7.999723993704878078e-01
7.793464295197327640e-01
7.545195224693287406e-01
7.246753861701886734e-01
6.888682853098394565e-01
6.460442260188650199e-01
5.951033873336153412e-01
5.350336565973184966e-01
4.651580081769060016e-01
3.855501039760008686e-01
2.976757946910546515e-01
2.053059205465286863e-01
1.157286679526483980e-01
4.134298046228276208e-02
2.033322282033738979e-03
2.940384403331047433e-02
1.724298840647078279e-01
4.809741339545841043e-01
8.640326048271651516e-01
6.992247898709195164e-01
5.413492210198086463e-01
2.361212846243602725e-01
7.733480128142423971e-02
1.367718616963806144e-02
2.316366142699866071e-03
2.154593490191942726e-02
6.493908777734347382e-02
1.504393563062103867e-01
4.967389449860190043e-01
2.717194033018515212e-02
3.296018085575305734e-02
8.229422691585788763e-02
1.211475955724343329e-01
1.536068351329933634e-01
1.817946253407955182e-01
2.067567849710342243e-01
2.290650665467963421e-01
2.490417770628703398e-01
2.667924302191115316e-01
2.817928047048747220e-01
2.922676616562801533e-01
3.157732677798746335e-01
3.260663441975018007e-01
3.358868055401698638e-01
3.442457023999129784e-01
3.517940966035271178e-01
3.578380294587893973e-01
3.624796190881058866e-01
3.656934628586643865e-01
3.674292912287415724e-01
3.676204041712433646e-01
3.661822068367128202e-01
3.630093626503847482e-01
3.579720795995319227e-01
3.509115152061800247e-01
3.416343384004870143e-01
3.299067461710228355e-01
3.154487953798720268e-01
2.979310528459295782e-01
2.769778262989557871e-01
2.521856022710927125e-01
2.231735036955833640e-01
1.896972712592247257e-01
1.518826104193606308e-01
1.106677524801519125e-01
6.857227933163077827e-02
3.085833666297292666e-02
6.821194836873463799e-03
1.005248864744211733e-02
5.581127254060007370e-02
1.578217784861814799e-01
2.797054118910718423e-01
4.123666238743546875e-01
5.420012491934100840e-01
6.522523595312084144e-01
7.399532801890222888e-01
8.079788096420711385e-01
8.608941764059256929e-01
9.029184374314401795e-01
9.372996697567849145e-01
9.663073448683456856e-01
9.914134669143622736e-01
1.013489524031408129e+00
1.032967659081788669e+00
1.049960483406436884e+00
