9.964743856017390655e-01
9.964687815992259168e-01
9.964648078870540493e-01
9.964626367410563956e-01
9.964623904443912217e-01
9.964641475416375904e-01
9.964679488951776465e-01
9.964738034416799062e-01
9.964816935748550542e-01
9.964915801049676336e-01
9.965034067655359484e-01
9.965171042538992774e-01
9.965325938058001709e-01
9.965497903144637792e-01
9.965686050122863904e-01
9.965889477399468843e-01
9.966107288311525370e-01
9.966338606440430237e-01
9.966582587725957287e-01
9.966838429703243074e-01
9.967105378196304821e-01
9.967382731786185168e-01
9.967669844354853925e-01
9.967966125994341953e-01
9.968271042546978933e-01
9.968584114020182518e-01
9.968904912100509108e-01
9.969233056963060502e-01
9.969568213558817060e-01
9.969910087533124798e-01
9.970258420912438968e-01
9.970612987673429517e-01
9.970973589300934359e-01
9.971340050407003774e-01
9.971712214487363779e-01
9.972089939862820440e-01
9.972473095854027525e-01
9.972861559214714067e-01
9.973255210850096031e-01
9.973653932831704205e-01
9.974057605717498998e-01
9.974466106176260727e-01
9.974879304914252565e-01
9.975297064896468946e-01
9.975719239848351849e-01
9.976145673028736782e-01
9.976576196255437790e-01
9.977010629167584188e-01
9.977448778705660937e-01
9.977890438794255745e-01
9.978335390203434407e-01
9.978783400577350138e-01
9.979234224605211256e-01
9.979687604321857419e-01
9.980143269518728655e-01
9.980600938251115162e-01
9.981060317425080042e-01
9.981521103450029520e-01
9.981982982945739602e-01
9.982445633489435144e-01
9.982908724392558497e-01
9.983371917499340720e-01
9.983834867994086926e-01
9.984297225213488725e-01
9.984758633452363030e-01
9.985218732761286242e-01
9.985677159726145113e-01
9.986133548228002255e-01
9.986587530177424288e-01
9.987038736220913426e-01
9.987486796416868984e-01
9.987931340876305963e-01
9.988372000370943082e-01
9.988808406904122750e-01
9.989240194244224380e-01
9.989666998421434796e-01
9.990088458184196440e-01
9.990504215422031375e-01
9.990913915547335877e-01
9.991317207840854087e-01
9.991713745762182963e-01
9.992103187224405936e-01
9.992485194833328199e-01
9.992859436093343151e-01
9.993225583582453497e-01
9.993583315094836106e-01
9.993932313753594032e-01
9.994272268096067169e-01
9.994602872129835225e-01
9.994923825365207293e-01
9.995234832819990256e-01
9.995535605004268742e-01
9.995825857880477061e-01
9.996105312802734399e-01
9.996373696438997092e-01
9.996630740672954873e-01
9.996876182487424156e-01
9.997109763835791973e-01
9.997331231496050519e-01
9.997540336911137082e-01
9.997736836019133211e-01
9.997920489068914396e-01
9.998091060429827870e-01
9.998248318388027744e-01
9.998392034939050932e-01
9.998521985568268322e-01
9.998637949030474426e-01
9.998739707120750664e-01
9.998827044440337097e-01
9.998899748160381407e-01
9.998957607780508683e-01
9.999000414881435983e-01
9.999027962876693154e-01
9.999040046754226196e-01
9.999036462812486148e-01
9.999017008385159277e-01
9.998981481548879779e-01
9.998929680808332776e-01
9.998861404751056003e-01
9.998776451652580111e-01
9.998674619018061982e-01
9.998555703029796682e-01
9.998419497861282812e-01
9.998265794804030993e-01
9.998094381121935825e-01
9.997905038519324661e-01
9.997697541044168190e-01
9.997471652161094013e-01
9.997227120587055538e-01
9.996963674247077991e-01
9.996681011308714560e-01
9.996378786562764018e-01
9.996056590160294908e-01
9.995713913319215216e-01
9.995350090861702119e-01
9.994964200332476789e-01
9.994554874433563274e-01
9.994119926227063022e-01
9.993655527015438134e-01
9.993154162508340876e-01
9.992598561155361381e-01
9.991937863744518866e-01
9.990929197555697971e-01
9.981127073932696270e-01
9.991939572395656111e-01
9.990848942210536210e-01
9.990083771331152995e-01
9.989388218561819910e-01
9.988708973903089872e-01
9.988028254871653688e-01
9.987338529229695672e-01
9.986636135117621382e-01
9.985919149633245562e-01
9.985186536424771608e-01
9.984437758836959276e-01
9.983672586988315834e-01
9.982890994219719705e-01
9.982093098074298343e-01
9.981279124865722885e-01
9.980449387336254308e-01
9.979604269826397589e-01
9.978744217834629726e-01
9.977869730133763770e-01
9.976981352323098795e-01
9.976079671099222779e-01
9.975165308769741168e-01
9.974238917678470706e-01
9.973301174307671602e-01
9.972352772875375804e-01
9.971394418303370921e-01
9.970426818446735950e-01
9.969450675514608395e-01
9.968466676626351886e-01
9.967475483472574282e-01
9.966477721073384588e-01
9.965473965647442256e-01
9.964464731633931871e-01
9.963450457938817229e-01
9.962431493509988911e-01
9.961408082383073070e-01
9.960380348383551796e-01
9.959348279714631547e-01
9.958311713715700675e-01
9.957270322133267015e-01
9.956223597306785855e-01
9.955170839740081767e-01
9.954111147605219090e-01
9.953043408793842417e-01
9.951966296221358421e-01
9.950878267160058188e-01
9.949777567469878514e-01
9.948662241667369788e-01
9.947530149857222170e-01
9.946378992619810955e-01
9.945206345004768966e-01
9.944009700832967535e-01
9.942786528529852230e-01
9.941534339718687274e-01
9.940250771765223314e-01
9.938933685405003660e-01
