6.114420777952514818e+00
5.176843705524503569e+00
4.416946360825776630e+00
3.799861522325787000e+00
3.297797945674659559e+00
2.888561665296209391e+00
2.554394046662505691e+00
2.281057252368275279e+00
2.057113268823381524e+00
1.873354600745305243e+00
1.722353994117068243e+00
1.598107717711098497e+00
1.495752497547203408e+00
1.411340522860081492e+00
1.341660308897816067e+00
1.284093826152364892e+00
1.236502355113391349e+00
1.197135128261415105e+00
1.164556076138283824e+00
1.137584978960449744e+00
1.115250098545192969e+00
1.096749973746455886e+00
1.081422541881869037e+00
1.068720126740497767e+00
1.058189132469168348e+00
1.049453518926704687e+00
1.042201321265167735e+00
1.036173624949153771e+00
1.031155525313973031e+00
1.026968694503967772e+00
1.023465253257956231e+00
1.020522704491108490e+00
1.018039733090500887e+00
1.015932714261785330e+00
1.014132803101946978e+00
1.012583502358843646e+00
1.011238624811967357e+00
1.010060582332971357e+00
1.009018946234767400e+00
1.008089233603481238e+00
1.007251882416434263e+00
1.006491384759960361e+00
1.005795552678631521e+00
1.005154895341201504e+00
1.004562089472961661e+00
1.004011527501748047e+00
1.003498929659686567e+00
1.003021007386686536e+00
1.002575165724441719e+00
1.002159231794362393e+00
1.001771194566743128e+00
1.001408937316304426e+00
1.001069937274339017e+00
1.000750894984880235e+00
1.000447235000190949e+00
1.000152382790474581e+00
9.998566565296344022e-01
9.995454896217256247e-01
9.991964639536904391e-01
9.987741617760783619e-01
9.982208532023861824e-01
9.974388379059790921e-01
9.962550554163880356e-01
9.943452775744248129e-01
9.910579481898289522e-01
9.849613269869426091e-01
9.725231677045229617e-01
9.436317043784974157e-01
8.642424914836213112e-01
6.324199373783029321e-01
4.333162330258952255e-01
6.279308997263789438e-01
7.163665093279710794e-01
6.704770098282104573e-01
6.793704918275775828e-01
8.152285760394279990e-01
8.869072818745225018e-01
9.190923323599402561e-01
9.357317086643407444e-01
9.454551975916966056e-01
9.516275015775447210e-01
9.557572601183879080e-01
9.586059256780310456e-01
9.605953000055089674e-01
9.619767338429175974e-01
9.629089826752619263e-01
9.634971849810832767e-01
9.638137762575202938e-01
9.639103726774094216e-01
9.638248547721860460e-01
9.635857636915556856e-01
9.632151244321757178e-01
9.627303122315806760e-01
9.621453170150615630e-01
9.614716176465571973e-01
9.607187962626937416e-01
9.598949749645236951e-01
9.590071279237535329e-01
9.580613035798778432e-01
9.570627795844909302e-01
9.560161648326235273e-01
9.549254565992529864e-01
9.537940551783403720e-01
9.526247321977987514e-01
9.514195401439137223e-01
9.501796363127458234e-01
9.489049676616608808e-01
9.475937083902460367e-01
9.462412209873010127e-01
9.448380183561158052e-01
9.433654157715286592e-01
9.417851308616715933e-01
9.400100977591483442e-01
9.378002985547179149e-01
9.341982257588200556e-01
9.186455921031091432e-01
9.415829943711597760e-01
9.393063086912334381e-01
9.367292311267577665e-01
9.347742553870871385e-01
9.330707492655753166e-01
9.314870284567616787e-01
9.299658066879680218e-01
9.284775483381512151e-01
9.270047158055610970e-01
9.255354958389405695e-01
9.240609671329926833e-01
9.225736909036446054e-01
9.210669521013378214e-01
9.195343225031832324e-01
9.179693931695268594e-01
9.163656002239892739e-01
9.147161035550090968e-01
9.130136956298081641e-01
9.112507266933371763e-01
9.094190374469224292e-01
9.075098928751479388e-01
9.055139122049793432e-01
9.034209905379502192e-01
9.012202077583081339e-01
8.988997200104916763e-01
8.964466284149498199e-01
8.938468187579358126e-01
8.910847646191600857e-01
8.881432847359248539e-01
8.850032432559660212e-01
8.816431787853458157e-01
8.780388446411034886e-01
8.741626382767755388e-01
8.699828922375559825e-01
8.654629919708555219e-01
8.605602771483804592e-01
8.552246727801675608e-01
8.493969846955612413e-01
8.430067824234909191e-01
8.359697852710300525e-01
8.281846748641400469e-01
8.195293048114253853e-01
8.098564271575543483e-01
7.989894614680946860e-01
7.867199102970544589e-01
7.728109717585385230e-01
7.570205825377667175e-01
7.391860984420938196e-01
7.195299522024770633e-01
6.999825207520561365e-01
6.924207976451863811e-01
4.275260281392278539e-01
5.065401790128756243e-01
4.660518869038568490e-01
4.041758687464526156e-01
3.350606298431329511e-01
1.731742918071232373e-01
1.442022848072970487e-01
9.623475453241837896e-02
9.443787841579770470e-02
1.569661019962978465e-01
2.789279796886237617e-01
4.346911422617219523e-01
5.952390106120462043e-01
7.435024649349810666e-01
8.692616715111219916e-01
4.593656590818464558e-01
7.220751011201689273e-01
9.155704575643294207e-01
1.001945786051732235e+00
1.043452117771862309e+00
8.582661970535420126e-01
1.353815890968518953e+00
1.373368165616203784e+00
1.388641943396851541e+00
1.556663127377081013e+00
1.656660826798131536e+00
1.781691272285926608e+00
1.934994135472871024e+00
2.121766863392821723e+00
2.349427699426584581e+00
2.627519943710009631e+00
2.968054655966345212e+00
3.386069810050960527e+00
