4.470818879395949685e-01
4.809079246531608454e-01
5.138312062609975417e-01
5.458389928860937212e-01
5.769807454803294045e-01
6.071974867889488037e-01
6.364931407462235402e-01
6.648479438832273214e-01
6.922366572411476904e-01
7.186292683986383878e-01
7.439919158702671398e-01
7.682879679790548533e-01
7.914792231692642233e-01
8.135271999460265135e-01
8.343944808055719919e-01
8.540460670323184456e-01
8.724507180556330121e-01
8.895821781761897862e-01
9.054203279255782499e-01
9.199521390688928379e-01
9.331724442984954404e-01
9.450844807756390020e-01
9.557001936374762696e-01
9.650402949283718446e-01
9.731340846181774085e-01
9.800190507312033228e-01
9.857402744159573516e-01
9.903496725209290918e-01
9.939051146199213704e-01
9.964694533841642610e-01
9.981095068776093537e-01
9.988950290571704249e-01
9.988977009133910290e-01
9.981901697542051588e-01
9.968451585940730775e-01
9.949346618904413297e-01
9.925292383401413954e-01
9.896974063870819238e-01
9.865051437003449220e-01
9.830154882699742025e-01
9.792882359951319282e-01
9.753797277871989468e-01
9.713427147284795504e-01
9.672263109263714576e-01
9.630759798241567138e-01
9.589336177448315457e-01
9.548376724863215648e-01
9.508233541075384876e-01
9.469229552379566650e-01
9.431665079599313994e-01
9.395834438838678304e-01
9.362090207543939391e-01
9.331330768991125124e-01
9.280734631857252559e-01
9.269716273466419576e-01
9.245783024265346040e-01
9.223915317988671259e-01
9.204640676569247892e-01
9.188133707685318674e-01
9.174492948260383196e-01
9.163785425373859317e-01
9.156059281266992755e-01
9.151349171430470664e-01
9.149680118868440681e-01
9.151073364760555773e-01
9.155565889145386160e-01
9.163359550747341986e-01
9.163738905943031865e-01
9.185948079180774606e-01
9.202551830421893397e-01
9.221914400870843131e-01
9.244096439174724900e-01
9.269064044151540394e-01
9.296757292010415785e-01
9.327100149489879755e-01
9.360000867528028845e-01
9.395353713836006593e-01
9.433028288285895124e-01
9.472872070648815646e-01
9.514699513416026155e-01
9.558284400541102732e-01
9.603354795162869495e-01
9.649651006158421751e-01
9.687192214688959968e-01
9.741941976272250336e-01
9.787644717701786679e-01
9.830892002306095279e-01
9.869913779960471922e-01
9.901975546289860652e-01
9.922915057062727806e-01
9.926261392337427658e-01
9.901649872092233018e-01
9.832000389946622398e-01
9.688268517604093910e-01
9.419651793116242677e-01
8.935738126832876160e-01
8.078338854704979477e-01
6.603024734686333552e-01
4.302263383670395513e-01
1.595021171309833063e-01
5.175163352125037447e-03
6.075950457204355726e-02
2.237848309554823223e-01
3.854593901767336961e-01
5.120841212247562169e-01
6.049559281704448566e-01
6.722056935184423931e-01
7.208126721964080996e-01
7.554820885370583383e-01
7.789342817597038060e-01
7.921449162251656961e-01
7.940676346723753998e-01
7.801669476114835300e-01
7.374613157290119680e-01
6.270350273556676290e-01
3.323469366035112782e-01
2.593508568939596401e-02
5.773312313060875445e-01
8.470506250407993099e-01
9.268644612136287542e-01
9.554858506558790987e-01
9.677577523551564864e-01
9.731883854777932941e-01
9.753158243821024032e-01
9.755640354616331722e-01
9.745889117755939246e-01
9.727263135589394594e-01
9.701651212735989960e-01
9.670215955364415139e-01
9.633739794261731992e-01
9.592796822078906160e-01
9.547842922493545714e-01
9.499265345915171022e-01
9.447411202880798831e-01
9.392604594709924593e-01
9.335157479678058978e-01
9.275377087523677400e-01
9.213571530318230840e-01
9.150054660047777233e-01
9.085150932632775067e-01
9.019200932751942901e-01
8.952568243454899211e-01
8.885648502863681131e-01
8.818881808434327896e-01
8.752770184990782409e-01
8.687902778810042692e-01
8.624993067419639559e-01
8.564935218209219769e-01
8.508892182994831632e-01
8.458437434880375916e-01
8.415793578913211004e-01
8.384252019217760532e-01
8.368955658108568896e-01
8.378464318535946420e-01
8.428170016279474819e-01
8.548590224928748205e-01
8.808021663400336099e-01
9.371117174740927203e-01
9.579392310483889617e-01
8.177542430512527161e-02
4.280354265577827610e-01
5.282376632705534369e-01
5.661503568777150885e-01
5.820463783404344893e-01
5.875702699258064099e-01
5.871438518276330676e-01
5.827064714580444393e-01
5.751345668766485453e-01
5.647536742937000476e-01
5.515391335660964067e-01
5.351895724610954419e-01
5.151749395901229489e-01
4.893582756232143227e-01
4.589741932158555859e-01
4.198859710835435299e-01
3.696602902823176162e-01
3.044412492669495984e-01
2.201820228182503614e-01
1.175709323679093449e-01
2.148790833156494912e-02
2.582737284680174106e-02
2.587617343424555849e-01
6.104102324751475850e-01
8.477541276939775106e-01
9.506193163176992478e-01
9.825101916141411040e-01
9.837043650889367719e-01
9.757294316492164388e-01
9.609095953016817404e-01
9.443356426775546542e-01
9.263513864378017937e-01
9.064182642988404259e-01
8.831198289906041499e-01
8.537652450376365110e-01
8.130928291238109784e-01
7.493071636074416508e-01
6.210230653816211088e-01
4.522695846785715901e-01
1.036149653002621379e-01
4.339469005080769937e-01
