1.006185607724049857e+00
9.991494704278001127e-01
9.861719471400405279e-01
9.647166101005608674e-01
9.313112968302528216e-01
8.815363976000230029e-01
8.104882642209195742e-01
7.142061718502404899e-01
5.924235817534565518e-01
4.519487921162814170e-01
3.079774147130447948e-01
1.801413404676722729e-01
8.428279907725655384e-02
2.623222718752699079e-02
2.135150012238754870e-03
3.198103720745251993e-03
2.025191873433388606e-02
4.603831355511069090e-02
7.563388945360506599e-02
1.060337588262258157e-01
1.355646610722303635e-01
1.633943178531288010e-01
1.891889512818545338e-01
2.128947863908001170e-01
2.346058675269327154e-01
2.544870826403917152e-01
2.727310257862857190e-01
2.895353901194286927e-01
3.050938020902644876e-01
3.196005239075909721e-01
3.333014329638821494e-01
3.472495836505543609e-01
3.558817449450506487e-01
3.682149706378883280e-01
3.793324292148188004e-01
3.899329403712369357e-01
4.001671093460966722e-01
4.101221658412974036e-01
4.198649805003851210e-01
4.294516765310628093e-01
4.389310190201008988e-01
4.483460455500324349e-01
4.577350332537925004e-01
4.671321494528667406e-01
4.765679198002849004e-01
4.860695751339954573e-01
4.956613096400019902e-01
5.053644702014596923e-01
5.151976904986118599e-01
5.251769799851934151e-01
5.353157758476313477e-01
5.456249648112404538e-01
5.561128808780740895e-01
5.667852846038963222e-01
5.776453292479929447e-01
5.886935189987920758e-01
5.999276644417157467e-01
6.113428404547266437e-01
6.229313517548551449e-01
6.346827113398901821e-01
6.465836370393355237e-01
6.586180712728509912e-01
6.707672288798333105e-01
6.830096775020294553e-01
6.953214544453805157e-01
7.076762232022678623e-01
7.200454718704012436e-01
7.323987545653971587e-01
7.447039756059736781e-01
7.569277147867775613e-01
7.690355904898469319e-01
7.809926557835509264e-01
7.927638210898603210e-01
8.043142955474682498e-01
8.156100379450188509e-01
8.266182071272979437e-01
8.373076011623734605e-01
8.476490743626415858e-01
8.576159215217721288e-01
8.671842194980843299e-01
8.763331175651691840e-01
8.850450698019193263e-01
8.933060053052855887e-01
9.011054354423502222e-01
9.084365023878393508e-01
9.152959815353903794e-01
9.216842665390193590e-01
9.276054024285864674e-01
9.330673290102360351e-01
9.380827952295431871e-01
9.426725160698197215e-01
9.468774516215019421e-01
9.508191282956205415e-01
9.328785897420202033e-01
9.554130024943429111e-01
9.581331565890991442e-01
9.608672546760457234e-01
9.626117807170259111e-01
9.633781256563078710e-01
9.652105556128517394e-01
9.659692646837640950e-01
9.663963564840588605e-01
9.664812755065836924e-01
9.662117578266293805e-01
9.655692730910589994e-01
9.645275400329099691e-01
9.630514210351514004e-01
9.610961774380815115e-01
9.586082636126236345e-01
9.555350180606745347e-01
9.519386450640999753e-01
9.461008204133556365e-01
9.410225450543863168e-01
9.343614960024428928e-01
9.263380514135368671e-01
9.167577092022739516e-01
9.053530393636356477e-01
8.917642071834080975e-01
8.695019175854413751e-01
8.574427615876838438e-01
8.351569427817311375e-01
8.091011630879071381e-01
7.786676097551297193e-01
7.432821329092872409e-01
7.024020993530293300e-01
6.555712926542726082e-01
6.025065572931608271e-01
5.432155080515764789e-01
4.781403391207900144e-01
4.083106520178361176e-01
3.354704240786913760e-01
2.621253998254098883e-01
1.914465545346056008e-01
1.269688868983337715e-01
7.198795320237108553e-02
2.743061077812639775e-02
2.083529330691598000e-02
1.089615626089090019e-03
5.245841310084957063e-03
2.406777168774197964e-02
5.469935191659634072e-02
9.444499238253732665e-02
1.407597046733059243e-01
1.914096185795050864e-01
2.445655652612057362e-01
2.988218788941296999e-01
3.531651015803771165e-01
4.069180822108204310e-01
4.596781072500007448e-01
5.112605207693183829e-01
5.616545547258402493e-01
6.109977961473102015e-01
6.595872300140278588e-01
7.080145540101787649e-01
7.579513304600715706e-01
7.509576488467990529e-01
8.353277057747493517e-01
8.843598542578839927e-01
9.283011742938954702e-01
9.635715285055127532e-01
9.757174900253693384e-01
9.263636057189420514e-01
7.356960882548355674e-01
3.598889656891094968e-01
4.522349551261874850e-02
2.237641021506565561e-02
1.406677948439184478e-01
2.919144670679293396e-01
4.037771318872469539e-01
4.930554080221171143e-01
5.640414093349583879e-01
6.214691644449712449e-01
6.688714824159072148e-01
7.087237479741224089e-01
7.427497714914628180e-01
7.721619752305421969e-01
7.978230690281465920e-01
8.203431546721917655e-01
8.400763369493663424e-01
8.528504341238091202e-01
8.746649659267375920e-01
8.882478539858983391e-01
9.004424915881173996e-01
9.112014412336510993e-01
9.205995179570118925e-01
9.287147759944541781e-01
9.356159076276437947e-01
9.413592192073837461e-01
9.459828970247883273e-01
9.494867859993171288e-01
9.517496022398203026e-01
9.520063446503873594e-01
9.333099299572156227e-01
9.622651633391935411e-01
9.597900032119773828e-01
9.583075209150723195e-01
9.566934738623675827e-01
9.547633063875081705e-01
9.524749327872672477e-01
9.497998652148799126e-01
