9.583830205286677506e-01
9.722970515120511470e-01
9.853717033665736480e-01
9.970287507431558893e-01
1.006490412646557253e+00
1.012671384623544002e+00
1.014027997054816499e+00
1.008354952791132852e+00
9.925336630552599182e-01
9.622808702324795460e-01
9.120595687824216702e-01
8.355443532948664265e-01
7.273540384021105476e-01
5.867977618614080848e-01
4.230748865089737354e-01
2.580111361598363962e-01
1.204365707936122798e-01
3.274137530992791284e-02
6.556303417608435116e-04
1.485047124426747654e-02
5.984878381895435834e-02
1.214575672435655312e-01
1.896385475726181657e-01
2.583539728427612925e-01
3.244202497198665491e-01
3.864064670544745672e-01
4.438587009670587613e-01
4.968263870981058372e-01
5.456099315376228276e-01
5.908117129889722818e-01
6.301340569811407777e-01
6.690574204431332106e-01
7.042721796352627850e-01
7.367032948112947066e-01
7.666082237490450257e-01
7.941683676438551220e-01
8.195284554540307465e-01
8.428085611982898406e-01
8.641111369684317811e-01
8.835262112273012391e-01
9.011354666887398945e-01
9.170154430077466223e-01
9.312399964108880601e-01
9.438821164092806582e-01
9.550151886682205493e-01
9.647137875654175909e-01
9.730540775608548243e-01
9.801138978740733254e-01
9.859725997172561485e-01
9.907106994739927064e-01
9.944094051635246068e-01
9.971500691490547963e-01
9.990136298663084835e-01
1.000080326038232048e+00
1.000422488425291689e+00
1.000128808788124157e+00
9.992630596720034619e-01
9.978978277371870487e-01
9.961003401153185610e-01
9.939341414049782664e-01
9.914590019443866309e-01
9.887308270035860547e-01
9.858016190492114861e-01
9.827194945428361361e-01
9.795287501533873620e-01
9.762699719825661537e-01
9.729801813130808386e-01
9.696930106816430417e-01
9.664389043410289704e-01
9.632453366265762984e-01
9.601370373216145948e-01
9.571361875920944007e-01
9.542623456432394180e-01
9.515263481723674754e-01
9.489831730113849062e-01
9.465938793533476003e-01
9.444008417658629195e-01
9.424157137945313734e-01
9.406525827728481337e-01
9.391266143765379937e-01
9.378546983867028786e-01
9.368565280463746481e-01
9.361561374576514716e-01
9.357841202203758257e-01
9.357809368838080344e-01
9.362020322074533496e-01
9.371260800175502670e-01
9.386688787683958868e-01
9.410080115598565831e-01
9.444295578027035454e-01
9.493825252322649622e-01
9.568430907194974688e-01
9.684154377429927685e-01
9.868280452068015629e-01
9.840460295628911114e-01
1.755231832296467731e-01
6.951592776171015009e-01
8.125113470600615617e-01
8.501543587813293890e-01
8.688660287410391314e-01
8.803549636211489560e-01
8.883893559222632019e-01
8.945424592083003335e-01
8.995857520467114288e-01
9.039420833797253696e-01
9.078634445377222750e-01
9.115103698312221336e-01
9.149892872433895707e-01
9.182467932135011113e-01
9.218059180730839852e-01
9.252102668863740886e-01
9.286998261469258109e-01
9.323120342462175580e-01
9.359562237642674587e-01
9.403275618318661655e-01
9.446996978681952983e-01
9.495313850643951614e-01
9.549107454763087199e-01
9.609334463189229680e-01
9.675731491153608532e-01
9.742145136492730284e-01
9.775470825899399419e-01
9.597629014440746120e-01
8.002042812685186135e-01
7.729724749046382182e-02
3.150400411405149259e-01
6.012185870765722751e-01
7.126783301218789779e-01
7.645974009495096757e-01
7.919940006204824190e-01
8.068878095707355813e-01
8.141287493812311427e-01
8.158168709428609278e-01
8.127646089908233673e-01
8.050284611413736080e-01
7.920812689985866628e-01
7.728049506212426589e-01
7.453590835895577138e-01
7.069429980630024257e-01
6.534953000260929068e-01
5.795396293857022485e-01
4.789195309829067382e-01
3.484349926509711648e-01
1.977033826563945329e-01
6.333277757933025720e-02
3.658619731479858996e-03
4.969769961705546024e-02
1.696248315068645263e-01
3.074885787851472374e-01
4.289843592349689150e-01
5.246365768764698068e-01
5.966330961563609536e-01
6.500585311082841544e-01
6.896949475900150395e-01
7.191841279583919277e-01
7.411909531590580302e-01
7.576079746076185284e-01
7.697812219851214444e-01
7.786741731843157543e-01
7.849531600731858294e-01
7.893329246212921202e-01
7.919117840323155466e-01
7.931218995554274453e-01
7.932025878301904864e-01
7.923040891407439057e-01
7.905683499053418606e-01
7.881044736091227243e-01
7.849992034425068432e-01
7.813217021081488856e-01
7.771265276321187576e-01
7.724576183728879553e-01
7.673472597102735104e-01
7.618197541684351703e-01
7.558911710078803914e-01
7.495699392536536720e-01
7.428559834438136500e-01
7.355591414614806034e-01
7.282262283660120294e-01
7.202850338854904777e-01
7.118836954592469013e-01
7.029909167901892131e-01
6.935642323419841659e-01
6.835523931021939559e-01
6.728951241060434629e-01
6.615226298432425045e-01
6.493550059217771953e-01
6.363015603877033577e-01
6.222599680434227620e-01
6.071148801391081928e-01
5.907334089776712371e-01
5.729131071078429338e-01
5.538455582219036222e-01
5.328913091444256178e-01
5.100845151549965317e-01
4.852309989596942930e-01
4.581317887703414971e-01
4.285917329404801968e-01
3.964319279884060965e-01
3.615131905666666978e-01
3.237752577980722579e-01
