1.008128935829083028e+00
1.008117639190531767e+00
1.007583980741060703e+00
1.006593991360862139e+00
1.005212292773766558e+00
1.003500667871968233e+00
1.001516981437964304e+00
9.993144133291558262e-01
9.969409660695580655e-01
9.944392095336207493e-01
9.918462268129266679e-01
9.891937272622691735e-01
9.865082950026673458e-01
9.838117436839038943e-01
9.811215509913924215e-01
9.784513491381953143e-01
9.758114503413638507e-01
9.732093889957780242e-01
9.706504648817367853e-01
9.681382742397283137e-01
9.656752178975765988e-01
9.632629778162962175e-01
9.609029554235826165e-01
9.585966669175186583e-01
9.563460923447554274e-01
9.541539766841947712e-01
9.520240824029061466e-01
9.499613939959142828e-01
9.479722758824330464e-01
9.460645857106708689e-01
9.442477456284007475e-01
9.425327744104036176e-01
9.409322835018724129e-01
9.394604400364908736e-01
9.381328997230280464e-01
9.369667121529954290e-01
9.359802005559780813e-01
9.351928172928583027e-01
9.346249754000433008e-01
9.342978552237088952e-01
9.342331835384903860e-01
9.344529804155748964e-01
9.349792663320931618e-01
9.358337183638526513e-01
9.370372594457475612e-01
9.386095581416608047e-01
9.405684074460530786e-01
9.429289388443878872e-01
9.457026107256663039e-01
9.488958861238410147e-01
9.525084804941985617e-01
9.565310111004652338e-01
9.609418085607542848e-01
9.657025476401243091e-01
9.707522026574887386e-01
9.759986092032451044e-01
9.813065830544257517e-01
9.864810579824023762e-01
9.912429848529235032e-01
9.951946928239574497e-01
9.977699542282540968e-01
9.981620896887481997e-01
9.952213532701278398e-01
9.873116700446165073e-01
9.721200072519048385e-01
9.464283197121134972e-01
9.059091124234925907e-01
8.451314701724230716e-01
7.582135319610805446e-01
6.408840315267120280e-01
4.946526923844551948e-01
3.321140566683801754e-01
1.785567841048655569e-01
6.372233333892875218e-02
6.505971425051010164e-03
6.370784673956836515e-03
4.858687525699072890e-02
1.151171184101060369e-01
1.916285675761687790e-01
2.691223681415781943e-01
3.428616272896939376e-01
4.108073955414280887e-01
4.724090776857554630e-01
5.278310009836255645e-01
5.776094503250507328e-01
6.222940810972836800e-01
6.624739094699346742e-01
6.986752972753494939e-01
7.313581030179924225e-01
7.609163336908124631e-01
7.876846088768820753e-01
8.119465576617667102e-01
8.339432580395205186e-01
8.538808971194037367e-01
8.719373662540584879e-01
8.882677616576243329e-01
9.030088747350313305e-01
9.162827987128153717e-01
9.281997861958545259e-01
9.388604847989558966e-01
9.483576644068570927e-01
9.567775344276517879e-01
9.642007346827667913e-01
9.707030701479661960e-01
9.763560478777799645e-01
9.812272640916511746e-01
9.853806804673581610e-01
9.888768210265336256e-01
9.917729144756878279e-01
9.941230013517203812e-01
9.959780207001895924e-01
9.973858871857513853e-01
9.983915664017183333e-01
9.990371536212088177e-01
9.993619592382584349e-01
9.994026026028991483e-01
9.991931147927385348e-01
9.987650500188482994e-01
9.981476047759390013e-01
9.973677434585179746e-01
9.964503289196903202e-01
9.954182562582505334e-01
9.942925877825730119e-01
9.930926858045481254e-01
9.918363327573724852e-01
9.905397616966437058e-01
9.892131876181293748e-01
9.878881300085962103e-01
9.865575730923702436e-01
9.852412479472526519e-01
9.839501103013682526e-01
9.826946063808271736e-01
9.814846280755046282e-01
9.803295977492758606e-01
9.792385681452305812e-01
9.782203272600182853e-01
9.772835090358720223e-01
9.764367138723054618e-01
9.756886453851945085e-01
9.750482729161692452e-01
9.745250337837373378e-01
9.741290961519820657e-01
9.738717142801854854e-01
9.737657256646635728e-01
9.738262696295399978e-01
9.740718584269052460e-01
9.745260811035632020e-01
9.752171948686974012e-01
9.761948615491445880e-01
9.775154043790863501e-01
9.792742727389639468e-01
9.816227118562300680e-01
9.848202783412942640e-01
9.893491491529604609e-01
9.961866644763113232e-01
1.007323376137144733e+00
1.016424661618907654e+00
3.730134194639074807e-01
8.701486354021582548e-01
9.230683434595488013e-01
9.415123248916751342e-01
9.512180228946192084e-01
9.574879774259582588e-01
9.620660241614182873e-01
9.656812222969053394e-01
9.686848773612940500e-01
9.712614287728348339e-01
9.735121540806042084e-01
9.754929943731476261e-01
9.772334377127298577e-01
9.787467512378904555e-01
9.800359443026327444e-01
9.810974969977162008e-01
9.819238678087213179e-01
9.825053171925161033e-01
9.828313475023505719e-01
9.828919373478282040e-01
9.826786839339770596e-01
9.821859343952022980e-01
9.814119753115118083e-01
9.803603554198772052e-01
9.790414438480674608e-01
9.774743881997594031e-01
9.756897645897760762e-01
9.737334770517226401e-01
9.716730482887732112e-01
9.696090368329375320e-01
9.676647457437551614e-01
9.660902515111798872e-01
9.653762932246708894e-01
9.654960901442134480e-01
9.422365626906985536e-01
7.278045861071277267e-01
8.986971096280401694e-01
9.169305121640214384e-01
9.223613592288623098e-01
9.247466968507526142e-01
9.263400414212840106e-01
9.279710680172605919e-01
9.300367446773308844e-01
