9.972724972643361996e-01
9.969958883404408390e-01
9.966804469316926651e-01
9.963295239858457331e-01
9.959480167387128047e-01
9.955420614988379491e-01
9.951138010508021603e-01
9.946963518371007007e-01
9.942776753886809482e-01
9.938748460609108104e-01
9.935048568685882486e-01
9.931836430686264983e-01
9.929286242104360394e-01
9.927586084166676317e-01
9.926935558081554367e-01
9.927541341373099515e-01
9.929609088384029336e-01
9.933328985923483012e-01
9.938850310104516694e-01
9.946236774070382758e-01
9.955387877138865971e-01
9.965898977684461979e-01
9.976808419020234409e-01
9.986130882243140494e-01
9.989973763757711289e-01
9.980812983926871107e-01
9.944016223612246463e-01
9.850603558393323800e-01
9.641841262722234962e-01
9.196967512905261932e-01
8.274992072452610481e-01
6.478959362526527377e-01
3.603279417220368042e-01
8.085843827647590243e-02
2.914943068925719867e-03
9.558422848629966051e-02
2.266695169134781696e-01
3.375668023549718288e-01
4.228933702363529279e-01
4.855567881814583653e-01
5.322071378615712556e-01
5.674606830673220026e-01
5.945345825927570438e-01
6.156381375989100624e-01
6.323008107818793855e-01
6.455989333974846422e-01
6.563044345194863904e-01
6.649815541777905903e-01
6.720501576353244966e-01
6.778275645502506164e-01
6.825557549609125862e-01
6.864137318151133371e-01
6.894122223795711157e-01
6.924059299198942474e-01
6.944649113295889853e-01
6.961719165280305655e-01
6.975563718676993652e-01
6.986668269169967749e-01
6.995478346186277951e-01
7.002380597409797458e-01
7.007707819127346749e-01
7.011746751877394601e-01
7.014745290240681497e-01
7.016918579139204137e-01
7.018454043606566772e-01
7.019515512025562565e-01
7.020246595637813503e-01
7.020773464383960327e-01
7.021207133417559643e-01
7.021645351898012644e-01
7.022174166989181288e-01
7.022869221066837531e-01
7.023796828339483600e-01
7.025014867768997195e-01
7.026573521820299595e-01
7.028515884729918950e-01
7.030878459321970864e-01
7.033691557671232220e-01
7.036979617881762294e-01
7.040761446796995893e-01
7.045050396431353779e-01
7.049854480229358344e-01
7.055176433843669548e-01
7.061013723921312213e-01
7.067358507347946128e-01
7.074197542496322155e-01
7.081512053251467487e-01
7.089277545940509961e-01
7.097463578837481801e-01
7.106033483788806171e-01
7.114944040019665072e-01
7.124145102129867402e-01
7.133579189510022012e-01
7.143181057870048312e-01
7.152877309472736034e-01
7.162586203420595599e-01
7.172218179157093809e-01
7.181679064385031452e-01
7.190886384566217426e-01
7.199903337349073951e-01
7.203311590852926605e-01
7.214080511602826151e-01
7.220713129228916172e-01
7.226056132337115301e-01
7.229999102357614893e-01
7.232316763143687988e-01
7.232737862627313108e-01
7.230952657910967307e-01
7.226611176066296549e-01
7.219318628062633136e-01
7.208629178192469400e-01
7.194038247637434269e-01
7.174973229994263679e-01
7.150782354818971953e-01
7.120721310158165673e-01
7.083937028126587876e-01
7.039447475873430449e-01
6.986114057037057234e-01
6.922590161768850114e-01
6.847090864789774356e-01
6.747285409519865329e-01
6.654967178316409937e-01
6.534250526992529950e-01
6.392807714978233635e-01
6.227749495424576009e-01
6.035821383382780070e-01
5.813196955309750669e-01
5.555711528599949212e-01
5.259033275564989340e-01
4.918973116738230567e-01
4.532014249790466964e-01
4.096148248494951294e-01
3.612093213807364700e-01
3.084905326487514809e-01
2.525836425151701259e-01
1.954007822395855964e-01
1.397107327802196430e-01
8.900702268571444864e-02
4.709406431687396255e-02
1.741315627144880002e-02
2.287447321731740386e-03
2.375124878538725434e-03
1.656946091403021376e-02
4.237476230323605070e-02
7.656501037649016128e-02
1.158503147553559681e-01
1.573541628362783440e-01
1.988441537038520002e-01
2.387625692111833842e-01
2.761398929883858711e-01
3.104652394140083316e-01
3.415742001592786958e-01
3.674286691664069848e-01
3.939086467632499367e-01
4.158175414837079198e-01
4.350757007991900016e-01
4.519643099646942774e-01
4.667381924611435084e-01
4.796334144510803754e-01
4.908658444426617362e-01
5.006305733491102083e-01
5.091024589145562995e-01
5.164373784211693241e-01
5.227738347883684744e-01
5.282346809557684209e-01
5.329288210699544281e-01
5.369528102102230083e-01
5.403923145645614934e-01
5.433234184165545155e-01
5.458137784848169360e-01
5.479236337988714345e-01
5.497066828440835273e-01
5.512108406791864645e-01
5.524788879478189640e-01
5.535490213061838860e-01
5.544553097334923297e-01
5.552280489943246522e-01
5.558939683097791074e-01
5.564760769837232557e-01
5.569917576375680301e-01
5.574230196400651316e-01
5.579411168935284326e-01
5.583177996458765779e-01
5.582150942582154718e-01
5.594543269485086068e-01
5.599028897010669414e-01
5.603949080053916010e-01
5.609197520198091480e-01
5.614732343014990912e-01
5.620504952613640803e-01
5.626439128523880173e-01
5.632419535161921065e-01
5.638280504494697087e-01
5.643791841518110974e-01
5.648639103783589244e-01
5.652394975731032112e-01
5.654476218039180546e-01
5.654075879396833759e-01
5.650046524652303503e-01
5.640635369399805699e-01
