9.518637534776986930e-01
9.503099715643765766e-01
9.499349840120125954e-01
9.506786391500221534e-01
9.524660965775182397e-01
9.552090999921289960e-01
9.588057984328914873e-01
9.631388327030760976e-01
9.680713030079471926e-01
9.734400913297872604e-01
9.790458192245663493e-01
9.846384728406818443e-01
9.898974268852175351e-01
9.944042805237425231e-01
9.976066765416031767e-01
9.987713389800221275e-01
9.969254220389558441e-01
9.907878713463311726e-01
9.786985654187313477e-01
9.585651831699302239e-01
9.278691404897241313e-01
8.838034079993225545e-01
8.236475503782337837e-01
7.454861641116583559e-01
6.492796300664395170e-01
5.380335587643414463e-01
4.184440358738169552e-01
3.002527878645430692e-01
1.940711426683279228e-01
1.085114936136741676e-01
4.812388592030839018e-02
1.308257045252717542e-02
3.517054477614299924e-04
5.357088199457138607e-03
2.335605870725893443e-02
5.021916637363431357e-02
8.271039295614084075e-02
1.184684582415563708e-01
1.558593236197399201e-01
1.938010240991982491e-01
2.316070534758770672e-01
2.688626594232252920e-01
3.053335712810160696e-01
3.409014193592722619e-01
3.755193034971009980e-01
4.091818571201511490e-01
4.419054418240777049e-01
4.737152740733813205e-01
5.046369798169140219e-01
5.346715661270070585e-01
5.639035628468498373e-01
5.922695841246897741e-01
6.197919521047600133e-01
6.464631113904730775e-01
6.722680092286740239e-01
6.971859829882599557e-01
7.211921642801908394e-01
7.442589518839614060e-01
7.663575072315701453e-01
7.874592177385877356e-01
8.075370806940448398e-01
8.265669678668176035e-01
8.445287381281856298e-01
8.614071726352114933e-01
8.771927146501757866e-01
8.918820038371807479e-01
9.054782026556545960e-01
9.179911199508964392e-01
9.294371436788810836e-01
9.398390005801903202e-01
9.492253652823109400e-01
9.576303446001592778e-01
9.650928646635079655e-01
9.716559889663037852e-01
9.773661946382871113e-01
9.822726323780829327e-01
9.864263927966819834e-01
9.898797986598412146e-01
9.926857389347338856e-01
9.948970568754531563e-01
9.965660008144725523e-01
9.977437430173972110e-01
9.984799690159935626e-01
9.988225373257255679e-01
9.988172074083593310e-01
9.985074321554376908e-01
9.979342100209150912e-01
9.971359911776842555e-01
9.961486316618912706e-01
9.950053893463952637e-01
9.937369556923822955e-01
9.923715175186810233e-01
9.909348434527111005e-01
9.894503902564208975e-01
9.879394248323254413e-01
9.864211584148432355e-01
9.849128902951816977e-01
9.834301595759581405e-01
9.819869053639639356e-01
9.805956398560931042e-01
9.792676495247097934e-01
9.780132751791710266e-01
9.768424734632631390e-01
9.757668034179747263e-01
9.748160711233443410e-01
9.737208022211298886e-01
9.730537951483477777e-01
9.724105383544535686e-01
9.718804501603399704e-01
9.714763639924118843e-01
9.712066300011182873e-01
9.710792123596058145e-01
9.711026530986839322e-01
9.712865482885892909e-01
9.716418823398249582e-01
9.721812175685388135e-01
9.729185402280887685e-01
9.738682106436372665e-01
9.750415880090863574e-01
9.764375120078437886e-01
9.780157661157354854e-01
9.796195503893319056e-01
9.807264870037449844e-01
9.795184558896213867e-01
9.684879653117062226e-01
9.043232722790107703e-01
4.152143392989470216e-01
3.273587139170153759e-01
7.346404668627931622e-01
8.436779425713611946e-01
8.868372096419090411e-01
9.092198376946416527e-01
9.229329041522161825e-01
9.323368085395691285e-01
9.393350336482528817e-01
9.448760036402694684e-01
9.494795888901261804e-01
9.534517595812073143e-01
9.569825670483030899e-01
9.601949658954488376e-01
9.631709021955283667e-01
9.659660690377755987e-01
9.686186510200212041e-01
9.711547067577560588e-01
9.735915788571704033e-01
9.759400891609422146e-01
9.782059399013484091e-01
9.803905460606151534e-01
9.824913937267416575e-01
9.845019064088811334e-01
9.864106635888929553e-01
9.881995911958694201e-01
9.898403083063054275e-01
9.912868801116753170e-01
9.924610582878706788e-01
9.932206365972959805e-01
9.932865105548709383e-01
9.920575686284112127e-01
9.880766266831702005e-01
9.771927167914531420e-01
9.444181320508006072e-01
8.120126148520365739e-01
1.541317533013958629e-01
4.735470601863603357e-01
8.072908699332607130e-01
8.965726443507932020e-01
9.307959266408943888e-01
9.471765389420291337e-01
9.559689431514312163e-01
9.608830441759945717e-01
9.635276632553640974e-01
9.646923877146638127e-01
9.647980343961367611e-01
9.640785298478439236e-01
9.626614421965254964e-01
9.606016413611719873e-01
9.579173292309686172e-01
9.545519821259180748e-01
9.504152587524542506e-01
9.453498979869563446e-01
9.391304969609061137e-01
9.310917257727224783e-01
9.214306839316273035e-01
9.088650574706439444e-01
8.925195138795076755e-01
8.709970606125290171e-01
8.423765147973202305e-01
8.040968820580589593e-01
7.529166946849539244e-01
6.851293381585598086e-01
5.973768403126976656e-01
4.885270649069831106e-01
3.627497056238241369e-01
2.324554759457721220e-01
1.175386242029903133e-01
3.806372098464806675e-02
4.232939137257560151e-03
1.249995587667941145e-02
5.046803148129570815e-02
1.044195938890731951e-01
