9.855827824115217517e-01
9.870285509078310371e-01
9.883251388774336732e-01
9.894801812652944673e-01
9.905030146460849227e-01
9.914041283182010167e-01
9.921946923454002532e-01
9.928861585626850284e-01
9.934899296820928205e-01
9.940170910552671435e-01
9.944781993202274073e-01
9.948831220305944800e-01
9.952409223979942210e-01
9.955597834351737063e-01
9.958469660388319378e-01
9.961087958739202053e-01
9.963506742889868262e-01
9.965771088914211484e-01
9.967917598259179446e-01
9.969974982145732856e-01
9.971964736284786301e-01
9.973901878552570155e-01
9.975795726027462118e-01
9.977650691292550000e-01
9.979467081141264462e-01
9.981241883733472653e-01
9.982969532844795379e-01
9.984642640081362597e-01
9.986252687798508054e-01
9.987790676894635622e-01
9.989247724625023306e-01
9.990615607983763802e-01
9.991887247924645665e-01
9.993057128484594820e-01
9.994121642469088185e-01
9.995079351198355999e-01
9.995931139169098589e-01
9.996680234101826823e-01
9.997332046848131926e-01
9.997893760943372676e-01
9.998373563319227220e-01
9.998779347784342297e-01
9.999116627981232686e-01
9.999385243993897943e-01
9.999574197539915499e-01
9.999653535834175377e-01
9.999561499217106686e-01
9.999183921687506693e-01
9.998320685963431043e-01
9.996630017562514459e-01
9.993533783678706373e-01
9.988051980358937376e-01
9.978503901224754502e-01
9.961947651677153237e-01
9.933080956165074582e-01
9.881970219280169498e-01
9.789067386733056875e-01
9.613511290621921113e-01
9.263726184222352833e-01
8.520585739715993423e-01
6.862370719525311413e-01
3.505395141139361903e-01
1.698137718075110048e-02
1.180377109071680947e-01
3.729916120610769492e-01
5.486609761302532196e-01
6.552691727466577465e-01
7.206214340759659054e-01
7.629233236655886818e-01
7.916253869376712604e-01
8.118502794020214797e-01
8.265210161649260145e-01
8.373930383759955465e-01
8.455702765602548521e-01
8.517754243245718726e-01
8.564983587941281673e-01
8.600813191267788760e-01
8.627697696295791863e-01
8.647438644065715829e-01
8.661385324858280610e-01
8.670566619425799093e-01
8.675779723885290728e-01
8.677651205477979746e-01
8.676679868807711804e-01
8.673267400834057117e-01
8.667740640471494062e-01
8.660368003903149425e-01
8.651371763831717798e-01
8.640937342304793045e-01
8.629220421837805466e-01
8.616352441526855532e-01
8.602444882595141618e-01
8.587592635454255330e-01
8.571876661368201811e-01
8.555366105338543248e-01
8.538119975646923931e-01
8.520188474597109041e-01
8.501614040645828485e-01
8.482432141114578661e-01
8.462671833585196923e-01
8.442356087775624296e-01
8.421501818527257210e-01
8.400119503059022552e-01
8.378212088075017716e-01
8.355772484550310075e-01
8.332777824863194516e-01
8.309175057089265293e-01
8.284838271505208240e-01
8.259401819702312242e-01
8.231142089023858466e-01
8.077671376005600701e-01
8.194832938780949316e-01
8.164069984095519983e-01
8.134413348914109054e-01
8.075064726363843093e-01
8.083615032849463811e-01
8.053302920434330936e-01
8.023123341754236915e-01
7.992422485561848644e-01
7.960988410619905808e-01
7.928694861110981984e-01
7.895436357152132434e-01
7.861109687823966130e-01
7.825606565856306762e-01
7.788809742405120584e-01
7.750590338787055611e-01
7.710805591555075500e-01
7.669296667802865120e-01
7.625886375610478884e-01
7.580376660654876142e-01
7.532545805840253905e-01
7.482145258773327257e-01
7.428896010950462037e-01
7.372484446483578147e-01
7.312557568914183070e-01
7.248717503126435036e-01
7.180515156408753263e-01
7.107442909311322277e-01
7.028926194576158304e-01
6.944313813577336347e-01
6.852866838420512696e-01
6.753745960739070409e-01
6.645997185917513761e-01
6.528535850874110924e-01
6.400129091307060758e-01
6.259377142026951724e-01
6.104694285903664586e-01
5.934290971159689176e-01
5.746159740732645904e-01
5.538069378295091827e-01
5.307574382618666098e-01
5.052050954148035178e-01
4.768776632831606133e-01
4.455079092011298147e-01
4.108590630506473440e-01
3.727657943219565007e-01
3.311968807739071319e-01
2.863460631280237423e-01
2.387554187195850275e-01
1.894681508685182036e-01
1.401912992828469873e-01
9.342105561903027433e-02
5.244839906684665293e-02
2.114016805294980858e-02
3.418494093976049818e-03
2.476600803261647544e-03
1.995718940160198102e-02
5.549064776270020566e-02
1.071878847689907710e-01
1.776752736782749031e-01
2.152402621710272912e-01
2.916972512163737985e-01
3.598769759763426057e-01
4.228876305471359620e-01
4.801074656345357128e-01
5.311923971202638928e-01
5.762137105373328350e-01
6.155272720347279014e-01
6.496410561616000612e-01
6.791185934912762345e-01
7.045150977333277664e-01
7.263214105659256958e-01
7.441531947381858636e-01
7.616576049607666210e-01
7.753390921597373975e-01
7.869064213379497463e-01
7.946681512903867040e-01
8.065863324401347789e-01
8.145468233991263185e-01
8.208347150945665138e-01
8.255455667263519315e-01
8.304500034293683663e-01
8.340719684568796977e-01
8.369451770630941256e-01
8.391350428750908863e-01
8.406874714226385548e-01
8.416372261200303351e-01
8.420102494969847751e-01
8.418252058613292510e-01
8.410948210863011809e-01
