6.735039956912000081e-01
6.800445050017285276e-01
6.850141118637149695e-01
6.886204844958070392e-01
6.910695253642596958e-01
6.925614224422883547e-01
6.932873856768427823e-01
6.934270703694829230e-01
6.931466509485562089e-01
6.925974866418799225e-01
6.919153079835880238e-01
6.912198422886876026e-01
6.906147620754988781e-01
6.901875581331149423e-01
6.899985258516164732e-01
6.901628265042528687e-01
6.906543302846590571e-01
6.915392111398339647e-01
6.928384190306863255e-01
6.945698340944582716e-01
6.966746709440766461e-01
6.992674389273026980e-01
7.022536785158847161e-01
7.056311845523284276e-01
7.093784394821580630e-01
7.134687164518462854e-01
7.178715874494541183e-01
7.225537194328010004e-01
7.274794795599597297e-01
7.326114241232246638e-01
7.379106872948143492e-01
7.433372734837631057e-01
7.488502531792077255e-01
7.544078598608481290e-01
7.599674832086171783e-01
7.654855508022322397e-01
7.709172863430665545e-01
7.762163266813778550e-01
7.813341719594589785e-01
7.862194320685971238e-01
7.908168170212207526e-01
7.950657967499357159e-01
7.988988242343127988e-01
8.022389700954347669e-01
8.049967497122810789e-01
8.070658241479143902e-01
8.083171050547883763e-01
8.085905574579329569e-01
8.076835901845595966e-01
8.053338894120478653e-01
8.011734051316274918e-01
7.948453782324852446e-01
7.855915088122732426e-01
7.725963702902483021e-01
7.546242542640193562e-01
7.299133153720935852e-01
6.959315810357169507e-01
6.490709908098551972e-01
5.843939193173882662e-01
4.959140329436476091e-01
3.788628751406646900e-01
2.369497523973944642e-01
9.593788730539157261e-02
8.516417132333106363e-03
1.877897604881096846e-02
1.137603724779699815e-01
2.414627467649187731e-01
3.614099007814423614e-01
4.585086930824245899e-01
5.322849137712429846e-01
5.869664445997071489e-01
6.271546272163119884e-01
6.565947083015072350e-01
6.780692927256355418e-01
6.935839426757877124e-01
7.045736638944087860e-01
7.120026838856181595e-01
7.169936505236961244e-01
7.196330340289555094e-01
7.205799982108758162e-01
7.201512701865248056e-01
7.186085903681903586e-01
7.161658866994096151e-01
7.130022920525141972e-01
7.092727576125875677e-01
7.051167400864727375e-01
7.006658644180813189e-01
6.960514834255302485e-01
6.914131851129408091e-01
6.869096779232393146e-01
6.827343147309501425e-01
6.791392338421078367e-01
6.764757114823403139e-01
6.752663285199123067e-01
6.763435667352828418e-01
6.811379426230005363e-01
6.922943043929824514e-01
7.156773582559986524e-01
7.648074445505267382e-01
8.672303113320181112e-01
3.939449115882909802e-01
1.167826009797620079e-01
2.812060243420266836e-01
3.445535911483937896e-01
3.716367249758962266e-01
3.828100842136791804e-01
3.855385383306178526e-01
3.830924355702516326e-01
3.770823590970507344e-01
3.683513158660907671e-01
3.573463128886760209e-01
3.442833842870483552e-01
3.292547706513320183e-01
3.121978352241409627e-01
2.930381412257168638e-01
2.716197935071211766e-01
2.477587788531166735e-01
2.212696475760841386e-01
1.920172672447061635e-01
1.600104743520746331e-01
1.255702290101222696e-01
8.962351245276022060e-02
5.419228387289583282e-02
2.313618964583199697e-02
3.083874756075962592e-03
4.077919069466927164e-03
3.863589368924907896e-02
1.173189935333787404e-01
2.408069704867087102e-01
3.942380857314299325e-01
5.519342925669392663e-01
6.905234943359312982e-01
7.982793466136209881e-01
8.747458724304928435e-01
9.254120292056526864e-01
9.571214931353859701e-01
9.758332358137005169e-01
9.860283292629812291e-01
9.908383954741956101e-01
9.923675213461583544e-01
9.919977934405334041e-01
9.906233300279085885e-01
9.888145039919770118e-01
9.869285695999319152e-01
9.851827936788252194e-01
9.837024423175092513e-01
9.825522233016449336e-01
9.817569019896569271e-01
9.813147300961256869e-01
9.812051743616048149e-01
9.813580868010466363e-01
9.818752568201003506e-01
9.825774720903047710e-01
9.834549210528389374e-01
9.844683721688585187e-01
9.855709075942774566e-01
9.867147888179388371e-01
9.878519593447202540e-01
9.889347331047978473e-01
9.899215531311678085e-01
9.905803132615603745e-01
9.912683471264416291e-01
9.915910459754762041e-01
9.915510431244669576e-01
9.910466917406587362e-01
9.898885264817548491e-01
9.875620230866307692e-01
9.814563554367042864e-01
9.191568713485217534e-01
9.309917841620953816e-01
9.675043479389493495e-01
9.662830991373286826e-01
9.602121776887535542e-01
9.512955862555533271e-01
9.397344346707022789e-01
9.247232394779552056e-01
9.053677005315775572e-01
8.801670856703004420e-01
8.468206779276787888e-01
8.017373261996164624e-01
7.392023755089875969e-01
6.501286229349725332e-01
5.210901226794983909e-01
3.388767828259096060e-01
1.226934268660942601e-01
7.085624406233954897e-03
1.680959959848801755e-01
4.767214084856792877e-01
7.169574930372633048e-01
8.566421342726586730e-01
9.310675729890415253e-01
9.691470119211204048e-01
9.871537637465557236e-01
9.937825228842582792e-01
9.938893956950807240e-01
9.905735355190414815e-01
9.865999267025843400e-01
9.868342169087467308e-01
1.014113923177150545e+00
6.347634877640815354e-01
