9.884802648511961110e-01
9.885717295119474946e-01
9.888193983041551061e-01
9.892313693734013924e-01
9.898190005359698285e-01
9.905952509196497280e-01
9.915715164487154398e-01
9.927515980005594542e-01
9.941195064087107180e-01
9.956082800588804682e-01
9.968069063195823531e-01
9.988868247696658376e-01
9.993760605618805526e-01
9.981459627494536635e-01
9.928799485189065965e-01
9.788100959295232828e-01
9.455618432074914814e-01
8.705345695670160255e-01
7.098655589168405555e-01
4.199450927114506960e-01
1.009858181802192195e-01
2.688649145628590337e-03
1.059970434238624998e-01
2.471642562545525723e-01
3.621520261704763155e-01
4.462165844901377909e-01
5.068400209588396210e-01
5.511121671061895988e-01
5.840514265903565816e-01
6.090111785844438685e-01
6.282295183956712048e-01
6.432253727749485117e-01
6.542999063511587554e-01
6.644458873027062618e-01
6.719658014485455633e-01
6.780029748069925644e-01
6.828596684884774559e-01
6.867670778198142756e-01
6.899049933092061826e-01
6.924152131861918136e-01
6.944110008389465793e-01
6.959838791775430078e-01
6.972085897266605548e-01
6.981467642378876848e-01
6.988496786614887268e-01
6.993603433361895716e-01
6.997151061324518029e-01
6.999448929417445564e-01
7.000761733619044191e-01
7.001317124075441267e-01
7.001311457958840911e-01
7.000913873332306192e-01
7.000268135757274912e-01
6.999489452438261150e-01
6.998641231235952498e-01
6.997553159561964442e-01
6.972110739717046757e-01
6.999237907721717056e-01
6.999092978495715656e-01
6.999694954142314796e-01
7.000869549040993345e-01
7.002618380829283007e-01
7.004969109805562200e-01
7.007953100702627447e-01
7.011599959643616264e-01
7.015935850638480575e-01
7.020982916312749067e-01
7.026759068607377756e-01
7.033277906183792449e-01
7.040548666911913278e-01
7.048576177690412115e-01
7.057360785002256831e-01
7.066898258492062546e-01
7.077179663704393775e-01
7.088191201773860195e-01
7.099914014494532744e-01
7.112323953356188833e-01
7.125391311117285076e-01
7.139080514452189608e-01
7.153349776401943805e-01
7.168150708073177668e-01
7.183427890921418868e-01
7.199118415412888439e-01
7.215151402084301058e-01
7.231447544925795334e-01
7.247918775832199456e-01
7.264468305770430678e-01
7.280991767596867170e-01
7.297381834617425733e-01
7.313546031374350553e-01
7.329495593099714101e-01
7.346297616432618804e-01
7.351992510057521191e-01
7.368539038128955054e-01
7.380702456748997609e-01
7.390832295122169437e-01
7.398592773413298351e-01
7.400653043022185074e-01
7.413499098780472751e-01
7.412110700943366215e-01
7.408751222898647404e-01
7.401655288451013393e-01
7.390013780872132232e-01
7.373050857993287410e-01
7.349902471607947518e-01
7.319537401099357465e-01
7.280269382722922566e-01
7.235035181993256792e-01
7.175104485812725530e-01
7.103098040353934550e-01
7.016264858085785594e-01
6.912049548736185489e-01
6.787499777555490166e-01
6.639151708336034075e-01
6.462949530417516630e-01
6.254186384681612587e-01
6.007488609375205568e-01
5.716888116649109230e-01
5.376058445152415155e-01
4.978831691111556546e-01
4.520160016985231843e-01
3.997703611348091268e-01
3.414000189468215929e-01
2.763400528663454425e-01
2.120429645616040970e-01
1.474378737060059730e-01
8.874370726506258800e-02
4.171935919876856858e-02
1.133534776213806529e-02
5.203511251832801431e-04
9.314494013099017949e-03
3.500778291896529393e-02
7.314416670067616644e-02
1.188100100906200607e-01
1.676432696922780241e-01
2.163335492688787387e-01
2.626881930660000530e-01
3.054560296501286354e-01
3.440742459719245971e-01
3.784327210293255694e-01
4.086913677474139361e-01
4.351531909262764675e-01
4.581826912597704582e-01
4.781567709722538417e-01
4.954370300346281897e-01
5.103548058610359872e-01
5.232010490559358962e-01
5.342027793398395064e-01
5.432856668634219455e-01
5.505130744259446596e-01
5.595449342027550843e-01
5.655521159313341428e-01
5.707206452020838761e-01
5.751609254842887653e-01
5.789718251413124017e-01
5.822433577469654509e-01
5.850563607398231447e-01
5.874831955935393424e-01
5.895887256950947952e-01
5.914312975458759780e-01
5.930636418584488423e-01
5.945336751689184185e-01
5.958852040427075059e-01
5.971585401028494111e-01
5.983910332276629607e-01
5.996175222415837114e-01
6.008706752785829552e-01
6.021810840803006881e-01
6.035763829071544295e-01
6.050722820429306203e-01
6.065148508063707977e-01
6.087211070289620940e-01
6.107461011501449377e-01
6.130394541914401252e-01
6.156214535906381347e-01
6.185391760681842044e-01
6.218670892691731122e-01
6.257453287293874844e-01
6.305294311763833814e-01
6.376401324370349899e-01
4.695468909575882810e-01
6.320769717218875927e-01
6.413429663862759700e-01
6.483739070275186256e-01
6.552360192174548903e-01
6.623638647297125370e-01
6.699227139072815307e-01
6.780031890396047700e-01
6.866700591923569075e-01
6.959790400396478338e-01
7.059842805056788517e-01
7.167427466652578349e-01
7.283176268724312896e-01
7.407816248416273508e-01
7.542205199534679494e-01
7.687370576748173701e-01
7.844547791396641045e-01
8.015204061653100620e-01
8.201009823140559263e-01
8.403658491055860935e-01
