1.911645453856506138e-01
2.133295586432310542e-01
2.335856927861638677e-01
2.522242406519952240e-01
2.695019647794035245e-01
2.856322205608103904e-01
3.007864125345243722e-01
3.150996957160024370e-01
3.286778797548658981e-01
3.416041025148867649e-01
3.539446720718111838e-01
3.657538960450031906e-01
3.770779251035686341e-01
3.879577699322164230e-01
3.984320655705323455e-01
4.085239846675032260e-01
4.182961845032986958e-01
4.277649226270507921e-01
4.369702064716739498e-01
4.459491054954596856e-01
4.547389290462860445e-01
4.633772406054547655e-01
4.719016341345148025e-01
4.803494350619078590e-01
4.887573680819761734e-01
4.971612133171902648e-01
5.055954647026963400e-01
5.140929999634884506e-01
5.226847684340231170e-01
5.313995006928718956e-01
5.402634423290434418e-01
5.493001129898549273e-01
5.585300910893932214e-01
5.679708241057157547e-01
5.776364642048974485e-01
5.875377289454776220e-01
5.976817869933522820e-01
6.080721690709015581e-01
6.187087047385072536e-01
6.295874860221933877e-01
6.407008593244687411e-01
6.520374474494544659e-01
6.635822039057823751e-01
6.753165018870281866e-01
6.872182604401821937e-01
6.992621102927222276e-01
7.114196015990533750e-01
7.236594554854897110e-01
7.359478607365080860e-01
7.482488163337746023e-01
7.605245199658516864e-01
7.727358023651963448e-01
7.848426080474593114e-01
7.968045262976954923e-01
8.085813862137324337e-01
8.201339586543415772e-01
8.314248987062933249e-01
8.424203926040950696e-01
8.530945137813393808e-01
8.634492983778968567e-01
8.737855425297342826e-01
8.819366915219493119e-01
8.913140369234264782e-01
8.999193957716664638e-01
9.079970414172139348e-01
9.155678482336017110e-01
9.226351354123289994e-01
9.292004210408366660e-01
9.352680008603945216e-01
9.408450209382785978e-01
9.459416725998249786e-01
9.505709873693926060e-01
9.547485448982497847e-01
9.584923361085962989e-01
9.618237723675437945e-01
9.647798916006183889e-01
9.670619467795669166e-01
9.694071452675884215e-01
9.712633067067710790e-01
9.727795458722878763e-01
9.739784385994747495e-01
9.748827348636426304e-01
9.755653355641951130e-01
9.745021522653180002e-01
9.752219723798423168e-01
9.748195929245698776e-01
9.739685304704920332e-01
9.726548526272801309e-01
9.708210654996956013e-01
9.683852088744993036e-01
9.652411064147027320e-01
9.612553153030808373e-01
9.562627583243620277e-01
9.500614277829018128e-01
9.424062612726724630e-01
9.330022370888365613e-01
9.214966970406366364e-01
9.074706474052545158e-01
8.904275616783675629e-01
8.697727230576107749e-01
8.447477913144986195e-01
8.140682788155131355e-01
7.698343927268503917e-01
7.519931701200904817e-01
6.997391644670000188e-01
6.449635518538427981e-01
5.842846372505476893e-01
5.178304130235448222e-01
4.466862852549969287e-01
3.727147187352241597e-01
2.984629412390298331e-01
2.269650064146780943e-01
1.614158582005273124e-01
1.047681225498781482e-01
5.934882979599475500e-02
2.659900811809265408e-02
6.999513712727506963e-03
1.829289736783302990e-04
5.177975952122980743e-03
2.071630940805109511e-02
4.552751857776401317e-02
7.864541429984538146e-02
1.196932433414073377e-01
1.693076137860382024e-01
2.299289125520372623e-01
3.076529428151464907e-01
4.171906225151151837e-01
5.952837978561751342e-01
8.805650843326604527e-01
4.397311023450663492e-01
5.065252120132931329e-02
3.317421251752609990e-02
1.058032562728078441e-01
1.674912828907899887e-01
2.188792333462106776e-01
2.630222299848580247e-01
3.020711641278474024e-01
3.374088247771077076e-01
3.699375566215232780e-01
4.002660057589334519e-01
4.288188546004841339e-01
4.559046136345974998e-01
4.817243051953560284e-01
5.064763636842942729e-01
5.302679230547713285e-01
5.531930071765619461e-01
5.753190007010381413e-01
5.966922334544020323e-01
6.173379721165400680e-01
6.370637847299285283e-01
6.565561470349430273e-01
6.750948979411784956e-01
6.929012608046022370e-01
7.099486537119360507e-01
7.261973038051962037e-01
7.415963108101740753e-01
7.560813457764683498e-01
7.695686411328693799e-01
7.819382372342946752e-01
7.929749132556651592e-01
8.020412352940611278e-01
8.015435784087838744e-01
8.264281697998520082e-01
8.295638809773312472e-01
8.328574624039936092e-01
8.344030452756987515e-01
8.335232188455014013e-01
8.295445698026301384e-01
8.215585750699555545e-01
8.082141958288133754e-01
7.874037587093714041e-01
7.557315862514007998e-01
7.076220300925367690e-01
6.340034104935348136e-01
5.213921569402257816e-01
3.566414546692176502e-01
1.546569477441792628e-01
1.174232430236823825e-02
4.614606925811880200e-02
2.110877778577974484e-01
3.827684705101505047e-01
5.115608660706174593e-01
5.993887946142690826e-01
6.585814851609542719e-01
6.993069246443516240e-01
7.283965882884350096e-01
7.503319974545035187e-01
7.682263313443504771e-01
7.846800399049757013e-01
8.024300522951072212e-01
8.263391833141081610e-01
8.703271787747361987e-01
1.018439458916340579e+00
3.262839074106329562e-01
5.949712065043567533e-01
6.836626331435173842e-01
7.133899941343262441e-01
7.287762797263848125e-01
7.377876110893764050e-01
7.429594057749898672e-01
