1.063081752803007429e+00
1.050919568786686131e+00
1.036215784198248446e+00
1.019753258941098917e+00
1.002239333159727686e+00
9.842975802053864909e-01
9.664646274819788108e-01
9.491910524782631864e-01
9.328454344774796958e-01
9.177207518693384358e-01
9.040424550332702980e-01
8.919777199039367055e-01
8.816456245238277756e-01
8.731283739485292683e-01
8.664844769340873665e-01
8.617667533792437995e-01
8.590542124785864875e-01
8.585309089259782755e-01
8.607730637701427323e-01
8.685563383388894554e-01
6.795850826751831386e-01
8.529360884076180316e-01
8.662409951118357210e-01
8.771136731532424013e-01
8.886679473251662964e-01
9.015414204099921891e-01
9.159195711023128128e-01
9.317827294067081434e-01
9.488795660090152406e-01
9.665533130239937210e-01
9.833619388284683405e-01
9.963222935903930377e-01
9.994724053923367268e-01
9.813986760539894494e-01
9.221736579452517457e-01
7.943375349097268057e-01
5.819658216913858872e-01
3.233276505508079213e-01
1.129643446499819515e-01
1.267502396443374521e-02
5.976445901449557729e-03
4.837706857527549614e-02
1.079113826764000611e-01
1.690541789189962396e-01
2.258976206922007901e-01
2.768962484462791918e-01
3.222178446149582820e-01
3.625935680541377271e-01
3.988590281099528845e-01
4.317881214876104212e-01
4.620450904171139461e-01
4.901816346724204854e-01
5.166491844593525951e-01
5.418145259394612223e-01
5.659744407669362598e-01
5.893680487928107947e-01
6.121867175001987071e-01
6.345818099583133698e-01
6.566706430850705045e-01
6.785410120971214765e-01
7.002545845395700130e-01
7.218494093711587123e-01
7.433417339096975995e-01
7.647272760939327618e-01
7.859820599555857878e-01
8.070628852134785758e-01
8.279074631066343226e-01
8.484342040691936759e-01
8.685415801150807580e-01
8.881068926405618624e-01
9.069841328548353676e-01
9.250003888995732559e-01
9.419498609060616978e-01
9.575838596024121019e-01
9.715939221793457037e-01
9.835828379771462959e-01
9.930137669669161227e-01
9.991181158489643721e-01
1.000722135521632916e+00
9.959045939108099876e-01
9.812819463281473586e-01
9.504211422667364628e-01
8.901213777285148510e-01
7.717824477404039429e-01
5.383207339456914653e-01
1.635008139429512120e-01
2.378629658353887191e-02
3.614752076171447448e-01
6.665346574659586354e-01
8.286638533191290623e-01
9.091186492801373031e-01
9.434451162046182393e-01
6.838764369188354841e-01
1.020000563502865498e+00
1.012401149019109825e+00
1.007839189712929739e+00
1.001904151215867733e+00
9.944248480525008649e-01
9.856792719736787722e-01
9.759715129264304734e-01
9.655668565368006329e-01
9.546876270378352736e-01
9.435197152676104704e-01
9.322196845065613413e-01
9.209205875886808945e-01
9.097364570280633833e-01
8.987657741681549517e-01
8.880942197713930231e-01
8.777969405441913286e-01
8.679405032280456123e-01
8.585846633978372333e-01
8.497840495035497987e-01
8.415898513312849438e-01
8.340516043460465268e-01
8.272191777028438109e-01
8.211451070047836032e-01
8.158874694309485864e-01
8.115135894397460525e-01
8.081050040192552242e-01
8.057643255394824067e-01
8.046249119273428674e-01
8.048644241668421184e-01
8.067224095795940686e-01
8.105141322014061123e-01
8.165765960599719042e-01
8.244894453733466744e-01
7.426278089774478453e-01
8.778849488532881606e-01
9.080838173461026619e-01
9.158476292047896816e-01
3.634689289047223770e-01
1.444501917785218914e-01
4.124477051287858131e-01
5.291208944293288585e-01
5.893839183064119025e-01
6.266831789381939188e-01
6.530099198649883530e-01
6.735194519487051057e-01
6.907637998980244998e-01
7.061480807944002791e-01
7.205131915159614930e-01
7.343978252896007364e-01
7.481673603718973498e-01
7.620816830859289404e-01
7.763324894087508810e-01
7.910639941157545652e-01
8.063836634351267962e-01
8.223660267344402586e-01
8.390506265485201398e-01
8.564337609339478519e-01
8.744523315005612307e-01
8.929564415983056724e-01
9.116649763164581532e-01
9.300947109470690810e-01
9.474478926193128370e-01
9.624352355349912180e-01
9.730017492874956098e-01
9.759180746060194256e-01
9.662232799064469635e-01
9.366240241169055958e-01
8.773236452411121711e-01
7.775724907677213915e-01
6.311785450402250808e-01
4.468028710835507122e-01
2.558459278929778868e-01
1.027007655647277917e-01
1.791322183568298115e-02
2.288292933046881441e-03
3.633817960243854867e-02
9.738683745265992731e-02
1.684342127275078871e-01
2.389857487078555776e-01
3.028623859761947479e-01
3.556748687954640054e-01
3.921836397110136652e-01
4.017760022651559737e-01
3.560719543923784314e-01
2.650889504927341767e-01
1.048407782947139433e+00
1.008326973759497314e+00
9.638404475413244743e-01
9.485573855791495923e-01
9.455750792795480919e-01
9.471243030580064337e-01
9.497604556615748539e-01
9.518790706430746429e-01
9.527455883775725054e-01
9.520853516515238590e-01
9.498914617990268372e-01
9.463245598076804876e-01
9.416540848130114938e-01
9.362190714730482810e-01
9.303981975508694990e-01
9.245838023125263483e-01
9.191566741225303261e-01
9.144588983750294719e-01
9.107612396790601972e-01
9.082188027736896041e-01
9.068018811045661653e-01
9.061713494282317427e-01
