9.727006882731793480e-01
9.766570772931711941e-01
9.826331392938615350e-01
9.899771678281084064e-01
9.900844847403749149e-01
8.984082971866034217e-01
1.203485752462194053e-01
3.238711010761019526e-01
6.015717920748010483e-01
7.026925763801052938e-01
7.492483850361545406e-01
7.743526196892221991e-01
7.891808623560524483e-01
7.983864059618950293e-01
8.042176690273353801e-01
8.078845592112459117e-01
8.100930643172854495e-01
8.112819598754938966e-01
8.117381154238226815e-01
8.116570753661898063e-01
8.111769012934131329e-01
8.103980653940414669e-01
8.093956709916189096e-01
8.082273024808421802e-01
8.069385416303853642e-01
8.055697499886521618e-01
8.039542740642264818e-01
8.026321302037739969e-01
8.011543103323672810e-01
7.996736490738878267e-01
7.982072865792275707e-01
7.967678090269637581e-01
7.953657129002450477e-01
7.940100133838311480e-01
7.927085529839847933e-01
7.914682158544582569e-01
7.902951162692466447e-01
7.891948757333465680e-01
7.881738962520800085e-01
7.871161239898877282e-01
7.863594366981917494e-01
7.855916230921681231e-01
7.849125406619755774e-01
7.843260085348082722e-01
7.838343859924679080e-01
7.834395197916541598e-01
7.831428991079045776e-01
7.829457014435390327e-01
7.828488049679158678e-01
7.828527677194040413e-01
7.829576997917390146e-01
7.831623604295376850e-01
7.833865911657881265e-01
7.838944057288723677e-01
7.844017751683928230e-01
7.850112582220344359e-01
7.857199447435389006e-01
7.865261122670267335e-01
7.874279848435504769e-01
7.884235513358858194e-01
7.895105065066505556e-01
7.906862161441545744e-01
7.919476867032644307e-01
7.932915339822311784e-01
7.947139488928713913e-01
7.962106597936798869e-01
7.977768925357241470e-01
7.994073345346646153e-01
8.010961326290201301e-01
8.028371146209783982e-01
8.046271771262849537e-01
8.064226806016691063e-01
8.082765923214810799e-01
8.101386382309021528e-01
8.120033170253498911e-01
8.138578226409217686e-01
8.156870815121312068e-01
8.174738099292863103e-01
8.191982139853102307e-01
8.208375765472761820e-01
8.223658123372914464e-01
8.237532517215852002e-01
8.249682104602480415e-01
8.259972248013446317e-01
8.262765837950910575e-01
8.268753171119392897e-01
8.262657665916022243e-01
8.263027501052248036e-01
8.250828772555841573e-01
8.230646834716287552e-01
8.200445299015129974e-01
8.157693722920327239e-01
8.084904707359170661e-01
8.013156703000026138e-01
7.902230939513434915e-01
7.750323167891984832e-01
7.541036074578413295e-01
7.248453270017406469e-01
6.831029733189437625e-01
6.221156967121332926e-01
5.311156517522575005e-01
3.954637831807706894e-01
2.093522642618456109e-01
3.246192176461508427e-02
3.958208513026138797e-02
2.720081217628175230e-01
5.262915593550183679e-01
6.981761947244283784e-01
8.001857896055700747e-01
8.603841736176729427e-01
8.970328516193462054e-01
9.201943370521714627e-01
9.353304249411563687e-01
9.454830587538621822e-01
9.524090936479171488e-01
9.571616193463232669e-01
9.603943894068280862e-01
9.625266040138491519e-01
9.638352946119606024e-01
9.645089170511798038e-01
9.646794816837491737e-01
9.644425420077182842e-01
9.638707263886064913e-01
9.630297387860758951e-01
9.614516824445370480e-01
9.605316798349526897e-01
9.590450399119442304e-01
9.574683734423031778e-01
9.557121951238132240e-01
9.538666850635144634e-01
9.519513927841999346e-01
9.499908424172990307e-01
9.480108391430482895e-01
9.460384953833568256e-01
9.441025539240461839e-01
9.422337658356163548e-01
9.404652939037952963e-01
9.388331165607866069e-01
9.373763126834342430e-01
9.361366662807494299e-01
9.351545278325743560e-01
9.344351288872767558e-01
9.329951672194116696e-01
9.353068187593598370e-01
9.364157861182288434e-01
9.400951144215237143e-01
9.272029701506728783e-01
9.379075686048852223e-01
9.424762631637756405e-01
9.473993932302827714e-01
9.531772089722121422e-01
9.598922050887649382e-01
9.673478025914824530e-01
9.748269125802113688e-01
9.801485658590409766e-01
9.802173579247922541e-01
9.632670808827931141e-01
9.056381211073472048e-01
7.605083163423732584e-01
4.824812491231969536e-01
1.595956521834225039e-01
5.660717727912894896e-03
3.392647146210502757e-02
1.255163563200275556e-01
2.160911608129187922e-01
2.899844621263497069e-01
3.474794417199542074e-01
3.920060937787323008e-01
4.268153445440027172e-01
4.544053736674726340e-01
4.765937007642106482e-01
4.946738355305757007e-01
5.095572284240563743e-01
5.223270971410064467e-01
5.329943486028030364e-01
5.421766958271978520e-01
5.501836050358839270e-01
5.572614902658058478e-01
5.636101835659291792e-01
5.693955431578349158e-01
5.747592046108254138e-01
5.798263814696160701e-01
5.847124890853007129e-01
5.895292577959497793e-01
5.943909825924066359e-01
5.994216515488132169e-01
6.047639511826606862e-01
6.105916650181859584e-01
6.171279756543461836e-01
6.246741047144011016e-01
6.336565807574745524e-01
6.447095377513265557e-01
6.588265418470596879e-01
6.776594890474785249e-01
7.041507931614031657e-01
7.439604135030146725e-01
8.085571215236319054e-01
9.128480633458065929e-01
8.032598209643804221e-01
1.778984810186825562e-03
