9.981422147381079357e-01
9.981424349533154494e-01
9.981431887785761070e-01
9.981444767056409928e-01
9.981462989226960181e-01
9.981486553132284945e-01
9.981515454548839372e-01
9.981549686186548254e-01
9.981589237680930093e-01
9.981634095587170741e-01
9.981684243375963383e-01
9.981739661430296673e-01
9.981800327043649501e-01
9.981866214421188932e-01
9.981937294679744666e-01
9.982013535852041208e-01
9.982094902891758270e-01
9.982181357677810674e-01
9.982272859024683420e-01
9.982369362689863523e-01
9.982470821385485138e-01
9.982577184791154856e-01
9.982688399567855031e-01
9.982804409373057242e-01
9.982925154878893315e-01
9.983050573790571702e-01
9.983180600867608279e-01
9.983315167944726287e-01
9.983454203956325657e-01
9.983597634961869360e-01
9.983745384173088322e-01
9.983897371980278157e-01
9.984053515985534810e-01
9.984213731031900130e-01
9.984377929238289484e-01
9.984546020032269986e-01
9.984717910188203316e-01
9.984893503863651043e-01
9.985072702639564701e-01
9.985255405560349296e-01
9.985441509176953279e-01
9.985630907589891914e-01
9.985823492494556586e-01
9.986019153228953282e-01
9.986217776819994452e-01
9.986419248034160701e-01
9.986623449428203569e-01
9.986830261401515862e-01
9.987039562248872793e-01
9.987251228216946775e-01
9.987465133558154351e-01
9.987681150590799195e-01
9.987899149755948836e-01
9.988118999678423648e-01
9.988340567227129707e-01
9.988563717578151646e-01
9.988788314278145286e-01
9.989014219308606224e-01
9.989241293152121282e-01
9.989469394859038509e-01
9.989698382114966524e-01
9.989928111310329983e-01
9.990158437609548692e-01
9.990389215022688063e-01
9.990620296475869466e-01
9.990851533885273250e-01
9.991082778229724015e-01
9.991313879625530747e-01
9.991544687400636393e-01
9.991775050171574080e-01
9.992004815919680594e-01
9.992233832067187738e-01
9.992461945556153635e-01
9.992689002926613551e-01
9.992914850395500093e-01
9.993139333936479352e-01
9.993362299358194978e-01
9.993583592387257353e-01
9.993803058747455781e-01
9.994020544240468373e-01
9.994235894828163991e-01
9.994448956714514498e-01
9.994659576427009640e-01
9.994867600898167392e-01
9.995072877548816237e-01
9.995275254369926365e-01
9.995474580004811704e-01
9.995670703832164605e-01
9.995863476047118779e-01
9.996052747745227673e-01
9.996238371002260648e-01
9.996420198958333447e-01
9.996598085898371622e-01
9.996771887332946971e-01
9.996941460080708275e-01
9.997106662348598238e-01
9.997267353810758150e-01
9.997423395690028247e-01
9.997574650836658083e-01
9.997720983806195338e-01
9.997862260938927825e-01
9.997998350435494119e-01
9.998129122435341909e-01
9.998254449091157348e-01
9.998374204645580354e-01
9.998488265503207018e-01
9.998596510306110297e-01
9.998698820005414989e-01
9.998795077931877939e-01
9.998885169867591793e-01
9.998968984114851022e-01
9.999046411563098369e-01
9.999117345758147257e-01
9.999181682965772033e-01
9.999239322237185590e-01
9.999290165472536351e-01
9.999334117482198137e-01
9.999371086046534574e-01
9.999400981976660496e-01
9.999423719170205116e-01
9.999439214668106590e-01
9.999447388708992968e-01
9.999448164781538084e-01
9.999441469676443317e-01
9.999427233534611270e-01
9.999405389895837937e-01
9.999375875744744846e-01
9.999338631554356427e-01
9.999293601328366199e-01
9.999240732641800911e-01
9.999179976679051229e-01
9.999111288269729725e-01
9.999034625924805297e-01
9.998949951866665797e-01
9.998857232059540356e-01
9.998756436238914747e-01
9.998647537934672869e-01
9.998530514496888344e-01
9.998405347114800445e-01
9.998272020836244112e-01
9.998130524584237788e-01
9.997980851169504524e-01
9.997822997302309167e-01
9.997656963601257996e-01
9.997482754598245869e-01
9.997300378742968174e-01
9.997109848402221388e-01
9.996911179858751773e-01
9.996704393305855252e-01
9.996489512839680236e-01
9.996266566448819280e-01
9.996035586000772133e-01
9.995796607225304609e-01
9.995549669696740525e-01
9.995294816810222915e-01
9.995032095757421242e-01
9.994761557499384219e-01
9.994483256734713050e-01
9.994197251867116272e-01
9.993903604968288334e-01
9.993602381738476703e-01
9.993293651464509875e-01
9.992977486975002099e-01
9.992653964592277394e-01
9.992323164081426956e-01
9.991985168597090627e-01
9.991640064626312601e-01
9.991287941931189520e-01
9.990928893484135598e-01
9.990563015405158342e-01
9.990190406892361930e-01
9.989811170152054220e-01
9.989425410324481724e-01
9.989033235406240552e-01
9.988634756170661211e-01
9.988230086083822457e-01
9.987819341217410996e-01
9.987402640158032918e-01
9.986980103912554974e-01
9.986551855809362443e-01
9.986118021396429567e-01
9.985678728333359233e-01
9.985234106279687882e-01
9.984784286778309870e-01
9.984329403133705982e-01
9.983869590283854789e-01
9.983404984668172721e-01
9.982935724086530183e-01
9.982461947555071324e-01
9.981983795152364891e-01
9.981501407860886577e-01
9.981014927399579628e-01
9.980524496048672756e-01
9.980030256467835592e-01
9.979532351504118992e-01
9.979030923992865398e-01
9.978526116548304126e-01
9.978018071346641538e-01
9.977506929896945431e-01
9.976992832806236278e-01
