9.617601285498316166e-01
9.615910803128727702e-01
9.618712181295462349e-01
9.627586510592375246e-01
9.644740480373642511e-01
9.673299356966218454e-01
9.717711736533868327e-01
9.784089745630820678e-01
9.879071545430502255e-01
9.997256545155421836e-01
1.001163077367102527e+00
8.410219014786460834e-01
3.533833040459988771e-03
3.954865053072165182e-01
6.104780533267426534e-01
6.955530567182994783e-01
7.371700127282821979e-01
7.604078452636717778e-01
7.743926307771218376e-01
7.831313649323135007e-01
7.886359579233853667e-01
7.920205358628213954e-01
7.939479419524936299e-01
7.948248261706170048e-01
7.944520561316470442e-01
7.947566764778822845e-01
7.938971077641362450e-01
7.927566962891177127e-01
7.913848768274863721e-01
7.898351974990777125e-01
7.881515762140823833e-01
7.863692944214201175e-01
7.845167760044039484e-01
7.826170700533123803e-01
7.806889847042228769e-01
7.787479415658730142e-01
7.768066208221352520e-01
7.748754513015907452e-01
7.729629851967870779e-01
7.710761860585991778e-01
7.692206507500569668e-01
7.674007804383231601e-01
7.656199118140606386e-01
7.638804171860442693e-01
7.621837808910532086e-01
7.605306603167144575e-01
7.589209458447763179e-01
7.573538580861334246e-01
7.558282294158659154e-01
7.543438140332243691e-01
7.529143760972238919e-01
7.513443399388474164e-01
7.500075051596207798e-01
7.486282535799702043e-01
7.472510730774418741e-01
7.458705904000958453e-01
7.444766013752424083e-01
7.430563292459941849e-01
7.415945841233358982e-01
7.400735262924689195e-01
7.384722638484535473e-01
7.367663193702063129e-01
7.349269545327037356e-01
7.329203225379347098e-01
7.307064040636782609e-01
7.282376681560603915e-01
7.254573859484745313e-01
7.222975227140789878e-01
7.186761907238875535e-01
7.144950045219237156e-01
7.096389778401164250e-01
7.040059050681405362e-01
6.950640148191895573e-01
6.887483267676989263e-01
6.791442985673853405e-01
6.674457950528907002e-01
6.531420890725658790e-01
6.354990720156714623e-01
6.135092575001098725e-01
5.857832743400346320e-01
5.503939161553509374e-01
5.046795123830069008e-01
4.450768949728177715e-01
3.672926488518135635e-01
2.678812495139087368e-01
1.502353835419976691e-01
4.003625203653330550e-02
2.948068150001442993e-03
1.083784555583352516e-01
3.255624184457631687e-01
5.457264500356981962e-01
7.080563844430792786e-01
8.125302215180594256e-01
8.769655505061896283e-01
9.166726012588694017e-01
9.415202327107965452e-01
9.573856832604373812e-01
9.677181694562153602e-01
9.745596427992190280e-01
9.791388727266329139e-01
9.822080865034343855e-01
9.842345397121227135e-01
9.855113294483347497e-01
9.862228372204786542e-01
9.864842031916339904e-01
9.863654902746685771e-01
9.859054558200383012e-01
9.849288265967878209e-01
9.840773528701531880e-01
9.826854172738406223e-01
9.809844711300296227e-01
9.789621868488486145e-01
9.766064035862768167e-01
9.739040960221135856e-01
9.708418328825410004e-01
9.674062551496132034e-01
9.635844703829138380e-01
9.593643858100928679e-01
9.547350614702514449e-01
9.496874118640498130e-01
9.442165955775382313e-01
9.381991319604325863e-01
9.319004799302621489e-01
9.250983749439971593e-01
9.178390416964793408e-01
9.101231248328215395e-01
9.019498348687472467e-01
8.933188678304168073e-01
8.842306066753934379e-01
8.746860371434704851e-01
8.646865708132761563e-01
8.542338156974785823e-01
8.433293030462805095e-01
8.319741683504126017e-01
8.201687765501539662e-01
8.079122683715901365e-01
7.952019736248450155e-01
7.820325472558536939e-01
7.683943678409281830e-01
7.542693122370334180e-01
7.396125477492144773e-01
7.241723941364917039e-01
7.052893833558235848e-01
6.930421641045731995e-01
6.762902650598052734e-01
6.588644585643377294e-01
6.406943358072209049e-01
6.212161884883766749e-01
6.025244913731414576e-01
5.817179158687807439e-01
5.598783771886013394e-01
5.367723973126433679e-01
5.121697743702774419e-01
4.857906706552085896e-01
4.572809123871030557e-01
4.261839627403093411e-01
3.919026962609566955e-01
3.536461608737817008e-01
3.103590815894838317e-01
2.606479024720271820e-01
2.027958404375656276e-01
1.353311857127444950e-01
6.047427571748939523e-02
2.771579984915340401e-03
9.830667463166178899e-02
6.388901987838138119e-01
9.697923386134343904e-01
8.141023804600606706e-01
6.165212498035763655e-01
4.584355361753626457e-01
3.325025730399357449e-01
2.359895192028245992e-01
1.609349604218743568e-01
1.147857890010455378e-01
1.061274441315276235e-01
1.659133980909776318e-01
3.617592461462059705e-01
6.422825179384937799e-01
8.057370673995519761e-01
8.734297324001876195e-01
9.036097327607873764e-01
9.184925553007765586e-01
9.252850684922536706e-01
9.270251624443562877e-01
9.254612740245869995e-01
9.217749680993518879e-01
9.168026227137812123e-01
9.111382258335658513e-01
9.052000614850770344e-01
8.992794264252342851e-01
8.935766756718225290e-01
8.882275405249954181e-01
8.833220649979736105e-01
8.789180817467301399e-01
8.750507298385218347e-01
8.717391412050365940e-01
8.689911175260055520e-01
8.668063867464098626e-01
8.651788580663195560e-01
8.640981725156849924e-01
