9.889308259585513072e-01
9.893806950718899706e-01
9.901926287048703479e-01
9.914561373035176706e-01
9.932321204677374560e-01
9.954796843430249176e-01
9.978448439216549559e-01
9.990115815081554995e-01
9.944963618767165281e-01
9.680631369681585996e-01
8.541527400406225823e-01
4.334230876336044869e-01
1.080082459712565545e-03
2.581619860171207592e-01
4.851273174504812657e-01
6.045758550897982753e-01
6.707144452359476983e-01
7.105070447146751844e-01
7.360380079479376114e-01
7.530803890860416905e-01
7.651629998733190385e-01
7.735034585068671920e-01
7.794387004198710667e-01
7.836382390477784066e-01
7.865590719049887491e-01
7.885215723477474459e-01
7.897802333136546560e-01
7.900963725589774667e-01
7.904594272033119706e-01
7.903042499553400990e-01
7.898510222708111650e-01
7.891670678852905629e-01
7.883012238229269997e-01
7.872922565077000723e-01
7.861718489714443203e-01
7.849663387081745602e-01
7.836979037996131270e-01
7.823854233888754006e-01
7.810451207935995566e-01
7.796910530006905260e-01
7.783354881456958640e-01
7.769891996573233817e-01
7.756616974909562590e-01
7.743614113120477205e-01
7.730958366145708194e-01
7.718716519964101686e-01
7.706948138067852838e-01
7.695706329040566951e-01
7.685038371615813269e-01
7.674986225315966193e-01
7.665586948484589547e-01
7.656873040752160131e-01
7.648872723323331124e-01
7.641610167756556216e-01
7.635105681960739910e-01
7.629375860990430525e-01
7.624433710069351555e-01
7.620288748755416064e-01
7.616947109912520775e-01
7.614411659527545728e-01
7.612682195929975082e-01
7.611755880035837585e-01
7.611628354755275438e-01
7.612297253323645485e-01
7.613776738359524510e-01
7.616202778912517513e-01
7.612845658953911743e-01
7.621429770492044176e-01
7.625862877002902440e-01
7.630741641671768827e-01
7.636145149344674143e-01
7.642048902734670524e-01
7.648404505709848200e-01
7.655151201046751508e-01
7.662218221952337149e-01
7.669524940169326621e-01
7.676980233265303655e-01
7.684481463595234096e-01
7.691913258122333730e-01
7.699146568071572050e-01
7.706042214615910213e-01
7.710907563875014636e-01
7.717988154264241452e-01
7.722737281047988844e-01
7.726301927332795971e-01
7.728404039700776940e-01
7.728710976925039500e-01
7.726826863775155818e-01
7.722261019769163237e-01
7.714292947224662411e-01
7.696709004206824245e-01
7.690537375396223618e-01
7.668443880057261852e-01
7.640754051758950061e-01
7.605571639420432017e-01
7.561194608075252344e-01
7.505611682926844885e-01
7.436322709044640433e-01
7.350160536499306119e-01
7.243059829227964652e-01
7.109741297157935458e-01
6.943276101370504660e-01
6.734488316004459962e-01
6.471154551229851837e-01
6.136994984221916249e-01
5.710590233193384435e-01
5.164790930714093786e-01
4.468362937764093767e-01
3.594424057384975058e-01
2.545476686593486915e-01
1.408401012496505733e-01
4.298765372853083355e-02
1.015629681222758422e-03
4.543803333630935110e-02
1.647678273521792913e-01
3.142361151755859172e-01
4.543967784096310525e-01
5.683458532221925541e-01
6.549683626964638572e-01
7.190822169062768277e-01
7.662475872729871407e-01
8.010660056201999168e-01
8.269511757655720885e-01
8.463342244077480814e-01
8.609257710097518723e-01
8.719313260468264382e-01
8.802074963249294504e-01
8.863700845231027303e-01
8.908676930231815838e-01
8.940317109656865657e-01
8.961102776870895070e-01
8.972904642825695332e-01
8.976902841215348428e-01
8.975278221097875431e-01
8.951800570901745635e-01
8.954462883959123376e-01
8.938868108470870988e-01
8.919270135385636289e-01
8.896461340927896977e-01
8.870891494839424629e-01
8.842923284062157441e-01
8.812872981071049328e-01
8.781021748129195226e-01
8.747610138529847701e-01
8.712768190886848174e-01
8.675253078835505338e-01
8.642901986393980440e-01
8.605413993908785919e-01
8.568109163887569490e-01
8.530700517182457920e-01
8.474002881409450350e-01
8.456408959960144411e-01
8.420913169418101640e-01
8.386096447386681696e-01
8.352522256295256131e-01
8.320650878837396736e-01
8.291127490580919579e-01
8.265180878784084140e-01
8.246306227001564126e-01
8.255502526515038353e-01
7.998547792806814938e-01
8.113004451911324244e-01
8.111075997761355572e-01
8.102810495507268840e-01
8.095456947170156514e-01
8.091081506020055825e-01
8.090747209047529642e-01
8.095252365470124722e-01
8.105342877070366159e-01
8.121782619910332679e-01
8.145132955563105792e-01
8.174114428947452105e-01
8.219786018923751492e-01
8.273007951963170514e-01
8.339339721236666003e-01
8.421301702748053009e-01
8.521958898567409957e-01
8.645058167927160975e-01
8.794913036370295423e-01
8.975550335284019354e-01
9.187360484414724970e-01
9.415036016282205544e-01
9.579251991406946276e-01
9.413917422496360654e-01
7.940375831336152768e-01
3.733645841525211062e-01
2.165999921640810941e-02
5.157910071155562964e-02
1.820878393529448414e-01
2.905588945145866631e-01
3.690214565713839101e-01
4.260338174810622824e-01
4.688416538772524067e-01
5.022072584090101488e-01
5.291872713547771667e-01
5.517982249248609694e-01
5.714346972009307635e-01
5.891228034625610732e-01
6.056798012948471088e-01
6.218240539895615315e-01
