9.886558773795743882e-01
9.897453088878461758e-01
9.906266737538516054e-01
9.913270945873084994e-01
9.918731306924502000e-01
9.922902419705367238e-01
9.926023785356300477e-01
9.928316808234166624e-01
9.929982755756434631e-01
9.931201538887075575e-01
9.932131184612379426e-01
9.932907882085851847e-01
9.933646494938552785e-01
9.934441443170375363e-01
9.935367868831799232e-01
9.936483010171548447e-01
9.937827718871414806e-01
9.939428064351616410e-01
9.941296977813330882e-01
9.943435896633751048e-01
9.945836376958062663e-01
9.948481648811156042e-01
9.951348093803029649e-01
9.954406630568973791e-01
9.957623997483674438e-01
9.960963925970577337e-01
9.964388200944295226e-01
9.967857607608286985e-01
9.971332766053101482e-01
9.974774856892243413e-01
9.978146242587699888e-01
9.981410990204032663e-01
9.984535302136701151e-01
9.987487861897410557e-01
9.990240102396473754e-01
9.992766404315996942e-01
9.995044232200124279e-01
9.997054215780758479e-01
9.998780183882098882e-01
1.000020915798235821e+00
1.000133131221196292e+00
1.000213990622526694e+00
1.000263119703642456e+00
1.000280433555460258e+00
1.000266125320817157e+00
1.000220654373877638e+00
1.000144734495259646e+00
1.000039322498473382e+00
9.999056077447417978e-01
9.997450029723202736e-01
9.995591368622689377e-01
9.993498487698838639e-01
9.991191860665311619e-01
9.988694045673933708e-01
9.986029725641438759e-01
9.983225790428551516e-01
9.980311467466485009e-01
9.977318508424378729e-01
9.974281440713443914e-01
9.971237893998882162e-01
9.968229013358559376e-01
9.965299972074336265e-01
9.962500597822909754e-01
9.959886125380211785e-01
9.957518085108724160e-01
9.955465326120030989e-01
9.953805149503383021e-01
9.952624477552241000e-01
9.952020883866066203e-01
9.952103104639052900e-01
9.952990235481919967e-01
9.954807960432544567e-01
9.957678353268112348e-01
9.961695886734784899e-01
9.966873664251908460e-01
9.973025550571287257e-01
9.979544688072315983e-01
9.983418167562611023e-01
9.981908676330100150e-01
9.959977937856492325e-01
9.878211895417680077e-01
9.599117603569784496e-01
8.528819514782568501e-01
4.017632944974313669e-01
6.111324081051683343e-02
5.034009061149278264e-01
7.072673028698980291e-01
7.938351877750059460e-01
8.376862048623183732e-01
8.630013504506387489e-01
8.789638062558241538e-01
8.896526638514146157e-01
8.971119629240599247e-01
9.024646576242171259e-01
9.063734726488559268e-01
9.092524777048855977e-01
9.113726660416182623e-01
9.129183395493934983e-01
9.140189608922085762e-01
9.147680154390243068e-01
9.152346376677494844e-01
9.154710289732528317e-01
9.155173340067001009e-01
9.154049310869493139e-01
9.151587036951306375e-01
9.147986396711543788e-01
9.143409749595973190e-01
9.137990184181303821e-01
9.131837377770145592e-01
9.125041251712954216e-01
9.117671881160167580e-01
9.109761995952281310e-01
9.100915129225164435e-01
9.093373946267377939e-01
9.084180830936420259e-01
9.074825477334838020e-01
9.065221509421060864e-01
9.055377570627944905e-01
9.045311032243841254e-01
9.035038954199018368e-01
9.024576280961934538e-01
9.013935405480055785e-01
9.003126073378421301e-01
8.992155373154415710e-01
8.981027735761103470e-01
8.969744917745560153e-01
8.958305958728024487e-01
8.946707109824670878e-01
8.934941731581893531e-01
8.923000160448920637e-01
8.910869542629579199e-01
8.898533633666709797e-01
8.885972561446661144e-01
8.873162549501073526e-01
8.860075596560215150e-01
8.846679107213595294e-01
8.832935467257351236e-01
8.818801555803159609e-01
8.804228184403221080e-01
8.789159451272590129e-01
8.773531996028757218e-01
8.757274137116358714e-01
8.740304870075751298e-01
8.722532699825992220e-01
8.703854273897392302e-01
8.684152775673895652e-01
8.663296026629324631e-01
8.641134233444014434e-01
8.617497298337776224e-01
8.592191586273637549e-01
8.564996004741075586e-01
8.535657183768604606e-01
8.503883388650326225e-01
8.469336312225034247e-01
8.431617673514000266e-01
8.390230606794681911e-01
8.344113930786488664e-01
8.294606722282217293e-01
8.239339878341749301e-01
8.177341252017751305e-01
8.107954010870730421e-01
8.029921092300723595e-01
7.941662541998046887e-01
7.840322381442107469e-01
7.726149321007854676e-01
7.596012886675801434e-01
7.444252481137912936e-01
7.267608680616024497e-01
7.060699286542776454e-01
6.816698397412831456e-01
6.527027570225121256e-01
6.181003519775144506e-01
5.765588164563467677e-01
5.265538023061678841e-01
4.664617165712203750e-01
3.949239732388645230e-01
3.116999922013761193e-01
2.193416132961172604e-01
1.257957640342659833e-01
4.682250896010523022e-02
4.612077270765380620e-03
1.841066285009629669e-02
9.086040691135574554e-02
2.041423737857312182e-01
3.317007294646677207e-01
4.525230475652497475e-01
5.561960619894248392e-01
6.404316012153221660e-01
7.070275609594166566e-01
7.591030375312294298e-01
7.997662855153804262e-01
8.316431882677148835e-01
8.567998088145724056e-01
8.768086978527108721e-01
8.928491315756774682e-01
9.058007000488648153e-01
9.163190975042200259e-01
9.248939290723855455e-01
9.318916346101606685e-01
9.375870373789713108e-01
