9.983656263307647549e-01
9.983666891927847065e-01
9.983629829824346436e-01
9.983555541777822118e-01
9.983453630576858417e-01
9.983332768389344691e-01
9.983200663444762313e-01
9.983064055652115520e-01
9.982928735437868184e-01
9.982799580745668200e-01
9.982680607767815406e-01
9.982575031575604552e-01
9.982485333372919101e-01
9.982413331613763097e-01
9.982360254685322953e-01
9.982326813289925660e-01
9.982313271026311829e-01
9.982319512003225981e-01
9.982345104616552334e-01
9.982389360853993754e-01
9.982451390721014395e-01
9.982530151549791064e-01
9.982624492104630320e-01
9.982733191518703419e-01
9.982854993195123816e-01
9.982988633876067608e-01
9.983132868145996319e-01
9.983286488669568248e-01
9.983448342499139372e-01
9.983617343795765375e-01
9.983792483316881183e-01
9.983972835019047087e-01
9.984157560125151987e-01
9.984345908976879347e-01
9.984537220993384699e-01
9.984730923024195404e-01
9.984926526376082245e-01
9.985123622758094175e-01
9.985321879378776799e-01
9.985521033398031543e-01
9.985720885920079670e-01
9.985921295687675281e-01
9.986122172621516579e-01
9.986323471327722689e-01
9.986525184674978073e-01
9.986727337534243576e-01
9.986929980750115510e-01
9.987133185403592739e-01
9.987337037411622154e-01
9.987541632500723798e-01
9.987747071574117896e-01
9.987953456495832771e-01
9.988160886291892471e-01
9.988369453775776119e-01
9.988579242591153484e-01
9.988790324664740261e-01
9.989002758055138820e-01
9.989216585181599495e-01
9.989431831415601648e-01
9.989648504012811348e-01
9.989866591364362503e-01
9.990086062545731060e-01
9.990306867137118685e-01
9.990528935294856749e-01
9.990752178046609089e-01
9.990976487792002647e-01
9.991201738980941549e-01
9.991427788951565692e-01
9.991654478904087311e-01
9.991881634992967331e-01
9.992109069515970887e-01
9.992336582182013149e-01
9.992563961443842180e-01
9.992790985876558452e-01
9.993017425588220926e-01
9.993243043649860935e-01
9.993467597529289703e-01
9.993690840523250518e-01
9.993912523170358497e-01
9.994132394638799433e-01
9.994350204081234867e-01
9.994565701947129011e-01
9.994778641244922435e-01
9.994988778748774561e-01
9.995195876145841485e-01
9.995399701115824653e-01
9.995600028340062559e-01
9.995796640437329961e-01
9.995989328819396835e-01
9.996177894468462055e-01
9.996362148627254696e-01
9.996541913407027691e-01
9.996717022304423272e-01
9.996887320628858875e-01
9.997052665840491237e-01
9.997212927793447390e-01
9.997367988884271472e-01
9.997517744108186388e-01
9.997662101017421588e-01
9.997800979582643910e-01
9.997934311959100206e-01
9.998062042151661943e-01
9.998184125585674042e-01
9.998300528575002621e-01
9.998411227695632730e-01
9.998516209054915116e-01
9.998615467467393270e-01
9.998709005528166882e-01
9.998796832587459882e-01
9.998878963628714533e-01
9.998955418047161814e-01
9.999026218329429838e-01
9.999091388639521627e-01
9.999150953303942435e-01
9.999204935203332978e-01
9.999253354068105004e-01
9.999296224677363121e-01
9.999333554962172022e-01
9.999365344014737866e-01
9.999391579995824397e-01
9.999412237944061976e-01
9.999427277478266651e-01
9.999436640386717423e-01
9.999440248093253159e-01
9.999437998981628439e-01
9.999429765558588423e-01
9.999415391420575228e-01
9.999394687977886109e-01
9.999367430872022622e-01
9.999333355995384531e-01
9.999292154983021597e-01
9.999243469995495737e-01
9.999186887537434565e-01
9.999121930934908864e-01
9.999048050944820965e-01
9.998964613710425997e-01
9.998870884896999822e-01
9.998766008258447302e-01
9.998648975921803350e-01
9.998518586132937314e-01
9.998373381566585394e-01
9.998211556712470749e-01
9.998030814524043741e-01
9.997828136737327842e-01
9.997599400848526940e-01
9.997338710293489639e-01
9.997037153385140984e-01
9.996680331979509448e-01
9.996242962421183487e-01
9.995675523151155151e-01
9.994864886854348818e-01
9.993481728590872804e-01
9.989993366723578516e-01
9.940784964988025330e-01
1.000351610643242628e+00
9.999489922457608371e-01
9.997914369851547134e-01
9.996946140634065392e-01
9.996208532343752173e-01
9.995576697708652425e-01
9.994997590101480922e-01
9.994445050790654594e-01
9.993904914907258963e-01
9.993369086939530854e-01
9.992832864261925740e-01
9.992293608565008256e-01
9.991750036702742310e-01
9.991201819489188285e-01
9.990649343242059555e-01
9.990093561411230727e-01
9.989535897640110518e-01
9.988978178578991063e-01
9.988422583650791164e-01
9.987871603839073575e-01
9.987328004335743747e-01
9.986794787503003867e-01
9.986275153594068588e-01
9.985772457290703619e-01
9.985290158519246617e-01
9.984831766285718890e-01
9.984400774481692054e-01
9.984000588784464059e-01
9.983634443944892078e-01
9.983305310922571119e-01
9.983015793518142944e-01
9.982768014366938392e-01
9.982563490416361818e-01
9.982402998300204944e-01
9.982286430383672249e-01
9.982212642650426515e-01
9.982179296088478093e-01
9.982182693767354120e-01
9.982217616425299589e-01
9.982277160086338030e-01
9.982352580006125242e-01
9.982433146120811562e-01
9.982506016119455650e-01
9.982556133299018697e-01
9.982566157461703060e-01
9.982516438297558414e-01
