9.982106497505985887e-01
9.982451815470136935e-01
9.982772508624208063e-01
9.983065510084259131e-01
9.983329101555987739e-01
9.983562700192979422e-01
9.983766660260683379e-01
9.983942091240631811e-01
9.984090693279522588e-01
9.984214610301745951e-01
9.984316300633422347e-01
9.984398424619747026e-01
9.984463748441712028e-01
9.984515063140140256e-01
9.984555117712875516e-01
9.984586565076816189e-01
9.984611919640303812e-01
9.984633525227567530e-01
9.984653532130790543e-01
9.984673882093995090e-01
9.984696300111528533e-01
9.984722291985903553e-01
9.984753146673412960e-01
9.984789942530828410e-01
9.984833556664109988e-01
9.984884676660815694e-01
9.984943814077582580e-01
9.985011319127302665e-01
9.985087396093710321e-01
9.985172119065029994e-01
9.985265447647497794e-01
9.985367242374598717e-01
9.985477279591974398e-01
9.985595265629604311e-01
9.985720850132574489e-01
9.985853638445159053e-01
9.985993202988607820e-01
9.986139093587288462e-01
9.986290846733734128e-01
9.986447993794453915e-01
9.986610068180666877e-01
9.986776611515991720e-01
9.986947178848465390e-01
9.987121342960062487e-01
9.987298697829232186e-01
9.987478861314642575e-01
9.987661477121229092e-01
9.987846216116046394e-01
9.988032777059129286e-01
9.988220886816604471e-01
9.988410300113687024e-01
9.988600798895854727e-01
9.988792191347066751e-01
9.988984310625568241e-01
9.989177013364396451e-01
9.989370177985573696e-01
9.989563702869928008e-01
9.989757504421901135e-01
9.989951515066374244e-01
9.990145681207809325e-01
9.990339961181298190e-01
9.990534323221562651e-01
9.990728743469567963e-01
9.990923204038787420e-01
9.991117691154036695e-01
9.991312193380855744e-01
9.991506699951950843e-01
9.991701199203989470e-01
9.991895677128470599e-01
9.992090116045171388e-01
9.992284493399378187e-01
9.992478780685091211e-01
9.992672942498020960e-01
9.992866935715560839e-01
9.993060708802909975e-01
9.993254201245040935e-01
9.993447343098162960e-01
9.993640054664046923e-01
9.993832246275914377e-01
9.994023818195546527e-01
9.994214660618061519e-01
9.994404653777811953e-01
9.994593668149801546e-01
9.994781564742484248e-01
9.994968195478499684e-01
9.995153403654840618e-01
9.995337024478785359e-01
9.995518885675725995e-01
9.995698808159825255e-01
9.995876606768013817e-01
9.996052091045138921e-01
9.996225066083233024e-01
9.996395333402784411e-01
9.996562691874681938e-01
9.996726938679461050e-01
9.996887870295240175e-01
9.997045283510758162e-01
9.997198976462476905e-01
9.997348749686425506e-01
9.997494407181413134e-01
9.997635757481952989e-01
9.997772614730502383e-01
9.997904799752066474e-01
9.998032141117879634e-01
9.998154476202290031e-01
9.998271652218471139e-01
9.998383527238692281e-01
9.998489971185251513e-01
9.998590866791654541e-01
9.998686110529400040e-01
9.998775613493589010e-01
9.998859302241783764e-01
9.998937119586547295e-01
9.999009025328629008e-01
9.999074996933970949e-01
9.999135030146831804e-01
9.999189139535178406e-01
9.999237358966154288e-01
9.999279742012491257e-01
9.999316362283334758e-01
9.999347313686958172e-01
9.999372710625452632e-01
9.999392688129594697e-01
9.999407401945742402e-01
9.999417028589902001e-01
9.999421765397058515e-01
9.999421830599001249e-01
9.999417463480809731e-01
9.999408924686283839e-01
9.999396496770206477e-01
9.999380485131688090e-01
9.999361219520312982e-01
9.999339056388261149e-01
9.999314382469447482e-01
9.999287620155559164e-01
9.999259235496705811e-01
9.999229750069723588e-01
9.999199758634456092e-01
9.999169955576098223e-01
9.999141174993256831e-01
9.999114452514896723e-01
9.999091122802791221e-01
9.999072977854894795e-01
9.999062533512707018e-01
9.999063498928689731e-01
9.999081651890383560e-01
9.999126592894187482e-01
9.999215605309725863e-01
9.999383291871282164e-01
9.999710357887862111e-01
1.000043730665043817e+00
1.000271317983260744e+00
9.947247255048160541e-01
9.993002991765825849e-01
9.995228263254377632e-01
9.995918992565574479e-01
9.996208523178731209e-01
9.996331259551890502e-01
9.996365656007932810e-01
9.996344950005419117e-01
9.996285265691636779e-01
9.996195058562491464e-01
9.996078916290919159e-01
9.995939297803171364e-01
9.995777411505000210e-01
9.995593696417773844e-01
9.995388105608999929e-01
9.995160285225297425e-01
9.994909695896376789e-01
9.994635701342571288e-01
9.994337637992126711e-01
9.994014873606911209e-01
9.993666859674303904e-01
9.993293180454282387e-01
9.992893600429584300e-01
9.992468111173884449e-01
9.992016978160730423e-01
9.991540787674900725e-01
9.991040493704159697e-01
9.990517464452070007e-01
9.989973527896812699e-01
9.989411015610037969e-01
9.988832803851815934e-01
9.988242350744530595e-01
9.987643728118653641e-01
9.987041646399964501e-01
9.986441470688611766e-01
9.985849225942171614e-01
9.985271588956262656e-01
9.984715864596505064e-01
9.984189943531235345e-01
9.983702238503006088e-01
9.983261596007975136e-01
9.982877180113605142e-01
9.982558325049945003e-01
9.982314353192773826e-01
9.982154355106050980e-01
9.982086928476685550e-01
9.982119873052011094e-01
9.982259839137643809e-01
