9.317509260847079303e+34
7.615974993551721432e+34
6.237706682213221712e+34
5.119148895247288356e+34
4.209626638972096250e+34
3.468662620189160549e+34
2.863867332207840026e+34
2.369276839438934078e+34
1.964041044273107317e+34
1.631386783042674289e+34
1.357796783863145490e+34
1.132358451084677592e+34
9.462464791808830085e+33
7.923111027802765474e+33
6.647498660795337509e+33
5.588455337751297324e+33
4.707564672047033566e+33
3.973486851994907058e+33
3.360610981948042959e+33
2.847971848697676091e+33
2.418377802625478914e+33
2.057707462173761298e+33
1.754341638585541503e+33
1.498703739108345239e+33
1.282887333841665053e+33
1.100353870274287827e+33
9.456869304970074825e+32
8.143921361434521913e+32
7.027339630859837643e+32
6.076024469381440574e+32
5.264041327002274577e+32
4.569727189243931551e+32
3.974957251359973126e+32
3.464542155269929632e+32
3.025731775615923806e+32
2.647806089618502368e+32
2.321737329134631533e+32
2.039910568253068193e+32
1.795892286757837397e+32
1.584238380730148157e+32
1.400334655901880333e+32
1.240264108446589539e+32
1.100696328973099815e+32
9.787952044370263179e+31
8.721417761355491980e+31
7.786696696897501589e+31
6.966109685494786648e+31
6.244507754208267199e+31
5.608890114659698915e+31
5.048082538098765086e+31
4.552466177674220161e+31
4.113748597016627138e+31
3.724770159685935835e+31
3.379340085881150347e+31
3.072097434214779621e+31
2.798393053294908321e+31
2.554189199892474412e+31
2.335974061100754147e+31
2.140688867140216013e+31
1.965665654853695648e+31
1.808574053086975389e+31
1.667375720429726841e+31
1.540285282392634006e+31
1.425736796111996158e+31
1.322354922216167417e+31
1.228930110523899164e+31
1.144397212835789737e+31
1.067817025646850981e+31
9.983603410093632711e+30
9.352941472090098914e+30
8.779696745593673084e+30
8.258120267373755711e+30
7.783111764401513867e+30
7.350141364298500896e+30
6.955181445485984021e+30
6.594647245344685711e+30
6.265345042967962326e+30
5.964426901310294311e+30
5.689351097122908974e+30
5.437847489391485387e+30
5.207887181536532895e+30
4.997655921963173130e+30
4.805530764041676920e+30
4.630059572265649101e+30
4.469943017532150943e+30
4.324018753019606262e+30
4.191247503638898220e+30
4.070700838203602119e+30
3.961550424275798114e+30
3.863058592658215900e+30
3.774570061731648828e+30
3.695504692148896289e+30
3.625351159938408363e+30
3.563661451677882074e+30
3.510046098771211147e+30
3.464170079942849994e+30
3.425749331574443438e+30
3.394547815006424314e+30
3.370375098363863028e+30
3.353084418289675864e+30
3.342571193807317746e+30
3.338771971379533145e+30
3.341663786157558468e+30
3.351263930457520002e+30
3.367630126160089323e+30
3.390861103497255299e+30
3.421097594283368027e+30
3.458523753655369162e+30
3.503369030389744185e+30
3.555910512436250521e+30
3.616475781251054641e+30
3.685446316078406136e+30
3.763261497752433196e+30
3.850423270795139093e+30
3.947501533125209353e+30
4.055140334149177218e+30
4.174064975590486385e+30
4.305090124332752197e+30
4.449129063839286418e+30
4.607204230646748655e+30
4.780459205016747191e+30
4.970172351300604420e+30
5.177772333632288967e+30
5.404855767949276304e+30
5.653207311754883922e+30
5.924822540455651673e+30
6.221934013921642024e+30
6.547041000956381488e+30
6.902943403882781288e+30
7.292780512650542514e+30
7.720075319546474449e+30
8.188785244947757313e+30
8.703360264177862075e+30
9.268809589524252483e+30
9.890778254107379496e+30
1.057563517103193313e+31
1.133057450804392140e+31
1.216373253297672383e+31
1.308432245694912758e+31
1.410279024154022448e+31
1.523099485702234135e+31
1.648241709468706861e+31
1.787240176845749565e+31
1.941843900996422530e+31
2.114049139608172415e+31
2.306137487900321698e+31
2.520720295926901279e+31
2.760790529585543205e+31
3.029783404626050692e+31
3.331647374114162087e+31
3.670927350975751118e+31
4.052862408736076219e+31
4.483500638116463032e+31
4.969834360106192092e+31
5.519959526355332727e+31
6.143263898467475301e+31
6.850649516606564852e+31
7.654796080186047524e+31
8.570473210613330442e+31
9.614911201156685233e+31
1.080824184493482899e+32
1.217402334878673862e+32
1.373986628446547937e+32
1.553818112012154816e+32
1.760707226280294437e+32
1.999140890978052710e+32
2.274410958265147917e+32
2.592768528524979137e+32
2.961609613657193602e+32
3.389698852391809515e+32
3.887439484304402771e+32
4.467199642782485230e+32
5.143707317298647671e+32
5.934529169253629058e+32
6.860651897199302358e+32
7.947189205330932761e+32
9.224242845244128404e+32
1.072795294233326263e+33
1.250178122134414761e+33
1.459808123584251414e+33
1.708002282160904783e+33
2.002395441609291318e+33
2.352230747916291280e+33
2.768717311452134634e+33
3.265471352281470922e+33
3.859061190081576346e+33
4.569681610867844273e+33
5.421989676785356247e+33
6.446142314683392669e+33
7.679086501296595313e+33
9.166166170142309198e+33
1.096312688572032605e+34
1.313862087866628882e+34
1.577734251961161239e+34
1.898395941979711190e+34
2.288804926874244502e+34
2.765031008504063562e+34
3.347038543879927725e+34
4.059674117507981450e+34
4.933915243316491228e+34
