9.470212805490882957e-01
8.836222687416501742e-01
9.148834962940080029e-01
9.118212572611285038e-01
9.113008084252022245e-01
9.148356718901129447e-01
9.228790746747842499e-01
9.351410255494756463e-01
9.496869036264381503e-01
9.603245464488462391e-01
9.501357331374290505e-01
8.792582963995556611e-01
6.844507109859636618e-01
3.671264190231743885e-01
9.950344048107712114e-02
3.089978725416453204e-03
1.942063206237470280e-02
7.330059302390092013e-02
1.312534385666081216e-01
1.833654767928930562e-01
2.280719393680084861e-01
2.661860001665389830e-01
2.989717333388485221e-01
3.275963380267886138e-01
3.530155905392188820e-01
3.759846042194491256e-01
3.970971310091147566e-01
4.168247980031957733e-01
4.355493564175537125e-01
4.535875951181698174e-01
4.712102633200001001e-01
4.886565276883640396e-01
5.061452667232572145e-01
5.238842326406560890e-01
5.420778900940618206e-01
5.609346036507046884e-01
5.806738584573225559e-01
6.015346385167845700e-01
6.237081204386903943e-01
6.475190498195029232e-01
6.734754914786938995e-01
7.017338434026859639e-01
7.326069675739619314e-01
7.670677867061959088e-01
8.041711002220790494e-01
8.380600138665456056e-01
8.995645551206671309e-01
9.412591212082974668e-01
9.743964911305335042e-01
9.690196723550094093e-01
8.640548367188072287e-01
5.935582069284978113e-01
2.433636745626884257e-01
3.705246161616081862e-02
1.346712174064266035e-02
7.830486927210178472e-02
1.655742752343797308e-01
2.501389087529697908e-01
3.251202775033069092e-01
3.882562596563324253e-01
4.198181446383619231e-01
5.465883764343855145e-01
5.767559331260991851e-01
6.179768548158122154e-01
6.578762494556125162e-01
6.963759447389071822e-01
7.324229113660541968e-01
7.655296812515476335e-01
7.977422018252908753e-01
8.269461271632182475e-01
8.538976122844849082e-01
8.785817388923411464e-01
9.009554743879650829e-01
9.209790770026438089e-01
9.386254202720694106e-01
9.538863923442802983e-01
9.667777811548076139e-01
9.773426713381379027e-01
9.856533372540915439e-01
9.918117065508920138e-01
9.959485625212201043e-01
9.982217344174789675e-01
9.988135895358660754e-01
9.979281926240526346e-01
9.957885660453582588e-01
9.926347815381225681e-01
9.886799267851531514e-01
9.843002695533629165e-01
9.796850294829108075e-01
9.751649935193302809e-01
9.710716769696023931e-01
9.677712659105602855e-01
9.656760571906736201e-01
9.652482610844972388e-01
9.669115708224181871e-01
9.714997289799002234e-01
9.776956342018148227e-01
9.832773588999320635e-01
9.673611846402823122e-01
8.058622964107343689e-01
2.866882483994845354e-01
2.109535859537326613e-02
2.411698977832478219e-01
4.048441657808898864e-01
4.991711951280112247e-01
5.570332644505527897e-01
5.955066290357012848e-01
6.240489383455739558e-01
6.463550322000217729e-01
6.653374603984631985e-01
6.826308636098687987e-01
6.993359587471774663e-01
7.162627839168985711e-01
7.340687608236260431e-01
7.532735395662923938e-01
7.741451840365300985e-01
7.972284885768485818e-01
8.227490621331062792e-01
8.507474593350031755e-01
8.808419802447993163e-01
9.118154878469332258e-01
9.408832251650470768e-01
9.625816195903084127e-01
9.458601434154971788e-01
9.364588868832406376e-01
8.594507130365203196e-01
7.247132295680054348e-01
5.466588060973174290e-01
3.678919406124706026e-01
2.302188713448643231e-01
1.638123393980214781e-01
4.359978378986490433e-01
1.188311977749430953e-01
5.117781879714068671e-02
5.960688533799933519e-02
7.802748268619494332e-02
9.967861611374291553e-02
1.223773283842697623e-01
1.452329323172705522e-01
1.680535659737159571e-01
1.908525611783231379e-01
2.088656432734987689e-01
2.311505243534037191e-01
2.532134491842536472e-01
2.764273796467133226e-01
3.033882928450840066e-01
3.538050654125151628e-01
1.428104370969650871e-01
2.974469275977868477e-01
3.348784076078542560e-01
3.610095189403368932e-01
3.841934083957063706e-01
4.064372866970101805e-01
4.285131975003664273e-01
4.500482822869237842e-01
4.731240971299729425e-01
4.961721714587974397e-01
5.193344558263146560e-01
5.433024743962325820e-01
5.676788853268210921e-01
5.924675667200481888e-01
6.175986453423111255e-01
6.429677936569896390e-01
6.684389026356342134e-01
6.938414123626758245e-01
7.190214197108777405e-01
7.437053261437843732e-01
7.677295934808664457e-01
7.912556930020632207e-01
8.092800912796133117e-01
8.305944468074389908e-01
8.484998819632786349e-01
8.637563545021604838e-01
8.759378117809520914e-01
8.840888244334286217e-01
8.881953713485333246e-01
8.855256386808639801e-01
8.773828343984668710e-01
7.877437417661437014e-01
6.575384907905683640e-01
2.233686243588256792e-01
2.434474432343013695e-01
6.869076055468622544e-01
8.208277939147956559e-01
8.629246308105866792e-01
8.770354083911141574e-01
8.802208871683410152e-01
8.778342779295211784e-01
8.697623259376049409e-01
8.472819717532854566e-01
7.075467201057971112e-01
5.747586192227849278e-01
8.878541336452362431e-01
9.150116413781889113e-01
9.303101667607319714e-01
9.452611291796116921e-01
9.597992329479096973e-01
9.698765170435613703e-01
9.633313929736744274e-01
9.433587013876775229e-01
