9.993878697403796307e-01
9.993870119093138937e-01
9.993863177103649020e-01
9.993857878788402482e-01
9.993854231347372163e-01
9.993852241617233734e-01
9.993851915887500548e-01
9.993853259744207573e-01
9.993856277937164245e-01
9.993860974270346587e-01
9.993867351513315844e-01
9.993875411330858105e-01
9.993885154229086298e-01
9.993896579517758116e-01
9.993909685283104416e-01
9.993924468373739378e-01
9.993940924395776637e-01
9.993959047713265598e-01
9.993978831459514600e-01
9.994000267549272287e-01
9.994023346697632482e-01
9.994048058441789006e-01
9.994074391164178284e-01
9.994102332117332788e-01
9.994131867450892770e-01
9.994162982237706494e-01
9.994195660501371536e-01
9.994229885241381339e-01
9.994265638459990386e-01
9.994302901187090971e-01
9.994341653505284251e-01
9.994381874571014457e-01
9.994423542639786495e-01
9.994466635085627049e-01
9.994511128422677304e-01
9.994556998322972063e-01
9.994604219636791242e-01
9.994652766408960165e-01
9.994702611896506550e-01
9.994753728584411245e-01
9.994806088201929617e-01
9.994859661736944512e-01
9.994914419451091936e-01
9.994970330895026622e-01
9.995027364921009738e-01
9.995085489698201098e-01
9.995144672726422597e-01
9.995204880850317997e-01
9.995266080272824372e-01
9.995328236570508729e-01
9.995391314706217889e-01
9.995455279045926122e-01
9.995520093372003423e-01
9.995585720899334836e-01
9.995652124290062002e-01
9.995719265670207632e-01
9.995787106645990239e-01
9.995855608319929031e-01
9.995924731308774014e-01
9.995994435760601204e-01
9.996064681372610616e-01
9.996135427410164365e-01
9.996206632725020969e-01
9.996278255775230548e-01
9.996350254643784350e-01
9.996422587059776710e-01
9.996495210418249178e-01
9.996568081801309180e-01
9.996641157998920058e-01
9.996714395531081099e-01
9.996787750669668959e-01
9.996861179459595181e-01
9.996934637742345142e-01
9.997008081178637706e-01
9.997081465271051570e-01
9.997154745388199260e-01
9.997227876786168865e-01
9.997300814634698662e-01
9.997373514039858966e-01
9.997445930067381248e-01
9.997518017767749177e-01
9.997589732200731216e-01
9.997661028459130517e-01
9.997731861692796818e-01
9.997802187134031682e-01
9.997871960121781365e-01
9.997941136125816364e-01
9.998009670772134427e-01
9.998077519866256369e-01
9.998144639419185298e-01
9.998210985669989670e-01
9.998276515111981233e-01
9.998341184515971980e-01
9.998404950953839743e-01
9.998467771823840167e-01
9.998529604874074606e-01
9.998590408224840020e-01
9.998650140393701147e-01
9.998708760318225641e-01
9.998766227378512728e-01
9.998822501421034126e-01
9.998877542779456284e-01
9.998931312298917629e-01
9.998983771356024786e-01
9.999034881882722381e-01
9.999084606384744944e-01
9.999132907965098127e-01
9.999179750343722972e-01
9.999225097876993651e-01
9.999268915578636285e-01
9.999311169138943578e-01
9.999351824942460665e-01
9.999390850088715199e-01
9.999428212408253414e-01
9.999463880481115341e-01
9.999497823654315276e-01
9.999530012057862294e-01
9.999560416620179026e-01
9.999589009085533275e-01
9.999615762027057597e-01
9.999640648862303527e-01
9.999663643866811835e-01
9.999684722187158759e-01
9.999703859854298660e-01
9.999721033794607417e-01
9.999736221842168149e-01
9.999749402749643634e-01
9.999760556198286077e-01
9.999769662807216353e-01
9.999776704143060746e-01
9.999781662727905696e-01
9.999784522046554214e-01
9.999785266555709651e-01
9.999783881687993592e-01
9.999780353858783721e-01
9.999774670472624249e-01
9.999766819926003691e-01
9.999756791613666485e-01
9.999744575930717971e-01
9.999730164276515731e-01
9.999713549057963613e-01
9.999694723690615294e-01
9.999673682601618596e-01
9.999650421231466302e-01
9.999624936034544609e-01
9.999597224481530100e-01
9.999567285059359767e-01
9.999535117273102847e-01
9.999500721647005541e-01
9.999464099725396959e-01
9.999425254074727487e-01
9.999384188284999864e-01
9.999340906972404852e-01
9.999295415783221452e-01
9.999247721396572475e-01
9.999197831529985647e-01
9.999145754946111575e-01
9.999091501459781428e-01
9.999035081948756121e-01
9.998976508365160498e-01
9.998915793750293712e-01
9.998852952253290960e-01
9.998787999154585826e-01
9.998720950893998927e-01
9.998651825107348623e-01
9.998580640672296571e-01
9.998507417767290573e-01
9.998432177948300970e-01
9.998354944240640529e-01
9.998275741249776916e-01
9.998194595250305960e-01
9.998111534125007083e-01
9.998026586626319601e-01
9.997939778807232170e-01
9.997851117405280874e-01
9.997760497738403807e-01
9.997666928320653179e-01
9.997547529891765983e-01
9.997402012200304888e-01
9.997367614177460338e-01
9.997274525083055252e-01
9.997175700222815653e-01
9.997074251151839563e-01
9.996970858264828674e-01
9.996865770830642983e-01
9.996759116622782049e-01
9.996650979274662729e-01
9.996541423531426496e-01
9.996430505030542424e-01
9.996318274529776282e-01
9.996204779849637845e-01
9.996090066758247517e-01
9.995974179319314645e-01
9.995857159941277104e-01
9.995739049240549567e-01
9.995619885783102454e-01
9.995499705734814944e-01
9.995378542443487113e-01
9.995256425961543956e-01
9.995133382526170118e-01
