2.617273957317282906e-02
1.265862602218780733e-04
2.538127725365026816e-02
7.789638503869529551e-02
1.409896665449399122e-01
2.055368417576268758e-01
2.673466150146510123e-01
3.248848281169389174e-01
3.778879236767751504e-01
4.266311693079591350e-01
4.715723964122573997e-01
5.131900672202842628e-01
5.519165974846612643e-01
5.881165235499270505e-01
6.220847780842869712e-01
6.540532351973163960e-01
6.842000245135373415e-01
7.126592824416585481e-01
7.395328222289914155e-01
7.648695763514263835e-01
7.887537034197839025e-01
8.111994420057554445e-01
8.322331511874474508e-01
8.518717364084480437e-01
8.701284500965863478e-01
8.870155931266990867e-01
9.025466609917931482e-01
9.167379983388149745e-01
9.296100261420106037e-01
9.411880841408981624e-01
9.515029052445638236e-01
9.605905702283623615e-01
9.684852195277785514e-01
9.752683818545820893e-01
9.809497701340589293e-01
9.856055514303527776e-01
9.892953906354157168e-01
9.920830327937634197e-01
9.940347039047069400e-01
9.952182771824680252e-01
9.957025431851188602e-01
9.955565455583222922e-01
9.948489892570300253e-01
9.936477322460293138e-01
9.920193700829306183e-01
9.900289205075607502e-01
9.877396133556139990e-01
9.852127902144192095e-01
9.825079185151895933e-01
9.796827264902215893e-01
9.767934689823969396e-01
9.738953400351240131e-01
9.710430573663569875e-01
9.682916576044201529e-01
9.656975616834846399e-01
9.633200004903080815e-01
9.612229371472639228e-01
9.594776927243542364e-01
9.581665895983638714e-01
9.573880889101819003e-01
9.572641330448273811e-01
9.579506964790645007e-01
9.596527111982599001e-01
9.626435895597381665e-01
9.672829091089623077e-01
9.739897714942330476e-01
9.828471855959791670e-01
9.928813262597580014e-01
9.869098748557395551e-01
8.121313694139289385e-01
1.002643037277145717e-02
3.725635161139882467e-01
6.071440511099661652e-01
7.027683582396615503e-01
7.512789063677494106e-01
7.801073312584427821e-01
7.992251260581126893e-01
8.129874319691351436e-01
8.235696042391132954e-01
8.321721655098550663e-01
8.395108434284669352e-01
8.460340194628541699e-01
8.520634891097731423e-01
8.577936953194628122e-01
8.633880797823891839e-01
8.689670549649539666e-01
8.746278761103645216e-01
8.804530932625097561e-01
8.865164005293014737e-01
8.928867434162588435e-01
8.996310833200873436e-01
9.068157777153950105e-01
9.145059607611811803e-01
9.227613139084938076e-01
9.316246218262131951e-01
9.410952223610097311e-01
9.510698096367998788e-01
9.612104219970722951e-01
9.706442844057062702e-01
9.772613863796815181e-01
9.760248906855734097e-01
9.549003879370798753e-01
8.860171120753247420e-01
7.158415178089260200e-01
4.069516703859712425e-01
9.919538299661746772e-02
3.712804879360516799e-04
5.429044077305610755e-02
1.371424883772738301e-01
2.009844695566257167e-01
2.372238846646737287e-01
2.465628775489269175e-01
2.301278173769826796e-01
1.884099521848626446e-01
1.240102302111397575e-01
4.962685475011665431e-02
1.634004816504298083e-03
3.916347438751779930e-02
1.884276029628369764e-01
3.917267048317900069e-01
5.723536920914725767e-01
7.019903652446963793e-01
7.871160946299862182e-01
8.416671216071750505e-01
8.767472992428535505e-01
8.995731790700952635e-01
9.145634149631916010e-01
9.243980077219215996e-01
9.307187458738218622e-01
9.345439614297288422e-01
9.343297214147691099e-01
9.371512695595447529e-01
9.366211593232572907e-01
9.351509735815018987e-01
9.328738944863174121e-01
9.298825896083422471e-01
9.262425549137832670e-01
9.220011778528387492e-01
9.171933538162522215e-01
9.118452074333213142e-01
9.059765970536122204e-01
8.996028239474804789e-01
8.927358456243620344e-01
8.853852883874987478e-01
8.775598649718929778e-01
8.692720307830055226e-01
8.605778811816453544e-01
8.507270369311719094e-01
8.413164059660590555e-01
8.311334045968412632e-01
8.204320872763115613e-01
8.092178857892232680e-01
7.974786473089431338e-01
7.851948623044324727e-01
7.723406217463623102e-01
7.588835654429557653e-01
7.447838760426928051e-01
7.299932367412367284e-01
7.144534795023261831e-01
6.980949702482998065e-01
6.808346920418623105e-01
6.625739802022755365e-01
6.431958616212337665e-01
6.225619591451730939e-01
6.005089494591192567e-01
5.768446264106997790e-01
5.513439631060810253e-01
5.237442314710708535e-01
4.937440093821177656e-01
4.610016943979343695e-01
4.251428034393792688e-01
3.857791409631984858e-01
3.425523676480808910e-01
2.952222266513646609e-01
2.438339678709511571e-01
1.890193745557947336e-01
1.325047764626440805e-01
7.788855305267014528e-02
3.162804713794857558e-02
3.786973502034480729e-03
7.352308050426828619e-03
5.441051988088969199e-02
1.490481883701892940e-01
2.814854834794247584e-01
4.302885007631840342e-01
5.725252103802475068e-01
6.930599964347483599e-01
7.867115660598075211e-01
8.551573171491927416e-01
9.030271852675381128e-01
9.353676622808403396e-01
9.565320568966445558e-01
9.699037882357227636e-01
9.779812911447003376e-01
9.825615779506993164e-01
9.849164175057240067e-01
9.858480632579261771e-01
9.840670012703223168e-01
9.862601455897435088e-01
9.864920632251583665e-01
