9.017103810290018062e-01
9.040055985252194448e-01
9.079774885641517246e-01
9.134248237377387003e-01
9.201436972611271026e-01
9.279278955149767860e-01
9.365670088476978350e-01
9.458419575610996777e-01
9.555174351279092093e-01
9.653305280289090629e-01
9.749744449709060179e-01
9.840758653139364265e-01
9.921639035466797152e-01
9.986281435479327229e-01
1.002662814433282312e+00
1.003194443230704724e+00
9.987923185845957175e-01
9.875670700905205823e-01
9.670766756833361066e-01
9.342798045416811359e-01
8.857030754430057495e-01
8.177669249815456842e-01
7.278820161717931558e-01
6.160099075261381563e-01
4.866460608173893698e-01
3.500246735653524954e-01
2.209647832176724891e-01
1.147713198629177755e-01
4.209052278510467399e-02
5.987484453608026523e-03
2.731795882161668770e-03
2.487950246830797352e-02
6.433791048273045099e-02
1.141891026801988701e-01
1.692927796732773271e-01
2.261771334212930029e-01
2.826663838023996678e-01
3.374909460295476005e-01
3.899727043404772053e-01
4.397997514084463488e-01
4.868759926429625517e-01
5.312253588523770942e-01
5.729331866982162458e-01
6.121120349309029374e-01
6.488835701992715643e-01
6.833720171138281119e-01
7.157096368385300611e-01
7.460690184797337254e-01
7.748245097254022884e-01
8.043720548126861436e-01
8.149111103448268834e-01
8.426142731227843630e-01
8.639578659627673574e-01
8.829975406899466250e-01
9.001724263440111784e-01
9.156426062514769759e-01
9.295085522284314283e-01
9.418533646406250792e-01
9.527549042866026996e-01
9.622900331612117553e-01
9.705361758041233244e-01
9.775718812229122756e-01
9.834775658148777744e-01
9.883084891085878176e-01
9.921962675770126250e-01
9.951807150510305622e-01
9.973472599977482034e-01
9.987722296673272604e-01
9.995291940467251335e-01
9.996889218007420919e-01
9.993190886313833010e-01
9.984840070374803034e-01
9.972444148597566782e-01
9.956573280135400106e-01
9.937759549880327281e-01
9.916496679036216344e-01
9.893240237411157212e-01
9.868408289237419195e-01
9.842382404337975954e-01
9.815508969382081839e-01
9.788100738850291638e-01
9.760438571553734510e-01
9.732773305692559163e-01
9.705327733235743493e-01
9.678298642765796878e-01
9.651858908973384166e-01
9.626159617092941989e-01
9.601332222479228573e-01
9.577490760591518271e-01
9.554734143256680134e-01
9.533148607375496741e-01
9.512810429819558156e-01
9.493789101209051395e-01
9.476151289033757363e-01
9.459966172821110408e-01
9.445313219754045697e-01
9.432294458208189125e-01
9.421055455816572666e-01
9.411824256394678567e-01
9.404990581074840206e-01
9.401285742474391194e-01
9.402254976891984972e-01
9.411783465274277116e-01
9.443002424145381379e-01
9.579238730121996115e-01
8.871522639993262294e-01
9.201609326602741001e-01
9.251967928641581240e-01
9.271274721471660651e-01
9.281157000971916871e-01
9.286871210009274291e-01
9.289984407651177278e-01
9.290479576231435166e-01
9.287012878211633460e-01
9.274664267761812964e-01
9.233682875596443962e-01
8.854882053175223700e-01
8.502289178292556926e-01
9.494798148655305692e-01
9.473733640967270109e-01
9.464493942075024036e-01
9.427856342966527414e-01
9.474064172418228402e-01
9.483291675038942881e-01
9.494953384862419021e-01
9.506238799083047697e-01
9.524659154042062204e-01
9.540961550089840371e-01
9.558613166991744015e-01
9.577453540250635555e-01
9.597431232172605187e-01
9.618535730636499359e-01
9.640784556310647568e-01
9.664220284490153690e-01
9.688909527651505815e-01
9.714938957056952207e-01
9.742398679419156382e-01
9.771326658003089971e-01
9.801535068044799903e-01
9.832056206019165190e-01
9.859212529091661015e-01
9.868726501010957053e-01
9.793581004156182157e-01
9.161269745059664737e-01
4.300204017294954051e-01
4.161840838691348576e-01
8.122961928438732215e-01
8.934244523284486927e-01
9.238657533087062390e-01
9.395253082892420782e-01
9.489813657994735641e-01
9.552183629032459100e-01
9.595143924846133432e-01
9.624896592379189597e-01
9.644662546758639987e-01
9.656124488067245881e-01
9.660064411738266132e-01
9.656646381700018100e-01
9.645615755725654994e-01
9.626098483611150725e-01
9.596843645984378668e-01
9.556034027932721608e-01
9.502398796775337608e-01
9.376034666052247557e-01
9.308390595529755229e-01
9.167834875816247564e-01
8.970658288883209819e-01
8.691630247144335186e-01
8.289431227786674405e-01
7.699065352764570269e-01
6.823222881944486229e-01
5.535899860472655032e-01
3.740023481062400013e-01
1.571914753089107553e-01
1.838534798323396835e-01
2.143607318928155703e-01
5.617886363658110283e-02
9.442657789899583376e-02
1.845112527393570068e-01
2.824019485639135407e-01
3.703284006320975430e-01
4.432383638385216651e-01
5.045128866868073825e-01
5.477726444976731557e-01
5.844081602662921648e-01
6.140398928142187795e-01
6.382168566457629977e-01
6.582127873495461357e-01
6.749707324012538256e-01
6.891761529968302158e-01
7.013187205605774244e-01
7.117378654542210192e-01
7.206545789300869975e-01
7.281913417965741875e-01
7.343774424716822402e-01
7.391162219355982277e-01
7.419226336436609559e-01
7.348520244059284501e-01
7.507387827866434105e-01
7.481707554177592367e-01
