9.994061342668345560e-01
9.994055766144595010e-01
9.994051849248417607e-01
9.994049595878895520e-01
9.994049009007387463e-01
9.994050090674401199e-01
9.994052841986030833e-01
9.994057263112064993e-01
9.994063353283267892e-01
9.994071110789763956e-01
9.994080532979847664e-01
9.994091616258838906e-01
9.994104356088039376e-01
9.994118746985862778e-01
9.994134782526641336e-01
9.994152455342684149e-01
9.994171757125446254e-01
9.994192678626078186e-01
9.994215209660082255e-01
9.994239339107913178e-01
9.994265054919461155e-01
9.994292344117970961e-01
9.994321192804023202e-01
9.994351586160197254e-01
9.994383508457126419e-01
9.994416943058815894e-01
9.994451872429973571e-01
9.994488278141687720e-01
9.994526140879624876e-01
9.994565440451983473e-01
9.994606155798456681e-01
9.994648264996971454e-01
9.994691745276175210e-01
9.994736573023111914e-01
9.994782723795311297e-01
9.994830172329688400e-01
9.994878892555937311e-01
9.994928857606911743e-01
9.994980039831924401e-01
9.995032410808550871e-01
9.995085941356887105e-01
9.995140601552198190e-01
9.995196360739422303e-01
9.995253187548400753e-01
9.995311049907351642e-01
9.995369915059140187e-01
9.995429749576972833e-01
9.995490519380699768e-01
9.995552189752568983e-01
9.995614725355407293e-01
9.995678090248216741e-01
9.995742247905686773e-01
9.995807161235154004e-01
9.995872792595313916e-01
9.995939103814551752e-01
9.996006056210431368e-01
9.996073610609065296e-01
9.996141727364399321e-01
9.996210366378781575e-01
9.996279487122891050e-01
9.996349048656080205e-01
9.996419009647875553e-01
9.996489328398441288e-01
9.996559962860667170e-01
9.996630870660618839e-01
9.996702009120589372e-01
9.996773335280415562e-01
9.996844805920137578e-01
9.996916377581986923e-01
9.996988006593482412e-01
9.997059649090641598e-01
9.997131261039441386e-01
9.997202798260160783e-01
9.997274216450772188e-01
9.997345471209542200e-01
9.997416518059650814e-01
9.997487312470741960e-01
9.997557809885113667e-01
9.997627965740233380e-01
9.997697735491946069e-01
9.997767074639231089e-01
9.997835938748428353e-01
9.997904283476506393e-01
9.997972064594621289e-01
9.998039238012966790e-01
9.998105759804244430e-01
9.998171586227313501e-01
9.998236673751822456e-01
9.998300979080690931e-01
9.998364459175520524e-01
9.998427071278106482e-01
9.998488772935926194e-01
9.998549522024597902e-01
9.998609276770469290e-01
9.998667995775257777e-01
9.998725638038484798e-01
9.998782162979039656e-01
9.998837530459352418e-01
9.998891700807576166e-01
9.998944634838776713e-01
9.998996293878478214e-01
9.999046639782435131e-01
9.999095634960185608e-01
9.999143242394414877e-01
9.999189425664148922e-01
9.999234148962441449e-01
9.999277377119406562e-01
9.999319075621320163e-01
9.999359210629517047e-01
9.999397749000943358e-01
9.999434658307116974e-01
9.999469906851283785e-01
9.999503463689098925e-01
9.999535298644441905e-01
9.999565382327734175e-01
9.999593686153482874e-01
9.999620182356335762e-01
9.999644844006790878e-01
9.999667645028590401e-01
9.999688560212464106e-01
9.999707565231729101e-01
9.999724636656567300e-01
9.999739751967803292e-01
9.999752889570630021e-01
9.999764028806743532e-01
9.999773149967237096e-01
9.999780234304664894e-01
9.999785264043811184e-01
9.999788222392297365e-01
9.999789093551237906e-01
9.999787862724316412e-01
9.999784516126404288e-01
9.999779040993803658e-01
9.999771425589549789e-01
9.999761659211439113e-01
9.999749732199563201e-01
9.999735635940064649e-01
9.999719362872344641e-01
9.999700906492052788e-01
9.999680261355506916e-01
9.999657423082933816e-01
9.999632388360276680e-01
9.999605154941191287e-01
9.999575721648252813e-01
9.999544088372341877e-01
9.999510256073049774e-01
9.999474226776325914e-01
9.999436003573192178e-01
9.999395590616563245e-01
9.999352993117461841e-01
9.999308217340812099e-01
9.999261270600001694e-01
9.999212161250551345e-01
9.999160898684597010e-01
9.999107493321478524e-01
9.999051956600223390e-01
9.998994300970451832e-01
9.998934539881627614e-01
9.998872687773203705e-01
9.998808760062222190e-01
9.998742773130816497e-01
9.998674744313235108e-01
9.998604691882014839e-01
9.998532635032716387e-01
9.998458593868486677e-01
9.998382589383507657e-01
9.998304643445365958e-01
9.998224778778644906e-01
9.998143018943534965e-01
9.998059388318425444e-01
9.997973912077725567e-01
9.997886616171662855e-01
9.997797527303700083e-01
9.997706672906668812e-01
9.997614081119791107e-01
9.997519780763125530e-01
9.997423801311560165e-01
9.997326172867870842e-01
9.997226926134611391e-01
9.997126092384491791e-01
9.997023703430776287e-01
9.996919791594880422e-01
9.996814389673523982e-01
9.996707530904120897e-01
9.996599248929510795e-01
9.996489577759615219e-01
9.996378551733423601e-01
9.996266205476727063e-01
9.996152573860779267e-01
9.996037691956338733e-01
9.995921594988144143e-01
9.995804318285437251e-01
9.995685897230331962e-01
9.995566367205422909e-01
9.995445763536388029e-01
9.995324121434245868e-01
9.995201475933297441e-01
9.995077861827580401e-01
9.994953313602308320e-01
9.994827865365385478e-01
