1.009982433191239259e+00
1.005821641188133331e+00
1.001562692813204425e+00
9.972898750784887634e-01
9.930712728052244476e-01
9.889599867683385170e-01
9.849955582705840484e-01
9.812055260960039771e-01
9.776070522730626600e-01
9.742085629913916911e-01
9.710113602710939151e-01
9.680111685150912804e-01
9.651995878604902046e-01
9.625654332543945868e-01
9.600959444218133410e-01
9.577778573772789406e-01
9.555983328734848348e-01
9.535457412146236544e-01
9.516103062190112150e-01
9.497846138311668573e-01
9.480639930038208263e-01
9.464467780292433741e-01
9.449344625439697332e-01
9.435317559976235113e-01
9.422465535038161422e-01
9.410898297086212061e-01
9.400754666475894528e-01
9.392200245286695948e-01
9.385424629804048902e-01
9.380638185256825468e-01
9.378068418440714815e-01
9.377955956992621855e-01
9.380550111198672214e-01
9.386103953544554512e-01
9.394868800233610040e-01
9.407087913807594681e-01
9.422989161460360030e-01
9.442776251845818036e-01
9.466618023061370568e-01
9.494635049990770570e-01
9.526882557272554619e-01
9.563328231444291339e-01
9.603822974052829142e-01
9.648061856823816340e-01
9.695531429561957681e-01
9.745437947050323846e-01
9.796608819747280039e-01
9.847356377645395398e-01
9.895288512301403383e-01
9.937044532088168403e-01
9.967926343345876461e-01
9.981385125369244271e-01
9.968313981552001657e-01
9.916094073456065416e-01
9.807362544561426532e-01
9.618555314418567592e-01
9.318511612595126170e-01
8.867964101687408895e-01
8.221778145830489493e-01
7.337339381627776547e-01
6.193453442721991165e-01
4.820916475927164990e-01
3.333176773520295511e-01
1.926620353770983063e-01
8.225776993592910646e-02
1.731421301625479456e-02
2.849121953970218716e-04
2.278658278980873891e-02
7.194065674496585849e-02
1.357363468204597079e-01
2.053450520020036474e-01
2.752063247483516051e-01
3.422351850902739523e-01
4.049549848008909825e-01
4.628355614685176200e-01
5.158598639514686557e-01
5.642637088633557507e-01
6.083886526141629725e-01
6.486032797169197783e-01
6.852639369401888336e-01
7.186973893750420173e-01
7.491952092745947089e-01
7.770141268766521669e-01
8.023791457362654533e-01
8.254876939702792127e-01
8.465139097537004442e-01
8.656126193503086430e-01
8.829228181537136511e-01
8.985706005933563612e-01
9.126715548306765236e-01
9.253326719644870968e-01
9.366538332949899681e-01
9.467289421977452823e-01
9.556467644489257118e-01
9.634915352757144058e-01
9.703433845810572889e-01
9.762786246101693433e-01
9.813699372927714437e-01
9.856864918941068421e-01
9.892940175980083906e-01
9.922548503026603628e-01
9.946279682614560524e-01
9.964690272439277186e-01
9.978304025900601726e-01
9.987612428443652934e-01
9.993075375194456766e-01
9.995121998952712916e-01
9.994151645356322833e-01
9.990534983386817336e-01
9.984615233663428624e-01
9.976709493615872892e-01
9.967110137121776292e-01
9.956086266093029380e-01
9.943885192394626982e-01
9.930733930112629615e-01
9.916840680252535511e-01
9.902396292286456125e-01
9.887575689423677705e-01
9.872539246953422332e-01
9.857434115428951316e-01
9.842395482833357079e-01
9.827547772143976346e-01
9.813005772963665496e-01
9.798875708147520847e-01
9.785256238714340471e-01
9.772239412933603209e-01
9.759911568480195143e-01
9.748354200225399779e-01
9.737644810942620577e-01
9.727857768488022971e-01
9.719065201672946186e-01
9.711337979312872903e-01
9.704746834726745153e-01
9.699363724315982482e-01
9.695263548799925024e-01
9.692526427511172216e-01
9.691240814216227628e-01
9.691507902524961748e-01
9.693448036202680917e-01
9.697210301904608531e-01
9.702987310616816297e-01
9.711038722857670002e-01
9.721730107918951092e-01
9.735600014061540630e-01
9.753482023447802574e-01
9.776741757958269385e-01
9.807775782101009199e-01
9.851173663103122147e-01
9.916777842122230791e-01
1.002849579282227843e+00
1.020975291758691839e+00
4.048096450434562343e-01
8.841692607272867432e-01
9.293977688322908604e-01
9.452634590637641887e-01
9.537292566515324088e-01
9.592722022382212943e-01
9.633632935802718400e-01
9.666177595212728235e-01
9.693321602464713971e-01
9.716622538957642163e-01
9.736936748329333424e-01
9.754739087434086686e-01
9.770282599334456641e-01
9.783684853766571043e-01
9.794977896305854248e-01
9.804138924499626873e-01
9.811110166050783787e-01
9.815812363016734876e-01
9.818154203823092896e-01
9.818038907400552517e-01
9.815368446985051065e-01
9.810045330970715849e-01
9.801971227507717543e-01
9.791040769869113758e-01
9.777127129579284981e-01
9.760052291337937280e-01
9.739526558259357092e-01
9.715020446209312599e-01
9.685470945293505052e-01
9.648519989191483015e-01
9.598141861188256296e-01
9.514750428448841557e-01
9.294036672809240507e-01
6.152344029435352635e-01
9.635923236209431586e-01
9.680009606899987462e-01
9.642343926947012367e-01
9.609630624955374234e-01
9.583225229283044433e-01
9.562199177148590357e-01
9.545975146666682010e-01
9.534225150650819103e-01
9.526682171871296845e-01
9.523001063331267835e-01
9.522649279460921878e-01
9.524808502195449833e-01
9.528275819724086881e-01
9.531357570008710534e-01
9.531751215283068568e-01
