9.869101065983086896e-01
9.875641323119175308e-01
9.882386544768579917e-01
9.889277074293462144e-01
9.896255412279443275e-01
9.903266909079327940e-01
9.910260263514295564e-01
9.917187854432588656e-01
9.924005930330032088e-01
9.930674680482322048e-01
9.937158209138594600e-01
9.943424432315833839e-01
9.949444914729034251e-01
9.955194662384611037e-01
9.960651884441023007e-01
9.965797736114638816e-01
9.970616052679179830e-01
9.975093083016176587e-01
9.979217229726359273e-01
9.982978801477391251e-01
9.986369782097990200e-01
9.989383619875850107e-01
9.992015039602255566e-01
9.994259879117940448e-01
9.996114951436063656e-01
9.997577932947325774e-01
9.998647277742822581e-01
9.999322157701252545e-01
9.999602427688346618e-01
9.999488614977980472e-01
9.998981931832988668e-01
9.998084310065558089e-01
9.996798456334695659e-01
9.995127926893710990e-01
9.993077220520599768e-01
9.990651888386166135e-01
9.987858659682484763e-01
9.984705581898698501e-01
9.981202174733450061e-01
9.977359596726904645e-01
9.973190823809375827e-01
9.968710839069784280e-01
9.963936833161165518e-01
9.958888414860760374e-01
9.953587831388728269e-01
9.948060198166395196e-01
9.942333737723672016e-01
9.936440027463909752e-01
9.930414255922133115e-01
9.924295486999901161e-01
9.918126931370779831e-01
9.911956223815657774e-01
9.905835704546367415e-01
9.899822701579604756e-01
9.893979809749106069e-01
9.888375159853192153e-01
9.883082668449667541e-01
9.878182254593872447e-01
9.873760003854483713e-01
9.869908251510588482e-01
9.866725544907883894e-01
9.864316428016207672e-01
9.862790967097181394e-01
9.862263901852064141e-01
9.862853256686913150e-01
9.864678174715098002e-01
9.867855632045878789e-01
9.872495535481786710e-01
9.878693477807350964e-01
9.886520082339036453e-01
9.896005350761716279e-01
9.907115637217227544e-01
9.919719647318686606e-01
9.933537936919968336e-01
9.948067300153979886e-01
9.962466325469787609e-01
9.975379377901050226e-01
9.984657797723497374e-01
9.986882804592522866e-01
9.976252005491615948e-01
9.925646328015261810e-01
9.897397145808793928e-01
9.785130581608003641e-01
9.597273132062777989e-01
9.290281557627362297e-01
8.803744639830174412e-01
8.059348393636450725e-01
6.976389779668049629e-01
5.521459812093633124e-01
3.795952207530610689e-01
2.092714854912797184e-01
7.906704557647113718e-02
1.151460455386479377e-02
2.493242044514426114e-03
3.237081740167672972e-02
8.134854949020971226e-02
1.360711852472765160e-01
1.893966781988004888e-01
2.382113898080532588e-01
2.815693021672226459e-01
3.195507738275605858e-01
3.526564363596989549e-01
3.815123067800590961e-01
4.067374828925505725e-01
4.288917253957157949e-01
4.484603725096358851e-01
4.658556055414424524e-01
4.814240464360177718e-01
4.954560779925856195e-01
5.081948932181907796e-01
5.198445177101678194e-01
5.305766146443429143e-01
5.405361243222016610e-01
5.498458799779958328e-01
5.586103617579492031e-01
5.669187414878507081e-01
5.748473509501766943e-01
5.824616844850091235e-01
5.898180264132235617e-01
5.969647763021461717e-01
6.039435306352366473e-01
6.107899677453992870e-01
6.175345735218178422e-01
6.242032379822747279e-01
6.308177469385943814e-01
6.373961883521708227e-01
6.439532893156181270e-01
6.505006966948366776e-01
6.570472121539101540e-01
6.635989904284865792e-01
6.701597082042035636e-01
6.767307097084904743e-01
6.833111340646167431e-01
6.898980285232263476e-01
6.964864508236253693e-01
7.030695630803766027e-01
7.096387186662751478e-01
7.161835424547099427e-01
7.226920032852344189e-01
7.291504752219672980e-01
7.355437801955397870e-01
7.418551968705570099e-01
7.480664037099946650e-01
7.541572830729830201e-01
7.601053993855794166e-01
7.658845967779793762e-01
7.714606973095603504e-01
7.767742837389740584e-01
7.816224975863627078e-01
7.801670884769201786e-01
7.926749790654803451e-01
7.967052756700239158e-01
8.006196096760476166e-01
8.042215939371681888e-01
8.074410846129000952e-01
8.102273601742334685e-01
8.125319927672842724e-01
8.143035675569600951e-01
8.154848318395991891e-01
8.160102688286529071e-01
8.158034477842472931e-01
8.147738118969998222e-01
8.128126169059939343e-01
8.097876930129928041e-01
8.055366080290824460e-01
7.998576640193494347e-01
7.924979540324540439e-01
7.831374269753372808e-01
7.713675498435433875e-01
7.566627366604020688e-01
7.383423315462910308e-01
7.155208757676455589e-01
6.870446805508018118e-01
6.514368334346775091e-01
6.067859084986203522e-01
5.508194464474661656e-01
4.810516588540441063e-01
3.955093583403003210e-01
2.945153927886712819e-01
1.842153580405261060e-01
8.130607792091955333e-02
1.416992134264864062e-02
1.164718304850338899e-02
8.145337001183147740e-02
2.018846577914537865e-01
3.390003746708189492e-01
4.672949625411801367e-01
5.754761090343201158e-01
6.620104361675299698e-01
7.296469374716929579e-01
7.821764587373085664e-01
8.231054211934198950e-01
8.552253332482836479e-01
8.806903524666190863e-01
9.010947433183913446e-01
9.176156162461990284e-01
9.311216491259479699e-01
9.422562540985732760e-01
9.514985596144815982e-01
9.592073871696928933e-01
