9.868564944709182774e-01
9.872444437482025270e-01
9.876372343318806646e-01
9.880341206011510335e-01
9.884343752284608930e-01
9.888372903381277279e-01
9.892421776199245009e-01
9.896483676086238468e-01
9.900552083159008809e-01
9.904620633788431272e-01
9.908683098683824797e-01
9.912733358796874672e-01
9.916765380092296134e-01
9.920773188048711555e-01
9.924750842597527267e-01
9.928692414080070305e-01
9.932591960665964059e-01
9.936443507572513267e-01
9.940241028341002538e-01
9.943978428326679664e-01
9.947649530513387184e-01
9.951248063693947099e-01
9.954767653017431162e-01
9.958201812868179292e-01
9.961543942015909092e-01
9.964787320950126981e-01
9.967925111303730379e-01
9.970950357255561336e-01
9.973855988804016803e-01
9.976634826794487099e-01
9.979279589592175981e-01
9.981782901288985821e-01
9.984137301350509697e-01
9.986335255600352623e-01
9.988369168463334669e-01
9.990231396385197415e-01
9.991914262368946087e-01
9.993410071562031094e-01
9.994711127852332622e-01
9.995809751431107282e-01
9.996698297294267510e-01
9.997369174658474744e-01
9.997814867280674367e-01
9.998027954674338913e-01
9.998001134220315667e-01
9.997727244183760575e-01
9.997199287646502119e-01
9.996410457373345881e-01
9.995354161634065759e-01
9.994024051010250709e-01
9.992414046211312018e-01
9.990518366941137929e-01
9.988331561842790363e-01
9.985848539565985726e-01
9.983064600995394944e-01
9.979975472683927373e-01
9.976577341535619592e-01
9.972866890783838034e-01
9.968841337315734741e-01
9.964498470391225382e-01
9.959836691810922682e-01
9.954855057588337663e-01
9.949553321182809107e-01
9.943931978357153367e-01
9.937992313721328852e-01
9.931736449036944192e-01
9.925167393352001266e-01
9.918289095051231463e-01
9.911106495908176273e-01
9.903625587237666617e-01
9.895853468255593199e-01
9.887798406762765557e-01
9.879469902290530792e-01
9.870878751851842603e-01
9.862037118466091545e-01
9.852958602645616182e-01
9.843658317051013906e-01
9.834152964560045618e-01
9.824460920009668863e-01
9.814602315917818620e-01
9.804599132526091720e-01
9.794475292544468914e-01
9.784256761028137239e-01
9.773971650870230121e-01
9.763650334451076107e-01
9.753325562041614827e-01
9.743032587628753793e-01
9.732809302895870651e-01
9.722696380158346585e-01
9.712737425125402835e-01
9.702979140409573322e-01
9.693471500762950166e-01
9.684267941026989401e-01
9.675425557776031749e-01
9.667005325555604323e-01
9.659072328444822109e-01
9.651696007374964692e-01
9.644950423140717932e-01
9.638914534243711030e-01
9.633672487506461657e-01
9.629313917576344251e-01
9.625934248723423403e-01
9.623634988348018782e-01
9.622523995710952072e-01
9.622715700761547142e-01
9.624331235195483503e-01
9.627498419136812924e-01
9.632351519069175527e-01
9.639030651394562277e-01
9.647680644268544770e-01
9.658449077334974042e-01
9.671483077625003810e-01
9.686924233043302523e-01
9.704900648725238721e-01
9.725514644544372977e-01
9.748823755384702361e-01
9.774811349636451929e-01
9.803340984213180231e-01
9.834084973645160765e-01
9.866411522759717112e-01
9.899204293478495176e-01
9.930570082342713434e-01
9.957358274895115047e-01
9.974358928194624330e-01
9.972945578369194486e-01
9.938754027462517460e-01
9.847706044761538324e-01
9.659325973022725442e-01
9.306256332516308349e-01
8.681061010192595573e-01
7.632316864743190488e-01
6.014570547487363417e-01
3.874073430590735390e-01
1.710175593634011004e-01
3.111394242490450254e-02
2.361281048461152422e-03
5.350183225214902999e-02
1.375214728991092927e-01
2.249832789145788658e-01
3.038866450863328406e-01
3.713359094921194758e-01
4.279798813731094387e-01
4.754806978509386606e-01
5.155597693995134234e-01
5.497034677755791021e-01
5.791136071304527899e-01
6.047370941439895731e-01
6.273135469317886459e-01
6.474203793313721977e-01
6.655099277791198809e-01
6.819383978185643569e-01
6.969879211593777990e-01
7.108832256874498823e-01
7.238042267998469059e-01
7.358955726182230261e-01
7.472739239923785748e-01
7.580335486318379168e-01
7.682506558239063921e-01
7.779867851187629579e-01
7.872914796188344999e-01
7.962044141425639321e-01
8.047571044136421214e-01
8.129742910267583333e-01
8.208750679746454892e-01
8.284738076232441850e-01
8.357809204863997365e-01
8.428034777370994046e-01
8.495457161773209975e-01
8.560094386581957870e-01
8.621943171115771243e-01
8.680980998784715297e-01
8.737167193395775078e-01
8.790442892813677966e-01
8.840729730420865407e-01
8.887926918957690381e-01
8.931906261762131427e-01
8.972504357411126286e-01
9.009510854280694536e-01
9.042650944100898425e-01
9.071559162386877428e-01
9.095739619259997077e-01
9.114504292241930594e-01
9.126874489927181422e-01
9.131417853082706149e-01
9.125967046653429282e-01
9.107109020774120101e-01
9.069199335431654685e-01
9.002312659987695698e-01
8.887567139001851801e-01
8.685123722096891319e-01
8.298322583528706664e-01
7.443959338452733610e-01
5.115693055689850555e-01
5.066039971055085606e-02
5.828209287249761505e-01
8.782764543340538799e-01
9.505389963567537626e-01
9.732652111997197597e-01
9.819529198495917655e-01
9.856607916776602973e-01
