8.111851621042267535e-01
8.194715661297236053e-01
8.205818049754520782e-01
8.441238757345025379e-01
8.645737379374572873e-01
8.889215674806868472e-01
9.172649846132974183e-01
9.485660676118898849e-01
9.787758022821594350e-01
9.952594625711660425e-01
9.631868042879381253e-01
8.087051117856048910e-01
4.794064250016756290e-01
1.417660098124291501e-01
5.914705510108368876e-03
2.218985126006923353e-02
8.666521341164748482e-02
1.539363899141963088e-01
2.121540099032490911e-01
2.602469241614342454e-01
2.997850482020201768e-01
3.326389990431174448e-01
3.604151309822865579e-01
3.843855122717861894e-01
4.055382670469652173e-01
4.246438924713397123e-01
4.423118889667453368e-01
4.590342375200618941e-01
4.752178044511997657e-01
4.912085425283830298e-01
5.073099465350883186e-01
5.237976440485184737e-01
5.409315218143126991e-01
5.589664393374425000e-01
5.781623321170200613e-01
5.987942924706818326e-01
6.211628938630152641e-01
6.456040981943090840e-01
6.724935765483320838e-01
7.021928127046209722e-01
7.276665286143602085e-01
7.725373823294731102e-01
8.136764243935158403e-01
8.600636947324538095e-01
9.088460455355023004e-01
9.549381583619380720e-01
9.822322791920017337e-01
9.500490005138241267e-01
7.854901710485445721e-01
4.635532295184531804e-01
1.525561056105930458e-01
1.772746241152529934e-02
2.471032310962972822e-02
9.118973720229642255e-02
1.712900559399969658e-01
2.481919160054794904e-01
3.176163385980050879e-01
3.794402777481581390e-01
4.345596855893867350e-01
4.837813131244784737e-01
5.271377780775969857e-01
5.614897930841971085e-01
5.258787435915407427e-01
6.958360668196283960e-01
7.112632464166502855e-01
7.392918259411981330e-01
7.673458263854721073e-01
7.967067167167506403e-01
8.238176446053800950e-01
8.487838529027580403e-01
8.721130179264259263e-01
8.938175094235780715e-01
9.133283139958281449e-01
9.306267206251295221e-01
9.458078629264731196e-01
9.588793813696949719e-01
9.698581405871280481e-01
9.787881648919195543e-01
9.857430053936189207e-01
9.908253877743934401e-01
9.941659275106777827e-01
9.959213348300055557e-01
9.962724164464918930e-01
9.954222198489776074e-01
9.935946854018886665e-01
9.910337263614992231e-01
9.879635326539097928e-01
9.848038024642969956e-01
9.817609195024805668e-01
9.792289268057017271e-01
9.776247325189579840e-01
9.774089196011197522e-01
9.790296391202957249e-01
9.826247961531611175e-01
9.866741843923166888e-01
9.814048206826070375e-01
9.113514532926982881e-01
5.057957507196374491e-01
5.678167136631839980e-03
2.525572510111273039e-01
4.538565440914769100e-01
5.319190577562681321e-01
5.994628979566909432e-01
6.332056037097678614e-01
6.599785680892762407e-01
6.790045054286794057e-01
6.943810889100738848e-01
7.079894195920317657e-01
7.210264424697804264e-01
7.344212959706766242e-01
7.496374582929823394e-01
7.586256590774417274e-01
7.786104630370515034e-01
7.982163073252261931e-01
8.200590670041371100e-01
8.445098637013359610e-01
8.715392421757003349e-01
9.006034471099347849e-01
9.297965436432634734e-01
9.553845271527229288e-01
9.702860913748267979e-01
9.626723143756238388e-01
9.183759349218597601e-01
8.201315016912208433e-01
6.645978347797147912e-01
4.748502881947326282e-01
2.943207249572196704e-01
1.563234183548841139e-01
6.947090310111221634e-02
2.404722038984181617e-02
5.677998653851820850e-03
1.886254224505960883e-03
2.643069040745113073e-03
7.645490885150899203e-03
6.705724420443888167e-01
2.211534331876185977e-01
1.851145554261034998e-01
1.873006922383025075e-01
1.991699885249791913e-01
2.147851566115496214e-01
2.322591219790512418e-01
2.508954064678553530e-01
2.704557022925009879e-01
2.911531137241925582e-01
3.129791626606669985e-01
3.362268249100714979e-01
3.612618365717392144e-01
3.935396265032417018e-01
4.401849109905772162e-01
5.603723117721554070e-01
9.155661000857830134e-02
3.405660241809109201e-01
3.989200271882960558e-01
4.394457172296976077e-01
4.702254369886847418e-01
4.941691964726829256e-01
5.280497325055296676e-01
5.529659045590371580e-01
5.780278520058012015e-01
6.027529621311108476e-01
6.270262387438569895e-01
6.507385993422641901e-01
6.737578340401388921e-01
6.959278902701504510e-01
7.170682897516881260e-01
7.369438553058920149e-01
7.555139684701760450e-01
7.723714022558235692e-01
7.873138462348004962e-01
8.000272094527504096e-01
8.100786605746446156e-01
8.167864244558108444e-01
8.189081735454120103e-01
8.138078964178923069e-01
7.949725425324588590e-01
7.405568298143966333e-01
5.900096039949065396e-01
1.008707790177591074e-01
4.671863375640964433e-01
7.850237666462210884e-01
9.021816461047220681e-01
9.218732839514258703e-01
9.344714323157966573e-01
9.440830446937221732e-01
9.529363315889497477e-01
9.619383451938976481e-01
9.714084597834584667e-01
9.813283249717705825e-01
9.912040863243447575e-01
9.999295692791763113e-01
1.004093948909137390e+00
9.929374905984361677e-01
8.146287719881827316e-01
5.888524850017921031e-01
9.318284348408547579e-01
9.341420005830078921e-01
8.742936158388364687e-01
7.623781762071152324e-01
5.929039792333430370e-01
3.799808443607535779e-01
