9.892221634940122632e-01
9.892949801510972918e-01
9.893829166118227603e-01
9.894842197665278949e-01
9.895972010167585209e-01
9.897202624603692600e-01
9.898519159130680922e-01
9.899907957442825035e-01
9.901356664472751312e-01
9.902854257961735129e-01
9.904391043701689101e-01
9.905958621496170347e-01
9.907549828137076631e-01
9.909158662952863850e-01
9.910780200770827886e-01
9.912410496472552346e-01
9.914046484687386585e-01
9.915685877594754283e-01
9.917327063289099742e-01
9.918969006674881461e-01
9.920611154453128355e-01
9.922253345382806566e-01
9.923895726679355933e-01
9.925538677135635757e-01
9.927182737316330163e-01
9.928828546973821334e-01
9.930476789675124483e-01
9.932128144491239041e-01
9.933783244501970255e-01
9.935442641781346840e-01
9.937106778473071556e-01
9.938775963519264067e-01
9.940450354589376314e-01
9.942129944726429969e-01
9.943814553241895338e-01
9.945503820383406746e-01
9.947197205324419533e-01
9.948893987031741659e-01
9.950593267600340575e-01
9.952293977663202451e-01
9.953994883516947834e-01
9.955694595628751253e-01
9.957391578223239170e-01
9.959084159676363512e-01
9.960770543468158156e-01
9.962448819483071816e-01
9.964116975463802595e-01
9.965772908455602375e-01
9.967414436099104602e-01
9.969039307655864768e-01
9.970645214662468003e-01
9.972229801141142547e-01
9.973790673296110132e-01
9.975325408653742398e-01
9.976831564609355274e-01
9.978306686360923772e-01
9.979748314217133931e-01
9.981153990277394916e-01
9.982521264492094648e-01
9.983847700113193113e-01
9.985130878555423806e-01
9.986368403691855411e-01
9.987557905608929198e-01
9.988697043854172231e-01
9.989783510205629824e-01
9.990815031001893942e-01
9.991789369063849291e-01
9.992704325247554475e-01
9.993557739662870532e-01
9.994347492596146187e-01
9.995071505172096193e-01
9.995727739789331823e-01
9.996314200368457970e-01
9.996828932443668769e-01
9.997270023131921146e-01
9.997635601013944440e-01
9.997923835955143668e-01
9.998132938904186195e-01
9.998261161692596488e-01
9.998306796869098623e-01
9.998268177600906359e-01
9.998143677670171536e-01
9.997931711597675131e-01
9.997630734928646401e-01
9.997239244719274831e-01
9.996755780261826763e-01
9.996178924098637619e-01
9.995507303382292763e-01
9.994739591649332011e-01
9.993874511101260572e-01
9.992910835501749300e-01
9.991847393852361092e-01
9.990683075050552642e-01
9.989416833827903242e-01
9.988047698393236473e-01
9.986574780391921369e-01
9.984997288106443047e-01
9.983314544316800321e-01
9.981526011045216418e-01
9.979631324801080394e-01
9.977630348385916337e-01
9.975523249785914759e-01
9.973310627276553708e-01
9.970993717206965146e-01
9.968574758315953410e-01
9.966057673185344523e-01
9.963449448676312548e-01
9.960763232346721008e-01
9.958026296883863981e-01
9.955304988001394406e-01
9.952812088590897721e-01
9.951791242575270813e-01
9.929517707813805272e-01
9.938158050216983064e-01
9.935805597182894022e-01
9.932572964712900188e-01
9.929009979285700060e-01
9.925245534055308072e-01
9.921326479989003300e-01
9.917274673675877672e-01
9.913102345114264136e-01
9.908817461212879874e-01
9.904425945182497859e-01
9.899932716031515367e-01
9.895342225244647683e-01
9.890658757622599051e-01
9.885886612939747131e-01
9.881030223731084305e-01
9.876094237244218421e-01
9.871083576588792763e-01
9.866003489542785054e-01
9.860859589991239904e-01
9.855657895047930106e-01
9.850404859798402857e-01
9.845107410968676476e-01
9.839772980426373383e-01
9.834409539185522409e-01
9.829025632458479045e-01
9.823630416203373850e-01
9.818233695592073484e-01
9.812845965802811099e-01
9.807478455555758146e-01
9.802143173841236790e-01
9.796852960327993021e-01
9.791621539997107382e-01
9.786463582621842683e-01
9.781394767790169142e-01
9.776431856273490872e-01
9.771592768653699634e-01
9.766896672254469225e-01
9.762364077571134002e-01
9.758016945558253274e-01
9.753878807321418876e-01
9.749974897960290710e-01
9.746332306523224354e-01
9.742980144264262732e-01
9.739949733609072346e-01
9.737274820437861189e-01
9.734991812448023918e-01
9.733140046405276413e-01
9.731762086977320259e-01
9.730904059431595421e-01
9.730616017593325395e-01
9.730952346812188347e-01
9.731972198825936671e-01
9.733739950620579062e-01
9.736325671546042226e-01
9.739805570258125433e-01
9.744262372605846378e-01
9.749785548690299564e-01
9.756471254155393291e-01
9.764421764428137251e-01
9.773744039061069699e-01
9.784546818710500027e-01
9.796935263135936323e-01
9.811001465958001377e-01
9.826808013035059908e-01
9.844359677850275103e-01
9.863554582778158997e-01
9.884099139882329688e-01
9.905357625931887622e-01
9.926080576856689541e-01
9.943901427578037966e-01
9.954373977410937435e-01
9.949063699749158829e-01
9.911606580450316173e-01
9.809225728196626637e-01
9.573845223084993528e-01
9.060145403561494781e-01
7.965073238316138227e-01
5.788325030975277619e-01
2.481877528829171675e-01
1.419867821807237022e-02
5.634295254120393753e-02
2.198038993044246214e-01
3.690769392903296420e-01
4.788795624365391745e-01
5.568775158477389242e-01
6.130224872462688435e-01
6.544532845188949510e-01
