1.882902235703653171e-01
2.379254371250050792e-01
2.868093476724786761e-01
3.341358226609544846e-01
3.794615515158491492e-01
4.225764563424223019e-01
4.634180518904248980e-01
5.020151968287731581e-01
5.384510956684768201e-01
5.728388250661436976e-01
6.053050335685948857e-01
6.359790351694147859e-01
6.649855295155261414e-01
6.924398245124813167e-01
7.184448414716552156e-01
7.430894351421515331e-01
7.664477166307750444e-01
7.885791629737213260e-01
8.095293812045570858e-01
8.293308970450874451e-01
8.480060834801248504e-01
8.655671147904443474e-01
8.820194060780955914e-01
8.973632516166257789e-01
9.115959820771180055e-01
9.247139914763857771e-01
9.367146112428655913e-01
9.475978032317792232e-01
9.573677867608292313e-01
9.660366746142255989e-01
9.735842984230891339e-01
9.800996213376607091e-01
9.855622619636955628e-01
9.900152594250055671e-01
9.934993154678596339e-01
9.960602545633681082e-01
9.977488417840125745e-01
9.986201353223636001e-01
9.987327136394336113e-01
9.981478568151898045e-01
9.969287237001693835e-01
9.951395544655854408e-01
9.928449209795722208e-01
9.901090416404995098e-01
9.869951722510365011e-01
9.835650801567353829e-01
9.798786052350961784e-01
9.759933084450409524e-01
9.719642065427429589e-01
9.678435902379800559e-01
9.636809224996033540e-01
9.595228139370289844e-01
9.554130732373887769e-01
9.513928326647954625e-01
9.475007518817621932e-01
9.437733083081060181e-01
9.402451897068538900e-01
9.369498161059777175e-01
9.339200360183691485e-01
9.311890706469561074e-01
9.287918274706989941e-01
9.267667866061413129e-01
9.251588095822184110e-01
9.240234917097932543e-01
9.234342062547357122e-01
9.234940623696783479e-01
9.243573021206286100e-01
9.262698487532348146e-01
9.296506255643508521e-01
9.352585294769932833e-01
9.444483677726874804e-01
9.569969773638336008e-01
7.621011806244040176e-01
5.207584661580982877e-01
7.939354975601994324e-01
8.441194987861407872e-01
8.648783480089343723e-01
8.766677399603609588e-01
8.852247813809913657e-01
8.918124175961490430e-01
8.974949943732378754e-01
9.026974808149114127e-01
9.076601991110764267e-01
9.125279333578383278e-01
9.173920701958003798e-01
9.223127370346573262e-01
9.273301447177595414e-01
9.324710586840851967e-01
9.377521143036584572e-01
9.431809814398354197e-01
9.487555784941839043e-01
9.544609381807088733e-01
9.602625780282434409e-01
9.660939940366942702e-01
9.718335703262461767e-01
9.772615035146646756e-01
9.819773887663836298e-01
9.852370569621179408e-01
9.856162467466016430e-01
9.802865399386836431e-01
9.633939142500536068e-01
9.223771253703552109e-01
8.303194694799325148e-01
6.379536865175434723e-01
3.163234413129949463e-01
3.631447417834746116e-02
3.673663163250841246e-02
1.941018959483652717e-01
3.503564693184993417e-01
4.626510362885607464e-01
5.385360869808581974e-01
5.883015344626650878e-01
6.189875270277760411e-01
6.344472909813698713e-01
6.360514658929342646e-01
6.229724795655586789e-01
5.919218766135284637e-01
5.363588936381944450e-01
4.457383322489634203e-01
3.085788943257984918e-01
1.344827699462316228e-01
1.187371195877668165e-02
8.262644301358196275e-02
3.084733983822234293e-01
5.240689965679917739e-01
6.693288578113500975e-01
7.583298684996129246e-01
8.126898198214935753e-01
8.466289951833082528e-01
8.682848767003020773e-01
8.822549809911406360e-01
8.911992326005419018e-01
8.967099403419672710e-01
8.997749182149437086e-01
9.010283344964222785e-01
9.008905892148264538e-01
8.996488451966920818e-01
8.975048913309183751e-01
8.946045204355970171e-01
8.910563439036066624e-01
8.869454934690950143e-01
8.823554288777221144e-01
8.765542808397048802e-01
8.716255760241393702e-01
8.657717370754347552e-01
8.595417985673422523e-01
8.529741811107282023e-01
8.460920208199215198e-01
8.389135269596347255e-01
8.314538590740541135e-01
8.237257578922871915e-01
8.157398114712640647e-01
8.075045494469847984e-01
7.990264054254134773e-01
7.903097702037312766e-01
7.813565624724064795e-01
7.721662261703272634e-01
7.627353472690051595e-01
7.530573281366079730e-01
7.431220494920823816e-01
7.329151790458816595e-01
7.223307811641709320e-01
7.114582667084886625e-01
7.003500104906938972e-01
6.887858006739625560e-01
6.767643802597781422e-01
6.642262355417998254e-01
6.510928852656568955e-01
6.372668669715549905e-01
6.226283848291584988e-01
6.070305288951328704e-01
5.902931257893891948e-01
5.721949793080831626e-01
5.524641694032763617e-01
5.307660835072155470e-01
5.066890249261034596e-01
4.797277938714862855e-01
4.492670589921479718e-01
4.145697176951920748e-01
3.747831515862699581e-01
3.289933675692610637e-01
2.763936774400701513e-01
2.167088433608451159e-01
1.511476665872171499e-01
8.431466182134646214e-02
2.738223231430703467e-02
1.295919085337860453e-03
3.431673074661940881e-02
1.451798223537600352e-01
3.190179634705678224e-01
5.095099858582993191e-01
6.732748470744345237e-01
7.930216495703907853e-01
8.720143220868373790e-01
9.206156490135547488e-01
9.486690160419192219e-01
9.633267939390919299e-01
9.682002340443496280e-01
9.706519120957907143e-01
9.656339135077297575e-01
