8.698878689699817146e-01
9.093952723090773516e-01
9.427414255024989531e-01
9.699151488041083402e-01
9.910710267292135445e-01
1.006492667567465249e+00
1.016560847129339917e+00
1.021722593661995804e+00
1.022460238786595976e+00
1.019254051351698553e+00
1.012569625109226212e+00
1.002767797756487944e+00
9.900858851821744411e-01
9.745165294340113471e-01
9.556317418236246475e-01
9.322247219014679898e-01
9.015289455294804855e-01
8.573646443849125554e-01
7.854192609412522508e-01
6.514273701888756429e-01
3.872601970155838957e-01
4.189096273645051549e-02
1.154692038498044554e-01
4.258347315398126054e-01
6.178153988736933000e-01
7.169531931735929620e-01
7.717495221220331825e-01
8.054060211447016115e-01
8.286313955951145616e-01
8.463703372879120002e-01
8.614215384809672527e-01
8.753357309878361248e-01
8.890870382192361809e-01
9.033358940584763630e-01
9.185469398634813487e-01
9.350097579522492763e-01
9.527553146326739331e-01
9.712989713427385707e-01
9.890327112674799359e-01
1.001879211478590381e+00
1.000494221029276654e+00
9.653755331863722589e-01
8.628732799545774101e-01
6.600694836126752563e-01
3.833281419056539518e-01
1.446196596632546572e-01
2.392084013830402672e-02
9.704403626368409514e-04
2.533346668744632449e-02
6.439219014204804192e-02
1.037637655459374142e-01
1.384514417125606300e-01
1.673259857739196055e-01
1.906476825401448583e-01
2.090701551910630618e-01
2.232922036040520530e-01
2.338868387780394520e-01
2.413059896391090975e-01
2.458526456653064851e-01
2.476793336437974058e-01
2.467728229893488001e-01
2.429282618117155901e-01
2.356484572694332036e-01
2.240565100819960076e-01
2.066209621064730162e-01
1.808614318290359679e-01
1.401306500663960231e-01
8.134134564290258773e-02
8.708169630019427232e-03
1.515015067760447642e-01
8.581158302763097767e-01
8.435721130092129760e-01
7.181439634622264201e-01
6.250539712894975786e-01
5.466700314332596511e-01
3.746272427807537664e-01
8.295312225243909321e-01
6.485587798429325312e-01
6.075913187597984377e-01
5.891730711485237970e-01
5.796208465137598909e-01
5.749168188724507189e-01
5.733617659024222712e-01
5.740769978778980098e-01
5.765472966280141831e-01
5.804437490169185310e-01
5.855430425403097550e-01
5.916861654349963029e-01
5.987553321310995491e-01
6.066601706790989423e-01
6.153289734089418817e-01
6.247028783448335121e-01
6.347318244696400491e-01
6.453716175389704324e-01
6.565817073139585958e-01
6.683234246258228373e-01
6.805585107350345941e-01
6.932478162454915882e-01
7.063500502341752973e-01
7.198202290712629736e-01
7.335837989965331429e-01
7.476662795019529684e-01
7.619302422995848367e-01
7.762634121636320383e-01
7.906759867020201060e-01
8.049697585850503767e-01
8.189554840448185491e-01
8.322648567874297854e-01
8.439803070635288895e-01
8.502952463453320453e-01
7.561177487838874889e-01
9.197556706315564989e-01
9.199324354345775889e-01
9.285560588970813711e-01
9.384692682674954378e-01
9.483077338390762945e-01
9.575703266925092993e-01
9.659893055578387955e-01
9.733829429724463189e-01
9.796020130977682872e-01
9.845499556564240029e-01
9.880816421647071746e-01
9.900925152146119457e-01
9.904458024540879757e-01
9.889319279544314112e-01
9.849740560120572308e-01
9.636686885232039756e-01
9.767120835784689481e-01
9.654507018489906223e-01
9.516449506363177102e-01
9.336507405814228333e-01
9.096249406753514899e-01
8.765666302637399321e-01
8.292857769500231457e-01
7.588408768313064101e-01
6.514204736826204600e-01
4.986367784540483572e-01
2.806130191780727423e-01
1.181277879643684026e-01
4.602813973409230347e-02
4.203305553532871858e-02
8.838925273011317973e-02
1.817445911309976680e-01
2.917938129993142837e-01
3.875209328767738604e-01
4.589752446890287829e-01
5.088465844936044258e-01
5.426784488389297945e-01
5.652679207915703996e-01
5.800886218342474754e-01
5.894937503376023180e-01
5.941442461360758598e-01
5.995622616311359065e-01
6.011729430356387294e-01
6.020142307861243713e-01
6.025658257875525781e-01
6.033189052865377544e-01
6.048892507826948428e-01
6.080849325086513657e-01
6.142066583421423864e-01
6.257673252091818794e-01
6.487644624510450209e-01
7.026424759768563622e-01
9.020711347536676250e-01
1.960394392095476251e-02
3.408039994378240234e-01
4.208662707226464850e-01
4.519003904176632780e-01
4.658741553385392642e-01
4.662453628091579039e-01
3.330659294958038252e-01
5.427765788711811368e-01
5.301685996563124670e-01
5.307452181559940696e-01
5.341717729318390395e-01
5.387666695179135212e-01
5.440348624884345785e-01
5.497715221877397251e-01
5.558592683111337474e-01
5.622069423493455398e-01
5.687099499999710428e-01
5.753090108891292243e-01
5.818715549554599464e-01
5.882862686374155103e-01
5.944201835272253653e-01
6.001118509592201500e-01
6.051034426071952854e-01
6.079762274262225930e-01
6.161705304161666508e-01
6.177835581862198833e-01
6.198165094544363374e-01
6.204082343965316992e-01
6.199445501709845985e-01
6.183232317443724257e-01
6.155465522432619352e-01
6.116692948245096018e-01
6.061374862500628069e-01
6.037664224298855409e-01
5.986894049243198790e-01
5.945153202461479491e-01
