9.943990889416646217e-01
9.944168786154093942e-01
9.944359002432758832e-01
9.944561340215061218e-01
9.944775735242874504e-01
9.945002229812223149e-01
9.945240948094780098e-01
9.945492074076441869e-01
9.945755832103471139e-01
9.946032469969191547e-01
9.946322244429365300e-01
9.946625408999840712e-01
9.946942203870052790e-01
9.947272847751909008e-01
9.947617531472803254e-01
9.947976413128019058e-01
9.948349614604186097e-01
9.948737219292601575e-01
9.949139270829302495e-01
9.949555772694949063e-01
9.949986688534167012e-01
9.950431943058921647e-01
9.950891423414430781e-01
9.951364980901522550e-01
9.951852432962345896e-01
9.952353565344249642e-01
9.952868134374189824e-01
9.953395869280246000e-01
9.953936474514061272e-01
9.954489632030439905e-01
9.955055003492395693e-01
9.955632232372902957e-01
9.956220945941373079e-01
9.956820757111582987e-01
9.957431266149913140e-01
9.958052062233019308e-01
9.958682724860155044e-01
9.959322825114735878e-01
9.959971926784469964e-01
9.960629587342356706e-01
9.961295358798624155e-01
9.961968788428489097e-01
9.962649419388073246e-01
9.963336791226989897e-01
9.964030440304777470e-01
9.964729900125864903e-01
9.965434701598987477e-01
9.966144373232068698e-01
9.966858441270471936e-01
9.967576429790576675e-01
9.968297860750963135e-01
9.969022254016910445e-01
9.969749127357133700e-01
9.970477996425093359e-01
9.971208374727601464e-01
9.971939773588425204e-01
9.972671702109704439e-01
9.973403667136020445e-01
9.974135173225950890e-01
9.974865722632442200e-01
9.975594815295654172e-01
9.976321948851800681e-01
9.977046618657068322e-01
9.977768317831025024e-01
9.978486537318045357e-01
9.979200765970653864e-01
9.979910490652083022e-01
9.980615196360895780e-01
9.981314366376078384e-01
9.982007482424077871e-01
9.982694024866282101e-01
9.983373472905581192e-01
9.984045304814792576e-01
9.984708998183323692e-01
9.985364030181569373e-01
9.986009877844082006e-01
9.986646018366738264e-01
9.987271929423516825e-01
9.987887089494545956e-01
9.988490978208004467e-01
9.989083076696132490e-01
9.989662867962143533e-01
9.990229837256394685e-01
9.990783472461944870e-01
9.991323264489967437e-01
9.991848707680510699e-01
9.992359300209643358e-01
9.992854544502571823e-01
9.993333947648698201e-01
9.993797021822303783e-01
9.994243284701617158e-01
9.994672259892517507e-01
9.995083477349517853e-01
9.995476473795549266e-01
9.995850793142080359e-01
9.996205986904265206e-01
9.996541614610900961e-01
9.996857244212951077e-01
9.997152452483766272e-01
9.997426825412212281e-01
9.997679958590223182e-01
9.997911457588707362e-01
9.998120938327533791e-01
9.998308027431275224e-01
9.998472362577637274e-01
9.998613592828786700e-01
9.998731378954717197e-01
9.998825393739302347e-01
9.998895322271569297e-01
9.998940862223255621e-01
9.998961724108442750e-01
9.998957631524811873e-01
9.998928321380152751e-01
9.998873544096024135e-01
9.998793063794552127e-01
9.998686658464704946e-01
9.998554120106778464e-01
9.998395254855660941e-01
9.998209883084712146e-01
9.997997839484217275e-01
9.997758973120215442e-01
9.997493147470046804e-01
9.997200240435719643e-01
9.996880144336041107e-01
9.996532765875983939e-01
9.996158026096709781e-01
9.995755860305376439e-01
9.995326217985648354e-01
9.994869062691502659e-01
9.994384371926381405e-01
9.993872137008587009e-01
9.993332362926216073e-01
9.992765068187543509e-01
9.992170284663509650e-01
9.991548057434239682e-01
9.990898444641537202e-01
9.990221517349273661e-01
9.989517359425625909e-01
9.988786067445510897e-01
9.988027750628436507e-01
9.987242530816659025e-01
9.986430542503189622e-01
9.985591932923963965e-01
9.984726862223169963e-01
9.983835503705598136e-01
9.982918044193666018e-01
9.981974684501294659e-01
9.981005640047300176e-01
9.980011141625617643e-01
9.978991436356055011e-01
9.977946788841233206e-01
9.976877482557074961e-01
9.975783821509828231e-01
9.974666132197134161e-01
9.973524765912454848e-01
9.972360101446333669e-01
9.971172548242546174e-01
9.969962550078874663e-01
9.968730589364612760e-01
9.967477192162461641e-01
9.966202934079282372e-01
9.964908447212950104e-01
9.963594428403822478e-01
9.962261649129671159e-01
9.960910967517028203e-01
9.959543343134507065e-01
9.958159855530936966e-01
9.956761727936539463e-01
9.955350358250731890e-01
9.953927360597938367e-01
9.952494622600667196e-01
9.951054386724665912e-01
9.949609369632058664e-01
9.948162943642486766e-01
9.946719423685603800e-01
9.945284541602398276e-01
9.943866271124356393e-01
9.942476351990660044e-01
9.941133320171459120e-01
9.939869114756446633e-01
9.938745319802759770e-01
9.937900068465345127e-01
9.937714566601800747e-01
9.939077036471754001e-01
9.889110110498039452e-01
9.921406468628732878e-01
9.923465021443382827e-01
9.923282345036783525e-01
9.922490041564575591e-01
9.921458609595980027e-01
9.920318848711781046e-01
9.919129517868804369e-01
9.917921567423211293e-01
9.916713294028962622e-01
9.915516486099262838e-01
9.914339223618249264e-01
9.913187262336828898e-01
9.912064756485875483e-01
9.910974647392052361e-01
9.909918872803594736e-01
