9.941092051921242012e-01
9.941461705110458125e-01
9.941853909816107393e-01
9.942267105736612987e-01
9.942699918355164534e-01
9.943151149993815219e-01
9.943619768090369293e-01
9.944104891544052194e-01
9.944605775840088535e-01
9.945121797545974918e-01
9.945652438663687978e-01
9.946197271224525016e-01
9.946755942431239061e-01
9.947328160577851852e-01
9.947913681910753869e-01
9.948512298547834698e-01
9.949123827520600649e-01
9.949748100967473752e-01
9.950384957483879855e-01
9.951034234596576322e-01
9.951695762324573868e-01
9.952369357766375213e-01
9.953054820645360623e-01
9.953751929738737791e-01
9.954460440113443997e-01
9.955180081085543975e-01
9.955910554827069880e-01
9.956651535538236786e-01
9.957402669115135163e-01
9.958163573238837385e-01
9.958933837821358770e-01
9.959713025744262316e-01
9.960500673841330421e-01
9.961296294065329349e-01
9.962099374801276497e-01
9.962909382280016324e-01
9.963725762063587732e-01
9.964547940564842943e-01
9.965375326580867554e-01
9.966207312814714392e-01
9.967043277369839194e-01
9.967882585199833168e-01
9.968724589504058820e-01
9.969568633060111873e-01
9.970414049483420360e-01
9.971260164414844640e-01
9.972106296630202094e-01
9.972951759071533306e-01
9.973795859800642649e-01
9.974637902878500384e-01
9.975477189168271419e-01
9.976313017072683254e-01
9.977144683201367714e-01
9.977971482978867934e-01
9.978792711194351961e-01
9.979607662500200593e-01
9.980415631862795678e-01
9.981215914970696934e-01
9.982007808606612187e-01
9.982790610985691204e-01
9.983563622066420340e-01
9.984326143839113987e-01
9.985077480593739230e-01
9.985816939174628759e-01
9.986543829221711244e-01
9.987257463406888913e-01
9.987957157663532870e-01
9.988642231416279271e-01
9.989312007810740024e-01
9.989965813948491480e-01
9.990602981127224558e-01
9.991222845087877058e-01
9.991824746273467728e-01
9.992408030098122174e-01
9.992972047228273480e-01
9.993516153878569952e-01
9.994039712119959784e-01
9.994542090207054752e-01
9.995022662918126022e-01
9.995480811911969798e-01
9.995915926103168259e-01
9.996327402053721833e-01
9.996714644381100578e-01
9.997077066183540639e-01
9.997414089484201183e-01
9.997725145690867787e-01
9.998009676072967533e-01
9.998267132256352108e-01
9.998496976732752506e-01
9.998698683388276276e-01
9.998871738044265989e-01
9.999015639018012935e-01
9.999129897695765434e-01
9.999214039121105957e-01
9.999267602600317995e-01
9.999290142319999797e-01
9.999281227978008557e-01
9.999240445430972457e-01
9.999167397353398989e-01
9.999061703909276622e-01
9.998923003438817680e-01
9.998750953154634802e-01
9.998545229854283178e-01
9.998305530640835270e-01
9.998031573659897919e-01
9.997723098843541711e-01
9.997379868671434355e-01
9.997001668940346253e-01
9.996588309546039497e-01
9.996139625278916974e-01
9.995655476630659342e-01
9.995135750612373915e-01
9.994580361589076034e-01
9.993989252123325340e-01
9.993362393835910629e-01
9.992699788280814399e-01
9.992001467834793482e-01
9.991267496604110399e-01
9.990497971351426365e-01
9.989693022439516401e-01
9.988852814799087376e-01
9.987977548919672044e-01
9.987067461867263907e-01
9.986122828332609780e-01
9.985143961711463456e-01
9.984131215224368860e-01
9.983084983078589492e-01
9.982005701678304810e-01
9.980893850889902552e-01
9.979749955371420844e-01
9.978574585972925792e-01
9.977368361218929005e-01
9.976131948887811962e-01
9.974866067694541094e-01
9.973571489100400145e-01
9.972249039264885484e-01
9.970899601156483216e-01
9.969524116854315832e-01
9.968123590058911576e-01
9.966699088849968469e-01
9.965251748723483738e-01
9.963782775947475079e-01
9.962293451286290402e-01
9.960785134142586816e-01
9.959259267177511532e-01
9.957717381479128660e-01
9.956161102353101588e-01
9.954592155827010069e-01
9.953012375965837322e-01
9.951423713112690361e-01
9.949828243183770349e-01
9.948228178162439317e-01
9.946625877957848694e-01
9.945023863815591891e-01
9.943424833487365389e-01
9.941831678400957495e-01
9.940247503094838954e-01
9.938675647213605080e-01
9.937119710398581995e-01
9.935583580435318751e-01
9.934071465057324746e-01
9.932587927831437735e-01
9.931137928565804129e-01
9.929726868675241569e-01
9.928360641894321548e-01
9.927045690608625739e-01
9.925789067828666434e-01
9.924598504361925588e-01
9.923482479838561243e-01
9.922450294534608251e-01
9.921512135105892138e-01
9.920679114150111610e-01
9.919963115877289406e-01
9.919341859085053503e-01
9.918934989424000870e-01
9.918651371861721966e-01
9.918537149856511137e-01
9.918600401600081717e-01
9.918835653244338912e-01
9.919198605099043276e-01
9.919509027836402870e-01
9.918871662190185123e-01
9.903655829195967542e-01
9.927496774544674052e-01
9.931990568737207870e-01
9.934718090791174738e-01
9.938214313242220710e-01
9.942426558603060238e-01
9.947294274943608849e-01
9.952714298207342436e-01
9.958458786250131700e-01
9.964032036336691878e-01
9.968382325703678548e-01
9.969274079461175608e-01
9.961816087001116315e-01
9.934695653241101265e-01
9.859406954814027291e-01
9.654692908607893642e-01
9.046787176308752620e-01
6.957286064010029802e-01
