9.745811966231965329e-01
9.761737444445437450e-01
9.777539603989400252e-01
9.792925971264045959e-01
9.807664725303950615e-01
9.821579283602804855e-01
9.834542604653576658e-01
9.846471397588809626e-01
9.857320391572326201e-01
9.867076784597983430e-01
9.875754962758384048e-01
9.883391556508115405e-01
9.890040879616457392e-01
9.895770779018255858e-01
9.900658909293391652e-01
9.904789433715446290e-01
9.908250144360440936e-01
9.911129986398330427e-01
9.913516966112274620e-01
9.915496418127595080e-01
9.917149604606736446e-01
9.918552617504318158e-01
9.919775554234221415e-01
9.920881937096590608e-01
9.921928347392342529e-01
9.922964246191591231e-01
9.924031955118167714e-01
9.925166772143620975e-01
9.926397199207314115e-01
9.927745260378230130e-01
9.929226891242941555e-01
9.930852382151189595e-01
9.932626859883577630e-01
9.934550794141990826e-01
9.936620517047433099e-01
9.938828745477634730e-01
9.941165097640101145e-01
9.943616596690467713e-01
9.946168155523783527e-01
9.948803038038106505e-01
9.951503293236296788e-01
9.954250159466242476e-01
9.957024436933652467e-01
9.959806827337667201e-01
9.962578240095261162e-01
9.965320065151713758e-01
9.968014412799468538e-01
9.970644321284959366e-01
9.973193933256003785e-01
9.975648642309210556e-01
9.977995211024388578e-01
9.980221861957850882e-01
9.982318343058900201e-01
9.984275968932181389e-01
9.986087639239206171e-01
9.987747835344257252e-01
9.989252596032136555e-01
9.990599472755837818e-01
9.991787464385699646e-01
9.992816930788199770e-01
9.993689483734804480e-01
9.994407852552116278e-01
9.994975720489451820e-01
9.995397525887661505e-01
9.995678219688808319e-01
9.995822967410155080e-01
9.995836779034823483e-01
9.995724043869526065e-01
9.995487938520122295e-01
9.995129663669855002e-01
9.994647447685904851e-01
9.994035229811663035e-01
9.993280899133433204e-01
9.992363911944052157e-01
9.991252030690982444e-01
9.989896808276156337e-01
9.988227259309254702e-01
9.986140877669764659e-01
9.983490714871762206e-01
9.980066519578278950e-01
9.975566768866144240e-01
9.969556463465296670e-01
9.961402201193572115e-01
9.950170132380723453e-01
9.934461696653483775e-01
9.912142040271938459e-01
9.879877363190799899e-01
9.832320020829256046e-01
9.760619265073889883e-01
9.649589113340415469e-01
9.472101106932918624e-01
9.177605633179637401e-01
8.668547478178976196e-01
7.756960559830955448e-01
6.129875211419731906e-01
3.588978062671718261e-01
1.018084010074881557e-01
3.902428212553359088e-02
1.926292708885199156e-01
3.869280773164641696e-01
5.337988926164071168e-01
6.328266006353299167e-01
6.994162464522808431e-01
7.454107507360212548e-01
7.781954803167303591e-01
8.022486989734838314e-01
8.203331945501548539e-01
8.342045043515805558e-01
8.450134475631622122e-01
8.535344790285488425e-01
8.602616611977308425e-01
8.045267737089922822e-01
8.697986636573991071e-01
8.734114397061361057e-01
8.761914910058175021e-01
8.783524150209702785e-01
8.800011562448133429e-01
8.812147994086455549e-01
8.820530190342591448e-01
8.825632263544824774e-01
8.827836446765109368e-01
8.827454165001726860e-01
8.824741328967051768e-01
8.819909772722751562e-01
8.813135970737683289e-01
8.804567773664525587e-01
8.794329670400892196e-01
8.782526936341278345e-01
8.769248928696095069e-01
8.754571721151098718e-01
8.738560221554370067e-01
8.721269881372373245e-01
8.702748080242415085e-01
8.683035250346342604e-01
8.662165791742378884e-01
8.640168819944537004e-01
8.617068780144223616e-01
8.592885958017492110e-01
8.567636914761369571e-01
8.541334873870358724e-01
8.513990089370352399e-01
8.485610230318352265e-01
8.456200825291790846e-01
8.425765824895977696e-01
8.394308362625855224e-01
8.361831828974745084e-01
8.328341427571784861e-01
8.293846467406768008e-01
8.258363782810815845e-01
8.221922900401076317e-01
8.184573959286971512e-01
8.146400071400140552e-01
8.107537051686105611e-01
8.068205819744252993e-01
8.028767539423330435e-01
7.989821734413585785e-01
7.952390970909470891e-01
7.918294309185603952e-01
7.890976182862051713e-01
7.877590207631485208e-01
7.895227857532827187e-01
7.994701337878743486e-01
8.347695077773656935e-01
4.336894381509101004e-01
6.461317964635340250e-01
6.722047276780949154e-01
6.760700013745682968e-01
6.728197850821022730e-01
6.660642174197733967e-01
6.570508667471274267e-01
6.462871852314574506e-01
6.339849696508402799e-01
6.202164159658229980e-01
6.049788993493190326e-01
5.882256156974619010e-01
5.698820152751925550e-01
5.498560710831615905e-01
5.280461013234742929e-01
5.043481536351774874e-01
4.786642556926202774e-01
4.509125538484972107e-01
4.210402485915399340e-01
3.890401562730392837e-01
3.549715717889925792e-01
3.189857554456803079e-01
2.813556628958454597e-01
2.425082496699321188e-01
2.030551802022640129e-01
1.638077991126992428e-01
1.257473800963136157e-01
9.060516680322840133e-02
5.917460586706230208e-02
3.324580645836480025e-02
1.425862757418648076e-02
3.443451099475526057e-03
1.650372916967609909e-03
9.215863196717072672e-03
2.589613457044609088e-02
5.088656845855630412e-02
8.292461314007656958e-02
