9.930944564448016543e-01
9.936902222905380500e-01
9.942662814075121647e-01
9.948205875704285717e-01
9.953512920824594268e-01
9.958567447866691902e-01
9.963354932898765837e-01
9.967862810397166706e-01
9.972080448078373127e-01
9.975999120506645612e-01
9.979611985437765176e-01
9.982914066133445896e-01
9.985902242237799653e-01
9.988575251187866710e-01
9.990933701560975599e-01
9.992980099244906933e-01
9.994718886789357715e-01
9.996156495801215014e-01
9.997301411735344256e-01
9.998164249861377639e-01
9.998757840578551548e-01
9.999097321503372937e-01
9.999200232857627935e-01
9.999086611543998027e-01
9.998779077837629536e-01
9.998302906693354863e-01
9.997686073132098228e-01
9.996959257765226647e-01
9.996155793954087931e-01
9.995311531917927539e-01
9.994464586714993937e-01
9.993654925557103885e-01
9.992923734203283948e-01
9.992312480467181457e-01
9.991861562793820095e-01
9.991608389844651716e-01
9.991584678046863122e-01
9.991812670620342507e-01
9.992299862785503084e-01
9.993031647328854961e-01
9.993961048091785093e-01
9.994994349360214470e-01
9.995970900511210733e-01
9.996634591689241844e-01
9.996593325401660346e-01
9.995261046150570872e-01
9.991774219172571136e-01
9.984870583674451128e-01
9.972711809447312170e-01
9.952622282532186393e-01
9.920702179244826890e-01
9.871252636242826561e-01
9.795923491355209567e-01
9.682463683373158103e-01
9.512940297519831834e-01
9.261357580509381737e-01
8.890925073813404911e-01
8.352197783769842454e-01
7.585653973441048858e-01
6.536405385966280734e-01
5.191548194397417326e-01
3.638938767767436189e-01
2.103506854885805188e-01
8.817805403551151611e-02
1.790698022078943477e-02
3.124632755331288310e-04
2.138736152580914679e-02
6.394840284953134946e-02
1.147875267079428163e-01
1.659926433214045094e-01
2.136467201061204024e-01
2.562293060241881415e-01
2.934720792901778230e-01
3.256856215059975579e-01
3.534028023727908696e-01
3.772067410292461731e-01
3.976483019451999557e-01
4.152197804851059937e-01
4.303473111540954132e-01
4.433935503404654033e-01
4.546650140770543413e-01
4.644201058808074545e-01
4.728767453515958508e-01
4.802191084916033748e-01
4.866033651278137140e-01
4.921624648356487941e-01
4.970100855793250783e-01
5.012438735253066380e-01
5.049480954249502274e-01
5.081958099110555072e-01
5.110506472668248090e-01
5.135682714464987475e-01
5.157975843724871279e-01
5.177817210203652376e-01
5.195588743932170184e-01
5.211629819243759343e-01
5.226242988707392456e-01
5.239698796663153635e-01
5.252239849312807518e-01
5.264084300974039010e-01
5.275428923515420587e-01
5.286451988639555566e-01
5.297316414049553224e-01
5.308174410003438926e-01
5.319178208151850162e-01
5.330521483222770973e-01
5.342778024516565694e-01
5.346967540885724235e-01
5.364336347924725246e-01
5.377657529778905321e-01
5.391293905118539342e-01
5.405504647898067283e-01
5.420377382416197154e-01
5.435959009447305368e-01
5.452277528855429267e-01
5.469347919998934771e-01
5.487174260649442248e-01
5.505750882231893462e-01
5.525064013885995218e-01
5.545097999737134131e-01
5.565887375680587112e-01
5.586201797916003908e-01
5.608605429901404316e-01
5.630980801673888259e-01
5.653713896534710015e-01
5.676738714039253342e-01
5.699954737343102540e-01
5.723244348847645879e-01
5.746475528623338214e-01
5.769502330245802613e-01
5.792164820172651662e-01
5.814288849673757698e-01
5.835685764519323859e-01
5.856152086717215655e-01
5.875469178847350094e-01
5.893402891813074307e-01
5.909703191978801229e-01
5.924103760805832231e-01
5.936321558254226138e-01
5.946056340136149920e-01
5.952990119246149847e-01
5.956786560599787173e-01
5.957090302683184513e-01
5.953526199512376715e-01
5.945698482860832801e-01
5.933189850623297179e-01
5.915560496405665170e-01
5.892347107629082315e-01
5.863061875352251207e-01
5.827191579432743351e-01
5.784196838460549106e-01
5.733511646143940599e-01
5.674543355676482381e-01
5.606673322321670261e-01
5.529258473301995602e-01
5.441634144256083383e-01
5.343118603870277150e-01
5.233019783036509942e-01
5.110644831256520026e-01
4.975313239078008043e-01
4.826374389539683785e-01
4.663230543375355697e-01
4.485366514974559737e-01
4.292388521939640711e-01
4.084093851817328646e-01
3.860210523219805845e-01
3.621450711379493592e-01
3.368151414688166367e-01
3.101407257918148419e-01
2.822792502944861392e-01
2.534480640060000067e-01
2.239324036082576130e-01
1.940914608828113730e-01
1.643615536872452820e-01
1.352551093342441724e-01
1.073541496767746739e-01
8.129718365345581232e-02
5.775890382880001506e-02
3.742283310747320652e-02
2.094792322815068261e-02
8.930996082564167382e-03
1.942697836819721764e-03
5.459112868641083664e-04
4.269723920852948156e-03
1.377479377186571589e-02
2.883417399521181340e-02
4.917233600104119889e-02
7.437092540749708214e-02
1.040425183912411650e-01
1.374666733517902195e-01
1.741097312397614227e-01
2.133534903666259031e-01
2.546021288143798245e-01
2.972980136976123844e-01
3.409342996611684495e-01
3.850619882941892502e-01
4.292920250263745907e-01
4.732934108247159877e-01
5.167883351057344088e-01
5.595452116382471086e-01
