7.443770784809042862e-01
7.532540361809285656e-01
7.624853936486494232e-01
7.720042423548050259e-01
7.815974804624136185e-01
7.914774623465683501e-01
8.013150776687282262e-01
8.110731594361050290e-01
8.206571523758126041e-01
8.299671222174890284e-01
8.388993320302089440e-01
8.473456855294562162e-01
8.551921275814110546e-01
8.623158245865708560e-01
8.685806198603712724e-01
8.738299283213060153e-01
8.778757316170083813e-01
8.804814893190407998e-01
8.813341327971840888e-01
8.800105727689838675e-01
8.758901593679665476e-01
8.680665959595765813e-01
8.551523747413819487e-01
8.349773397322086677e-01
8.040873803680456122e-01
7.569683071530535212e-01
6.850796287187330691e-01
5.766713229833684284e-01
4.214445262472847342e-01
2.293280130076137124e-01
6.021433126530041646e-02
4.249971479893853779e-04
6.292059256954178614e-02
1.818884965000654164e-01
2.999582829518522842e-01
3.960809683335161369e-01
4.694256955835675593e-01
5.241453732044575320e-01
5.652637895922844047e-01
5.966881097050265037e-01
6.213385136829000510e-01
6.413819504737037214e-01
6.584743330001892048e-01
6.739545575352625661e-01
6.889972312391550169e-01
7.047436928163890446e-01
7.224328073890717850e-01
7.435536790328429735e-01
7.700386748997741782e-01
8.044757243190727714e-01
8.500771047437220007e-01
9.087930909067598595e-01
9.685005086742423108e-01
9.375713464002167763e-01
5.550323579393666718e-01
8.659695836019111470e-02
2.860778114100745364e-03
5.830089882604552048e-02
1.204800767187071409e-01
1.685976147389182944e-01
2.036169306070577945e-01
2.288449310316199303e-01
2.469532692268283369e-01
2.598029276998422565e-01
2.686511726911420816e-01
2.743365573291620674e-01
2.774102603883785712e-01
2.782144407741125036e-01
2.769282497007134469e-01
2.735921570268134428e-01
2.681009941304750566e-01
2.601983914899757000e-01
2.494215968403015182e-01
2.350211389904556525e-01
2.158124461662219717e-01
1.899258261019659277e-01
1.544387610905041397e-01
1.051722828617625699e-01
4.064804658219296069e-02
3.564336318287303611e-03
3.485546009887085517e-01
9.450720932802924024e-01
8.639623069156477930e-01
7.156188746375378162e-01
6.074541564834403662e-01
5.200497465350281123e-01
4.321922063879505282e-01
3.187251152830933298e-01
1.395246634814910902e-01
3.349758021052125917e-02
8.459246060117229238e-01
9.532156992211581192e-01
8.790320518747002376e-01
8.235094101518927179e-01
7.874245452946249113e-01
7.639022585392959419e-01
7.485761828649001304e-01
7.388788129543976124e-01
7.332499880641502044e-01
7.306964633001679088e-01
7.305570327408680287e-01
7.323734013295172263e-01
7.358160346587215850e-01
7.406396763343734424e-01
7.466555518978241768e-01
7.537133381992866532e-01
7.616890608828149611e-01
7.704766577622768065e-01
7.799744045680503390e-01
7.901031188853481213e-01
8.007957324632813956e-01
8.119489315451930977e-01
8.234879549458266057e-01
8.353306840394317812e-01
8.473916578011642109e-01
8.595815937737181223e-01
8.718068329603937405e-01
8.839687853538931162e-01
8.959628401748424009e-01
9.076740683023906131e-01
9.189488734835159489e-01
9.286187259299186758e-01
9.407193216329350349e-01
9.501568657439946053e-01
9.589298610674386047e-01
9.668421473551819245e-01
9.737920933958852387e-01
9.796943482573706730e-01
9.845129532753330581e-01
9.881945328442881538e-01
9.907317202902155007e-01
9.921416086369381215e-01
9.924734443576667120e-01
9.918133296833223644e-01
9.902963172985219664e-01
9.879357355431892529e-01
9.851863796237182447e-01
9.820710264949351620e-01
9.786121946261338023e-01
9.745309256327666647e-01
9.685228510300305516e-01
9.568196161350916995e-01
9.300403023304341099e-01
8.684931972077494233e-01
7.443057043176566356e-01
5.542957371077552597e-01
3.605195233298031932e-01
2.339054435219089234e-01
1.845355604739538358e-01
1.969958487556124627e-01
2.663900180904344994e-01
3.927640462536960420e-01
5.585718536450172689e-01
7.221850869391215344e-01
8.446566554113368319e-01
9.146707858785133594e-01
9.426796851133345534e-01
9.442092056429818303e-01
9.313424020323903818e-01
9.115913048678632169e-01
8.891346416376777473e-01
8.662614705174994656e-01
8.440266596175867164e-01
8.229737111952469819e-01
8.033215850607124953e-01
7.851316322471463272e-01
7.683892575275419468e-01
7.530470311579661180e-01
7.390601308855310192e-01
7.263728052009063019e-01
7.149734019976041743e-01
7.048881686510868327e-01
6.962311672425666176e-01
6.893075107299756477e-01
6.849268016685805538e-01
6.856857918233554283e-01
7.053597922060318437e-01
2.953132770482612135e-01
5.955614658547621065e-01
6.124464970830560961e-01
6.156160110481541103e-01
6.155771889936921815e-01
6.145718080529343208e-01
6.128239547076671512e-01
6.118098114714535241e-01
6.107536000991300451e-01
6.099535503890141097e-01
6.094645240049536561e-01
6.093104814847349893e-01
6.095162589231206685e-01
6.100872558367955723e-01
6.110315378366655281e-01
6.123579748802011613e-01
6.140757287392643038e-01
6.161957170466650924e-01
6.187273449226080579e-01
6.217021592390135076e-01
6.251254018038673310e-01
6.290287200722857186e-01
6.334428795072979401e-01
