1.094307496932640067e+00
1.071801721982636790e+00
1.048765842507261015e+00
1.025920237516122269e+00
1.003840350407649629e+00
9.829675131834757495e-01
9.636217818724348572e-01
9.460162968886142165e-01
9.302724874507342090e-01
9.164354878959709572e-01
9.044895568829428578e-01
8.943360765662390355e-01
8.859840438933417328e-01
8.790450316034578160e-01
8.738055106363180613e-01
8.698039204739357322e-01
8.669699272888216068e-01
8.651852112845048737e-01
8.643087362505986748e-01
8.642304256063315648e-01
8.648533045656374707e-01
8.661055271257213084e-01
8.679206968936082900e-01
8.703208800764888897e-01
8.731266332879171754e-01
8.763194094416216773e-01
8.798466416133770007e-01
8.836384436388304842e-01
8.875648395531775536e-01
8.913533468114321900e-01
8.943656322271893444e-01
8.948086433565531905e-01
8.854581763194434574e-01
8.221151237304118453e-01
8.469563641578010671e-01
6.442123090011393494e-01
1.012564062979015134e+00
1.009413330225047423e+00
1.006689174099288930e+00
1.001255466584856757e+00
9.859583906736059111e-01
9.512926170146276394e-01
8.840249342342954009e-01
7.689183898889607738e-01
5.981029052744738506e-01
3.889854052863173095e-01
1.914190518135388819e-01
5.787200959036575137e-02
4.367188075188251604e-03
1.208228925705322893e-02
5.374149931037409955e-02
1.093123827109783452e-01
1.677347549084698686e-01
2.239422431408167879e-01
2.760721458876002066e-01
3.237742285819188437e-01
3.673363159275662149e-01
4.072683671613553380e-01
4.439737275980373821e-01
4.783524669991473521e-01
5.104575887502638132e-01
5.407699151427736162e-01
5.695863758216609396e-01
5.971436721676967041e-01
6.236276286044492023e-01
6.491808638270087917e-01
6.739093259977774197e-01
6.978877847470918994e-01
7.211644218240647053e-01
7.437646845565318854e-01
7.656945605050327064e-01
7.869434130685929452e-01
8.074864949765703237e-01
8.272872332979608334e-01
8.462993561312955881e-01
8.644688986713052747e-01
8.817359076883602986e-01
8.980397217726204806e-01
9.133101871968422047e-01
9.274851340321583759e-01
9.404933507639111623e-01
9.522901646413189924e-01
9.628057401822657235e-01
9.719926833290533086e-01
9.798067187469358119e-01
9.862101123110311729e-01
9.911715084978963697e-01
9.946628114658240261e-01
9.966676670148699735e-01
9.971568124399049493e-01
9.961033946098039049e-01
9.934630637348130788e-01
9.891605563705460069e-01
9.830628280362737614e-01
9.749296601003826224e-01
9.643156393414492600e-01
9.503560363182204096e-01
9.312375666054168999e-01
9.026524260639328112e-01
8.520421138883103040e-01
7.270831822092824748e-01
1.808186948821635665e-01
8.768383225985201257e-01
8.827854213620835999e-01
9.717366500774533566e-01
9.612074598427648997e-01
9.487159525753851019e-01
9.345911569399374397e-01
9.213314279746869229e-01
9.088221150454088848e-01
8.969489693328589475e-01
8.856111788596082723e-01
8.747130427936551378e-01
8.641688435625818343e-01
8.539796904860597060e-01
8.442920382832356241e-01
8.352039884807168635e-01
8.266649716203170462e-01
8.185984557567234088e-01
8.109644075930712015e-01
8.037474539626121572e-01
7.969409196691551456e-01
7.905237191900946758e-01
7.845148231326624089e-01
7.788219077686762137e-01
7.727024138214670934e-01
7.687982210964370289e-01
7.640099594210496559e-01
7.592438035127416773e-01
7.541020074688942199e-01
7.476919960976751156e-01
7.375821179942573247e-01
7.144792867155433935e-01
5.891364053268529632e-01
9.393402707334586044e-01
8.419496368575083434e-01
8.272258264190123223e-01
8.277284172836698595e-01
8.361173294690210644e-01
8.514143012446373504e-01
8.742315527510287065e-01
9.023176473811225229e-01
8.937284758107257865e-01
4.591464966053378505e-01
7.088336744080633856e-02
3.326640868578461530e-01
4.766863564305395817e-01
5.534583097596090795e-01
6.011764493209301730e-01
6.347920860386134789e-01
6.619107806342787725e-01
6.856287517876723525e-01
7.039973053497252664e-01
7.215393287616458373e-01
7.383234555803503962e-01
7.546782631732770197e-01
7.708007198639530433e-01
7.868594339570029739e-01
8.028718064803606058e-01
8.188570010323393822e-01
8.347586267461203358e-01
8.504587329965622722e-01
8.657658537356299755e-01
8.803847246182394670e-01
8.938657496076196640e-01
9.054859964831630803e-01
9.139662389058397229e-01
9.166468793595500264e-01
9.063276577074458329e-01
8.514595201819689096e-01
2.812246485312245303e-01
1.091219753218024779e+00
1.051289917137990138e+00
1.019278120063427329e+00
9.829982884915725583e-01
9.310436951059148925e-01
8.509446070883204261e-01
7.250444795456605362e-01
5.224973897203373241e-01
3.503009435421760576e-01
8.941741629679869630e-02
1.069990967758590282e-02
1.368115797541362977e-01
3.430869323950451188e-01
5.234217157561841249e-01
6.527271963791960729e-01
7.399972722787011570e-01
7.980144634697035055e-01
8.358268912926506422e-01
8.623031935450863328e-01
8.797405609313675434e-01
8.920827990136271923e-01
9.015994826410398399e-01
9.099705525034991194e-01
9.184555175617921119e-01
9.280045774752798682e-01
9.392913419183618329e-01
9.527184537183447377e-01
9.684623912332381845e-01
9.864738822166408960e-01
