9.846452502218896452e-01
9.840025855036662605e-01
9.833516833540075774e-01
9.826549065917364878e-01
9.818798739044244384e-01
9.809995999888160290e-01
9.799924919594986683e-01
9.788422285807242273e-01
9.775375466039885053e-01
9.760719561091359964e-01
9.744434043221799069e-01
9.726539049764639788e-01
9.707091479479075247e-01
9.686181016599263449e-01
9.663926186508897676e-01
9.640470527452965621e-01
9.615978944781357063e-01
9.590634298015018322e-01
9.564634256535671231e-01
9.538188446875173199e-01
9.511515903436816854e-01
9.484842824848643827e-01
9.458400629988019670e-01
9.432424300864191702e-01
9.407150993854358489e-01
9.382818896094896610e-01
9.359666299944173762e-01
9.337930865135831704e-01
9.317849035311203121e-01
9.299655572761775790e-01
9.283583172127929384e-01
9.269862110101917407e-01
9.258719883409456397e-01
9.250380780886581222e-01
9.245065326611908718e-01
9.242989518745748923e-01
9.244363771670650598e-01
9.249391445341001994e-01
9.258266812934964340e-01
9.271172272362149247e-01
9.288274543919305959e-01
9.309719508207273675e-01
9.335625215046586822e-01
9.366072420619135919e-01
9.401091764690532315e-01
9.440646350668479014e-01
9.484607991432796315e-01
9.532724663862167658e-01
9.584575671744468561e-01
9.639509497729168430e-01
9.696557105494917339e-01
9.754310207144100131e-01
9.810749277273872471e-01
9.862999259611285874e-01
9.906981251388056187e-01
9.936915386734315181e-01
9.944614068522004136e-01
9.918489283447230465e-01
9.842195722975288774e-01
9.692878214693925187e-01
9.439173995775682613e-01
9.039623183114894323e-01
8.443286460196464116e-01
7.596459322863998720e-01
6.461761112581902999e-01
5.054502407887558890e-01
3.486947794366074826e-01
1.981473908139750606e-01
8.047050138453255841e-02
1.416294201690595188e-02
1.449812848220672279e-03
3.120920615939193343e-02
8.772295065102486689e-02
1.573424715211962366e-01
2.308060183021274636e-01
3.024877790485540618e-01
3.700586563655532402e-01
4.322877267081512431e-01
4.890066374507804903e-01
5.404591861885944537e-01
5.870638360447513193e-01
6.292866932090382948e-01
6.675786402652155171e-01
7.023490799510437865e-01
7.339578277348158819e-01
7.627159754963910299e-01
7.888906909006936363e-01
8.127113617352694774e-01
8.343758039596096410e-01
8.540559461331258539e-01
8.719027636509961710e-01
8.880504182888042664e-01
9.026196457452233535e-01
9.157204713669147012e-01
9.274543462424259532e-01
9.379157952180061653e-01
9.471936618662928353e-01
9.553720265085968721e-01
9.625308638052311183e-01
9.687464970423335098e-01
9.740918974503490757e-01
9.786368688562269158e-01
9.824481507572799810e-01
9.855894665105151553e-01
9.881215377413812284e-01
9.901020812489751410e-01
9.915858005836533096e-01
9.926243810385850797e-01
9.932664939789567216e-01
9.935578141652450235e-01
9.935410519478324876e-01
9.932560008561209797e-01
9.927396001129058511e-01
9.920260109128082870e-01
9.911467048617460529e-01
9.901305627287038114e-01
9.890039815741186180e-01
9.877909883603395169e-01
9.865133583142713380e-01
9.851907366774365071e-01
9.838407635195361989e-01
9.824792062627403233e-01
9.811201534375905142e-01
9.797724292877083574e-01
9.784558033971195723e-01
9.771718227089376541e-01
9.759307399949234130e-01
9.747395340945531617e-01
9.736040373431075201e-01
9.725290869405107674e-01
9.715186328640706970e-01
9.705758382409336305e-01
9.697031771874907724e-01
9.689025318606446779e-01
9.681752900084881208e-01
9.675224443705415789e-01
9.669446955118745635e-01
9.664425600235194702e-01
9.660164864942109020e-01
9.656669823208691161e-01
9.653947554294262101e-01
9.652008768220184942e-01
9.650869744187785537e-01
9.650554841222592772e-01
9.651100446012110812e-01
9.652549006417334709e-01
9.654483612444972884e-01
9.658186751755574173e-01
9.662739400625774966e-01
9.668452387297473694e-01
9.675363796685910733e-01
9.683302243175518909e-01
9.691469444169549252e-01
9.697035392156253542e-01
9.689744970329684515e-01
9.625396427103161123e-01
9.225997537899305323e-01
5.095932948829572373e-01
4.747442315837392401e-01
8.130049750373941064e-01
8.837104097408667869e-01
9.099912727000196710e-01
9.231701157527599788e-01
9.310198403812938173e-01
9.362582229531960509e-01
9.400570445418192644e-01
9.429983761841702616e-01
9.454026525421950211e-01
9.474606640238064648e-01
9.492932432487822814e-01
9.509807674518842013e-01
9.525787865760527717e-01
9.541267617417840130e-01
9.556531579498850348e-01
9.571785018197321859e-01
9.587172507665669974e-01
9.602789406959325591e-01
9.618688815153348948e-01
9.634885622223996471e-01
9.651358667426571669e-01
9.668051665313579512e-01
9.684873350455306396e-01
9.701697164868873235e-01
9.718360732494097931e-01
9.734665308489667268e-01
9.750375294995506925e-01
9.765215438013885585e-01
9.778881134604551217e-01
9.791031058042463098e-01
9.801275577300559982e-01
9.809201674295008333e-01
9.814356273979324419e-01
9.816240262099927838e-01
9.814278309998855088e-01
9.807709081443114485e-01
9.795076694781925664e-01
9.768719338856565182e-01
9.591134884570492458e-01
9.743653920357037146e-01
9.717587827805760359e-01
