9.906925002171297345e-01
9.908348166028505544e-01
9.909801633992725289e-01
9.911285181124531718e-01
9.912798525936566962e-01
9.914341314670674921e-01
9.915913109072265197e-01
9.917513377246484074e-01
9.919141487197025153e-01
9.920796702665267697e-01
9.922478180918681279e-01
9.924184972160409179e-01
9.925916020266970508e-01
9.927670164588823232e-01
9.929446142572821987e-01
9.931242593006562869e-01
9.933058059699971798e-01
9.934890995449542350e-01
9.936739766160785914e-01
9.938602655013358822e-01
9.940477866585544220e-01
9.942363530866527022e-01
9.944257707100830901e-01
9.946158387424316460e-01
9.948063500265618142e-01
9.949970913491613667e-01
9.951878437290558876e-01
9.953783826788223932e-01
9.955684784404688070e-01
9.957578961959233643e-01
9.959463962536986292e-01
9.961337342131857397e-01
9.963196611090610055e-01
9.965039235369778092e-01
9.966862637633729927e-01
9.968664198210205329e-01
9.970441255931212776e-01
9.972191108874498555e-01
9.973911015032127514e-01
9.975598192923127439e-01
9.977249822172782334e-01
9.978863044074529620e-01
9.980434962154908218e-01
9.981962642757619131e-01
9.983443115659874634e-01
9.984873374740644847e-01
9.986250378710624931e-01
9.987571051918072706e-01
9.988832285241615594e-01
9.990030937083691498e-01
9.991163834469406479e-01
9.992227774268338525e-01
9.993219524539488363e-01
9.994135826014483026e-01
9.994973393722900168e-01
9.995728918769837268e-01
9.996399070271179133e-01
9.996980497453672454e-01
9.997469831927986439e-01
9.997863690139252579e-01
9.998158676003074952e-01
9.998351383734215281e-01
9.998438400872020626e-01
9.998416311513039778e-01
9.998281699753484020e-01
9.998031153353782452e-01
9.997661267627621084e-01
9.997168649567148568e-01
9.996549922209380101e-01
9.995801729255163748e-01
9.994920739946949739e-01
9.993903654214351118e-01
9.992747208099845846e-01
9.991448179471106306e-01
9.990003394030398942e-01
9.988409731631766597e-01
9.986664132911727831e-01
9.984763606247887280e-01
9.982705235044025960e-01
9.980486185348200756e-01
9.978103713800999808e-01
9.975555175898198623e-01
9.972838034534439178e-01
9.969949868763450240e-01
9.966888382649696787e-01
9.963651413965656234e-01
9.960236942260022319e-01
9.956643095325705684e-01
9.952868151961263843e-01
9.948910536109053515e-01
9.944768789594041758e-01
9.940441485385400622e-01
9.935926943152573187e-01
9.931222068367637767e-01
9.926314456384081053e-01
9.920854873223727832e-01
9.916095395079678187e-01
9.910626018964332484e-01
9.904990774245194807e-01
9.899176549770617450e-01
9.893182172137829911e-01
9.887008735141350479e-01
9.880658281124631293e-01
9.874133495313041076e-01
9.867437623045925976e-01
9.860574454289245949e-01
9.853548333457902153e-01
9.846364180699868074e-01
9.839027519414563772e-01
9.831544507839908853e-01
9.823921973764753179e-01
9.816167451968051960e-01
9.808289224251591776e-01
9.800296362057820954e-01
9.792198771758796605e-01
9.784007242744411359e-01
9.775733498479249883e-01
9.767390250731323720e-01
9.758991257208621262e-01
9.750551382860964678e-01
9.742086665149962688e-01
9.733614383615023513e-01
9.725153134107428210e-01
9.716722908108043066e-01
9.708345177590285147e-01
9.700042985950968477e-01
9.691841045588671655e-01
9.683765842781261179e-01
9.675845750594334049e-01
9.668111150638788454e-01
9.660594564591115097e-01
9.653330796499248745e-01
9.646357087011799836e-01
9.639713280781819771e-01
9.633442008433141801e-01
9.627588884587051643e-01
9.622202723550874470e-01
9.617335774353127364e-01
9.613043976807443824e-01
9.609387240212482473e-01
9.606429746031042161e-01
9.604240275374170688e-01
9.602892561184834808e-01
9.602465663432265819e-01
9.603044363054200616e-01
9.604719566276532783e-01
9.607588704449460115e-01
9.611756104389411748e-01
9.617333288338595354e-01
9.624439137833947777e-01
9.633199816829870477e-01
9.643748287957605303e-01
9.656223158085445180e-01
9.670766432479322994e-01
9.687519502183320474e-01
9.706616270289807336e-01
9.728171623118125888e-01
9.752262263972941714e-01
9.778894870100136583e-01
9.807952896795729680e-01
9.839106771869189361e-01
9.871660006852106539e-01
9.904280431607791479e-01
9.934519898628334511e-01
9.957932769218527103e-01
9.966408914400562979e-01
9.944919412350484711e-01
9.864967807986990689e-01
9.671144439856467212e-01
9.253922876014933907e-01
8.401494016238635343e-01
6.763036841325231752e-01
4.081194515887224816e-01
1.175247454472646003e-01
4.195023747602329199e-04
7.998352762709687314e-02
2.236440562033159551e-01
3.541004803554696490e-01
4.557041061868600806e-01
5.324046547862744116e-01
5.907410332750532289e-01
6.359921887224486703e-01
6.718936043673128244e-01
7.010111655685011822e-01
7.251109205452218598e-01
7.454242263806749591e-01
7.628228630911070285e-01
7.779282153509315956e-01
7.911220559727302204e-01
8.031394668192910480e-01
8.137373835502220709e-01
8.233193021962288416e-01
8.320303794953932686e-01
8.399826851399255778e-01
8.472622058067770245e-01
8.539338910065884525e-01
8.600455622771494557e-01
8.656307355071078957e-01
8.707105214174540864e-01
8.752947225732160552e-01
