9.945972239088879396e-01
9.946495820531121579e-01
9.946977115755417653e-01
9.947427531705246295e-01
9.947857630225740433e-01
9.948277024132170521e-01
9.948694314690903484e-01
9.949117063686923057e-01
9.949551793882707162e-01
9.950004012302335887e-01
9.950478251402328222e-01
9.950978123790052976e-01
9.951506386724660036e-01
9.952065013171922381e-01
9.952655266673970935e-01
9.953277777758158251e-01
9.953932620009030563e-01
9.954619384297258566e-01
9.955337249990887649e-01
9.956085052245390310e-01
9.956861344729606156e-01
9.957664457348663900e-01
9.958492548705691894e-01
9.959343653195007473e-01
9.960215722743844813e-01
9.961106663314868159e-01
9.962014366365681273e-01
9.962936735514535957e-01
9.963871708714527875e-01
9.964817276259646528e-01
9.965771494970977473e-01
9.966732498914818716e-01
9.967698507015806397e-01
9.968667827905843826e-01
9.969638862356475784e-01
9.970610103613090081e-01
9.971580135944817513e-01
9.972547631690135139e-01
9.973511347070107558e-01
9.974470117009471837e-01
9.975422849190304087e-01
9.976368517535411096e-01
9.977306155302083646e-01
9.978234847943974195e-01
9.979153725875686831e-01
9.980061957264682038e-01
9.980958740948552288e-01
9.981843299564899796e-01
9.982714872964130182e-01
9.983572711965232882e-01
9.984416072494629590e-01
9.985244210150173716e-01
9.986056375206856517e-01
9.986851808086012472e-01
9.987629735293455102e-01
9.988389365830857569e-01
9.989129888074679275e-01
9.989850467115108934e-01
9.990550242544158355e-01
9.991228326675147819e-01
9.991883803177119550e-01
9.992515726105168916e-01
9.993123119302775859e-01
9.993704976157163911e-01
9.994260259681115866e-01
9.994787902903232713e-01
9.995286809538954653e-01
9.995755854923954464e-01
9.996193887185776950e-01
9.996599728635886528e-01
9.996972177361321821e-01
9.997310008997591924e-01
9.997611978670976063e-01
9.997876823093599929e-01
9.998103262801478763e-01
9.998290004529654107e-01
9.998435743718002700e-01
9.998539167156355045e-01
9.998598955770634511e-01
9.998613787572379064e-01
9.998582340804043067e-01
9.998503297327342443e-01
9.998375346329778646e-01
9.998197188465071106e-01
9.997967540602072933e-01
9.997685141443856116e-01
9.997348758430517623e-01
9.996957196577023197e-01
9.996509310301513462e-01
9.996004020017458247e-01
9.995440336549654692e-01
9.994817398915214479e-01
9.994134535944656506e-01
9.993391372778457349e-01
9.992588027475723944e-01
9.991725503764247174e-01
9.990806557230532681e-01
9.989837873351808950e-01
9.988836665878034760e-01
9.987857517096174753e-01
9.987187154882298801e-01
9.972837881633258572e-01
9.982421759029291852e-01
9.981455573741359055e-01
9.980099777341189249e-01
9.978586970873674078e-01
9.976965266744937111e-01
9.975250589013463509e-01
9.973449518620534082e-01
9.971565125234197469e-01
9.969598935624591762e-01
9.967551728089921736e-01
9.965423896297613826e-01
9.963215632581909897e-01
9.960927027524032473e-01
9.958558127524427261e-01
9.956108969918152640e-01
9.953579605449469625e-01
9.950970113326689237e-01
9.948280611764598325e-01
9.945511265719525484e-01
9.942662292843236216e-01
9.939733968304710343e-01
9.936726628903372882e-01
9.933640676759193378e-01
9.930476582784663053e-01
9.927234890087693886e-01
9.923916217421820951e-01
9.920521262780722660e-01
9.917050807220350039e-01
9.913505718983273152e-01
9.909886957996670853e-01
9.906195580817876989e-01
9.902432746090884530e-01
9.898599720594354334e-01
9.894697885954665262e-01
9.890728746100020397e-01
9.886693935547726797e-01
9.882595228607056193e-01
9.878434549599831582e-01
9.874213984198924043e-01
9.869935791993890151e-01
9.865602420404738782e-01
9.861216520068325497e-01
9.856780961833079280e-01
9.852298855510865927e-01
9.847773570540215848e-01
9.843208758733492658e-01
9.838608379290174621e-01
9.833976726274491487e-01
9.829318458775480050e-01
9.824638633982478719e-01
9.819942743435905452e-01
9.815236752737107606e-01
9.810527145028075102e-01
9.805820968593462750e-01
9.801125888973107880e-01
9.796450246022407882e-01
9.791803116420570996e-01
9.787194382189166042e-01
9.782634805871777139e-01
9.778136113123379047e-01
9.773711083576185343e-01
9.769373650993314895e-01
9.765139013895123288e-01
9.761023758049997001e-01
9.757045992470342322e-01
9.753225500857106711e-01
9.749583910784951346e-01
9.746144883360363664e-01
9.742934326573681192e-01
9.739980636172597128e-01
9.737314968566520568e-01
9.734971551069079299e-01
9.732988035677146987e-01
9.731405903549382730e-01
9.730270928349203929e-01
9.729633707537554965e-01
9.729550271359912461e-01
9.730082779319512154e-01
9.731300312752271253e-01
9.733279768633589235e-01
9.736106852088087793e-01
9.739877149922435695e-01
9.744697239059794125e-01
9.750685731667465550e-01
9.757974064383757584e-01
9.766706668168529948e-01
9.777039844140326119e-01
9.789138097568755859e-01
9.803165608950691334e-01
9.819268468814955630e-01
9.837539276385713904e-01
9.857947556733477334e-01
9.880202369168911147e-01
9.903476120968530694e-01
9.925832806789072205e-01
9.942995379831465197e-01
9.945545704003125875e-01
9.912131881302972403e-01
