6.465170156349510089e-01
6.633055797995146552e-01
6.776858851284845997e-01
6.899107549608555212e-01
7.002565866924161941e-01
7.090117275206538894e-01
7.164666443900232773e-01
7.229057428663617779e-01
7.286006870842721694e-01
7.338050746473246955e-01
7.387503253485003807e-01
7.436426498996254741e-01
7.486609737390809149e-01
7.539557007641550790e-01
7.596482119519939458e-01
7.658310038297146960e-01
7.725683812374352089e-01
7.798976274979192436e-01
7.878305827116367510e-01
7.963555672552801168e-01
8.054395925267378020e-01
8.150308043618704756e-01
8.250611058592709490e-01
8.354489035333281244e-01
8.461019022325683148e-01
8.569196907131712004e-01
8.677965539656063987e-01
8.784355793231360954e-01
8.893267292985164163e-01
8.997489193449508260e-01
9.098204590912787326e-01
9.194490947745070919e-01
9.285533105340337823e-01
9.370624030217493683e-01
9.449173220917799210e-01
9.520713149145348941e-01
9.584905494244494450e-01
9.641578873762075563e-01
9.688993563181943491e-01
9.731181891829355779e-01
9.764672791504426241e-01
9.790529743296080278e-01
9.808908381497301043e-01
9.819948100551537662e-01
9.824017276930299136e-01
9.810010511898221708e-01
9.804201807469615781e-01
9.782524651674512350e-01
9.749829813862417316e-01
9.702968463668971699e-01
9.638132252804308964e-01
9.549007741655093362e-01
9.426288016396391356e-01
9.256411128997090731e-01
9.019946457066251311e-01
8.689762431111774932e-01
8.229633384944546881e-01
7.595110955154332766e-01
6.740590250242612935e-01
5.638689272260957175e-01
4.315644378123505986e-01
2.890022498499972281e-01
1.573337302568040830e-01
5.939877484704454702e-02
8.343339233763038404e-03
2.697043874464622772e-03
3.123360514493475279e-02
8.091591360455129001e-02
1.417316738918200092e-01
2.078295711143703095e-01
2.768896845056580402e-01
3.490996296901350826e-01
4.277600651060827208e-01
5.169939009605110103e-01
6.248382095847471174e-01
7.600141223728921203e-01
9.117775043275747615e-01
9.398748347543891546e-01
5.473607626957716077e-01
1.243455705358867264e-01
4.505607929246495738e-03
1.236184878305437128e-02
4.879459292248671670e-02
8.709398506405956197e-02
1.213357151415085378e-01
1.508227733862667064e-01
1.760809776162702289e-01
1.978221067396255528e-01
2.166925432531760232e-01
2.329975259421126765e-01
2.476585650343613998e-01
2.605573360321628562e-01
2.720515930596192899e-01
2.823325201559548359e-01
2.915411578095223888e-01
2.997788585265623862e-01
3.071125447470812175e-01
3.135772550330390152e-01
3.191764119850253878e-01
3.238797911262868423e-01
3.276188403409568961e-01
3.302786035741159809e-01
3.316849294732283071e-01
3.315847394217155686e-01
3.296156230917445806e-01
3.252584617656797961e-01
3.177626066462301835e-01
3.059920960486219865e-01
2.883621951329601307e-01
2.622590786849049449e-01
2.237879839991291642e-01
1.673235516863149086e-01
8.810370828919124320e-02
7.311877178179053589e-03
1.056521159486002309e-01
6.390451698924928259e-01
9.193496017191417069e-01
5.744642040053324905e-01
7.811784641266319440e-01
9.626597126611901034e-01
9.480611516790574678e-01
9.299361635058880360e-01
9.174995587556337151e-01
9.103573226184908940e-01
9.073617551338655218e-01
9.075231376885766199e-01
9.100755916865423956e-01
9.144305001834907021e-01
9.201267975539991761e-01
9.267934160900651586e-01
9.341230420612085528e-01
9.418542585023974567e-01
9.497596665300134244e-01
9.576385096729832513e-01
9.653138957197436865e-01
9.726403903630619352e-01
9.779113922362510092e-01
9.852209807477870784e-01
9.906014570005158282e-01
9.950524651260549414e-01
9.985298160545001966e-01
1.000984855155280018e+00
1.002396674763280648e+00
1.002791071459058214e+00
1.002275590821860796e+00
1.001128398461724522e+00
1.000082845725674963e+00
1.001612525503095208e+00
1.022044703440049940e+00
8.611911030832839486e-01
9.329649583712497085e-01
9.336002297190610921e-01
9.266106980181226804e-01
9.166888750832398181e-01
9.050530320824087260e-01
8.921352383233965844e-01
8.784786386757194032e-01
8.639414950556659756e-01
8.487876711394258811e-01
8.331109048604092848e-01
8.169860576857669310e-01
8.004671301006069939e-01
7.835868725727889172e-01
7.663556872940868736e-01
7.487600437412553767e-01
7.307607007590166681e-01
7.122910881062570754e-01
6.932564435749152265e-01
6.735350591430536715e-01
6.529261158743160376e-01
6.314330657429073623e-01
6.087692742759084341e-01
5.849287128792488577e-01
5.600707400866556940e-01
5.348328057225293364e-01
5.108688711780200453e-01
4.918995726056300533e-01
4.855326704768905266e-01
5.049906900269963694e-01
5.633056369210192038e-01
6.479121311625016810e-01
7.261021197205691502e-01
7.945871527034571447e-01
8.536060569521480845e-01
8.953231177116415251e-01
9.171242736259646033e-01
9.225363815691234315e-01
9.165873685246119784e-01
9.034326524740102782e-01
8.859042004573546292e-01
8.656942084006996607e-01
8.440399591969898196e-01
8.214865809288820486e-01
7.985166050575072116e-01
7.755097583354256807e-01
7.528931742883300249e-01
7.314218145586457442e-01
7.141612597074018520e-01
6.442064827487722356e-01
6.582506615296299657e-01
