9.853086246564944917e-01
9.859140989604208150e-01
9.864793624723047216e-01
9.870097033952315302e-01
9.875101801057561968e-01
9.879855293244842462e-01
9.884400992969903932e-01
9.888778046006335698e-01
9.893020993999525059e-01
9.897159662075655229e-01
9.901219174588558047e-01
9.905220074663699803e-01
9.909178525780726332e-01
9.913106576158838834e-01
9.917012469127637342e-01
9.920900984972669256e-01
9.924773801874112733e-01
9.928629865538283195e-01
9.932465758931600108e-01
9.936276065137042979e-01
9.940053717827884716e-01
9.943790335121521773e-01
9.947476533710518654e-01
9.951102221134242587e-01
9.954656864893114410e-01
9.958129737799099601e-01
9.961510139545119991e-01
9.964787594943981253e-01
9.967952029669722158e-01
9.970993924619941939e-01
9.973904450230547392e-01
9.976675582215956961e-01
9.979300200296380430e-01
9.981772171483120903e-01
9.984086419479416552e-01
9.986238981661884617e-01
9.988227054988384479e-01
9.990049031978297522e-01
9.991704527672888858e-01
9.993194398149313207e-01
9.994520750744418924e-01
9.995686945594133288e-01
9.996697587382505912e-01
9.997558505252209793e-01
9.998276717570618866e-01
9.998860376566597319e-01
9.999318685549384300e-01
9.999661778276976998e-01
9.999900545674521579e-01
1.000004638900588327e+00
1.000011086998707333e+00
1.000010521609226100e+00
1.000003962168640514e+00
9.999922260093698778e-01
9.999757884261870622e-01
9.999545838185781577e-01
9.999277217986984878e-01
9.998930795022352713e-01
9.998467118435959700e-01
9.997819909586337372e-01
9.996883375822992468e-01
9.995493286051705395e-01
9.993398354831570796e-01
9.990216297477612084e-01
9.985365150421895430e-01
9.977953784769350021e-01
9.966603420653639134e-01
9.949149251973917751e-01
9.922127417228319146e-01
9.879864892902339157e-01
9.812808878951554403e-01
9.704347555630185029e-01
9.524544434798258852e-01
9.217469449627724298e-01
8.675784455560554553e-01
7.695887706860586874e-01
5.946483585272003269e-01
3.228535377858017807e-01
5.890112949448875895e-02
1.592359008687892902e-02
1.655529093826738074e-01
3.400100499638041285e-01
4.746848784255023879e-01
5.693546410015951631e-01
6.355034386377130806e-01
6.826099921288462102e-01
7.169753568246867159e-01
7.426252133915508535e-01
7.621498279912151119e-01
7.772523459678253310e-01
7.890815593182194387e-01
7.984323151896869364e-01
8.058678852108506208e-01
8.117962915887909636e-01
8.165190418950537543e-01
8.202629794086258030e-01
8.232015659693470155e-01
8.254694017241934745e-01
8.271723230622094469e-01
8.283945507673149411e-01
8.292038330860352913e-01
8.296552018676046636e-01
8.297937536993081897e-01
8.296567352389517813e-01
8.292751250157286425e-01
8.286748460761970136e-01
8.278777046960671404e-01
8.269021235041081885e-01
8.257637186720334643e-01
8.244757576560211021e-01
8.230495245919337011e-01
8.214946136923457765e-01
8.198191660928981772e-01
8.180300620243824428e-01
8.161330776011904709e-01
8.141330136954134655e-01
8.120338032101611647e-01
8.098386026131653148e-01
8.075498741157338678e-01
8.051694671704088258e-01
8.026987141125577763e-01
8.001385706214995119e-01
7.974898750696939320e-01
7.947539334684700085e-01
7.919341049717241177e-01
7.890409019039491545e-01
7.860937300748468415e-01
7.797074238506617183e-01
7.790889323086612750e-01
7.759061273048700746e-01
7.724901327522376571e-01
7.689218403409208147e-01
7.652124749817609262e-01
7.613603960375172619e-01
7.573595945143396513e-01
7.532017890632065615e-01
7.488770722554000114e-01
7.443741133088902506e-01
7.396801925760073670e-01
7.347811590589585773e-01
7.296613453922863313e-01
7.243034543816484483e-01
7.186884230266290530e-01
7.127952663856167437e-01
7.066009019958157111e-01
7.000799548182764509e-01
6.932045424284269952e-01
6.859440402639144230e-01
6.782648271378838301e-01
6.701300119644520992e-01
6.614991438127905132e-01
6.523279091536379193e-01
6.425678227077507021e-01
6.321659219852520106e-01
6.210644809716833192e-01
6.092007665404127748e-01
5.965068746672852473e-01
5.829097109803306198e-01
5.683312603445509481e-01
5.526896821541291693e-01
5.359058855478860961e-01
5.176371682550191533e-01
4.984286117182485931e-01
4.776341421042745172e-01
4.553212377944272915e-01
4.314208729481105453e-01
4.058780283026698910e-01
3.786646666349807178e-01
3.497926284471812308e-01
3.193291380069844254e-01
2.874152212554649255e-01
2.542866048818546165e-01
2.202958304151343416e-01
1.859331857111181652e-01
1.518426595622406616e-01
1.188276845467058224e-01
8.784041839576633981e-02
5.994844722003270926e-02
3.627489604607896101e-02
1.791253876358171043e-02
5.819299411419444519e-03
7.099211117886372342e-04
2.963774875234262852e-03
1.256889528075248903e-02
2.911602062773891580e-02
5.184517078878707330e-02
7.973531651959872568e-02
1.116208638139606496e-01
1.463307798396788761e-01
1.830823268041591179e-01
2.182259945715800398e-01
2.551227370596250155e-01
2.906618409153292615e-01
3.246135669568452897e-01
3.565998983410755274e-01
3.854726962632372689e-01
4.147732478869729511e-01
4.394757781653131357e-01
4.573370768645507178e-01
4.873925267408997786e-01
