9.952815564542932814e-01
9.952952499321608970e-01
9.953105245177539251e-01
9.953273512482245788e-01
9.953457025642409306e-01
9.953655524019360268e-01
9.953868762107370705e-01
9.954096509115384350e-01
9.954338548079287863e-01
9.954594674617485150e-01
9.954864695427959598e-01
9.955148426609601309e-01
9.955445691879394321e-01
9.955756320746179666e-01
9.956080146685661880e-01
9.956417005360684858e-01
9.956766732914528184e-01
9.957129164358655693e-01
9.957504132078495163e-01
9.957891464460179032e-01
9.958290984651222422e-01
9.958702509456212049e-01
9.959125848366108258e-01
9.959560802719182870e-01
9.960007164990634099e-01
9.960464718201128553e-01
9.960933235440634359e-01
9.961412479495049821e-01
9.961902202571949472e-01
9.962402146113172874e-01
9.962912040687217363e-01
9.963431605949573111e-01
9.963960550670191152e-01
9.964498572810501775e-01
9.965045359650291923e-01
9.965600587951792821e-01
9.966163924160296173e-01
9.966735024629528317e-01
9.967313535871152874e-01
9.967899094820412698e-01
9.968491329116591082e-01
9.969089857391461029e-01
9.969694289565076417e-01
9.970304227145876386e-01
9.970919263529627319e-01
9.971538984300577502e-01
9.972162967528864774e-01
9.972790784064987646e-01
9.973421997828744168e-01
9.974056166095358611e-01
9.974692839772318909e-01
9.975331563674875168e-01
9.975971876791375204e-01
9.976613312544930778e-01
9.977255399047905149e-01
9.977897659351874227e-01
9.978539611691734645e-01
9.979180769724488309e-01
9.979820642764724026e-01
9.980458736014952148e-01
9.981094550792838360e-01
9.981727584756314720e-01
9.982357332124988103e-01
9.982983283901065708e-01
9.983604928087176367e-01
9.984221749905628496e-01
9.984833232015355442e-01
9.985438854730320779e-01
9.986038096237388473e-01
9.986630432816494540e-01
9.987215339061614738e-01
9.987792288102258498e-01
9.988360751829202799e-01
9.988920201121810338e-01
9.989470106077246170e-01
9.990009936244239608e-01
9.990539160857122569e-01
9.991057249077467395e-01
9.991563670235877881e-01
9.992057894077772673e-01
9.992539391014662042e-01
9.993007632378629879e-01
9.993462090680080845e-01
9.993902239869443260e-01
9.994327555604762825e-01
9.994737515521834315e-01
9.995131599508644271e-01
9.995509289985298196e-01
9.995870072186068267e-01
9.996213434448304458e-01
9.996538868502142794e-01
9.996845869768288262e-01
9.997133937656913494e-01
9.997402575871031649e-01
9.997651292716183136e-01
9.997879601411734374e-01
9.998087020405617142e-01
9.998273073695734814e-01
9.998437291152711959e-01
9.998579208846044564e-01
9.998698369375376149e-01
9.998794322201812745e-01
9.998866623985468438e-01
9.998914838921109105e-01
9.998938539079373911e-01
9.998937304743059640e-01
9.998910724747557266e-01
9.998858396814861438e-01
9.998779927881297214e-01
9.998674934416642568e-01
9.998543042724978847e-01
9.998383889217591358e-01
9.998197120647592806e-01
9.997982394274432805e-01
9.997739377927179483e-01
9.997467749898514278e-01
9.997167198557384005e-01
9.996837421481061803e-01
9.996478123730666576e-01
9.996089014509319526e-01
9.995669800597082322e-01
9.995220172812816495e-01
9.994739775822552019e-01
9.994228132491076444e-01
9.993684418495976107e-01
9.993106577322040662e-01
9.992485430714443950e-01
9.991470404407305494e-01
9.991265927706594052e-01
9.990548813353087310e-01
9.989813989853595366e-01
9.989051054977097222e-01
9.988257906388189333e-01
9.987433848950260096e-01
9.986578604132779757e-01
9.985692064038227400e-01
9.984774210300545461e-01
9.983825082283623864e-01
9.982844763172064040e-01
9.981833373530147879e-01
9.980791068329926130e-01
9.979718035740734461e-01
9.978614496893123409e-01
9.977480706223148532e-01
9.976316952194335119e-01
9.975123558291504322e-01
9.973900884224832231e-01
9.972649327317791856e-01
9.971369324063712458e-01
9.970061351848291675e-01
9.968725930844429817e-01
9.967363626086875872e-01
9.965975049742592518e-01
9.964560863594891238e-01
9.963121781759542994e-01
9.961658573662022231e-01
9.960172067302578425e-01
9.958663152839865029e-01
9.957132786534005353e-01
9.955581995086465463e-01
9.954011880425884806e-01
9.952423624992853268e-01
9.950818497581429556e-01
9.949197859804788102e-01
9.947563173259725833e-01
9.945916007474229215e-01
9.944258048732543820e-01
9.942591109886154133e-01
9.940917141264966617e-01
9.939238242831827108e-01
9.937556677724216359e-01
9.935874887360260921e-01
9.934195508298546695e-01
9.932521391069812911e-01
9.930855621228363850e-01
9.929201542896937127e-01
9.927562785119650179e-01
9.925943291375659561e-01
9.924347352650935150e-01
9.922779644516916964e-01
9.921245268722516109e-01
9.919749799864024942e-01
9.918299337771148139e-01
9.916900566317140564e-01
9.915560819439815932e-01
9.914288155235336797e-01
9.913091439066009647e-01
9.911980436675846828e-01
9.910965918353802362e-01
9.910059775160972029e-01
9.909275148156417856e-01
9.908626571321049736e-01
9.908130128443084494e-01
9.907803623442944518e-01
9.907666762280998851e-01
9.907741342406581886e-01
9.908051442145271448e-01
9.908623596708421299e-01
9.909486938326301786e-01
9.910673263283618084e-01
