4.240814844378236192e-01
4.523418384891662591e-01
4.778399827044327863e-01
5.013594587038364692e-01
5.234815573047049142e-01
5.446322101703070517e-01
5.651184264216223552e-01
5.851560886922385629e-01
6.048910886542715470e-01
6.244154606552279052e-01
6.437797874125192887e-01
6.630028237087406406e-01
6.820790324285874728e-01
7.009845422919431801e-01
7.196819028236501881e-01
7.381239155752342684e-01
7.562567506187695132e-01
7.740225060424377190e-01
7.913613301085052898e-01
8.082131978746298628e-01
8.245193590515547122e-01
8.402238110454769426e-01
8.552740195854804384e-01
8.696221580828760178e-01
8.832257090589634707e-01
8.960482379376033535e-01
9.080597283480525972e-01
9.192368880886065963e-01
9.295641446358281490e-01
9.390325834738875166e-01
9.476408924008546952e-01
9.553949206680694139e-01
9.623075003874473898e-01
9.683981260029200788e-01
9.736925356149701560e-01
9.782222084851532884e-01
9.820237938765034036e-01
9.851384878199308526e-01
9.876113752830908421e-01
9.894907553718742532e-01
9.908274665980795204e-01
9.916742279497381407e-01
9.920850096080126024e-01
9.921144447972729541e-01
9.918172915818902480e-01
9.912479505788213130e-01
9.904600416631306192e-01
9.895060399031330167e-01
9.884369682258724588e-01
9.873021416905158887e-01
9.861489556846335658e-01
9.850227077415686372e-01
9.839664397965888210e-01
9.830207842400896512e-01
9.822237925866575958e-01
9.816107191929172027e-01
9.812137229931348070e-01
9.810614356552728177e-01
9.811783214316519564e-01
9.815837161555380774e-01
9.822903690227803297e-01
9.833021993096338065e-01
9.846107774918191335e-01
9.861896546038154687e-01
9.879848907862367469e-01
9.898984893580516919e-01
9.917576914126686738e-01
9.932537986899772076e-01
9.938088132467508551e-01
9.922497162948702432e-01
9.858412563583274224e-01
9.673918752881603966e-01
9.105003640721747171e-01
6.862278556091606641e-01
2.314143703418833700e-02
6.820495960052747053e-01
9.153552959119167776e-01
9.717882649976123943e-01
9.857908149624969862e-01
9.811670226531837846e-01
9.628468997233804449e-01
9.308726043651426307e-01
8.836922533886926168e-01
8.195273638468542066e-01
7.374717070855373313e-01
6.386278263228107877e-01
5.270474538415257371e-01
4.099113238688323890e-01
2.964652453148684530e-01
1.958548668375036939e-01
1.148235491041822154e-01
5.641064023218640006e-02
2.008995422577876735e-02
2.903434091335280361e-03
8.143660597612129752e-04
9.744662553833204413e-03
2.614790120237250187e-02
4.720917566204067134e-02
7.082529775699993035e-02
9.548906168415584317e-02
1.201512687019636316e-01
1.440951160904365980e-01
1.668344869470758940e-01
1.880365211418490723e-01
2.074645720733031828e-01
2.249367334705787702e-01
2.402955699677907231e-01
2.533853107446959463e-01
2.640356271337743199e-01
2.720446591181004958e-01
2.771694561196842987e-01
2.791137545594167269e-01
2.775194247216937193e-01
2.719602015066965861e-01
2.619512795967864349e-01
2.469563673068669862e-01
2.264544990250307033e-01
2.000484793048653565e-01
1.676883378214512055e-01
1.300597895250293901e-01
8.918611169834152197e-02
4.918837252915488761e-02
1.686411877522804928e-02
1.287430850536770352e-03
1.146774621961853258e-02
5.221343006111545115e-02
1.207149732830991584e-01
2.071012893242472896e-01
2.989392479214125209e-01
3.860124836315613206e-01
4.624178913332377960e-01
5.261014896178005662e-01
5.774131350801411378e-01
6.178134982208338677e-01
6.490681628128195380e-01
6.728561343727119670e-01
6.905351807710323753e-01
7.034119082915479826e-01
7.123170990373554057e-01
7.179954829154963081e-01
7.210199567524534503e-01
7.218407270910011109e-01
7.208150952066842976e-01
7.182196571211462155e-01
7.142998638556509183e-01
7.092331887019244219e-01
7.031758319409223690e-01
6.962564871744746364e-01
6.885829165624357540e-01
6.802461018324571507e-01
6.713230331284016916e-01
6.618791557046712626e-01
6.519700191444559589e-01
6.416426105398391755e-01
6.309363870061099888e-01
6.198840857909597712e-01
6.085123694801150007e-01
5.968423479805367027e-01
5.848900087378605672e-01
5.726665305645267656e-01
5.601788071499740340e-01
5.474293216586952893e-01
5.344167692575414463e-01
5.211361201801235632e-01
5.075788826178594393e-01
4.937333466667243598e-01
4.795848536622474567e-01
4.651161119775925057e-01
4.503075875892995072e-01
4.351380098316232070e-01
4.195850583325930194e-01
4.036265102485264156e-01
3.872388550932510665e-01
3.704070476491754804e-01
3.531157434060532840e-01
3.353608875049957083e-01
3.171520060238010030e-01
2.985196191266663579e-01
2.795256071558983590e-01
2.602783607603325056e-01
2.409554230316496293e-01
2.218384815964599410e-01
2.033703403232222096e-01
1.862551900713854958e-01
1.716552897066658534e-01
1.616337377509717843e-01
1.603234615185561707e-01
1.775311269525183810e-01
2.406323773248052467e-01
4.217990175424183863e-01
6.585260628546686368e-01
5.476482702655564028e-01
4.252996342192010837e-01
3.937975088429005455e-01
4.106687276923471908e-01
4.526236008585613479e-01
5.079298950963593295e-01
5.693172226593252727e-01
6.316942197487502852e-01
6.915024882479453572e-01
