9.911238665935923065e-01
9.909098158575229132e-01
9.908495694752947891e-01
9.909182337749541380e-01
9.910923228930124118e-01
9.913500555802439163e-01
9.916715541274901957e-01
9.920389604719886956e-01
9.924364833440125766e-01
9.928503890436736201e-01
9.932689471449063223e-01
9.936823411440386389e-01
9.940825528316060700e-01
9.944632279880282200e-01
9.948195298997152269e-01
9.951479861730558873e-01
9.954463333919827406e-01
9.957133633244286131e-01
9.959487736336660735e-01
9.961530253864030460e-01
9.963272090724160091e-01
9.964729203497723065e-01
9.965921463035181116e-01
9.966871626468283285e-01
9.967604419958090434e-01
9.968145731058030146e-01
9.968521907638019375e-01
9.968759158797831921e-01
9.968883052074424267e-01
9.968918100428431073e-01
9.968887431967101698e-01
9.968812535053277468e-01
9.968713071352033328e-01
9.968606749398291056e-01
9.968509251461254994e-01
9.968434206741070280e-01
9.968393204294997423e-01
9.968395839480777010e-01
9.968449788156708014e-01
9.968560903332276402e-01
9.968733329441599178e-01
9.968969629878863259e-01
9.969270923903770232e-01
9.969637029472276923e-01
9.970066608974577083e-01
9.970557315276917798e-01
9.971105935835727907e-01
9.971708533011341968e-01
9.972360579031328554e-01
9.973057084353924573e-01
9.973792718441880645e-01
9.974561922211734322e-01
9.975359011621950378e-01
9.976178272066139607e-01
9.977014043394433207e-01
9.977860795534209126e-01
9.978713194799949671e-01
9.979566161087010112e-01
9.980414916231531430e-01
9.981255023885007294e-01
9.982082421311224696e-01
9.982893443555578283e-01
9.983684840466495736e-01
9.984453787074404341e-01
9.985197887841905651e-01
9.985915175310702274e-01
9.986604103663485610e-01
9.987263537717869788e-01
9.987892737855637026e-01
9.988491341379216459e-01
9.989059340766398565e-01
9.989597059276092983e-01
9.990105124340027398e-01
9.990584439146664719e-01
9.991036152803766113e-01
9.991461629443755266e-01
9.991862416606406283e-01
9.992240213220877632e-01
9.992596837471546811e-01
9.992934194821769811e-01
9.993254246444410738e-01
9.993558978285780325e-01
9.993850370970061014e-01
9.994130370736541424e-01
9.994400861582863893e-01
9.994663638768799263e-01
9.994920383824236199e-01
9.995172641190246399e-01
9.995421796606263065e-01
9.995669057352442044e-01
9.995915434434290425e-01
9.996161726802402780e-01
9.996408507675410560e-01
9.996656113038072666e-01
9.996904632377702216e-01
9.997153901709675550e-01
9.997403498942776245e-01
9.997652741632585549e-01
9.997900687157610378e-01
9.998146135355113762e-01
9.998387633650811512e-01
9.998623484704544095e-01
9.998851756602624707e-01
9.999070295609090442e-01
9.999276741500192633e-01
9.999468545484839765e-01
9.999642990729655789e-01
9.999797215483073876e-01
9.999928238800730451e-01
1.000003298886776193e+00
1.000010833390230003e+00
1.000015111562290837e+00
1.000015818526025058e+00
1.000012644207496804e+00
1.000005287435158374e+00
9.999934602821821672e-01
9.999768926467027530e-01
9.999553370645621886e-01
9.999285737488967651e-01
9.998964158498471200e-01
9.998587149289210885e-01
9.998153666420871444e-01
9.997663166271739676e-01
9.997115665929334760e-01
9.996511806098098418e-01
9.995852916073143524e-01
9.995141080887023355e-01
9.994379210829184013e-01
9.993571113663960448e-01
9.992721570046342316e-01
9.991836412874536277e-01
9.990922611650274732e-01
9.989988363375567060e-01
9.989043192133709725e-01
9.988098060388110877e-01
9.987165496237968565e-01
9.986259742578647014e-01
9.985396936553631031e-01
9.984595331156230769e-01
9.983875575925738044e-01
9.983261081165436535e-01
9.982778501354362399e-01
9.982458390627705347e-01
9.982336110044648381e-01
9.982453109274871395e-01
9.982858775712099009e-01
9.983613162859696910e-01
9.984791117278241090e-01
9.986488699338030850e-01
9.988833504544417652e-01
9.992001908167406077e-01
9.996249245343501455e-01
1.000196571208398666e+00
1.000978749682122748e+00
1.002083861409783339e+00
1.003732378356379407e+00
1.006423956709051382e+00
1.011557217537893738e+00
1.023783097223510685e+00
7.940941033219857115e-01
9.658169347296098328e-01
9.809276675154544600e-01
9.864100005338376498e-01
9.893424604119178678e-01
9.912489892907974109e-01
9.926478469143151795e-01
9.937617255436002051e-01
9.947007091031064840e-01
9.955241439449801222e-01
9.962655752034823564e-01
9.969441130051895916e-01
9.975700863390306594e-01
9.981479949620208902e-01
9.986779756470970382e-01
9.991561399461453830e-01
9.995733274159760429e-01
9.999098061464394283e-01
1.000114838860871824e+00
1.000006331815365135e+00
9.984609313914046824e-01
9.844449922755643678e-01
9.963922135364127186e-01
9.995609927855286791e-01
1.000153939660550773e+00
1.000215817897751380e+00
1.000055243466705601e+00
9.997567342465304430e-01
9.993569948896988686e-01
9.988815171651138636e-01
9.983557968560750062e-01
9.978100287160196480e-01
9.972809683932937208e-01
9.968093218956839419e-01
9.964214385831273724e-01
9.960437120445637671e-01
9.950683792787000659e-01
9.893987549936127390e-01
9.327624106025371731e-01
2.205739092334711715e-01
8.410537151846873005e-01
