4.127075285064050843e+106
3.374067405299886369e+106
2.764005329351338032e+106
2.268806021805806096e+106
1.866073976719985352e+106
1.537917383900066192e+106
1.270016915194188148e+106
1.050891981833920848e+106
8.713216076683894266e+105
7.238865633761914428e+105
6.026067592823805539e+105
5.026535937541958530e+105
4.201213787219739174e+105
3.518454042496017196e+105
2.952568833350828116e+105
2.482671079224362027e+105
2.091747796894834358e+105
1.765917565934495444e+105
1.493834572356308158e+105
1.266209508626053590e+105
1.075423785349578088e+105
9.152183736996614330e+104
7.804424331567781760e+104
6.668499086020059765e+104
5.709346772511028595e+104
4.897967246018092868e+104
4.210333351912618624e+104
3.626504812874281636e+104
3.129905456705655794e+104
2.706732743480656765e+104
2.345474615661093077e+104
2.036513544245722546e+104
1.771801527370841322e+104
1.544592912005146922e+104
1.349224410695725584e+104
1.180933697075087956e+104
1.035709584681309868e+104
9.101681007747925107e+103
8.014498232758172059e+103
7.071347033818207023e+103
6.251712888702556418e+103
5.538178248929607827e+103
4.915931655691109876e+103
4.372358011661631760e+103
3.896696083623055974e+103
3.479751780907024608e+103
3.113657773470009335e+103
2.791671664919326257e+103
2.508006289810434467e+103
2.257686815007483047e+103
2.036430237913973448e+103
1.840543625301055481e+103
1.666838055472561261e+103
1.512555737049891548e+103
1.375308199687581969e+103
1.253023801016924949e+103
1.143903083339823103e+103
1.046380753491819613e+103
9.590932585772135881e+102
8.808510960044626863e+102
8.106151343381697264e+102
7.474763365693302302e+102
6.906383735631973755e+102
6.394026958171560940e+102
5.931556989488609752e+102
5.513576747546726079e+102
5.135332870157883343e+102
4.792633510293135015e+102
4.481777293213956578e+102
4.199491842058926385e+102
3.942880516641291144e+102
3.709376211041806784e+102
3.496701225736137206e+102
3.302832373838318913e+102
3.125970603086479319e+102
2.964514518878905131e+102
2.817037281481733610e+102
2.682266425712889598e+102
2.559066214985186049e+102
2.446422196200736284e+102
2.343427668374339511e+102
2.249271817707851720e+102
2.163229305800785369e+102
2.084651126995224536e+102
2.012956575762318247e+102
1.947626186747803307e+102
1.888195528522315263e+102
1.834249748164347493e+102
1.785418777605887199e+102
1.741373124624534267e+102
1.701820181778195947e+102
1.666500995582565863e+102
1.635187446102381078e+102
1.607679794039935611e+102
1.583804558413301184e+102
1.563412693276875479e+102
1.546378036649314503e+102
1.532596009064815774e+102
1.521982542919654845e+102
1.514473227282075444e+102
1.510022655963077492e+102
1.508603969616978853e+102
1.510208585389833413e+102
1.514846110313777312e+102
1.522544437220103496e+102
1.533350024509881649e+102
1.547328363716176818e+102
1.564564641446711326e+102
1.585164605084645615e+102
1.609255644560583185e+102
1.636988105710954250e+102
1.668536854163910492e+102
1.704103112567859317e+102
1.743916598104800455e+102
1.788237992168163469e+102
1.837361779237855717e+102
1.891619498197248142e+102
1.951383456222210217e+102
2.017070963263515749e+102
2.089149154235838744e+102
2.168140476459667505e+102
2.254628931932997193e+102
2.349267177901274170e+102
2.452784605293582598e+102
2.565996533238984548e+102
2.689814679539650669e+102
2.825259092167030395e+102
2.973471756211743229e+102
3.135732124900865867e+102
3.313474863298436183e+102
3.508310140026889424e+102
3.722046857016228734e+102
3.956719271517247929e+102
4.214617539768628627e+102
4.498322800271647565e+102
4.810747518650177022e+102
5.155181938642275098e+102
5.535347628582523322e+102
5.955459283159460415e+102
6.420296142449914132e+102
6.935284629312705731e+102
7.506594089240140612e+102
8.141247853412071885e+102
8.847252245139188993e+102
9.633746625336430323e+102
1.051117813911696372e+103
1.149150550126286423e+103
1.258843696517108358e+103
1.381770858496147359e+103
1.519741003611772601e+103
1.674836664516163678e+103
1.849458794275452273e+103
2.046379505368291518e+103
2.268804164479262521e+103
2.520444605250794252e+103
2.805605571349140265e+103
3.129286925379890153e+103
3.497304671257400771e+103
3.916434458263306207e+103
4.394581988048910829e+103
4.940985660850467072e+103
5.566457910592930118e+103
6.283673035126739968e+103
7.107510983084935699e+103
8.055468581182588435e+103
9.148152160426480341e+103
1.040986857113237838e+104
1.186933529766501291e+104
1.356053495285603833e+104
1.552374505863423009e+104
1.780678094772608612e+104
2.046649817463621031e+104
2.357061139172598553e+104
2.719989972581457412e+104
3.145088490000935034e+104
3.643908846523836189e+104
4.230299951424446550e+104
4.920891538251760867e+104
5.735685665224912677e+104
6.698780623523920090e+104
7.839258290192958447e+104
9.192273550958853781e+104
1.080039393515990502e+105
1.271524955979797078e+105
1.499956851882681921e+105
1.772969180259104111e+105
2.099868574343137327e+105
2.492020020322139450e+105
2.963325897079647819e+105
3.530821733109297832e+105
4.215418334270296997e+105
5.042827766497835720e+105
6.044720651235801263e+105
7.260174954400663084e+105
8.737492705855810471e+105
1.053648188835281008e+106
1.273132739634795399e+106
1.541420918869217550e+106
1.869986975806360457e+106
2.273138969417846716e+106
