9.702204242648664323e-01
9.824148188111702096e-01
9.928861135126370030e-01
1.001640841816428651e+00
1.008738315288631560e+00
1.014284633653371070e+00
1.018429691209945531e+00
1.021369029120061001e+00
1.023354389703336143e+00
1.024721791941262561e+00
1.025959516194432375e+00
1.027880791450772824e+00
1.032124612962384225e+00
1.042965813813345521e+00
1.075648963626583798e+00
1.972070015977950008e-01
8.700356955316128627e-01
9.198654731992642608e-01
9.324322760857672865e-01
9.357743764459196534e-01
9.355364912211436845e-01
9.336143447075528901e-01
9.308346090568652142e-01
9.276205941309740854e-01
9.242130299878420496e-01
9.207583272331973934e-01
9.173489560729879422e-01
9.140439760699891059e-01
9.108804314283407422e-01
9.078801758362453622e-01
9.050542435653070594e-01
9.024058185506993457e-01
8.999323549294865332e-01
8.976271550663205145e-01
8.954805819187362514e-01
8.934810122485448147e-01
8.916155974691298836e-01
8.898708757731642605e-01
8.882332653119942023e-01
8.866894596558788644e-01
8.852267413658410078e-01
8.838332259971207749e-01
8.824980464986432738e-01
8.812114863322485503e-01
8.799650684422950508e-01
8.787516062969760178e-01
8.775652224898821130e-01
8.764013397689641716e-01
8.752566487999737799e-01
8.741290564340241653e-01
8.730176176879331784e-01
8.719224539972068033e-01
8.708446594354595227e-01
8.697861952513200601e-01
8.687497706412482534e-01
8.677387026380661839e-01
8.667567361810403215e-01
8.658077740302797531e-01
8.648953694702241624e-01
8.640214730273573229e-01
8.631821223491257244e-01
8.623429157350021024e-01
8.607963283700358348e-01
8.615369757472187695e-01
8.607467898082605817e-01
8.543919635831382919e-01
8.602272433293521869e-01
8.598988222387832225e-01
8.597674889790545283e-01
8.598616044932723135e-01
8.605299228531839706e-01
8.410829563135384657e-01
8.583832589804616386e-01
8.580551268475402615e-01
8.597929497714573710e-01
8.604572156712885223e-01
8.611830943347623668e-01
8.620010044103999514e-01
8.629212518639053364e-01
8.639480325113254588e-01
8.650827721421322503e-01
8.663253255017151488e-01
8.676745058813647438e-01
8.691283590022461647e-01
8.706843286344012611e-01
8.723393759452678919e-01
8.740900832981849389e-01
8.759327615898130359e-01
8.778635773609235748e-01
8.798787185839632707e-01
8.819746263076480020e-01
8.841483359606849834e-01
8.863980037419439961e-01
8.887237547859593301e-01
8.911291136251560108e-01
8.936235425573872959e-01
8.962272230045763566e-01
8.989807464133470205e-01
9.019666896226730124e-01
9.053641166696368980e-01
9.096135739277593224e-01
9.160820069923361064e-01
9.316867034335276632e-01
6.891287154936579507e-01
8.819350701998486253e-01
8.953754435316794158e-01
9.004733399778566127e-01
9.030229479218523370e-01
9.041111804342715219e-01
9.039170255419477495e-01
9.022278650591302185e-01
8.984508705989129318e-01
8.913466687675261069e-01
8.782200798623631677e-01
8.523286035502732894e-01
7.923079688844898438e-01
6.006508974870060635e-01
1.553197387508739591e-01
7.035040557519904869e-01
9.394790446210813384e-01
9.715694721324005245e-01
9.379519674925547168e-01
9.953383282422200162e-01
9.935981554472528288e-01
9.927779908998742853e-01
9.925904563152573301e-01
9.927857058131162038e-01
9.922144491271646105e-01
9.879257999145877323e-01
9.938516517746971424e-01
9.961342611289989435e-01
9.996371881454828578e-01
1.009943676008170588e+00
9.313835021032156325e-01
9.814410457656468356e-01
9.873671308862486118e-01
9.899384944342646264e-01
9.915234525049124725e-01
9.926739358714761208e-01
9.935846175934656133e-01
9.943405239597552514e-01
9.949838985576012762e-01
9.955375335852140184e-01
9.960144081796277193e-01
9.964221998647123657e-01
9.967656287595660913e-01
9.970478053500644311e-01
9.972710968205972248e-01
9.974377597312990007e-01
9.975504685597070820e-01
9.976128135148689680e-01
9.976298121329403301e-01
9.976084612741864532e-01
9.975583390605314849e-01
9.974922387703789584e-01
9.974267585015561544e-01
9.973826363113547089e-01
9.973843003925619843e-01
9.974573127959696084e-01
9.976203394879878950e-01
9.978626585528664883e-01
9.980815190224595623e-01
9.978989836248192136e-01
9.960781555046568370e-01
9.885173474484121314e-01
6.966986254111364740e-01
7.621175127188488663e-01
3.779408387335951858e-01
5.145204699810506099e-01
3.232151398944722032e-01
5.910248194013530965e-01
6.908623003368077331e-01
7.647857091613713409e-01
7.982566043772090225e-01
8.166328572651515572e-01
8.274943609033479364e-01
8.340880177128423556e-01
8.380687947436462615e-01
8.403788177244032598e-01
8.415997578954655944e-01
8.421138074172109800e-01
8.421839801092682043e-01
8.419965489327337904e-01
8.416840228948958558e-01
8.413371392133521809e-01
8.410098496105100629e-01
8.407189077638286268e-01
8.404366019654778697e-01
8.400378965542220078e-01
8.376619534073609374e-01
8.095513215878710200e-01
8.173673512537594776e-01
7.925531687884571630e-01
5.949807177647302714e-01
8.999012124117038436e-01
8.960460315195859504e-01
8.900962777608790732e-01
8.875860008943400326e-01
8.864641206528264261e-01
8.856892067163856241e-01
