1.071751662277067529e+00
1.060048997972166784e+00
1.048458526859546991e+00
1.037276824707505041e+00
1.026739440655090707e+00
1.017025740256862765e+00
1.008264237789390227e+00
1.000538190424216767e+00
9.938912682408964638e-01
9.883331506737866867e-01
9.838449321335109854e-01
9.803842475070774221e-01
9.778900523403634137e-01
9.762870130548030323e-01
9.754894798693704017e-01
9.754050295071706733e-01
9.759375765612662290e-01
9.769900618778339929e-01
9.784667337601562487e-01
9.802750434639549981e-01
9.823271805906506060e-01
9.845412768072918652e-01
9.868423080384451929e-01
9.891627260680251332e-01
9.914428505245397316e-01
9.936310516464963438e-01
9.956837531673564667e-01
9.975652832319257257e-01
9.992475995584056969e-01
1.000709913172785459e+00
1.001938233038234261e+00
1.002924851837430298e+00
1.003667791091821471e+00
1.004170221751628844e+00
1.004439874401297894e+00
1.004488451312192998e+00
1.004331050759009303e+00
1.003985612303106789e+00
1.003472390142020165e+00
1.002813460123320732e+00
1.002032264615957846e+00
1.001153198104483444e+00
1.000201235096113805e+00
9.992016006675716877e-01
9.981794826713563662e-01
9.971597831892357044e-01
9.961669051406124575e-01
9.952245678507825044e-01
9.943556425893520512e-01
9.935819951993122290e-01
9.929243173268893496e-01
9.924019194640520958e-01
9.920324464897434247e-01
9.918314571914015332e-01
9.918117793675103044e-01
9.919825049754670276e-01
9.923474143673099990e-01
9.929024961722900944e-01
9.936320273113992130e-01
9.945023386063700510e-01
9.954518124974258697e-01
9.963746523219754181e-01
9.970941778777844267e-01
9.973181819507684898e-01
9.965629833855986774e-01
9.940219085531586396e-01
9.883338906058011242e-01
9.771724752949905168e-01
9.565210233174922250e-01
9.194554133358912029e-01
8.544223692404985249e-01
7.442319102921538532e-01
5.714844149839918286e-01
3.428713167057595990e-01
1.243488032189402764e-01
9.323599975830971706e-03
1.757539027994773836e-02
9.513701473734929859e-02
1.896069744335353857e-01
2.763964895066959304e-01
3.488059995890982479e-01
4.072017309035256272e-01
4.538847227551252583e-01
4.912706197338609360e-01
5.213899936424994941e-01
5.458317849156476553e-01
5.658096030231475337e-01
5.822460336965220584e-01
5.958454481042765316e-01
6.071502897310309121e-01
6.165828232284957799e-01
6.244756538916953481e-01
6.310939943188397239e-01
6.366519832512594901e-01
6.413247364219623048e-01
6.452572951798555279e-01
6.485711386898587172e-01
6.513679224838546666e-01
6.537247369527714458e-01
6.555977363888458864e-01
6.585064669933486936e-01
6.597841568826581238e-01
6.615473469739426848e-01
6.637874673980789231e-01
6.674127487825656235e-01
6.541415084152939485e-01
6.312866727621307961e-01
6.504348916596078833e-01
6.547807482290306513e-01
6.568019537338041225e-01
6.580436592783180938e-01
6.589387104750810131e-01
6.596591035753514021e-01
6.602886666418477102e-01
6.608739595385936250e-01
6.614430375481085145e-01
6.620135100055394295e-01
6.625964170064887471e-01
6.631982705024859204e-01
6.638222156221330605e-01
6.644687419354597946e-01
6.651361547932080898e-01
6.658209182554460925e-01
6.665179349350691673e-01
6.672208070694958248e-01
6.679221163142204931e-01
6.686137636706105392e-01
6.692874271052756674e-01
6.699352300280155825e-01
6.705507867181997872e-01
6.711309431362307842e-01
6.716788675721806490e-01
6.722099450663679976e-01
6.727640271119958992e-01
6.734338360787451849e-01
6.744414096632812550e-01
6.763944695714092514e-01
6.815345120486603347e-01
7.085148982117868144e-01
6.097046683759892449e-01
6.445104205028542310e-01
6.489773233493406623e-01
6.490735007656616151e-01
6.474054738197160264e-01
6.446287950595543936e-01
6.409548776724727226e-01
6.364434931831463027e-01
6.310851203176389701e-01
6.248017319168810424e-01
6.165848543761260903e-01
6.092393047784767646e-01
5.998152416757486227e-01
5.890237981539264700e-01
5.767118195869838093e-01
5.626715330591814945e-01
5.466521500149826851e-01
5.283559834282592904e-01
5.074327421519816417e-01
4.834745090335365036e-01
4.560138460943629068e-01
4.245292432299679342e-01
3.884656603025860022e-01
3.472843200046182854e-01
3.005672103755244184e-01
2.482210723632743421e-01
1.908569571491158523e-01
1.304673921804363756e-01
7.157769408565242686e-02
2.307914991690948603e-02
8.799363890064191987e-04
3.120405510851939623e-02
1.533523416763241942e-01
4.121767248619354618e-01
7.448725355511619517e-01
5.671039569187187324e-01
6.921536420775291354e-02
3.861778748764036623e-02
1.971662834672069931e-01
3.749056326748672618e-01
5.294806524896599198e-01
6.538238659124192553e-01
7.501944414361265689e-01
8.229721760938378816e-01
8.764774559084974603e-01
9.144030726340691695e-01
9.401013802842381750e-01
9.451039134449784607e-01
9.552789967173804797e-01
9.524611861114071765e-01
9.420073343274938393e-01
9.247985920660783954e-01
9.013416272433188992e-01
8.719971042305558750e-01
8.370588454880233398e-01
7.968078740392495751e-01
7.515594980098910805e-01
7.017071930244008771e-01
6.477623922193311845e-01
5.903864664980099652e-01
5.304094498504468014e-01
