9.889726887723639948e-01
9.884453617309162388e-01
9.879733560402935710e-01
9.875646384885691242e-01
9.872242833073294754e-01
9.869548813051807201e-01
9.867569285176850391e-01
9.866291894427150488e-01
9.865690315462106730e-01
9.865727290682524409e-01
9.866357352607476594e-01
9.867529230750584635e-01
9.869187950179936220e-01
9.871276634315454546e-01
9.873738028495495644e-01
9.876515763645892232e-01
9.879555381185959329e-01
9.882805141285986306e-01
9.886216636913732758e-01
9.889745235862446027e-01
9.893350372329764442e-01
9.896995708632518873e-01
9.900649186450662942e-01
9.904282985628806157e-01
9.907873407103608976e-01
9.911400695009157102e-01
9.914848811496360659e-01
9.918205176296379655e-01
9.921460381621002300e-01
9.924607891595338405e-01
9.927643734134548037e-01
9.930566191952784338e-01
9.933375498295656802e-01
9.936073541956295108e-01
9.938663585237909048e-01
9.941149997696423490e-01
9.943538007784272770e-01
9.945833473872052188e-01
9.948042675586414862e-01
9.950172125923036903e-01
9.952228404201446388e-01
9.954218009589514971e-01
9.956147234658142553e-01
9.958022058204735183e-01
9.959848056408588945e-01
9.961630331261452920e-01
9.963373455113407884e-01
9.965081430119935302e-01
9.966757661340317487e-01
9.968404942231058330e-01
9.970025451279764805e-01
9.971620758564364584e-01
9.973191841045221384e-01
9.974739105461842836e-01
9.976262417754147016e-01
9.977761137997288587e-01
9.979234159903501711e-01
9.980679954016984379e-01
9.982096613800123253e-01
9.983481903879647401e-01
9.984833309794812761e-01
9.986148088660564692e-01
9.987423320223203227e-01
9.988655957857489609e-01
9.989842879110497620e-01
9.990980935465643142e-01
9.992067001047763020e-01
9.993098020051144337e-01
9.994071052716183567e-01
9.994983319731554072e-01
9.995832244975395575e-01
9.996615496549138280e-01
9.997331026094415929e-01
9.997977106405259162e-01
9.998552367374645700e-01
9.999055830329354189e-01
9.999486940809121371e-01
9.999845599849646050e-01
1.000013219379335627e+00
1.000034762261825305e+00
1.000049332669764146e+00
1.000057131178045289e+00
1.000058417180171411e+00
1.000053510886187436e+00
1.000042794930917411e+00
1.000026715426028723e+00
1.000005782202043836e+00
9.999805678566185962e-01
9.999517050325458234e-01
9.999198810623955991e-01
9.998858286836150855e-01
9.998503108736211953e-01
9.998140968481921131e-01
9.997779247085708532e-01
9.997424437729873770e-01
9.997081257206159588e-01
9.996751273417189276e-01
9.996430772264596198e-01
9.996107410901776680e-01
9.995754900213187355e-01
9.995324421238641621e-01
9.994730500090075465e-01
9.993827221398982052e-01
9.992367057829746324e-01
9.989927251525051455e-01
9.985772968261371618e-01
9.978590825001250053e-01
9.965940019737387079e-01
9.943041294794344731e-01
9.899866289823472387e-01
9.813342198796352056e-01
9.623357815586544017e-01
9.144611153885428001e-01
7.678008245092976525e-01
2.894167321600932263e-01
1.074045415111848784e-01
5.630692637631575792e-01
7.621974644804415666e-01
8.448028344559513902e-01
8.857406134819350019e-01
9.089981467542571636e-01
9.235532614315947741e-01
9.333375652608340012e-01
9.400093330564430749e-01
9.439155261464990954e-01
9.476308747307390368e-01
9.505247953369515557e-01
9.527190075271363412e-01
9.544004865594125642e-01
9.556952038154696849e-01
9.566896288009103522e-01
9.574453683381709546e-01
9.580076163572854853e-01
9.584102898278221705e-01
9.586793146842800262e-01
9.588348129819908028e-01
9.588926043572819635e-01
9.588652629454781362e-01
9.587628772470375704e-01
9.585936064938587187e-01
9.583640946206543054e-01
9.580797827379183840e-01
9.577451480511892656e-01
9.573638886654122215e-01
9.569390680098404101e-01
9.564732287221797691e-01
9.559684831225438995e-01
9.554265854979816508e-01
9.548489900503763783e-01
9.542368973686000677e-01
9.535912915564269676e-01
9.529129696044873477e-01
9.522025641849574118e-01
9.514605607346742211e-01
9.506873094492807041e-01
9.498830326209218855e-01
9.490478275987836998e-01
9.481816655276624761e-01
9.472843859169296499e-01
9.463556870038035695e-01
9.453951117983475649e-01
9.444020296281474547e-01
9.433756129353354503e-01
9.423148090154009893e-01
9.412183063226032820e-01
9.400844948980144888e-01
9.389114203997903640e-01
9.376967311273709527e-01
9.364376173249608915e-01
9.351307419210754812e-01
9.337721616955469983e-01
9.323572376559978725e-01
9.308805331295925134e-01
9.293356977112722239e-01
9.277153347200607358e-01
9.260108491493205252e-01
9.242122721827559229e-01
9.223080570731306826e-01
9.202848393785096892e-01
9.181271519585119112e-01
9.158170813301966806e-01
9.133338462738932462e-01
9.106532707746402000e-01
9.077471093726613427e-01
9.045821598695586996e-01
9.011190585297274014e-01
8.973105810047351527e-01
8.930991348856101020e-01
8.884128502333542565e-01
8.831590613368570652e-01
8.772125044935857874e-01
8.703916426190829725e-01
8.624045954585353169e-01
8.527027300989189484e-01
8.399769581240971172e-01
8.196198275140528233e-01
7.556285365907631224e-01
6.317121466249685513e-01
8.113312691259623177e-01
7.966246034888340155e-01
