9.974028629184927830e-01
9.915229978355510898e-01
9.866896007333434415e-01
9.828405610162458395e-01
9.799019889643814096e-01
9.777925576539600039e-01
9.764274072199382593e-01
9.757216549834996089e-01
9.755935795469276028e-01
9.759675744257659824e-01
9.767769986961517548e-01
9.779670864522471696e-01
9.794980970079504301e-01
9.813488234114530195e-01
9.835201596661189427e-01
9.860366213391995593e-01
9.889362231480902654e-01
9.922057518907226870e-01
9.954446455240151259e-01
9.958576448501417211e-01
9.703841884840932464e-01
6.145821491108580670e-01
3.437015607388747007e-01
7.686875330249579585e-01
8.608270231795503991e-01
8.941710266542030050e-01
9.100789586721103053e-01
9.187137451516149689e-01
9.236390083600880541e-01
9.264067056725289184e-01
9.278008907007783135e-01
9.282670516779517600e-01
9.280958699723431682e-01
9.275871351329805226e-01
9.184352271140912016e-01
9.241213913974257732e-01
9.226624509071812419e-01
9.208872933148036788e-01
9.189353886904378932e-01
9.168597926140690246e-01
9.146939099591591127e-01
9.124623849673462184e-01
9.101843182069068172e-01
9.078744935440347108e-01
9.055437389385350144e-01
9.031985537328112157e-01
9.008395413853570455e-01
8.984569515638910486e-01
8.960171377057316588e-01
8.934105735259039172e-01
8.901283761621224810e-01
8.730876794003584740e-01
8.915442491690379612e-01
8.877660759828734927e-01
8.852419084819286299e-01
8.830309966368519170e-01
8.809663785725814211e-01
8.789947522501841970e-01
8.770934349880861181e-01
8.752507620909680819e-01
8.734597989313606092e-01
8.717159088591176497e-01
8.700156872189579449e-01
8.683564516359105756e-01
8.667359827763555513e-01
8.651523864755259474e-01
8.636040177732310363e-01
8.620894375172194479e-01
8.606073862278968978e-01
8.591567668764273913e-01
8.577366318614068064e-01
8.563461714521611867e-01
8.549847020907178630e-01
8.536516536022983326e-01
8.523465547630074690e-01
8.510690169242713932e-01
8.498187155613502464e-01
8.485953697407693230e-01
8.473987196153068835e-01
8.462285021870140644e-01
8.450844257568436158e-01
8.439661437497062435e-01
8.428732290359924884e-01
8.418051505809640567e-01
8.407612554426903140e-01
8.397407611684498674e-01
8.387427671762146542e-01
8.377663000255785031e-01
8.368104191108652889e-01
8.358744314881362270e-01
8.349583086741241278e-01
8.340634905965592649e-01
8.331944671773439115e-01
8.323620193854975868e-01
8.315902898347429240e-01
8.309336451892727071e-01
8.305222955468617441e-01
8.307107519193335232e-01
8.327244046969947133e-01
8.430955309371621631e-01
7.441351536183977711e-01
7.882068597150727607e-01
7.525587610727259014e-01
8.424057728267979606e-01
8.227801541278125796e-01
8.161031622911384398e-01
8.114788169272284524e-01
8.074867965788448121e-01
8.045958733787711425e-01
8.105337440194949616e-01
7.461859838504082409e-01
7.603400861214743012e-01
7.508154505260575817e-01
7.348364404629876834e-01
7.122703346863415996e-01
6.807225643462339049e-01
6.357529786437378094e-01
5.699048309388795586e-01
4.716752867949830508e-01
3.244060345224468178e-01
7.904785873124935136e-02
3.113524809120631343e-01
4.846303532278574688e-01
3.399144387478306162e-01
4.868682600625101053e-01
7.367227683688726270e-01
8.716090644427401113e-01
9.332191808421363977e-01
9.623687303533143833e-01
9.770072575648490742e-01
9.847518755812612046e-01
9.890317600391114183e-01
9.914951983877061670e-01
9.929792166962514433e-01
9.939268987740944583e-01
9.945794015284060707e-01
9.950697061955031675e-01
9.954707808553462378e-01
9.958214124611203255e-01
9.961405748766243295e-01
9.964356683851840479e-01
9.967073664239598507e-01
9.969525262757612527e-01
9.971659653348453611e-01
9.973415568794674613e-01
9.974729088769918040e-01
9.975537821366646796e-01
9.975783422639581399e-01
9.975413033999706025e-01
9.974379998292314253e-01
9.972644081878276889e-01
9.970171347739767986e-01
9.966933773679522712e-01
9.962908678328695755e-01
9.958077998949791398e-01
9.952427454800013562e-01
9.945945625775539645e-01
9.938622977179334406e-01
9.930450867826354777e-01
9.921420591634144692e-01
9.911522525445931597e-01
9.900745493797645791e-01
9.889076523978648225e-01
9.876501262856611785e-01
9.863005450466416635e-01
9.848577825578177514e-01
9.833213533888784941e-01
9.816907079852690288e-01
9.799548197099878788e-01
9.779875972686729035e-01
9.737135337638456178e-01
9.014996787079732066e-01
9.599159127945769976e-01
9.618694108636658413e-01
9.593983197543221042e-01
9.542670909679499269e-01
9.398249559564615385e-01
8.538944486157143965e-01
9.452827279570220620e-01
9.468995662577308625e-01
9.435276798110602270e-01
9.393672742702472434e-01
9.350904877741323951e-01
9.313539713179739277e-01
9.283140548530235403e-01
8.465389773353517722e-01
8.838761316681571500e-01
8.056254374597446866e-01
8.037403326393491865e-01
8.204410109122597383e-01
8.950864493514792963e-01
8.878528191137486925e-01
8.781577136255603877e-01
8.692952544752133859e-01
8.611277092603363270e-01
8.536158562409151829e-01
8.468666346312160309e-01
8.411210658068992707e-01
8.367809535508407004e-01
8.344794328067425271e-01
