9.978917181544244563e-01
9.937003161211970248e-01
9.901106526546675779e-01
9.871113517279995753e-01
9.846786778275574692e-01
9.827793967392586261e-01
9.813733116773774023e-01
9.804154794588971766e-01
9.798581181585662714e-01
9.796522226429582592e-01
9.797489078634267212e-01
9.801005020432917991e-01
9.806614131472223272e-01
9.813887924643841520e-01
9.822430189405216838e-01
9.831880272038291402e-01
9.841915011650478329e-01
9.852249537412116620e-01
9.862637117411335863e-01
9.872868233284720629e-01
9.882769038080030377e-01
9.892199338059626257e-01
9.901050222741424323e-01
9.909241451691075397e-01
9.916718691619555992e-01
9.923450683352467161e-01
9.929426405329896399e-01
9.934652288496529371e-01
9.939149526799331280e-01
9.942951517977917097e-01
9.946101460912424308e-01
9.948650128412438454e-01
9.950653827954539787e-01
9.952172557394658448e-01
9.953268358084944589e-01
9.954003863971312427e-01
9.954441042122541550e-01
9.954640117616410100e-01
9.954658673764827936e-01
9.954550917183369041e-01
9.954367096173936114e-01
9.954153060206392123e-01
9.953949947924449759e-01
9.953793990995678520e-01
9.953716421233101963e-01
9.953743468718133647e-01
9.953896439074918501e-01
9.954191858594250153e-01
9.954641676527896665e-01
9.955253514560793437e-01
9.956030954182548687e-01
9.956973853435576727e-01
9.958078685251785522e-01
9.959338890346404183e-01
9.960745238357918696e-01
9.962286191634147636e-01
9.963948266735354053e-01
9.965716389370532502e-01
9.967574239087371168e-01
9.969504580598466115e-01
9.971489579153179905e-01
9.973511097847155282e-01
9.975550975198484993e-01
9.977591281727279382e-01
9.979614554629491208e-01
9.981604009967592894e-01
9.983543732080405464e-01
9.985418840175267485e-01
9.987215632282376854e-01
9.988921706948307166e-01
9.990526063205845686e-01
9.992019179498353720e-01
9.993393072357639184e-01
9.994641335722536102e-01
9.995759161866470954e-01
9.996743344962645272e-01
9.997592268354059675e-01
9.998305876637391121e-01
9.998885633674218232e-01
9.999334467661098458e-01
9.999656704386902240e-01
9.999857989790338353e-01
9.999945202912934317e-01
9.999926360317022977e-01
9.999810513000410017e-01
9.999607636789594745e-01
9.999328517139433048e-01
9.998984629194294094e-01
9.998588013870480795e-01
9.998151150612876181e-01
9.997686827318609248e-01
9.997208007740878699e-01
9.996727696414162700e-01
9.996258800807813483e-01
9.995813989945272482e-01
9.995405548078516444e-01
9.995045221122876855e-01
9.994744052318266236e-01
9.994512201821151853e-01
9.994358742446661781e-01
9.994291420202074949e-01
9.994316363059478903e-01
9.994437713831652026e-01
9.994657151755951263e-01
9.994973250558379929e-01
9.995380595179926830e-01
9.995868540000639735e-01
9.996419429837690718e-01
9.997006007154116691e-01
9.997587570410677582e-01
9.998104186411450600e-01
9.998467816224217986e-01
9.998548445366945980e-01
9.998151937189657668e-01
9.996983802725953883e-01
9.994588261712675781e-01
9.990242398026839554e-01
9.982765303382051814e-01
9.970158431711201308e-01
9.948891500570699042e-01
9.912392778774635760e-01
9.847605020782226326e-01
9.726363336423791139e-01
9.481230391540806934e-01
8.928496731868974523e-01
7.500862975851967374e-01
3.725403525397609772e-01
3.157676997405504254e-02
3.816046039396392420e-01
6.532381127622599593e-01
7.789191001226898337e-01
8.419618125500611949e-01
8.774224322318180391e-01
8.992300630121273786e-01
9.135421034566004739e-01
9.233853269880043513e-01
9.303849128696880522e-01
9.354785257446640578e-01
9.392400860993042055e-01
9.420384092329074921e-01
9.441195396870585288e-01
9.456499724733528067e-01
9.467347820170980421e-01
9.474068179444845583e-01
9.475444991917628679e-01
9.465503080358413923e-01
9.430667740480171979e-01
9.429825041471923130e-01
9.489405017749733551e-01
9.512193467202911812e-01
8.587234321590970776e-01
7.590798009708226157e-01
8.928433071191989034e-01
9.128166418502392521e-01
9.197271670620631445e-01
9.228258191266842658e-01
9.243436307083099379e-01
9.250791843906194245e-01
9.253911102077289064e-01
9.254668909525075593e-01
9.254159677489339764e-01
9.253077072803899128e-01
9.251887780819652018e-01
9.250917937775409161e-01
9.250398709851540557e-01
9.250491203376723925e-01
9.251300224964451591e-01
9.252881699779312852e-01
9.255246326476188612e-01
9.258360930239146747e-01
9.262148389031948925e-01
9.266486689026948165e-01
9.271207486843516810e-01
9.276094455242831494e-01
9.280881631974604584e-01
9.285251960348848144e-01
9.288836194511850275e-01
9.291212336201414290e-01
9.291905769141257654e-01
9.290390259663362515e-01
9.286089995773908479e-01
9.278382840196800485e-01
9.266604974592239641e-01
9.250057110775259384e-01
9.228012438893709035e-01
9.199726470473459372e-01
9.164448914041808392e-01
9.121437690312858004e-01
9.069975149780636903e-01
9.009386494402753520e-01
8.939060322373356682e-01
8.858471104986187505e-01
8.767203259777176516e-01
8.664976294529004308e-01
8.551670248642324612e-01
8.427350332497798302e-01
8.292289232759689765e-01
8.146984965199736139e-01
7.992171330708469634e-01
7.828816779097191869e-01
