9.826370108272682868e-01
9.834099618590206315e-01
9.841850184327350926e-01
9.849533960747134387e-01
9.857078818778005624e-01
9.864427056536116956e-01
9.871534015105327686e-01
9.878366650222788481e-01
9.884902102017184555e-01
9.891126296473334856e-01
9.897032604812453505e-01
9.902620580433812991e-01
9.907894787428379590e-01
9.912863729858925055e-01
9.917538886947421251e-01
9.921933855962360438e-01
9.926063601840728889e-01
9.929943810383432545e-01
9.933590340142586239e-01
9.937018766780855161e-01
9.940244012718514321e-01
9.943280054172263238e-01
9.946139697214044784e-01
9.948834414160514505e-01
9.951374231406665549e-01
9.953767659662005052e-01
9.956021657410812908e-01
9.958141618208603552e-01
9.960131372109585213e-01
9.961993190987197266e-01
9.963727786696906508e-01
9.965334289796905498e-01
9.966810194761011044e-01
9.968151255043580239e-01
9.969351307770032422e-01
9.970402002790146323e-01
9.971292403863653009e-01
9.972008420055198386e-01
9.972532011981842803e-01
9.972840098801980524e-01
9.972903065570637438e-01
9.972682733514300901e-01
9.972129603070423176e-01
9.971179103891181228e-01
9.969746476374210520e-01
9.967719748658746548e-01
9.964950034881812080e-01
9.961238022979973517e-01
9.956314976289792895e-01
9.949815733356300873e-01
9.941239873904099689e-01
9.929895121937477587e-01
9.914813659834680326e-01
9.894626427737016616e-01
9.867371089827711161e-01
9.830193327329241892e-01
9.778873387294499953e-01
9.707061360786525261e-01
9.605020095414796844e-01
9.457530469821950891e-01
9.240385011809983951e-01
8.914599344487389443e-01
8.417353610234938888e-01
7.650171914782218918e-01
6.474902340911857790e-01
4.765916654747264780e-01
2.627333021347583730e-01
7.258070883252307204e-02
3.946918848158508701e-04
5.986232858974964433e-02
1.821792448471822312e-01
3.071695448035474674e-01
4.117145047730418894e-01
4.932742007800435813e-01
5.556707473394651986e-01
6.034397949327546806e-01
6.403191682541643504e-01
6.690958561075625033e-01
6.917853100039248471e-01
7.098386562439087388e-01
7.243077644337031495e-01
7.359639263112897067e-01
7.453803044285476354e-01
7.529887380879740633e-01
7.591190109041708878e-01
7.640262334834876379e-01
7.679101551212240695e-01
7.709289522960616203e-01
7.732091980496076378e-01
7.748531597765039303e-01
7.759442056111266472e-01
7.765508557147082769e-01
7.767298514417912969e-01
7.765285049130987716e-01
7.759865160939628526e-01
7.751373925553952660e-01
7.740095712709400555e-01
7.726273174484487027e-01
7.710114600293769271e-01
7.691800169307444479e-01
7.671487692637005695e-01
7.649318774506141949e-01
7.625427453752101625e-01
7.599957389480990200e-01
7.573110971428181903e-01
7.545361012867700667e-01
7.519370413658496011e-01
7.459269679175191126e-01
7.442060618074495260e-01
7.409365177707922800e-01
7.374116106856116737e-01
7.337167375965455429e-01
7.298727874300343643e-01
7.258870104528845069e-01
7.217619297524701105e-01
7.174977791263422722e-01
7.130933281664427748e-01
7.085461238630212932e-01
7.038522421401970375e-01
6.990041166831729713e-01
6.939483205702959845e-01
6.889235213077913311e-01
6.835828921087124810e-01
6.780890834295110192e-01
6.724192282021063116e-01
6.665624940704503176e-01
6.605086748580206724e-01
6.542469849980645513e-01
6.477657546425363844e-01
6.410522961294133903e-01
6.340928159345611270e-01
6.268723411837706649e-01
6.193746517403464491e-01
6.115822154665485622e-01
6.034761267808188556e-01
5.950360499364822919e-01
5.862401693977131734e-01
5.770651505974121465e-01
5.674861153660769597e-01
5.574766375040451916e-01
5.470087653889929014e-01
5.360530802221914470e-01
5.245788005727148873e-01
5.125539463270132323e-01
4.999455780365809621e-01
4.867201310065512043e-01
4.728438672841169810e-01
4.582834729445999788e-01
4.430068326156090253e-01
4.269840177993556862e-01
4.101885298599268204e-01
3.925988419227809945e-01
3.742002854725486327e-01
3.549873258307577051e-01
3.349662641786797512e-01
3.141583900765164139e-01
2.926035847309570448e-01
2.703643384439070596e-01
2.475300926219491937e-01
2.242217450438438731e-01
2.005960662251733695e-01
1.768496675970850085e-01
1.532220472378405807e-01
1.299971321272034297e-01
1.075026627614427271e-01
8.610676167967323824e-02
6.621113571575952539e-02
4.824063488502187275e-02
3.262941746055406794e-02
1.980518870773754006e-02
1.017739049672253086e-02
4.005913027646700736e-03
1.770694312207640774e-03
3.620893658341921371e-03
9.809623960545641244e-03
2.066040509871812023e-02
3.687445825473963795e-02
6.058686907050793435e-02
1.008878164399114319e-01
2.107705585954664507e-01
2.819161374205155987e-02
8.083415417324024688e-02
1.173042988730780695e-01
1.488927545243607098e-01
1.786298399963060779e-01
2.073736335655111951e-01
2.353680469384861751e-01
2.626559960411496975e-01
2.892147117474365703e-01
3.149971536034494313e-01
3.396200749166634059e-01
3.644747993743759906e-01
3.878979460670842760e-01
4.106068861118335467e-01
4.326050924383536556e-01
4.539305433961807745e-01
4.746312439225002788e-01
4.947603071608041581e-01
5.143737895050637388e-01
5.335300518475125653e-01
