2.544999896374252613e-01
3.459336378154818092e-01
4.011288768748096367e-01
4.382123919124656930e-01
4.661004029434335783e-01
4.892250735234482395e-01
5.098705194025655585e-01
5.292349159619078591e-01
5.479372301315234006e-01
5.662751020594134488e-01
5.843642515925696612e-01
6.022178618304604436e-01
6.197939825568068439e-01
6.370274007735512445e-01
6.534029194236673499e-01
6.700781912943518659e-01
6.858011209392154139e-01
7.008866546170764433e-01
7.152961831503910073e-01
7.290028868580078480e-01
7.419941211870463293e-01
7.542709525969308881e-01
7.658469859056253881e-01
7.767468487350812634e-01
7.870044749641741388e-01
7.966612430466742945e-01
8.057638775990643154e-01
8.143611812908585490e-01
8.224839411186873894e-01
8.303584297242642132e-01
8.377451952403198732e-01
8.448758124371642531e-01
8.517720669911402753e-01
8.584751873413611900e-01
8.650233699178535574e-01
8.714494615816469336e-01
8.777801437721207689e-01
8.840355294871481417e-01
8.902289985949273232e-01
8.963672230035558686e-01
9.024503569362657407e-01
9.084723705475197253e-01
9.144215022804670356e-01
9.202807999820590279e-01
9.260287129827206032e-01
9.316396848440918754e-01
9.370846713656441063e-01
9.423314424868343142e-01
9.473442991548147729e-01
9.520817614565667553e-01
9.564825895208582951e-01
9.602155866048869282e-01
9.647305939734728275e-01
9.678680765273656172e-01
9.706362455594111927e-01
9.728732056097648684e-01
9.744850512299114698e-01
9.753667961969453293e-01
9.753862497656179409e-01
9.743706364714670443e-01
9.720901426877511797e-01
9.682359500979961231e-01
9.623896787430179511e-01
9.539750833894593551e-01
9.420696853591626896e-01
9.266157582570206941e-01
9.048087771826052172e-01
8.754713824769881914e-01
8.359165691432600687e-01
7.822799278196962414e-01
7.082098827604167424e-01
6.003068758441876263e-01
4.157761603718867494e-01
9.182810956222435886e-03
9.281538099313629830e-01
6.055698356232663837e-01
4.276929374384149662e-01
2.972592434315038390e-01
1.961389337212302020e-01
1.198997504073849446e-01
6.580493514119815923e-02
3.055042996985457213e-02
1.033226237428613165e-02
1.383612158532980573e-03
3.932199000072749686e-04
4.689862676724326253e-03
1.224892055281726934e-02
2.160612358512627174e-02
3.174140070570752314e-02
4.196715605306992891e-02
5.183491865976017771e-02
6.106309527566244205e-02
6.948359794831215908e-02
7.700358413832070203e-02
8.357858646849522510e-02
8.919392117251442875e-02
9.385198088685602069e-02
9.756365430621298518e-02
1.003426221217858516e-01
1.022016608001767718e-01
1.031503666573051065e-01
1.031939183868893911e-01
1.023326497033277688e-01
1.005623238153211252e-01
9.787510313295806619e-02
9.426130331402951534e-02
8.971212109581852556e-02
8.422363970629533070e-02
7.780255189615577216e-02
7.047420362565720575e-02
6.229374898967623281e-02
5.336140158845485704e-02
4.384292105732309069e-02
3.399648064003787939e-02
2.420672011175177898e-02
1.502574774017952607e-02
7.218579645887237932e-03
1.806321157230516856e-03
9.378178889969410810e-05
3.659601080567049299e-03
1.427927077909806747e-02
3.375229610687644627e-02
6.362947297314144879e-02
1.049282139620883042e-01
1.586154841338983379e-01
2.085434746415153473e-01
2.825679027683307698e-01
3.550489783425242463e-01
4.269886162040805733e-01
4.955960265849713164e-01
5.586656452596792111e-01
6.148388363510550736e-01
6.637338977855247180e-01
7.064603670845188699e-01
7.350231903968835745e-01
7.651712777009440636e-01
7.883085044465641955e-01
8.066268943556378357e-01
8.209874164657537943e-01
8.320453312919311450e-01
8.403355823874947284e-01
8.462969351065999790e-01
8.502880799475187601e-01
8.526018316052262902e-01
8.534779618168290005e-01
8.531145606147920724e-01
8.516779053021075185e-01
8.493109530691353992e-01
8.461406606530960106e-01
8.422843776486584888e-01
8.378555785436688774e-01
8.329692088319455845e-01
8.277469345627820330e-01
8.223226112556246692e-01
8.168483347683305196e-01
8.115015110771912621e-01
8.064934929185563206e-01
8.020804928160772951e-01
7.985777424058783103e-01
7.963785942275082297e-01
7.959862467467374580e-01
7.977392294637358772e-01
8.030443570090692873e-01
8.123304612039546901e-01
8.267795073381738469e-01
8.473637242394909119e-01
8.742040031593181215e-01
9.044341521035469400e-01
9.269073854226335119e-01
9.128463051060277111e-01
8.149975951591079681e-01
6.144546648376746356e-01
3.818624778890352123e-01
2.064381597169117066e-01
1.054855566702515707e-01
5.468305296763511375e-02
3.056652633001893590e-02
1.957505053366356829e-02
1.510808977112878052e-02
1.426644299849222364e-02
1.598113581072962627e-02
2.008413704831267868e-02
2.686133846658741997e-02
3.683315814019168938e-02
5.063779957850118169e-02
6.895670825270967808e-02
9.245246272434184953e-02
1.217048749568188093e-01
1.571406622896412142e-01
1.989598512924523332e-01
2.470694084527486623e-01
3.010411685731400611e-01
3.601167349398873285e-01
4.232696074711897460e-01
4.851708618967323083e-01
5.500513212460792500e-01
6.181632133279192365e-01
6.830443360422501220e-01
7.448604891223188362e-01
8.029397236125459525e-01
