5.690015355373234662e-01
5.840487177263756768e-01
5.988794715013442405e-01
6.134885411902539776e-01
6.274041680041616553e-01
6.403851972964104133e-01
6.522624852453209332e-01
6.629301537644629594e-01
6.723364569045656713e-01
6.804750677963283811e-01
6.873769650200316494e-01
6.931029996961650674e-01
6.977371980877565827e-01
7.013800555119591440e-01
7.041460381197597318e-01
7.061543700380521482e-01
7.075290205368169882e-01
7.083938547977060018e-01
7.088701677265130119e-01
7.090745968511792396e-01
7.091176334814791593e-01
7.091029062812784778e-01
7.091279091252219446e-01
7.092891773960474655e-01
7.097113636878844556e-01
7.109420178453177419e-01
7.098647571187336469e-01
7.115959039216649407e-01
7.132600282981172990e-01
7.152504779068902252e-01
7.176275252614136013e-01
7.204105858463675238e-01
7.236038090308464232e-01
7.272018475296594398e-01
7.311920207114074310e-01
7.355555072404930117e-01
7.402682008562988525e-01
7.453014259138541764e-01
7.506226020177709790e-01
7.561959824073060110e-01
7.619840916486141369e-01
7.679592728365455256e-01
7.739635241814529776e-01
7.801541131674362139e-01
7.863528239142274501e-01
7.922969211442290050e-01
7.986008393632382241e-01
8.046130353095576337e-01
8.104375934310042995e-01
8.160320467985249238e-01
8.213408550627001592e-01
8.263041748075590220e-01
8.308579144309753417e-01
8.349326129416344555e-01
8.384516605475970108e-01
8.413287960163664536e-01
8.434646588929017863e-01
8.447420489512539321e-01
8.450193831166672442e-01
8.441216066383087080e-01
8.418274707732535944e-01
8.378515786390335895e-01
8.318188492085383245e-01
8.232279667404912571e-01
8.113989022767403858e-01
7.953978112203640150e-01
7.739312236009072699e-01
7.452030220213675671e-01
7.067402353582714625e-01
6.552405970285103409e-01
5.866607353580666206e-01
4.934713400405097428e-01
3.822139455565356503e-01
2.506964060697994823e-01
1.211720634601779201e-01
2.817320744229885945e-02
1.745808211688974895e-03
4.282574209350586969e-02
1.269330365317698217e-01
2.228209493603528213e-01
3.068530369418523418e-01
3.867122325482917344e-01
4.490625465024040697e-01
4.989455346272292924e-01
5.392022273590995063e-01
5.739122143129141707e-01
5.460922110519172978e-01
6.088834390611725933e-01
6.296576943935058290e-01
6.480116097951893472e-01
6.685915821616179588e-01
6.874859204130678858e-01
7.104836902554579892e-01
7.665304023200943950e-01
9.280630685812327751e-01
2.616949353376881171e-01
4.806634538475092477e-01
5.366255090961870033e-01
5.603681574692443990e-01
5.726481947973475206e-01
5.794891130086471387e-01
5.832864197748001134e-01
5.851912561145247160e-01
5.858304746253082396e-01
5.855714808063472443e-01
5.846019116191535359e-01
5.821265062881766372e-01
5.819245078835991736e-01
5.798843008998461057e-01
5.776624121502696996e-01
5.752701946513477660e-01
5.727214502771175164e-01
5.700166371261669029e-01
5.671359269245894730e-01
5.640294508553167496e-01
5.605985028775239964e-01
5.566559606775688396e-01
5.518345976929329710e-01
5.453431018671996977e-01
5.351654169722002141e-01
5.143253131326186445e-01
4.326872699329222804e-01
7.706507838827885148e-01
6.235903599114126505e-01
5.974135377858761364e-01
5.864171668736729570e-01
5.802945511161691217e-01
5.763821396108762540e-01
5.736689189629810004e-01
5.716703229585744506e-01
5.701047089287486491e-01
5.687712986047813724e-01
5.674869712300395497e-01
5.660138806892934804e-01
5.635697295366605131e-01
5.495786847619079651e-01
5.589875828686240444e-01
5.540677630641726026e-01
5.458812090173225107e-01
5.317572549931772752e-01
5.037781768020598294e-01
4.615183613930159967e-01
3.677427452778349037e-01
4.985556221354855988e-02
8.598237427537213096e-01
8.344494947323376488e-01
7.924840550632766822e-01
7.670701852586002678e-01
7.600036655416009257e-01
7.714284133628507290e-01
7.854074260377217342e-01
8.233064308107450602e-01
9.879352679545153615e-01
4.667034232845526098e-01
6.420337100968941391e-01
6.846105436366356489e-01
7.063846793380630373e-01
7.213928012683307189e-01
7.334893880024371260e-01
7.441364888576627035e-01
7.539990969433497670e-01
7.634171738704748078e-01
7.725795519181545279e-01
7.815989503905612645e-01
7.905572183756298665e-01
7.999048680894979002e-01
8.084412770931556080e-01
8.173145448320436879e-01
8.262613336512086848e-01
8.352543914474429565e-01
8.442906865521027093e-01
8.533643452817564201e-01
8.624624079876209715e-01
8.715621468613722334e-01
8.806287079385221039e-01
8.896156700131068185e-01
8.984769031329608024e-01
9.060064156236523614e-01
9.140908901547294407e-01
9.212000884874995688e-01
9.267722944781489058e-01
9.296716061486464122e-01
9.261813446049604881e-01
8.718935191861620915e-01
9.696784375039573245e-01
9.384390932782432637e-01
9.047375046315520031e-01
8.412362173917821151e-01
7.061651903621373183e-01
4.143099724367806935e-01
5.288404573069113712e-02
2.911367232915473280e-01
6.597642375716563645e-01
8.353313304154367236e-01
9.121957091670278572e-01
9.462923637900885199e-01
9.594149235935710562e-01
9.605523536023187203e-01
9.537762403559002511e-01
9.409342704943590707e-01
