9.978480578879929119e-01
9.982158217594399030e-01
9.985487510939040634e-01
9.988456030891570414e-01
9.991052533732511787e-01
9.993267148856993520e-01
9.995091564182359001e-01
9.996519209723607746e-01
9.997545440878771172e-01
9.998167722931531332e-01
9.998385818224848620e-01
9.998201977350914538e-01
9.997621135606162834e-01
9.996651115802652754e-01
9.995302838348049113e-01
9.993590539305290399e-01
9.991531996848728170e-01
9.989148766193806095e-01
9.986466422627805484e-01
9.983514811655537224e-01
9.980328304491904445e-01
9.976946056047105715e-01
9.973412261094599662e-01
9.969776402321107733e-01
9.966093481233661011e-01
9.962424219142802517e-01
9.958835210271007599e-01
9.955399001860812946e-01
9.952194066201818234e-01
9.949304615587285516e-01
9.946820191734084826e-01
9.944834933766857343e-01
9.943446390056926987e-01
9.942753683937455289e-01
9.942854764203777895e-01
9.943842357230170403e-01
9.945798071955516129e-01
9.948783866804074005e-01
9.952829730692176469e-01
9.957915900001033105e-01
9.963947139258879648e-01
9.970715414468988014e-01
9.977845464788686058e-01
9.984714987187435220e-01
9.990336855549499795e-01
9.993184180506061720e-01
9.990928858730162565e-01
9.980048861898466184e-01
9.955236867905350451e-01
9.908511690768490032e-01
9.827897644932473975e-01
9.695514785003270797e-01
9.484980573989115760e-01
9.158344021188152828e-01
8.663785564978573328e-01
7.937770908601958775e-01
6.919642515493977797e-01
5.589394079849900887e-01
4.026991151973972616e-01
2.448894828043258476e-01
1.145219015979148935e-01
3.245686580506510627e-02
1.150217589346880145e-03
8.773735602730337382e-03
3.969444562786417913e-02
8.129376438930040194e-02
1.255798999463680621e-01
1.682663880366703224e-01
2.074117238747194281e-01
2.423775119591542737e-01
2.731821910610570669e-01
3.001400769581241135e-01
3.236728956090055842e-01
3.442171911826303887e-01
3.621824648086679477e-01
3.779351548450813336e-01
3.917952295426181952e-01
4.040385348157854439e-01
4.149014282492548000e-01
4.245860024055019277e-01
4.332651139902833903e-01
4.410868979690979463e-01
4.481786731094922760e-01
4.546502508081863847e-01
4.605966998104957799e-01
4.661006125532131672e-01
4.712337195504086584e-01
4.760298293649887769e-01
4.806411314921264499e-01
4.850140806736202848e-01
4.892295103355607799e-01
4.933256621815833021e-01
4.973370624155715181e-01
5.012946486632796628e-01
5.052261540633055104e-01
5.091564594597860482e-01
5.131078933009927123e-01
5.171004825726880361e-01
5.211521610031131235e-01
5.252789405795528221e-01
5.294950517468004492e-01
5.338130570847788858e-01
5.382439430399367231e-01
5.427971948385734713e-01
5.474808623859100942e-01
5.523016349378061518e-01
5.572649848019668450e-01
5.623756890053988045e-01
5.676418699118016553e-01
5.729141398301061949e-01
5.785647584777751096e-01
5.842716482465292183e-01
5.901175318840888862e-01
5.961009195336279820e-01
6.022163563528574182e-01
6.084564592723749055e-01
6.148122413072479864e-01
6.212732012581330121e-01
6.278273648726742096e-01
6.344613177057965014e-01
6.411602416966499796e-01
6.479079599721009330e-01
6.546869918007637290e-01
6.614786184592880147e-01
6.682629601037319844e-01
6.750190633242777460e-01
6.817249989510429931e-01
6.883579702612433460e-01
6.948944343113279132e-01
7.013102482776025770e-01
7.075808864455684910e-01
7.136818732708779534e-01
7.195808521890202369e-01
7.251965991507917098e-01
7.306655373491371952e-01
7.358254943911661794e-01
7.406793859881118935e-01
7.452030485428081663e-01
7.493700181207710864e-01
7.531530244598926283e-01
7.565241372757994798e-01
7.594546228170809821e-01
7.619138845647592806e-01
7.638751210732692698e-01
7.653009703566897581e-01
7.661589983597937303e-01
7.664123730681948743e-01
7.660213333003415004e-01
7.649426276043910233e-01
7.631288730706652368e-01
7.605278599599851752e-01
7.570818006178081649e-01
7.527265268190630465e-01
7.473906443285653900e-01
7.409946595127981928e-01
7.334501014652081707e-01
7.246586754311905576e-01
7.145115007222373471e-01
7.028885105403356315e-01
6.896581243700327102e-01
6.746773484450361291e-01
6.577925191767166613e-01
6.388409812400992482e-01
6.176540883847357888e-01
5.940620309432044222e-01
5.679011247937327811e-01
5.390243289256830828e-01
5.073158649071992654e-01
4.727108410018344697e-01
4.352206542645754572e-01
3.949645350085408957e-01
3.522067535389430959e-01
3.073975641598909458e-01
2.612138115224062473e-01
2.145923531191063771e-01
1.687465126840881346e-01
1.251536665695365813e-01
8.550231909276134745e-02
5.159134661856105974e-02
2.518343754323715267e-02
7.828129298850806592e-03
6.837724389830245443e-04
4.379638132042926006e-03
1.893949454815585867e-02
4.343406437250898339e-02
7.729133728404008474e-02
1.187272724406824576e-01
1.660859505410265946e-01
2.176885394032118670e-01
2.719095263809114260e-01
3.273683309307155453e-01
3.829037766313815871e-01
4.376045071358870553e-01
4.907912755329814636e-01
5.419856410275392111e-01
5.908719316231463292e-01
6.372544375446416165e-01
6.809339934354574631e-01
7.223415333617254630e-01
7.608724250877697548e-01
