5.391707986318688972e-01
5.501721533336541015e-01
5.654477626882259411e-01
5.841692020791580120e-01
6.055554852254252385e-01
6.288790349530067880e-01
6.534811729188848561e-01
6.787644428189194556e-01
7.042034269632961863e-01
7.293429618892266486e-01
7.537981074877078136e-01
7.772543076003012308e-01
7.994838092282487985e-01
8.199519955139376037e-01
8.392445928882834583e-01
8.567347067284550866e-01
8.725015967119748028e-01
8.865553330604571958e-01
8.989351677172875421e-01
9.097085907070876498e-01
9.189664914296773457e-01
9.268177106309748448e-01
9.333832253836442661e-01
9.387891199999617298e-01
9.431537266826462984e-01
9.465329419401482536e-01
9.473418293017651370e-01
9.525780671573189640e-01
9.539697669104192368e-01
9.552165144057629398e-01
9.562221783905335837e-01
9.570279531724470434e-01
9.576534931643260196e-01
9.543217482887719205e-01
9.590553776675717623e-01
9.594285439477865385e-01
9.597423367966764207e-01
9.598897102520025371e-01
9.597398463668143087e-01
9.590802512464577934e-01
9.574263809174426987e-01
9.556093891597887691e-01
9.508286700709048800e-01
9.431466051513711646e-01
9.305566484669024474e-01
9.099370542836480169e-01
8.759864939055652666e-01
8.195801000414557613e-01
7.254795975994428048e-01
5.720063719584210782e-01
3.464458296383216562e-01
1.042620135849032792e-01
4.405882961979122082e-03
1.209992298385444975e-01
3.374425230985240165e-01
5.435785037009166487e-01
7.091943582291339032e-01
8.371175290133704427e-01
9.311096959144923302e-01
9.853078622033759615e-01
9.735654807012416034e-01
8.578064452981373211e-01
6.241127152803077616e-01
3.435289737106590469e-01
1.298954158919297386e-01
2.519752465198074262e-02
2.573409438271283224e-04
1.595481044976220300e-02
4.762832371380182339e-02
8.351242589209985356e-02
1.164221089820113575e-01
1.478352441547008123e-01
1.753762411871125637e-01
1.994611554728475122e-01
2.204948060547846644e-01
2.389000652878008890e-01
2.550756790654689077e-01
2.693752941925895983e-01
2.821029798731889415e-01
2.935156364459232115e-01
3.038277599790629169e-01
3.132165036248076295e-01
3.218261363060970770e-01
3.297715099576627451e-01
3.371403315610667084e-01
3.439940381905481903e-01
3.503669333111023021e-01
3.562629218504093642e-01
3.616485268247821017e-01
3.664394701821620526e-01
3.704748168390810670e-01
3.734639818974601622e-01
3.748648785616495172e-01
3.735469820453302670e-01
3.665308813507131003e-01
3.405685923848989494e-01
2.388322898677680273e-01
4.185442922434515212e-01
3.696711133839726271e-01
3.049617926093156073e-01
1.496145213208691926e-01
3.853584877243428353e-01
7.877282876665688827e-01
7.601193111561422855e-01
7.125403374225380837e-01
6.907191660340703532e-01
6.818132460875701017e-01
6.799994341273414289e-01
6.825024202043624699e-01
6.878527076369236326e-01
6.951994116904433030e-01
7.040121758180027944e-01
7.139396973130065494e-01
7.247425121498528577e-01
7.359652281563262566e-01
7.481351575851619140e-01
7.605515154857351856e-01
7.732564302769414644e-01
7.861419100418334249e-01
7.990630210232095854e-01
8.117425659575252528e-01
8.231626368921342030e-01
8.072733405657346317e-01
8.611120948941749509e-01
8.714325792461613540e-01
8.840859792151127827e-01
8.983132157506590332e-01
9.146901429025221519e-01
9.417537179270561998e-01
7.095206467704969766e-01
9.090319393944441551e-01
9.284366402671564433e-01
9.424647473203354719e-01
9.527474763535770386e-01
9.614659912531816621e-01
9.689979457640575111e-01
9.754930715412590825e-01
9.810209346030356325e-01
9.856192839737001332e-01
9.893134551201948623e-01
9.921251553977992188e-01
9.940767283598620496e-01
9.951932596324153391e-01
9.955035528965910929e-01
9.950404706700268775e-01
9.938409010146456168e-01
9.919455005123111180e-01
9.893983058762995109e-01
9.862462704288056381e-01
9.825387492798069999e-01
9.783269034438254463e-01
9.736628098593343994e-01
9.685966177862436188e-01
9.630299408774914971e-01
9.575208261234834373e-01
9.515580045904672435e-01
9.453366876063321600e-01
9.371570666267359240e-01
9.332235869361875658e-01
9.264629322964462732e-01
9.195077072408271990e-01
9.119574573557425179e-01
9.031132237820356234e-01
8.914991917350106876e-01
8.739015536166642173e-01
8.429665018405292365e-01
7.812710528818915812e-01
6.523462777222113207e-01
4.389592516060072946e-01
3.087222807503600119e-01
3.314490327075111376e-01
4.012777065690332212e-01
4.657456509018205737e-01
5.154249834987608692e-01
5.534693738392868489e-01
5.850376020121346166e-01
6.156172038731368978e-01
6.527332020159243298e-01
7.176008603279492304e-01
8.863616337690631841e-01
5.861540972326834131e-02
3.210524055584488279e-01
4.296516414595594191e-01
4.757271360343665600e-01
5.024744277344798116e-01
5.212522820198544071e-01
5.363072097293961615e-01
5.495893222751692120e-01
5.621115199673176743e-01
5.744330536202859605e-01
5.868601511522650860e-01
5.995385109759641118e-01
6.124991745750050232e-01
6.256826171905776057e-01
6.388428239568499922e-01
6.520405241885417480e-01
6.647530323882231418e-01
6.766873156804934508e-01
6.874191976465066078e-01
6.964378605737640004e-01
