9.783900512209023903e-01
9.801829498037392119e-01
9.821804655529386974e-01
9.843015630481719569e-01
9.864750711872997124e-01
9.886397050444268864e-01
9.907438535969405047e-01
9.927451831071950616e-01
9.946101004162546388e-01
9.963131149990583912e-01
9.978361334370450253e-01
9.991677150545660302e-01
1.000302312891196976e+00
1.001239519966700797e+00
1.001983336955273751e+00
1.002541473921203075e+00
1.002924695663957699e+00
1.003146217461498235e+00
1.003221155555118038e+00
1.003166034547268604e+00
1.002998351944679012e+00
1.002736198307747184e+00
1.002397929795299847e+00
1.002001888225793946e+00
1.001566161988249881e+00
1.001108379059989062e+00
1.000645520789372300e+00
1.000193741641100198e+00
9.997681752872800143e-01
9.993827005199289459e-01
9.990496303445892678e-01
9.987792725676836181e-01
9.985792875294152715e-01
9.984537341051659132e-01
9.984016418913977953e-01
9.984148645186567972e-01
9.984748380347437946e-01
9.985476587610057075e-01
9.985765553190998345e-01
9.984702712484783138e-01
9.980849450140335533e-01
9.971955080017249617e-01
9.954499599524454512e-01
9.922953511394808634e-01
9.868566768682084378e-01
9.777375696904915259e-01
9.626939302281154465e-01
9.381147187723010150e-01
8.982644185278975124e-01
8.344387802870233406e-01
7.349660417832279968e-01
5.890204852347741271e-01
3.993067247828209210e-01
2.006548667453509627e-01
5.461299922428434345e-02
5.607067959651344151e-04
2.513266528839221484e-02
9.019842796016840081e-02
1.657379592018563552e-01
2.368140736531706148e-01
2.983116987090045913e-01
3.496542981688944285e-01
3.919155272023319703e-01
4.265622244770768678e-01
4.549870265089593913e-01
4.783716389689700033e-01
4.976748238689004955e-01
5.136607203035974401e-01
5.269352701384034665e-01
5.379796641239609212e-01
5.471778975579730808e-01
5.548384587751821195e-01
5.612110586857926853e-01
5.664994348270382396e-01
5.708711389797773705e-01
5.744650372924398063e-01
5.773970836590796019e-01
5.797647893643017580e-01
5.816507054205599658e-01
5.831251537466004553e-01
5.842483836425252930e-01
5.850722858511209212e-01
5.856417638291184780e-01
5.859958376244429612e-01
5.861685376856873297e-01
5.861896323203150683e-01
5.860852220627543741e-01
5.858782257788645031e-01
5.855887755736937095e-01
5.852345278406936302e-01
5.848308779860592610e-01
5.843910025578862300e-01
5.839253495326157672e-01
5.834378077006421304e-01
5.828425343059369101e-01
5.825942254476909055e-01
5.820974234517323209e-01
5.816459798432874750e-01
5.812219424944784496e-01
5.808256475946934616e-01
5.804589547360780033e-01
5.801234504530062841e-01
5.798199158130179498e-01
5.795469975353392256e-01
5.793124787029821920e-01
5.791190423254966024e-01
5.789416571254336619e-01
5.787944101273901909e-01
5.786729720026458912e-01
5.785736497314505344e-01
5.784925686083224328e-01
5.784259276575280939e-01
5.783711457641371734e-01
5.783312842136775211e-01
5.783404719801367166e-01
5.221628103288141753e-01
5.775892855565587514e-01
5.775758536690660527e-01
5.773994899858525542e-01
5.771339546211943228e-01
5.767806293822651531e-01
5.763289550412823425e-01
5.757640477834090609e-01
5.750684112405091142e-01
5.742223950262218546e-01
5.732042797326125649e-01
5.719902198754373002e-01
5.705541200636494725e-01
5.688674733010175011e-01
5.668991749282842330e-01
5.646153210756427177e-01
5.619790009721373769e-01
5.589500972031488102e-01
5.554851191468084259e-01
5.515371191295512787e-01
5.470557968859960374e-01
5.419880404997551304e-01
5.362795651944463060e-01
5.298797316390672085e-01
5.227578250104925051e-01
5.149785076892358093e-01
5.074124000440497495e-01
4.901941628165387144e-01
4.819535713183212278e-01
4.699146843527372552e-01
4.562274792369765408e-01
4.410119729468013894e-01
4.242330301999385767e-01
4.058296503283811973e-01
3.857445613022489894e-01
3.639386141861560287e-01
3.404027472468178495e-01
3.151705053128844303e-01
2.883318704156832002e-01
2.600482937773201386e-01
2.305681957833866369e-01
2.002415653407991492e-01
1.695316188448310613e-01
1.390208652740844153e-01
1.094085636754510704e-01
8.149675520903647274e-02
5.616328245517249185e-02
3.432378557380809381e-02
1.689894629835489090e-02
4.937729480612762338e-03
8.096277604825523680e-03
1.386921614832999127e-03
4.763204078717693003e-03
1.711193952639110394e-02
3.597923815056250363e-02
6.078521807645522607e-02
9.113735274687896626e-02
1.218590118991308285e-01
1.612561981566008606e-01
2.032178884494497406e-01
2.472106564404188966e-01
2.930116750248021873e-01
3.402136106559313644e-01
3.884529533105356425e-01
4.374335827167508128e-01
4.869186066895033749e-01
5.367103073648821221e-01
5.866219727854682375e-01
6.364417100545214367e-01
6.858867617637046665e-01
7.345460050665780782e-01
7.818082744779650817e-01
8.267756109004684717e-01
8.681648241530215415e-01
9.042097858621782613e-01
9.325924750469390956e-01
9.504524081061784813e-01
9.545440127723546775e-01
9.416098636074414774e-01
9.089861871035542773e-01
8.553457946188051109e-01
7.813628869909828856e-01
6.900555225582858387e-01
5.866633265108109896e-01
4.780451656533022953e-01
