9.840434872261597521e-01
9.842419373173223462e-01
9.844546920860447470e-01
9.846813643633314239e-01
9.849213962316344384e-01
9.851740975221998653e-01
9.854386799268316510e-01
9.857142867935716479e-01
9.860000187623397805e-01
9.862949554607917113e-01
9.865981735268662955e-01
9.869087612539435561e-01
9.872258301717804496e-01
9.875485238827302892e-01
9.878760244699963389e-01
9.882075567875053812e-01
9.885423909258042041e-01
9.888798431320029447e-01
9.892192754424112833e-01
9.895600942639727338e-01
9.899017481199395840e-01
9.902437247521804764e-01
9.905855477508989093e-01
9.909267728614246096e-01
9.912669840979093649e-01
9.916057897743951743e-01
9.919428185468796011e-01
9.922777155432788154e-01
9.926101386446426478e-01
9.929397549668591560e-01
9.932662375814373945e-01
9.935892625029255631e-01
9.939085059628960384e-01
9.942236419811677495e-01
9.945343402400682598e-01
9.948402642609041058e-01
9.951410698784974862e-01
9.954364040048027107e-01
9.957259036709751321e-01
9.960091953343004345e-01
9.962858944353620849e-01
9.965556051893921241e-01
9.968179205955263189e-01
9.970724226473475227e-01
9.973186827278243127e-01
9.975562621730004187e-01
9.977847129883977706e-01
9.980035787034783334e-01
9.982123953500200431e-01
9.984106925517202136e-01
9.985979947124843381e-01
9.987738222932939225e-01
9.989376931670500559e-01
9.990891240433774634e-01
9.992276319554194153e-01
9.993527358024868468e-01
9.994639579429605014e-01
9.995608258331107887e-01
9.996428737086627825e-01
9.997096443064723559e-01
9.997606906249631997e-01
9.997955777228509922e-01
9.998138845560932131e-01
9.998152058544845788e-01
9.997991540393308396e-01
9.997653611852378441e-01
9.997134810288248463e-01
9.996431910287155720e-01
9.995541944812568191e-01
9.994462226975089347e-01
9.993190372474471950e-01
9.991724322779872436e-01
9.990062369126626596e-01
9.988203177408496725e-01
9.986145814054970815e-01
9.983889772994185563e-01
9.981435003803419415e-01
9.978781941170838943e-01
9.975931535787100346e-01
9.972885286808556016e-01
9.969645276043798132e-01
9.966214204025017898e-01
9.962595428143324883e-01
9.958793003045306458e-01
9.954811723507169807e-01
9.950657170019692188e-01
9.946335757345599049e-01
9.941854786336506988e-01
9.937222499322810876e-01
9.932448139431226952e-01
9.927542014212613619e-01
9.922515564019581680e-01
9.917381435610503893e-01
9.912153561525646195e-01
9.906847245849181860e-01
9.901479257051043481e-01
9.896067928713062622e-01
9.890633269082967916e-01
9.885197080573776551e-01
9.879783090589930872e-01
9.874417095438158265e-01
9.869127119655345393e-01
9.863943594038055984e-01
9.858899557234521716e-01
9.854030888594368376e-01
9.849376585174077769e-01
9.844979105964928312e-01
9.840884827204626761e-01
9.837144698048543301e-01
9.833815292556041809e-01
9.830960728817474958e-01
9.828656723258917260e-01
9.827000757382287066e-01
9.826143873278699870e-01
9.826429934004148325e-01
9.829615283265143999e-01
9.810211383864575474e-01
9.824517544554742798e-01
9.829056992594555897e-01
9.833863846289360167e-01
9.839638733706842499e-01
9.846613028021712344e-01
9.854916253239554003e-01
9.864632837120637099e-01
9.875808326440969065e-01
9.888438548515422477e-01
9.902446560187705416e-01
9.917645063537563477e-01
9.933677854494055159e-01
9.949929060073938736e-01
9.965381530848008707e-01
9.978393527212247038e-01
9.986342089859741034e-01
9.985045908046440433e-01
9.967819508445671106e-01
9.923907898382268167e-01
9.835887555590147047e-01
9.675400577491176657e-01
9.396459345153528320e-01
8.926230309699881849e-01
8.157188685355465374e-01
6.958142714303811038e-01
5.249478135838763215e-01
3.184855749366860556e-01
1.292848168294367939e-01
1.919989429864926364e-02
4.471922419088465890e-03
5.399819114506384382e-02
1.295467787719214725e-01
2.075459184366532372e-01
2.780300530413207794e-01
3.383531452806911588e-01
3.888943958790039845e-01
4.309937721319026527e-01
4.661180067203548050e-01
4.955755239145349100e-01
5.204504375458859355e-01
5.416164329601765859e-01
5.598044189475167576e-01
5.753707413441266905e-01
5.890047592764793283e-01
6.009369648495412886e-01
6.114541894250374865e-01
6.207838028264522912e-01
6.291104088889976076e-01
6.365852195973036309e-01
6.433329084873901094e-01
6.494568298390331895e-01
6.550430484881237803e-01
6.601634773486997343e-01
6.648783365295518610e-01
6.692380918716261951e-01
6.732849907201028383e-01
6.770542835447710406e-01
6.805751984522113718e-01
6.838717195479747657e-01
6.869632079987926243e-01
6.898648954317907478e-01
6.925882722059467644e-01
6.951413875247738350e-01
6.975290738990302941e-01
6.997531047870481080e-01
7.018122910817430338e-01
7.037025192623360681e-01
7.054167312951754587e-01
7.069448435594778424e-01
7.082735989740158722e-01
7.093863428266263815e-01
7.102627081493222416e-01
7.108781901659221303e-01
7.112035801747529362e-01
7.112042148962506305e-01
7.108389728924554563e-01
7.100589037031241890e-01
7.088052783440877969e-01
7.070066165261836844e-01
7.045735935226284941e-01
7.013885410324367520e-01
6.972769452497107334e-01
6.918921276808369658e-01
