9.560717656854585966e-01
9.914635912798955841e-01
1.019281963862026297e+00
1.041374348116992588e+00
1.058548539249114073e+00
1.071342145370376642e+00
1.080218170269540812e+00
1.085622804303684408e+00
1.088000439630550265e+00
1.087790572780591214e+00
1.085404553753996026e+00
1.081134764829706718e+00
1.074718696907616344e+00
1.062387579902173806e+00
9.988179629704161400e-01
5.785623465289224665e-01
9.212704170168277695e-01
9.712843279713621047e-01
9.800926893426982200e-01
9.791751787267036766e-01
9.746847142495893568e-01
9.674428271782824496e-01
9.494396028599816351e-01
7.633640087696107468e-01
7.747954196904811575e-01
8.919410224743467008e-01
9.100440759181117611e-01
9.141858285416918362e-01
9.146074486540829440e-01
9.138018074044227390e-01
9.126162108795815575e-01
9.113881469376721167e-01
9.102556550756019105e-01
9.092648461885942668e-01
9.084133376741214683e-01
9.076689445473488105e-01
9.069760629522115591e-01
9.062520788076869893e-01
9.053675881722551555e-01
9.040824062417379681e-01
9.018078099898148015e-01
8.962682550624702094e-01
8.561778744739101388e-01
9.306004403560749205e-01
9.166205982049541179e-01
9.124229098109866154e-01
9.099334666941539806e-01
9.079364461867668323e-01
9.060633375382899368e-01
9.041630600558404618e-01
9.021626694206557051e-01
9.000238996081253440e-01
8.977263498344558723e-01
8.952598603826076307e-01
8.926205563114621988e-01
8.898085117376434150e-01
8.868261750845867208e-01
8.836771509758872822e-01
8.803651213048621083e-01
8.768927631213565554e-01
8.732605408298691474e-01
8.694652331316204963e-01
8.654980003559347157e-01
8.613416881018223226e-01
8.569668566823878120e-01
8.523256319534057157e-01
8.473416902151048591e-01
8.418930451928761105e-01
8.357806042858888507e-01
8.286663995685328299e-01
8.199407337281620078e-01
8.084005009343504522e-01
7.913318021149441384e-01
7.611688056838060712e-01
6.870782560914193704e-01
3.133198827087074756e-01
9.968488385059223189e-01
9.360565710462325217e-01
9.037726872074718365e-01
8.862405269182926926e-01
8.751369514717115550e-01
8.673856657157396066e-01
8.616346605559644933e-01
8.572108929114905518e-01
8.537563596461635873e-01
8.510857468096773015e-01
8.491330935712017025e-01
8.479488670411875484e-01
8.477499220441822025e-01
8.490713060009652535e-01
8.531835143991276516e-01
8.631032867525881835e-01
8.676922515166807237e-01
4.240891809617720054e-01
7.059257392763402805e-01
7.419202280521906001e-01
7.486915555510645914e-01
7.449164665873450053e-01
7.338882282557879222e-01
7.151047502430615266e-01
6.856486809390730519e-01
6.397372428792922339e-01
5.700460429752760572e-01
4.888956643785453693e-01
4.679482181040909849e-01
4.701636026451447292e-01
3.711709795049984995e-01
2.801381280509964156e-01
5.669179877416876678e-01
8.483866992028747944e-01
9.459795554019663211e-01
9.739348398169486165e-01
9.802731236804722581e-01
9.788138882523859108e-01
9.643246448029245688e-01
9.825631982283291599e-01
9.786324123543506115e-01
9.758755588848491147e-01
9.738907347785751289e-01
9.724237667906452387e-01
9.713631065594854341e-01
9.706406262163643772e-01
9.702072953041860348e-01
9.700252495454927404e-01
9.700642752351901210e-01
9.702996406522161887e-01
9.707098960504870755e-01
9.712713895400937325e-01
9.719218857947591328e-01
9.716447418353474363e-01
9.701664720858599322e-01
9.743660564897077547e-01
9.758215057775457835e-01
9.771933126347225329e-01
9.786090115563619296e-01
9.800871134506075055e-01
9.816267605357529291e-01
9.832209917946608257e-01
9.848598431873485382e-01
9.865312226483499147e-01
9.882211463198039558e-01
9.899137606985745075e-01
9.915912889471278913e-01
9.932339531143883349e-01
9.948198934938933258e-01
9.963250939040491083e-01
9.977233155843401313e-01
9.989860384803243010e-01
1.000082405152374232e+00
1.000979158349522224e+00
1.001640557467786019e+00
1.002028250300056378e+00
1.002101062304084911e+00
1.001814641417389184e+00
1.001120852348206247e+00
9.999667274899346481e-01
9.982925948311999198e-01
9.960285576406588959e-01
9.930873050464534835e-01
9.893475607456583276e-01
9.846092536629363901e-01
9.784434464991346170e-01
9.695275927123904181e-01
9.512229018201727726e-01
8.543894292417678615e-01
5.648039533578237403e-01
7.741345143551408015e-01
7.606935612217392562e-01
6.197686535545445796e-01
2.675789234329097876e-01
7.623298186828872947e-01
9.137610677862336717e-01
8.997315774292372614e-01
7.054902206352392513e-01
9.514830494982419173e-01
9.230167267030289224e-01
7.168223421808065376e-01
9.852088783124378635e-01
9.340626046983359076e-01
9.066622674062508880e-01
8.829006111859885042e-01
8.579780230445355205e-01
8.279396544274381098e-01
7.853016790010508563e-01
7.055999545838157472e-01
4.308441791019271827e-01
3.937628598116676981e-01
3.838613821572006701e-01
8.705313050889709192e-01
8.236573814521565007e-01
7.322367521820869474e-01
6.239864556708515364e-01
3.571484685088759936e-01
1.241273742491518992e-02
5.431327955119790163e-01
5.160744967428577690e-01
1.895328966183895958e-01
5.193952779141432913e-02
3.283719569301785657e-01
6.616240222576825758e-01
