1.004620992032997151e+00
9.665061270956135653e-01
9.158234689697699604e-01
8.480924536684465442e-01
7.588737115148173062e-01
6.456400661991976708e-01
5.107680036447170835e-01
3.643967283481035491e-01
2.242217439513811139e-01
1.100089737325359862e-01
3.539650949610603781e-02
3.234817700380354048e-03
7.340326088130968984e-03
3.758958373427984112e-02
8.417276984969457310e-02
1.395216260470535929e-01
1.985288576727405885e-01
2.580468499556610729e-01
3.162717236371333507e-01
3.722439952426220278e-01
4.255040019859034905e-01
4.758735175076975188e-01
5.233245571621629733e-01
5.679037450596264858e-01
6.096904850394908593e-01
6.487750756584320655e-01
6.852483238118880493e-01
7.191978254325390729e-01
7.507107024273408369e-01
7.797908253646260723e-01
8.066815507078429759e-01
8.313286352363733478e-01
8.538401088923524007e-01
8.742974899407840450e-01
8.927839327561258864e-01
9.093856668493237594e-01
9.241921980993155206e-01
9.372960815475540608e-01
9.487924271347836225e-01
9.587782224044463231e-01
9.673515384754349800e-01
9.746106769173464857e-01
9.806533082506038168e-01
9.855756492227262244e-01
9.894717465683334767e-01
9.924333051112261828e-01
9.945373350928671252e-01
9.958903035665710446e-01
9.965535062013792800e-01
9.966055651866582155e-01
9.961164918219680420e-01
9.951513046326951883e-01
9.937702079445910330e-01
9.920287182804706783e-01
9.899778299702661766e-01
9.876642216759490278e-01
9.851304952986418284e-01
9.824154375997813382e-01
9.795542955355622805e-01
9.765790574561911130e-01
9.735187336040002082e-01
9.703996306212012701e-01
9.672456159836223533e-01
9.640783693798350429e-01
9.609176190379701277e-01
9.577813618660115935e-01
9.546860670194978749e-01
9.516468631605505824e-01
9.486777102422317975e-01
9.457915571706128066e-01
9.430004871955133261e-01
9.403158534035439553e-01
9.377484072895293510e-01
9.353084241415513533e-01
9.330058300038284180e-01
9.308503364477941355e-01
9.288515915453955385e-01
9.270193587212511854e-01
9.253637402495334952e-01
9.238954702353082693e-01
9.226263150197000495e-01
9.215696407383029420e-01
9.207412449820666644e-01
9.201606148190978329e-01
9.198528905041578607e-01
9.198520206499435359e-01
9.202058238568936455e-01
9.209616706439177625e-01
9.223160700946489987e-01
9.243495116954900670e-01
9.274768759781647498e-01
9.320292238363360182e-01
9.358718143447316562e-01
6.968758823019118864e-01
7.205779608009811321e-01
8.603586687145489131e-01
8.861298429237105534e-01
8.973999014304230304e-01
9.038358446294231241e-01
9.090388642563919097e-01
9.132742067598146329e-01
9.170823290253827809e-01
9.206929029289665500e-01
9.242336700045384879e-01
9.277835211726800368e-01
9.313957532696359731e-01
9.351099490722434293e-01
9.389587212841163932e-01
9.429718720140460864e-01
9.471790109988853512e-01
9.516108006648315021e-01
9.562981343149190572e-01
9.612701412891199171e-01
9.664934141471858142e-01
9.719274192376329280e-01
9.772015814255955446e-01
9.811579486783109649e-01
9.797542038041665569e-01
9.567501235524733527e-01
8.304264262349273507e-01
2.595131339123373237e-01
1.546943826401950828e-01
5.408053209523977500e-01
7.047232041888188414e-01
7.796281867231241725e-01
8.182147467603828606e-01
8.425186686555089510e-01
8.574464463919683199e-01
8.667429868768508072e-01
8.720655415009039846e-01
8.742092357645833145e-01
8.734830992728891408e-01
8.698567540803918696e-01
8.629977347807364918e-01
8.522360416234854297e-01
8.364585906418071648e-01
8.139153685843818486e-01
7.819040530778043063e-01
7.363043374225959337e-01
6.710276502759221495e-01
5.778785379264571587e-01
4.487328466291273799e-01
2.848466170124863694e-01
1.170241276666962871e-01
1.428126512004768318e-02
3.074391384346783843e-02
1.413312073747292064e-01
2.796293383877632155e-01
4.029627022008426263e-01
4.995509894400493311e-01
5.716757932833161915e-01
6.248627477945148945e-01
6.641447988884646714e-01
6.933281807451576739e-01
7.151285534806322008e-01
7.314543005990719049e-01
7.436467352845310685e-01
7.526778470375558028e-01
7.592230295560558062e-01
7.637921338749958933e-01
7.667592094181316931e-01
7.683991815906116019e-01
7.689560796398889897e-01
7.685763463363038950e-01
7.674670748260278286e-01
7.644888936775195987e-01
7.622775720211312223e-01
7.590761342738283624e-01
7.552569880334945029e-01
7.508843546249654999e-01
7.459902667035873680e-01
7.405955182571236639e-01
7.347150618979678693e-01
7.283609055425087631e-01
7.215451065298956745e-01
7.142857698322249149e-01
7.066296929730599974e-01
6.988449047163293182e-01
6.872976605782459281e-01
6.797362828746021934e-01
6.703574333843398403e-01
6.604185312357836457e-01
6.500166361172249330e-01
6.391821117244627093e-01
6.279310580008766740e-01
6.162733720316894148e-01
6.042134748170282510e-01
5.917487184397944855e-01
5.788664730732834274e-01
5.655400625297430928e-01
5.517234785184670365e-01
5.373447168622057513e-01
5.222975516176675548e-01
5.064315871372883082e-01
4.895405334789659224e-01
4.713489074776755494e-01
4.514979045515974954e-01
4.295322588441026213e-01
4.048919381955109476e-01
3.769162128589093608e-01
