9.465715472359045313e-01
9.410229687169802126e-01
9.376745408130437998e-01
9.362714653514849772e-01
9.365565876235518727e-01
9.382762180724762979e-01
9.411848731528045242e-01
9.450490298011814394e-01
9.496499921033059177e-01
9.547859695794186363e-01
9.602734647988176997e-01
9.659480643997405691e-01
9.716647225601623417e-01
9.772976199629017646e-01
9.827396746786739579e-01
9.879017744363804976e-01
9.927117926863145980e-01
9.971134438687777601e-01
1.001065026516757106e+00
1.004538096345015452e+00
1.007516105389392846e+00
1.009993037605486865e+00
1.011972066146415550e+00
1.013464252832443568e+00
1.014487306099757680e+00
1.015064409966155656e+00
1.015223133263169819e+00
1.014994425536253964e+00
1.014411703586438396e+00
1.013510030593814060e+00
1.012325388102015333e+00
1.010894039837694880e+00
1.009251985374687299e+00
1.007434501025745277e+00
1.005475765073337469e+00
1.003408564569133521e+00
1.001264081526272332e+00
9.990717575456337096e-01
9.968592380367309325e-01
9.946524006994811318e-01
9.924754787221536922e-01
9.903512988827175567e-01
9.883016716314584338e-01
9.863480007466648436e-01
9.845122379783596278e-01
9.828184239174274639e-01
9.812953038664083971e-01
9.799810789418892387e-01
9.789328014955985813e-01
9.782470543666954566e-01
9.781122601902284552e-01
9.789687939105689019e-01
9.821527347722581736e-01
9.917225192321436067e-01
9.054034058004477581e-01
9.518203750967948462e-01
9.585498732405053346e-01
9.604909182708052384e-01
9.582486880722342892e-01
9.353454361524530247e-01
5.615900845751531367e-01
6.301178177260003954e-01
8.571650053231382183e-01
9.022167448433532355e-01
9.180677338051238534e-01
9.254080896486374108e-01
9.293969760801534807e-01
9.317240928670806888e-01
9.331077907019901252e-01
9.339020852743762369e-01
9.342999455220378779e-01
9.344146019373665846e-01
9.343163373312886044e-01
9.340507356136733552e-01
9.336483729109903429e-01
9.331301626879191513e-01
9.325101088812041139e-01
9.317954084907432710e-01
9.309770258981021618e-01
9.298234726640768333e-01
9.295077614259557031e-01
9.284273849811540691e-01
9.273734732775340550e-01
9.262841149443731270e-01
9.251532249749886416e-01
9.239815112845620737e-01
9.227713391342731164e-01
9.215256245922677225e-01
9.202475041584351478e-01
9.189402131437867105e-01
9.176070316162197038e-01
9.162512545314792645e-01
9.148761708201088583e-01
9.134850456452999756e-01
9.120811035669234013e-01
9.106675117535264485e-01
9.092473629665692725e-01
9.078236582793218767e-01
9.063992895791649351e-01
9.049770219212801559e-01
9.035594757882918771e-01
9.021491092799982514e-01
9.007482002192210846e-01
8.993588281111455363e-01
8.979828558382445536e-01
8.966219109011028809e-01
8.952773659260684358e-01
8.939503180349324118e-01
8.926415664960907215e-01
8.913515878129034675e-01
8.900805069958203086e-01
8.888280631059264358e-01
8.875935660534607363e-01
8.863758397091785479e-01
8.851731428918704347e-01
8.839830531521554180e-01
8.828022849988873544e-01
8.816263861111154343e-01
8.804491913914181955e-01
8.792617580278303535e-01
8.780500776241483285e-01
8.767895319068083060e-01
8.754290989863229289e-01
8.738341777786244879e-01
8.714727579243547462e-01
8.624425540293962911e-01
8.756270647469297508e-01
8.733698919576062814e-01
8.718335690780344427e-01
8.710422362564725907e-01
8.714710379485501868e-01
8.729387223799164319e-01
8.173842254323822054e-01
8.461362851987204170e-01
8.481336368038262519e-01
8.468108143698125367e-01
8.441212758159015728e-01
8.404504880682496237e-01
8.358245587480610528e-01
8.301151568919394874e-01
8.230761011274065897e-01
8.143256086363407364e-01
8.032895704517174496e-01
7.890905066959965630e-01
7.703350544078173545e-01
7.446865008722366452e-01
7.079646381348294604e-01
6.526435220487660782e-01
5.734015090465438558e-01
4.905252794121625071e-01
3.482267000458369455e-01
1.263825237301393900e-01
5.068207798407570186e-02
3.825589115787019212e-01
7.129682424817385122e-01
8.714060839270530989e-01
9.385357288092806005e-01
9.677084293314074381e-01
9.808054922628502981e-01
9.866979405281733895e-01
9.892103325352185061e-01
9.901019856488371129e-01
9.902262258194532984e-01
9.900127312804852808e-01
9.896820922184945690e-01
9.893470525246748082e-01
9.890627442118724577e-01
9.888526883935214729e-01
9.887227376223424180e-01
9.886687784033459936e-01
9.886810985000648033e-01
9.887469250069845783e-01
9.888519402903431788e-01
9.889812210466785158e-01
9.891198523603669246e-01
9.892533623320584057e-01
9.893680628524792464e-01
9.894513473606150189e-01
9.894919757649424108e-01
9.894803640154762325e-01
9.894088876785135378e-01
9.892722033265076709e-01
9.890675874552435909e-01
9.887952892501031821e-01
9.884588903057143217e-01
9.880656607509115119e-01
9.876268958829226285e-01
9.871582061972417055e-01
9.866796977458844875e-01
9.862157975374482577e-01
9.857927035264509863e-01
9.850353420962772999e-01
9.852783802508625621e-01
9.852231847297348022e-01
9.853864825082695456e-01
9.858144748378936395e-01
9.865571341171952557e-01
9.876629335315151303e-01
9.891747010623566094e-01
9.911100120289966231e-01
