9.959109011437135006e-01
9.959222223612493874e-01
9.959347510903961975e-01
9.959484889491935222e-01
9.959634361004566783e-01
9.959795912424902475e-01
9.959969516189431937e-01
9.960155130438828053e-01
9.960352699384263930e-01
9.960562153759169313e-01
9.960783411329990900e-01
9.961016377443608905e-01
9.961260945593272131e-01
9.961516997989283695e-01
9.961784406119288393e-01
9.962063031292973658e-01
9.962352725162199052e-01
9.962653330208706137e-01
9.962964680203920675e-01
9.963286600629462919e-01
9.963618909064841933e-01
9.963961415539891453e-01
9.964313922852193750e-01
9.964676226852020591e-01
9.965048116698257408e-01
9.965429375084551289e-01
9.965819778441570298e-01
9.966219097114122905e-01
9.966627095520470547e-01
9.967043532292987340e-01
9.967468160404602262e-01
9.967900727280525341e-01
9.968340974904438268e-01
9.968788639912610217e-01
9.969243453685089351e-01
9.969705142430289602e-01
9.970173427270758726e-01
9.970648024325103886e-01
9.971128644792571771e-01
9.971614995037964002e-01
9.972106776680836893e-01
9.972603686686661861e-01
9.973105417463226097e-01
9.973611656962677596e-01
9.974122088786337992e-01
9.974636392297971943e-01
9.975154242741651744e-01
9.975675311366043463e-01
9.976199265553946649e-01
9.976725768960277296e-01
9.977254481652745310e-01
9.977785060262954753e-01
9.978317158139591303e-01
9.978850425509773192e-01
9.979384509644462220e-01
9.979919055030705977e-01
9.980453703548257671e-01
9.980988094650661280e-01
9.981521865552278605e-01
9.982054651418449387e-01
9.982586085560037903e-01
9.983115799632690246e-01
9.983643423838278741e-01
9.984168587131115880e-01
9.984690917425310674e-01
9.985210041807164316e-01
9.985725586748257498e-01
9.986237178321826224e-01
9.986744442420310008e-01
9.987247004975799980e-01
9.987744492181623857e-01
9.988236530713709982e-01
9.988722747955655068e-01
9.989202772223372273e-01
9.989676232990211124e-01
9.990142761113752767e-01
9.990601989060238219e-01
9.991053551133487476e-01
9.991497083700177084e-01
9.991932225415506297e-01
9.992358617449892400e-01
9.992775903714764540e-01
9.993183731086539012e-01
9.993581749630040534e-01
9.993969612822375392e-01
9.994346977774110075e-01
9.994713505449530633e-01
9.995068860886315854e-01
9.995412713411894190e-01
9.995744736860588953e-01
9.996064609785505484e-01
9.996372015672511102e-01
9.996666643148821585e-01
9.996948186190073304e-01
9.997216344326910198e-01
9.997470822847160932e-01
9.997711332994619893e-01
9.997937592167994714e-01
9.998149324115017667e-01
9.998346259123175317e-01
9.998528134209366813e-01
9.998694693303455949e-01
9.998845687432185159e-01
9.998980874895758708e-01
9.999100021445280762e-01
9.999202900451205078e-01
9.999289293073889695e-01
9.999358988426572115e-01
9.999411783734949433e-01
9.999447484494830007e-01
9.999465904624160739e-01
9.999466866610265958e-01
9.999450201656363557e-01
9.999415749820030896e-01
9.999363360150004265e-01
9.999292890818822777e-01
9.999204209250075470e-01
9.999097192241632737e-01
9.998971726087001466e-01
9.998827706689170647e-01
9.998665039672873789e-01
9.998483640491978575e-01
9.998283434532581060e-01
9.998064357213132247e-01
9.997826354079141220e-01
9.997569380895793278e-01
9.997293403736285944e-01
9.996998399065967211e-01
9.996684353823486191e-01
9.996351265498981675e-01
9.995999142208357169e-01
9.995628002764224140e-01
9.995237876746538852e-01
9.994828804565699665e-01
9.994400837526522530e-01
9.993954037889811737e-01
9.993488478928389540e-01
9.993004244984956541e-01
9.992501431524269950e-01
9.991980145185509476e-01
9.991440503832441644e-01
9.990882636600365574e-01
9.990306683943394050e-01
9.989712797679162204e-01
9.989101141031271336e-01
9.988471888671885957e-01
9.987825226760954633e-01
9.987161352985413076e-01
9.986480476596020228e-01
9.985782818442431319e-01
9.985068611006993056e-01
9.984338098436169595e-01
9.983591536569809133e-01
9.982829192969572274e-01
9.982051346942646397e-01
9.981258289564570729e-01
9.980450323700006399e-01
9.979627764019228797e-01
9.978790937014829776e-01
9.977940181014868237e-01
9.977075846196167275e-01
9.976198294599057936e-01
9.975307900145592432e-01
9.974405048664694018e-01
9.973490137930766108e-01
9.972563577723430051e-01
9.971625789920406380e-01
9.970677208642879652e-01
9.969718280473134353e-01
9.968749464789776749e-01
9.967771234266807889e-01
9.966784075623931205e-01
9.965788490746589900e-01
9.964784998364504265e-01
9.963774136586104335e-01
9.962756466758724283e-01
9.961732579440599755e-01
9.960703103821745286e-01
9.959668722970229648e-01
9.958630199318136977e-01
9.957588419038944094e-01
9.956544473377629823e-01
9.955499817701973786e-01
9.954456609562433167e-01
9.953418510238430938e-01
9.952392887165261159e-01
9.951398203799748376e-01
9.950491723945872335e-01
9.942184928076408523e-01
9.947300051327515602e-01
9.946588189765825927e-01
9.945630217047717325e-01
9.944617619719442470e-01
9.943585682741491460e-01
9.942545929671708915e-01
9.941503439205128245e-01
9.940460958076513531e-01
9.939420227870632285e-01
9.938382505616496498e-01
9.937348799478563643e-01
