9.932639414073571871e-01
9.938803568060174953e-01
9.945229487894736708e-01
9.951758621814591477e-01
9.958244155377194984e-01
9.964552623679220344e-01
9.970564963916178636e-01
9.976177093717387701e-01
9.981300095172271902e-01
9.985860078244416238e-01
9.989797790617613860e-01
9.993068034148877565e-01
9.995638941270488242e-01
9.997491157969916609e-01
9.998616973536866848e-01
9.999019431190514506e-01
9.998711447987190803e-01
9.997714967153958909e-01
9.996060161176590908e-01
9.993784699570357200e-01
9.990933091301068547e-01
9.987556108226179896e-01
9.983710292658306562e-01
9.979457549144674644e-01
9.974864817734910849e-01
9.970003823237482132e-01
9.964950892143812355e-01
9.959786825819665346e-01
9.954596815025414935e-01
9.949470376493183554e-01
9.944501286783874461e-01
9.939787481380735201e-01
9.935430877206448130e-01
9.931537063354490824e-01
9.928214786340928688e-01
9.925575130384926004e-01
9.923730257063747562e-01
9.922791517623559265e-01
9.922866678768196280e-01
9.924055899232717692e-01
9.926445945687497607e-01
9.930101921252315611e-01
9.935055466260768187e-01
9.941287930619409074e-01
9.948706336703861952e-01
9.957108938853832525e-01
9.966135667749090876e-01
9.975196460962557632e-01
9.983367021854561152e-01
9.989236312978766463e-01
9.990682199116456275e-01
9.984539919958693721e-01
9.966111134160001717e-01
9.928438345868432213e-01
9.861242858994023752e-01
9.749406381815520772e-01
9.570907745665504507e-01
9.294317738675871299e-01
8.876565429603404667e-01
8.263198149629825684e-01
7.396226410116021333e-01
6.237749666758266587e-01
4.814148669467095965e-01
3.262589007831976362e-01
1.824721069812750840e-01
7.468137866722604490e-02
1.518094216457802417e-02
3.430804750656177055e-04
1.737156295823745825e-02
5.262513563841264563e-02
9.583655547770682237e-02
1.406437946527031857e-01
1.836788643081640193e-01
2.233765867598092869e-01
2.592459317131616814e-01
2.913229455717725180e-01
3.198907930970198432e-01
3.453259283368566024e-01
3.680202140580762782e-01
3.883443410874801716e-01
4.066329288787912666e-01
4.231805820611800328e-01
4.382431754381592159e-01
4.520413746784662790e-01
4.647648724761975769e-01
4.765766026763360586e-01
4.876166047561428241e-01
4.980054209425795464e-01
5.078470116557606273e-01
5.172312223182990998e-01
5.262358529550884567e-01
5.349283859222926374e-01
5.433674242279263877e-01
5.516038872490782730e-01
5.596820042401203787e-01
5.676401398354674610e-01
5.755114801977705419e-01
5.833246036789840883e-01
5.911039558394372007e-01
5.988702453403695891e-01
6.066407744948688618e-01
6.144297160360905341e-01
6.222483458535295053e-01
6.301052399774098589e-01
6.380064428943339472e-01
6.459556132931839612e-01
6.539541525250304188e-01
6.620013203693888570e-01
6.700943421016244406e-01
6.782285103214600319e-01
6.863972845067575212e-01
6.945923907813051912e-01
7.028039239131355087e-01
7.110204530767044728e-01
7.192291324102166872e-01
7.274158168659431434e-01
7.355651832799545708e-01
7.436608559655172312e-01
7.516855354410141299e-01
7.596211280968858670e-01
7.674488736027265112e-01
7.751494654626400749e-01
7.827031579154459795e-01
7.900898483072663625e-01
7.972891154603114483e-01
8.042801738629580255e-01
8.110416467722643130e-01
8.175508807697500213e-01
8.237818281746346338e-01
8.296969942408980447e-01
8.352008569918821790e-01
8.393904020970521795e-01
8.428769634727579785e-01
8.503859615142290718e-01
8.546979631803647282e-01
8.585062910450377283e-01
8.618521256621632931e-01
8.647118945844189941e-01
8.670493665273096839e-01
8.688198379010820815e-01
8.699690051741718611e-01
8.704303145633774941e-01
8.701211736188176893e-01
8.689377854527815526e-01
8.667480406198144749e-01
8.633812736915266184e-01
8.586093095865557911e-01
8.504583929469136105e-01
8.437086569356144761e-01
8.326013716365301409e-01
8.182001939730410012e-01
7.995094188129090451e-01
7.745939754728565774e-01
7.433160862929311108e-01
7.010099138811127784e-01
6.444744596501733591e-01
5.685630495495020975e-01
4.674298907399627168e-01
3.376871090960203436e-01
1.878767959261378462e-01
5.500294905301523346e-02
5.171387444287311314e-03
7.856490304401658742e-02
2.365273479910393328e-01
4.084743160587013255e-01
5.538917186443498286e-01
6.644173292545955123e-01
7.452027736242480271e-01
8.038535806462909772e-01
8.467937812845734991e-01
8.787064416287733160e-01
9.028372687135963748e-01
9.214057963500832393e-01
9.359344884932788711e-01
9.474788861454784827e-01
9.567814132563662310e-01
9.643733871858897189e-01
9.706444626548373922e-01
9.758958295719553089e-01
9.804036937964750731e-01
9.845357031586111640e-01
9.788550640434692252e-01
9.870113640447266690e-01
9.895219418623104612e-01
9.911643067525809370e-01
9.922433120704833298e-01
9.928229511888041481e-01
9.929090294009408346e-01
9.924794604506707030e-01
9.914917022400825397e-01
9.898842694131750886e-01
9.875759048355556846e-01
9.844633411651330102e-01
9.804178472476796635e-01
9.752804690323005898e-01
9.688557100370840391e-01
9.609032591879108631e-01
9.511272360434352979e-01
9.391622851932360794e-01
9.245557430712036950e-01
