3.255820409754462408e-01
3.401030916887545774e-01
3.526460425048334457e-01
3.636539811830217794e-01
3.734770672518555878e-01
3.823880778322380491e-01
3.905969267828442448e-01
3.982633662204704272e-01
4.055077137165641332e-01
4.124197208362874179e-01
4.190657993486990862e-01
4.254948431537395881e-01
4.317428715937823847e-01
4.378366946171449170e-01
4.437967719011826628e-01
4.496394102282055272e-01
4.553784157434280222e-01
4.610262814308785373e-01
4.665948866753120150e-01
4.720948541936095810e-01
4.774793493281792589e-01
4.829712438345574177e-01
4.883571797358347011e-01
4.937362002802287986e-01
4.991244134194800508e-01
5.045389338882374508e-01
5.099975463709718326e-01
5.155183809402221762e-01
5.211196562880889838e-01
5.268194398866654637e-01
5.326354159336209593e-01
5.385846608881226238e-01
5.446834280670285189e-01
5.509469427249670259e-01
5.573892086262172141e-01
5.640228266877399532e-01
5.708588259318709834e-01
5.779065067489804752e-01
5.851732963271847332e-01
5.926646160324844370e-01
6.003837604870011502e-01
6.083317880445822112e-01
6.165074222269493198e-01
6.249069633258065304e-01
6.335242085511634258e-01
6.423503773167473785e-01
6.513740344249944192e-01
6.605809955498150865e-01
6.699541802004455038e-01
6.794733297132901084e-01
6.891143766882981136e-01
6.988478366265377106e-01
7.086339889934346603e-01
7.184042954438712991e-01
7.279450000712734958e-01
7.320959264835131819e-01
7.498080237479900489e-01
7.590081935802800439e-01
7.685435536123277345e-01
7.780361146437252406e-01
7.873904998058764981e-01
7.965525832845701260e-01
8.054797471097066008e-01
8.141340870412872022e-01
8.224803955565549440e-01
8.304854956886503770e-01
8.381180153335607841e-01
8.453482968255188190e-01
8.521483194866329436e-01
8.584915984059379168e-01
8.643492301708046721e-01
8.697070206867248965e-01
8.745314220147373252e-01
8.788011710877121629e-01
8.824907948465099405e-01
8.855720757536363896e-01
8.880117432359680985e-01
8.897666902901065766e-01
8.907696723852843723e-01
8.908522251469078723e-01
8.876446407784445158e-01
8.906733244191887833e-01
8.878959913677468840e-01
8.840364147735135791e-01
8.796582050417881549e-01
8.736375773835658443e-01
8.663003578521287773e-01
8.571442838514108375e-01
8.459884729417606053e-01
8.325373833528220135e-01
8.164506815749582591e-01
7.973472544215276514e-01
7.748125383564246071e-01
7.484129003490528342e-01
7.177198942019451522e-01
6.823468475228343655e-01
6.419984464217566300e-01
5.965272584458389815e-01
5.459564210532598105e-01
4.899365452716787361e-01
4.364730488247918760e-01
3.737265878366731187e-01
3.119695013488351654e-01
2.517110293276531019e-01
1.948783377585268928e-01
1.433917434375153177e-01
9.886215136345254118e-02
6.240734391409923087e-02
3.456728247670363963e-02
1.531864110182899578e-02
4.168371443844820848e-03
2.915793528976566617e-04
2.677855405421529500e-03
1.025939178687216950e-02
2.200717411681111374e-02
3.699281963334896672e-02
5.442076555555884487e-02
7.363853549909982199e-02
9.413300443852566646e-02
1.155194422243371044e-01
1.375293287561099587e-01
1.600134271090673244e-01
1.826767389982154322e-01
2.059419958653433691e-01
2.296498537189297084e-01
2.541202248705910494e-01
2.800971393815323562e-01
2.783012242771329414e-01
3.297459452933036439e-01
3.628004611519621281e-01
3.999316164552021435e-01
4.455613399356885829e-01
5.072012599869623051e-01
6.018142819196967697e-01
7.675529117316942651e-01
8.210440283679801832e-01
3.473879399041884808e-02
9.323244845793966784e-02
2.019071066763462874e-01
2.966560222819867310e-01
2.390094523845317231e-01
2.825355865591438476e-01
3.230707845535906730e-01
3.544071670529770901e-01
3.807870433099528884e-01
4.041126348817501990e-01
4.254486558250375472e-01
4.453315591011254293e-01
4.641343638772331692e-01
4.820955871894104239e-01
4.993739618412811887e-01
5.160745927881442707e-01
5.322639054345955634e-01
5.479783244601675873e-01
5.632288667533311699e-01
5.780023678648191776e-01
5.922590459503003224e-01
6.059288428639001411e-01
6.184876478330934013e-01
6.303067083920271818e-01
6.391120654094565312e-01
6.220862150150106018e-01
6.840394042330243396e-01
6.864096305385500862e-01
6.934238161111693222e-01
7.004889359552893824e-01
7.067233271910015047e-01
7.117234429136896079e-01
7.151823737532438940e-01
7.167936118194087047e-01
7.162083087992989761e-01
7.130023498808942817e-01
7.066398779827749443e-01
6.964264314645391973e-01
6.814466085341508439e-01
6.604831709621482583e-01
6.319212531083779893e-01
5.936621257956062880e-01
5.431264479074073837e-01
4.775559394167898097e-01
3.950632234615067961e-01
2.971189274606749198e-01
1.926619785488092595e-01
1.011550031294198848e-01
4.768848055571545813e-02
4.797076654313229410e-02
9.783431998194226653e-02
1.803467043364180011e-01
2.803631169035740722e-01
3.898932265268263420e-01
2.998315085797081947e-01
4.709802682376793559e-01
5.661394483202062400e-01
6.795920569153061086e-01
9.649406311423940341e-01
1.471935214760080601e-01
3.985757941583637498e-01
4.903279811388914222e-01
5.368591604481950386e-01
5.667739958204451867e-01
