9.823265014886989333e-01
9.824389948094434111e-01
9.829673222342457661e-01
9.838102867782783090e-01
9.848746995292620987e-01
9.860764941453664667e-01
9.873414373934950028e-01
9.886054943483939539e-01
9.898149041178789798e-01
9.909260184347384870e-01
9.919049514077041829e-01
9.927270843518058996e-01
9.933764650905654303e-01
9.938451365533017556e-01
9.941324249755492115e-01
9.942442136006357511e-01
9.941922234894580157e-01
9.939933188520035934e-01
9.936688501346734315e-01
9.932440437729931348e-01
9.927474427855130790e-01
9.922103967903905808e-01
9.916665928506375183e-01
9.911516086099848577e-01
9.907024545125776571e-01
9.903570492375237677e-01
9.901535362802945661e-01
9.901292903199896411e-01
9.903193628657221970e-01
9.907539477225059121e-01
9.914541534673098067e-01
9.924248507778838935e-01
9.936424239091653510e-01
9.950335223805976126e-01
9.964376360254639797e-01
9.975399999238181437e-01
9.977489116167221894e-01
9.959668367137382017e-01
9.901559850441531418e-01
9.765087750826603186e-01
9.479021527350171006e-01
8.913253517418509020e-01
7.852513447339993791e-01
6.044463641465789294e-01
3.528855513748375139e-01
1.156791924830326002e-01
5.013809764416227513e-03
2.538589805000557309e-02
1.065473095954105054e-01
1.965497893372873672e-01
2.756305397696452442e-01
3.400431960658291675e-01
3.912897419196949556e-01
4.319296259016122130e-01
4.643115537523057612e-01
4.903097077164069728e-01
5.113533115197338441e-01
5.285188105525526758e-01
5.426180947132205334e-01
5.542682191140505532e-01
5.639430825458873198e-01
5.720108714672939021e-01
5.787610460351695352e-01
5.844238451335599382e-01
5.891844821135863164e-01
5.931935683824287597e-01
5.965748416954669286e-01
5.994309530899498695e-01
6.018478426565820882e-01
6.038980796677149154e-01
6.056434353112539748e-01
6.071368814355291299e-01
6.084241560918008940e-01
6.095449993585257964e-01
6.105341362646986569e-01
6.114220644139777283e-01
6.122356899711010048e-01
6.129988455168239314e-01
6.137327158822790674e-01
6.144561927483325192e-01
6.151861750870422085e-01
6.159378301725899618e-01
6.167248288127464839e-01
6.175595687401965739e-01
6.184534020257190789e-01
6.194168862293600863e-01
6.204600839769466303e-01
6.215929324585568461e-01
6.228256201368816969e-01
6.241679696166226865e-01
6.255950466276548605e-01
6.273246210595438965e-01
6.291344839803424405e-01
6.312203304864985043e-01
6.337209538036058243e-01
6.370100496367551157e-01
6.423813154546729187e-01
6.591871063565485356e-01
5.919546210444346368e-01
6.265016615139081813e-01
6.333067721260495775e-01
6.374154951578099304e-01
6.405094233965051842e-01
6.432105947609104701e-01
6.456996519942485024e-01
6.480494954643457595e-01
6.502899028743955867e-01
6.524298056429364001e-01
6.544665951069286169e-01
6.563904639800839380e-01
6.581865877355107530e-01
6.598362682875535956e-01
6.613175350097675320e-01
6.626054380584059933e-01
6.636721515754094858e-01
6.644869473965425710e-01
6.650160704436698378e-01
6.652225308229207101e-01
6.650658182740173396e-01
6.645015389029883535e-01
6.634809705587352280e-01
6.619505310625909411e-01
6.598511525055699156e-01
6.571175550227456030e-01
6.536774151196453886e-01
6.494504273004247930e-01
6.443472642754674018e-01
6.382684516500903849e-01
6.311031894821494959e-01
6.227281779139833828e-01
6.130065406602038802e-01
6.017869933232611324e-01
5.889034809213827826e-01
5.741756266619727489e-01
5.574105490971562604e-01
5.384072846201763962e-01
5.169700043797040845e-01
4.927554261115595358e-01
4.658735061811461464e-01
4.359811960442471768e-01
4.030453122143862199e-01
3.671017817302310582e-01
3.283282898024252328e-01
2.870901729981977790e-01
2.439784759974255035e-01
1.998242199214473325e-01
1.556504333559067255e-01
1.124387795250000044e-01
7.000094243289060880e-02
2.407018686591183565e-02
4.632369978895231610e-02
1.454710666210288182e-02
2.168015996130587871e-03
9.424125274419545891e-04
9.374718353655090222e-03
2.639010840350001011e-02
5.080680326390407675e-02
8.134852582625459738e-02
1.167492965265481131e-01
1.558627599642070372e-01
1.977713320637464189e-01
2.420120540245435381e-01
2.903287411370576443e-01
3.147570958470208846e-01
3.700746161648265642e-01
4.173018996786087564e-01
4.638196082149831923e-01
5.103204916753716347e-01
5.570440887583291145e-01
6.041160958954372440e-01
6.515577240871746056e-01
6.992177416983638150e-01
7.466521192823077913e-01
7.929476591911955863e-01
8.364912494711485014e-01
8.747180242061876054e-01
9.039359860966535987e-01
9.194038522580627593e-01
9.158545665562676241e-01
8.885018012088484740e-01
8.342956295045824699e-01
7.531211497311874892e-01
6.488109070606351558e-01
5.296303967175114424e-01
4.072622072683415584e-01
2.937920099637053584e-01
1.981418996199008908e-01
1.242345284921782395e-01
7.157076183352414911e-02
3.707157552366947828e-02
1.682187042957341769e-02
7.133707063048197287e-03
4.983471308547883158e-03
8.075882107906254617e-03
1.474540864058827144e-02
2.381441541658326638e-02
3.446031763614010313e-02
4.610812697377623254e-02
5.834917013636508470e-02
7.088144184994590868e-02
