9.954673969184976157e-01
9.809124248970829685e-01
9.690828970919457275e-01
9.598184205368156530e-01
9.529253458017845624e-01
9.481870606771084509e-01
9.453729440966234243e-01
9.442460245404665775e-01
9.445694102704574879e-01
9.461115749200121883e-01
9.486505924471195783e-01
9.519774213411140718e-01
9.558983401740519525e-01
9.602366358985449102e-01
9.648336433776907306e-01
9.695492300572241540e-01
9.742618139219897389e-01
9.788679963108182225e-01
9.832818841175625657e-01
9.874341686365424309e-01
9.912710210315837100e-01
9.947528572761407117e-01
9.978530185538622144e-01
1.000556406615559668e+00
1.002858107522615505e+00
1.004762031609507167e+00
1.006279592392693711e+00
1.007428442544564762e+00
1.008231280937941454e+00
1.008714741129983938e+00
1.008908368478172557e+00
1.008843690334162657e+00
1.008553381418721306e+00
1.008070524504699472e+00
1.007427964899154649e+00
1.006657755879879490e+00
1.005790691178538365e+00
1.004855919775258677e+00
1.003880637651208829e+00
1.002889850702276098e+00
1.001906202722837369e+00
1.000949862192606510e+00
1.000038461516297161e+00
9.991870823440831550e-01
9.984082806108386388e-01
9.977121449398062003e-01
9.971063820161270019e-01
9.965964223967783697e-01
9.961855399086325669e-01
9.958749771919850335e-01
9.956640689144928835e-01
9.955503524766404766e-01
9.955296532803994403e-01
9.955961272579895160e-01
9.957422364042325391e-01
9.959586219630925941e-01
9.962338220517372722e-01
9.965537513407277670e-01
9.969008119956520586e-01
9.972524231060075905e-01
9.975786138123402536e-01
9.978380729089255663e-01
9.979715858624041980e-01
9.978909175783468033e-01
9.974594902775287819e-01
9.964577228275570686e-01
9.945184802117096323e-01
9.910015128115211569e-01
9.847368680683166176e-01
9.734716299807130158e-01
9.526132801178963661e-01
9.122912947129397931e-01
8.310123489787818452e-01
6.699069945112078317e-01
4.270338133506854095e-01
3.096955169825104104e-01
4.279210000204171638e-01
5.813742407717190641e-01
6.874717384116909580e-01
7.536260280341600115e-01
7.945969240134238554e-01
8.192416624848624096e-01
8.314033823410564850e-01
8.307302704005096183e-01
8.117013070221997806e-01
7.630177223894105687e-01
6.874583645846475966e-01
6.533259430192196460e-01
6.944778742625073997e-01
7.480092106180691314e-01
7.859575646779526359e-01
8.099516204637726702e-01
8.248290089433474304e-01
8.337203501165642017e-01
8.381870768386622261e-01
8.385020787328159031e-01
8.329796627396721664e-01
8.126135673540102466e-01
6.666290441881829176e-01
9.773190206871096297e-01
9.140911638843604026e-01
8.980905388523077182e-01
8.907167505626137904e-01
8.863106901955198902e-01
8.832300245105755288e-01
8.808351664579673335e-01
8.788317167023796950e-01
8.770687066913203100e-01
8.754625901081312112e-01
8.739643402118225657e-01
8.725437010288995543e-01
8.711810560053476760e-01
8.698629771344021933e-01
8.685796760771636871e-01
8.673234941160092859e-01
8.660879868483555288e-01
8.648673638982701251e-01
8.636561490307644862e-01
8.624489826476861021e-01
8.612405203933259923e-01
8.600254001241129931e-01
8.587982607674714552e-01
8.575538038200769542e-01
8.562868932201810335e-01
8.549926931583705647e-01
8.536668467891450618e-01
8.523057023345986805e-01
8.509065972793457000e-01
8.494682168925830057e-01
8.479910510793219336e-01
8.464779849200455564e-01
8.449350753781119661e-01
8.433725931250910524e-01
8.418064503662847642e-01
8.402602036546674702e-01
8.387679342905401958e-01
8.373785040395923529e-01
8.361620299784032762e-01
8.352200579076179965e-01
8.347021258730141779e-01
8.348338106836565853e-01
8.359662665770474232e-01
8.386674012233538145e-01
8.438935389449213620e-01
8.532860107520539028e-01
8.692149266683782960e-01
8.857228301540843729e-01
6.157039754733077963e-01
2.104672198795840554e-01
5.040890083393446686e-01
5.917529604844343760e-01
6.260926429940856242e-01
6.411673116128767669e-01
6.471594499738602124e-01
6.480288695371018148e-01
6.455907506926285011e-01
6.407648045926737090e-01
6.340399441209331188e-01
6.256724142348096818e-01
6.157789224988354793e-01
6.043834953224398454e-01
5.914421022534253058e-01
5.768559256934855384e-01
5.604787114974800755e-01
5.421212903186385379e-01
5.215554082476916431e-01
4.985187904082857280e-01
4.727236403236827478e-01
4.438714961901314981e-01
4.116785684128183576e-01
3.759174897220892708e-01
3.364840396286025159e-01
2.935013536246818822e-01
2.474808262613248655e-01
1.995729838168509296e-01
1.519780967563581775e-01
1.086934438967666616e-01
7.709855150217467812e-02
7.173076605437277153e-02
1.199992281061360994e-01
1.736073079978014966e-01
8.687823910063441346e-01
7.142552934470027814e-01
3.640429294496309587e-01
1.916733324012889761e-01
1.271825442037814446e-01
2.494673598166062267e-01
2.013468257499695657e-01
2.013944085461142619e-01
2.337206790234236109e-01
2.755527060728303335e-01
3.211172082268410888e-01
3.673334213809977267e-01
4.120053434549846294e-01
4.534467910260502332e-01
4.904156460512474891e-01
5.221097567255492677e-01
5.481512280415724581e-01
5.685452500270965492e-01
5.836219011629545372e-01
