1.036477632893599399e+00
1.031879406994481663e+00
1.027064026152496590e+00
1.022193868505527847e+00
1.017403556186472269e+00
1.012801699202743988e+00
1.008472942230090874e+00
1.004480207158372718e+00
1.000867041559371673e+00
9.976599989732837237e-01
9.948709909636548332e-01
9.924995631837690846e-01
9.905350580703515817e-01
9.889586348572042551e-01
9.877451225183760952e-01
9.868646810257392099e-01
9.862842363080929209e-01
9.859686234299697150e-01
9.858812929003566428e-01
9.859842324767477129e-01
9.862362186116905294e-01
9.865869688818043048e-01
9.869598575069734592e-01
9.871978952443866140e-01
9.868681010871825920e-01
9.843533768117536109e-01
9.703677523185715303e-01
8.211283299037868133e-01
7.637979029405241871e-01
9.340645721200815377e-01
9.619475107483821397e-01
9.715787227804499882e-01
9.759197546380543598e-01
9.751738685772751714e-01
9.108058921820750831e-01
8.130576702546791212e-01
9.375303194966044806e-01
9.543482334594617367e-01
9.593492264848541007e-01
9.608022108944430650e-01
9.604403975512197933e-01
9.585268456118595237e-01
9.541955756287123780e-01
9.422386937582951649e-01
7.950470676548248017e-01
9.877332065926410776e-01
9.750958607764548258e-01
9.696507402128865527e-01
9.661784554739243358e-01
9.634757375320862627e-01
9.611404591426958577e-01
9.590046287604576669e-01
9.569879082163116335e-01
9.550483809883363318e-01
9.531628654321447902e-01
9.513180131024834285e-01
9.495059004409663883e-01
9.477216897103983850e-01
9.459623209423799750e-01
9.442257513815462966e-01
9.425105013380232766e-01
9.408153791800483168e-01
9.391393149239286586e-01
9.374812616145461464e-01
9.358401399620058791e-01
9.342148109331461781e-01
9.326040663731023361e-01
9.310066308759686882e-01
9.294211698196915838e-01
9.278462989458399202e-01
9.262805895758446928e-01
9.247225580982790794e-01
9.231706091893187027e-01
9.216228246417466075e-01
9.200760656394881831e-01
9.185197041894493930e-01
9.166365261338683679e-01
9.155307498796318999e-01
9.139768703110823234e-01
9.124365569871142334e-01
9.108988609428081418e-01
9.093613205727048010e-01
9.078229689284940118e-01
9.062833449812947029e-01
9.047422393313897526e-01
9.031995987484743305e-01
9.016554751383396571e-01
9.001099876508399378e-01
8.985632872553485084e-01
8.970155193545404915e-01
8.954667821387223281e-01
8.939170791236910052e-01
8.923662645000188798e-01
8.908139798408710730e-01
8.892595804631413525e-01
8.877020493371924337e-01
8.861398958813651028e-01
8.845710362193266452e-01
8.829926504560178246e-01
8.814010111481738186e-01
8.797912752651815271e-01
8.781572293478170366e-01
8.764909739699816571e-01
8.747825285206923818e-01
8.730193300369398779e-01
8.711855891946623798e-01
8.692614507842896243e-01
8.672218820070235479e-01
8.650351744619541039e-01
8.626608851553009272e-01
8.600469396205218109e-01
8.571254367821352638e-01
8.538063361557653996e-01
8.499674094117442014e-01
8.454366983926927537e-01
8.399563660759250538e-01
8.330870550809852393e-01
8.250650212839955033e-01
8.179798242042911616e-01
8.031261865358372276e-01
7.839716912860313913e-01
7.567680257539182165e-01
7.154087598749413468e-01
6.476742453306160163e-01
5.293048683223833262e-01
3.435097692135484215e-01
2.642109223685841779e-01
6.219601294459379259e-01
7.419524547908291634e-01
4.691547027690328164e-01
6.252872528592983148e-01
8.844959697101938412e-01
9.764661240129830500e-01
9.961922166640088117e-01
9.998744358534674692e-01
9.995433889995918308e-01
9.921377479641317887e-01
4.590107913222537528e-01
9.543693573957899856e-01
9.728383583059615480e-01
9.771809617097163558e-01
9.787718729976061516e-01
9.794932228270382124e-01
9.798813671483770360e-01
9.801297513542808204e-01
9.803155115295825173e-01
9.804693684388674502e-01
9.806017700585832886e-01
9.807140380991782314e-01
9.808035911615854419e-01
9.808665733576961143e-01
9.808992539051660797e-01
9.808988073504747440e-01
9.808637648189616476e-01
9.807942814775016949e-01
9.806922952347141287e-01
9.805616160588173091e-01
9.804079663978824133e-01
9.802389827890548579e-01
9.800641828130598476e-01
9.798948980260112629e-01
9.797441712554415538e-01
9.796266149835646253e-01
9.795582258688119159e-01
9.795561479547024719e-01
9.796383720407715323e-01
9.798233463964740597e-01
9.801294400489990455e-01
9.805740917620674457e-01
9.811720613184145012e-01
9.819300679561859813e-01
9.828172271953721228e-01
9.831114566391291332e-01
9.857678024370594150e-01
9.874035570832554454e-01
9.892368305950176577e-01
9.913099916397964950e-01
9.936062358494492930e-01
9.961065695104510676e-01
9.987862536293946603e-01
1.001612921513366450e+00
1.004545401848770725e+00
1.007532812822559798e+00
1.010513777572198846e+00
1.013415679260120550e+00
1.016153851198207336e+00
1.018630485628203575e+00
1.020732748465774442e+00
1.022328779088547579e+00
1.023257746670585222e+00
1.023300635565723038e+00
1.022069306585794868e+00
1.018306527619649016e+00
9.897242472737749486e-01
1.008340208103637670e+00
9.817568869174780888e-01
7.219960426086113880e-01
9.804389271727403932e-01
9.845815165489666398e-01
9.757386575941581208e-01
