9.046767052165641809e-01
9.074041915740618247e-01
9.118890862301232136e-01
9.177085746397178889e-01
9.244841269205094081e-01
9.318821010950274486e-01
9.396132290706591395e-01
9.474312092467195301e-01
9.551306061620701282e-01
9.625442340646750417e-01
9.695401783495539716e-01
9.760185869431302619e-01
9.819083432334735351e-01
9.871637132613528820e-01
9.917610427138666696e-01
9.956955638433064859e-01
9.989783587586964497e-01
1.001633513554982979e+00
1.003695487377487483e+00
1.005206711659989427e+00
1.006215427317286748e+00
1.006773761488236385e+00
1.006936040392336196e+00
1.006757330856819399e+00
1.006292199970689305e+00
1.005593680011581670e+00
1.004712424163519691e+00
1.003696037495913185e+00
1.002588567116372786e+00
1.001430135256193399e+00
1.000256699224127077e+00
9.990999226043897341e-01
9.979871427203466094e-01
9.969414201832086375e-01
9.959816572556324799e-01
9.951227727410939528e-01
9.943759221347809873e-01
9.937487528096240474e-01
9.932456850461965914e-01
9.928682107252816413e-01
9.926152024778874816e-01
9.924832270161479952e-01
9.924668572450466852e-01
9.925589785721794511e-01
9.927510855887332619e-01
9.930335659888180899e-01
9.933959692238805150e-01
9.938272579575893051e-01
9.943160408945358464e-01
9.948507860067320463e-01
9.954200135765345347e-01
9.960124688199583076e-01
9.966172741485729292e-01
9.972240613811164112e-01
9.978230844257235388e-01
9.984053131277996762e-01
9.989625091182502414e-01
9.994872846067780481e-01
9.999731451482096745e-01
1.000414517468780629e+00
1.000806763478135464e+00
1.001146181613288499e+00
1.001429996665387678e+00
1.001656339232376958e+00
1.001824215920601446e+00
1.001933471390687558e+00
1.001984743306038705e+00
1.001979411201268766e+00
1.001919540240778783e+00
1.001807820788550352e+00
1.001647504657700027e+00
1.001442338855257352e+00
1.001196497584164735e+00
1.000914513210169998e+00
1.000601206848640734e+00
1.000261619174698247e+00
9.999009420091420353e-01
9.995244511853430547e-01
9.991374411543971767e-01
9.987451617427496320e-01
9.983527574343210587e-01
9.979652095091949837e-01
9.975872813337957057e-01
9.972234670624847697e-01
9.968779439775820039e-01
9.965545286633032962e-01
9.962566371803458498e-01
9.959872493798743731e-01
9.957488774687800470e-01
9.955435389128237667e-01
9.953727337377772377e-01
9.952374262638852276e-01
9.951380312806361594e-01
9.950744046403008358e-01
9.950458382157068016e-01
9.950510591283846518e-01
9.950882331070225462e-01
9.951549717771662751e-01
9.952483436056575039e-01
9.953648881210626076e-01
9.955006328905580126e-01
9.956511125347800029e-01
9.958113887787783947e-01
9.959760701181645803e-01
9.961393290549209745e-01
9.962949138958737683e-01
9.964361506028933668e-01
9.965559277601723220e-01
9.966466537230702638e-01
9.967001682007323726e-01
9.967075785398823440e-01
9.966589690980276472e-01
9.965428904335151827e-01
9.963454517809835487e-01
9.960486642687061964e-01
9.956272846632249207e-01
9.950424362577344750e-01
9.942276563776815124e-01
9.930549905574632685e-01
9.912398632456541625e-01
9.880130042333835627e-01
9.805543688655099510e-01
9.501160524934428864e-01
2.514105132382383201e-01
9.500028209983503169e-01
9.841980360759700064e-01
9.886935924346846871e-01
9.893092960219374010e-01
9.888910362101189788e-01
9.880860684781361813e-01
9.871061336476949499e-01
9.860410367109447849e-01
9.849389823911879338e-01
9.838323718625864300e-01
9.827474862193533722e-01
9.817085629624618948e-01
9.807396632981969509e-01
9.798655723402457385e-01
9.791122260779148156e-01
9.785068662540509221e-01
9.780779919264545041e-01
9.778550996681616425e-01
9.778681377691147425e-01
9.781465143622795066e-01
9.787173627396824616e-01
9.796025267701753414e-01
9.808132861733539487e-01
9.823409957798849845e-01
9.841401449502109600e-01
9.860969342152209327e-01
9.879692204944457989e-01
9.892676141515882593e-01
9.890102853460276400e-01
9.851945295348840670e-01
9.736129636642102403e-01
9.452152182174153872e-01
8.812144954668199581e-01
7.452021683260261486e-01
4.787517845449832943e-01
1.345583070308543627e-01
2.427371895921045467e-03
1.213227996736352399e-01
2.884532693691407856e-01
4.208423703169367758e-01
5.151971252667031376e-01
5.822198629602751696e-01
6.308822926583798063e-01
6.671187139359812113e-01
6.947000591981130624e-01
7.160394900240573124e-01
7.327127425345200118e-01
7.457725097017590121e-01
7.559379332189070100e-01
7.637109766025209634e-01
7.694498178249461473e-01
7.734165289686736333e-01
7.758090238864880916e-01
7.767831442155217481e-01
7.764684032465549723e-01
7.749795342978363921e-01
7.724251686362719749e-01
7.689144628080705202e-01
7.645621751585019998e-01
7.594924813949998077e-01
7.538416755265570091e-01
7.477597991464545180e-01
7.414111624586732230e-01
7.349736538162280342e-01
7.286366727420509060e-01
7.225974571427076221e-01
7.170555004277685551e-01
7.122046570958480149e-01
7.082223982352979785e-01
7.052554715798970975e-01
7.034008925764575482e-01
7.026806507547395109e-01
7.030075889230782415e-01
7.041382778827520728e-01
7.056057345729297436e-01
7.066192439941543224e-01
