1.010140868621713262e+00
1.001672191887027941e+00
9.936426945263701072e-01
9.861198418401916355e-01
9.791512750637993978e-01
9.727678312790251081e-01
9.669848869617948539e-01
9.617957166373009015e-01
9.571091011495613810e-01
9.510394159413124715e-01
9.518487170606250158e-01
9.490282210933203011e-01
9.471486908442785513e-01
9.442060857382859052e-01
9.216613776692589299e-01
2.884632031613404424e-01
7.047451933927360024e-01
8.404875232295792031e-01
8.699282666494613236e-01
8.806456726728203455e-01
8.852569538782103509e-01
8.872017394491322761e-01
8.877710427388263437e-01
8.875779179657272699e-01
8.871320528614863310e-01
8.796733074847603584e-01
8.830319527510956945e-01
8.816074322899791760e-01
8.798310646184469563e-01
8.778681693085224058e-01
8.757724338143092480e-01
8.735739974127213481e-01
8.712944753889386718e-01
8.689514208409038210e-01
8.665600967636560847e-01
8.641343013082745106e-01
8.616867823810567817e-01
8.592294484220303064e-01
8.567734691443289474e-01
8.543293137708024565e-01
8.519067525354813153e-01
8.495148356404670364e-01
8.471618568806982275e-01
8.448553042018259740e-01
8.426017950561159875e-01
8.404069893090453380e-01
8.382754649623966881e-01
8.362105291513072247e-01
8.342139126241482350e-01
8.322852462935849127e-01
8.304211089655584299e-01
8.286131724840097856e-01
8.268442709711653071e-01
8.250790970737116314e-01
8.232385268809065959e-01
8.211104218537894628e-01
8.178892408161833050e-01
8.059135366538880962e-01
8.283875143295630350e-01
8.239144399094413540e-01
8.215916475456082058e-01
8.201694290450047831e-01
8.191362085027782403e-01
8.183327561952783435e-01
8.176941241792973214e-01
8.171895915967229973e-01
8.168046116169932480e-01
8.165354431689817449e-01
8.163899231688396263e-01
8.163949624122927018e-01
8.166192283103235194e-01
8.172460929999170176e-01
8.188734441027010202e-01
8.232264882899589242e-01
7.906047013515341559e-01
8.059176819068525344e-01
8.083774774809905361e-01
8.090453541523027203e-01
8.090319858293975042e-01
8.085682302058903037e-01
8.076149939275025780e-01
8.055404624585147388e-01
8.091561655307070167e-01
8.051597267261411117e-01
8.023554105239815160e-01
7.990391574410738995e-01
7.948253880115397907e-01
7.893466287086532418e-01
7.821091039340211104e-01
7.723800280220386449e-01
7.590064641453836414e-01
7.400680071207831334e-01
7.121478949709040274e-01
6.686666016757878417e-01
5.957473157463183400e-01
4.618966653610941941e-01
2.091453791146860586e-01
1.872219213020677106e-02
5.481289032144384121e-01
8.815755271251638492e-01
9.660071414192503703e-01
9.851736540528118757e-01
9.878529026227556020e-01
9.859715599451568391e-01
9.834551461830888242e-01
9.811921860326591194e-01
9.794752522911500670e-01
9.783452348845536051e-01
9.777624882071995760e-01
9.776677625798498861e-01
9.780051800651800020e-01
9.787325338129491126e-01
9.798297473103468880e-01
9.813141413662032075e-01
9.832805194431496476e-01
9.860331687975899539e-01
9.906946190863670232e-01
1.005234347748836798e+00
9.395136413581115509e-01
9.751530352649773192e-01
9.814849690045073238e-01
9.849237985824125241e-01
9.874504501711958149e-01
9.895453015849169365e-01
9.913747549731939390e-01
9.930059879968187175e-01
9.944668880328382254e-01
9.957673802969735366e-01
9.969083260915962974e-01
9.978856730445717638e-01
9.986925466114231487e-01
9.993203479861711980e-01
9.997593135034817946e-01
9.999987267852203932e-01
1.000026832336187610e+00
9.998303792621284769e-01
9.993935447091129021e-01
9.986955969081701134e-01
9.977056292331751841e-01
9.963695638121704556e-01
9.945734256639294779e-01
9.920174466560545135e-01
9.876380152491207598e-01
9.751929668189976974e-01
8.441182546851394575e-01
9.228353023010148481e-01
9.649487336651095815e-01
9.669169004931629230e-01
9.606291763144534368e-01
9.377541643195475007e-01
7.337343554432186332e-01
9.573874846304304409e-01
9.618069069815674554e-01
9.571785312468350515e-01
9.511259886190596147e-01
9.393573063552388414e-01
9.346438281882405441e-01
9.186147715002705993e-01
7.907289632969031201e-01
9.628278266653171880e-01
9.383229031833763001e-01
9.265357097951995025e-01
9.172681124565524868e-01
9.087732453702583868e-01
9.004821801614372179e-01
8.921222873086676053e-01
8.834863915451800498e-01
8.742607465373892772e-01
8.633314110974222855e-01
8.401744899308306591e-01
8.519653431706184499e-01
8.411149759719593888e-01
8.300965628237023664e-01
8.188763660273679079e-01
8.076196217120310550e-01
7.969436816565127479e-01
7.654599298654056749e-01
6.103049471910433343e-01
6.578940369374522978e-01
6.353774989042153543e-01
5.894490888131950213e-01
5.224799014403213038e-01
4.396988986218560158e-01
3.876459104102395470e-01
3.745409402835759849e-01
6.269549872030071302e-01
7.544865063593875210e-01
8.270101471007408334e-01
8.591550744549565355e-01
8.714278355332941706e-01
8.746830303397393758e-01
8.739606554070339373e-01
8.716099930979782640e-01
8.687677640076605368e-01
8.660111615474194169e-01
8.636517370282352779e-01
8.618737382941648040e-01
8.608036504035541103e-01
8.605493373765821241e-01
8.612266378194338712e-01
