9.874681448043512999e-01
9.877004347938702633e-01
9.879372861795268079e-01
9.881786831518888370e-01
9.884245506061468678e-01
9.886747608892633155e-01
9.889291403727252794e-01
9.891874757335875623e-01
9.894495198577089035e-01
9.897149973056595940e-01
9.899836093042110319e-01
9.902550382449797350e-01
9.905289516863796662e-01
9.908050058676466376e-01
9.910828487520090269e-01
9.913621226244844209e-01
9.916424662734221185e-01
9.919235167890326776e-01
9.922049110145757522e-01
9.924862866853558785e-01
9.927672832921988766e-01
9.930475427042178005e-01
9.933267095847271300e-01
9.936044316322346637e-01
9.938803596767064041e-01
9.941541476584305759e-01
9.944254525150333368e-01
9.946939339991738294e-01
9.949592544476457689e-01
9.952210785198595255e-01
9.954790729214414435e-01
9.957329061264980075e-01
9.959822481108714376e-01
9.962267701053459934e-01
9.964661443776793304e-01
9.967000440495413782e-01
9.969281429542286022e-01
9.971501155385570359e-01
9.973656368123972049e-01
9.975743823476236338e-01
9.977760283279113462e-01
9.979702516498056841e-01
9.981567300751905680e-01
9.983351424348190228e-01
9.985051688817249138e-01
9.986664911939939770e-01
9.988187931252187068e-01
9.989617608013794392e-01
9.990950831626017603e-01
9.992184524485548947e-01
9.993315647254836787e-01
9.994341204542824819e-01
9.995258250974882186e-01
9.996063897646446650e-01
9.996755318947392333e-01
9.997329759751745204e-01
9.997784542964923693e-01
9.998117077426033061e-01
9.998324866165934077e-01
9.998405515020692969e-01
9.998356741607467013e-01
9.998176384671703110e-01
9.997862413814677662e-01
9.997412939620570205e-01
9.996826224198663846e-01
9.996100692168188306e-01
9.995234942110312604e-01
9.994227758523107630e-01
9.993078124315842858e-01
9.991785233888569318e-01
9.990348506846481458e-01
9.988767602405168589e-01
9.987042434556067105e-01
9.985173188061999827e-01
9.983160335367087246e-01
9.981004654516391073e-01
9.978707248186856615e-01
9.976269563954988095e-01
9.973693415927887829e-01
9.970981007890690195e-01
9.968134958141582347e-01
9.965158326201937200e-01
9.962054641615362138e-01
9.958827935078342630e-01
9.955482772175655581e-01
9.952024290024481523e-01
9.948458237175623609e-01
9.944791017163968627e-01
9.941029736147762863e-01
9.937182255142640308e-01
9.933257247409866819e-01
9.929264261649324297e-01
9.925213791716266387e-01
9.921117353688739815e-01
9.916987571220003961e-01
9.912838270225990955e-01
9.908684584102479542e-01
9.904543070820258643e-01
9.900431843408867838e-01
9.896370715529093642e-01
9.892381364033254743e-01
9.888487510611329023e-01
9.884715124840303124e-01
9.881092651136803573e-01
9.877651262296369694e-01
9.874425142396892063e-01
9.871451801886466093e-01
9.868772427554483029e-01
9.866432269859117810e-01
9.864481069795152379e-01
9.862973527545259023e-01
9.861969816957721902e-01
9.861536157809763781e-01
9.861745486101320957e-01
9.862678361533490090e-01
9.864424623495327005e-01
9.867087968129329978e-01
9.870805816013992207e-01
9.875918585941642069e-01
9.878617905041844338e-01
9.887702625786243260e-01
9.896461712237917263e-01
9.906504899839232436e-01
9.917915465142926879e-01
9.930590186143108955e-01
9.944210031182935117e-01
9.958095269778439729e-01
9.970929803748025400e-01
9.980249025707801369e-01
9.981465821587879317e-01
9.965958123000947522e-01
9.917190109020967981e-01
9.802663470509745958e-01
9.557314370442190343e-01
9.050506854099741316e-01
8.019957490729284766e-01
6.006664217848499687e-01
2.852492644906000074e-01
2.966310665906236183e-02
3.424582441031318730e-02
1.831478585433570783e-01
3.318573018848902101e-01
4.442290139556481776e-01
5.245678959520229112e-01
5.822451684193481469e-01
6.244879099651746701e-01
6.561232880550581514e-01
6.803024489232118999e-01
6.991051940141904675e-01
7.139340313399743509e-01
7.257576694445216914e-01
7.352610640323729019e-01
7.429392233869059892e-01
7.491570639017769428e-01
7.541884536614915646e-01
7.582422407011911725e-01
7.614799673548409142e-01
7.640281612718617943e-01
7.659870168611001562e-01
7.674366283498963437e-01
7.684415323476629922e-01
7.690540636862110979e-01
7.693168651756372434e-01
7.692647853132351665e-01
7.689263271437564162e-01
7.683247636439911599e-01
7.674790022308207726e-01
7.664042582139146687e-01
7.651125809681368350e-01
7.636132651530606053e-01
7.619131710328114204e-01
7.600169718978416755e-01
7.579273421034105063e-01
7.556450958687311870e-01
7.531692844082312766e-01
7.504972569662887727e-01
7.476246897382815559e-01
7.445455853623641485e-01
7.412522445685609807e-01
7.377352106040852009e-01
7.339831861585726092e-01
7.299829216405857579e-01
7.257190727624116544e-01
7.211740244268439737e-01
7.163276768290741670e-01
7.111571884314212832e-01
7.056366689695030558e-01
6.997368138137628479e-01
6.934244687210958658e-01
6.866621110931980798e-01
6.794072300609486081e-01
6.716115826374894349e-01
6.632202961696389565e-01
6.541707771843813246e-01
6.443913711919823095e-01
6.337996922674451472e-01
6.223004942563471475e-01
6.097828593763378047e-01
5.961162565346476150e-01
5.811444215319692130e-01
