5.928775357234015164e-01
5.963798877786461450e-01
5.994619082702161705e-01
6.023108215046494296e-01
6.050494448497139022e-01
6.077567569747974741e-01
6.104818824799745913e-01
6.132539046681815265e-01
6.160895060723415861e-01
6.190049918394960882e-01
6.216892159383438088e-01
6.249074144153144994e-01
6.279865479653234939e-01
6.310832419825405104e-01
6.341654473766032973e-01
6.371371365586229185e-01
6.396485055621259352e-01
6.387113692136789922e-01
6.562150759309057779e-01
6.551436445559545296e-01
6.579160365198390981e-01
6.613190651081759519e-01
6.649876427562709802e-01
6.688234145206604087e-01
6.727883984788525229e-01
6.768632895922921389e-01
6.810346887027236562e-01
6.852897350320082959e-01
6.896128646998296308e-01
6.939827845092727543e-01
6.983683462324425939e-01
7.027213939187034741e-01
7.069623339420956221e-01
7.109472599069099896e-01
7.143841421059989871e-01
7.166098517256286327e-01
7.165010276327865579e-01
7.244068909578035287e-01
7.443625868922227884e-01
7.499512748824371799e-01
7.534832726888466281e-01
7.568850434058945753e-01
7.601646880847753307e-01
7.631772515355818021e-01
7.657706007310030039e-01
7.677871140083950552e-01
7.690518726773986069e-01
7.693592613727709972e-01
7.684572460734598875e-01
7.660268526686561108e-01
7.616534665350087607e-01
7.547851602757971179e-01
7.446710616229528235e-01
7.302700669824424562e-01
7.101191222822357263e-01
6.821397437415418485e-01
6.362618255118698274e-01
5.792153380102955662e-01
5.059518997611883728e-01
4.013607587759998596e-01
2.690163453625531442e-01
1.554817083503639841e-01
2.979157993889319008e-03
4.282672991547098462e-02
1.842498285756341281e-01
3.555722554483963793e-01
5.099535618574240203e-01
4.157740223610014718e-01
6.413917473774740641e-01
7.011259444804353036e-01
7.391144137764972255e-01
7.648142295074119579e-01
7.824554349283603383e-01
7.945324737134229487e-01
8.026462517433288202e-01
8.078720264768465276e-01
8.109573874849612674e-01
8.124382222169147516e-01
8.127097997048778888e-01
8.120717281522606967e-01
8.107571133200587310e-01
8.089518891483520324e-01
8.068078913830755150e-01
8.044518662954870392e-01
8.019917901307276331e-01
7.995213786884091123e-01
7.971233573540171813e-01
7.948718641932606133e-01
7.928342275733891720e-01
7.910722668516084743e-01
7.896431887169264030e-01
7.886000685475845762e-01
7.879917644255509668e-01
7.878617335749923400e-01
7.882437081649045219e-01
7.891422890791887079e-01
7.903095608598750266e-01
7.937742608156782564e-01
7.960840926342874768e-01
7.992775014267934353e-01
8.029057455778140229e-01
8.067398026653634924e-01
8.107547137456609931e-01
8.165745113215955309e-01
8.295137350467695070e-01
8.102580477150488347e-01
8.643407660157240713e-01
8.844030919316714368e-01
8.980767737277425278e-01
8.872672434212630632e-01
9.369314134377575432e-01
9.505203202293978082e-01
9.645311909817282370e-01
9.763956564549369777e-01
9.838255656041209329e-01
9.839150687084003977e-01
9.730175932324175436e-01
9.469687255398693271e-01
9.018108172538579215e-01
8.352008619096616959e-01
7.487205291435810040e-01
6.553419793930146398e-01
4.711794061057619776e-01
3.847451459000869045e-01
2.837380134011553978e-01
1.986200268198224372e-01
1.298804144733287369e-01
7.896766250680599397e-02
4.361469957069549069e-02
2.083313375442305548e-02
7.675902917863270704e-03
1.592276140912597887e-03
5.724800705038078641e-04
3.540496612318018519e-03
1.240258770432318622e-02
1.339588697886171832e-02
1.570749580765198536e-02
1.656941021053538049e-02
1.168060718268608758e-02
3.739330909034194184e-03
6.642233756324829042e-01
2.010148053577293925e-01
1.461989515511707971e-01
1.265161326808915687e-01
1.120488413339939676e-01
9.433993679349607364e-02
6.803928292941206768e-02
3.046564322378640319e-02
4.033754398200589328e-03
1.713124387628216783e-01
6.709670040188400186e-01
8.004749720145594161e-01
7.499079139059167121e-01
7.032348122738067975e-01
6.761314814413720287e-01
6.582965533122422386e-01
6.569544246040089908e-01
6.588276896519791315e-01
6.644869208504088354e-01
6.727322742395211996e-01
6.826812479244065424e-01
6.936927727155447476e-01
7.052757466513317475e-01
7.169353333134835804e-01
7.278021391686435582e-01
7.372401145392153410e-01
7.463711690056338277e-01
7.553398754796609715e-01
7.636158116007980556e-01
7.709326316773686960e-01
7.771895646950978120e-01
7.823575426220322759e-01
7.864484460970759816e-01
7.894986658597931140e-01
7.915291320886698179e-01
7.923627869272533708e-01
7.902672570138051800e-01
7.979270893643048979e-01
7.956860329117786401e-01
7.938765991032188385e-01
7.916495852246078213e-01
7.888596905327691644e-01
7.854498229118721531e-01
7.813608350518103096e-01
7.765155221253591256e-01
7.708261990139382291e-01
7.642203214701294156e-01
7.566910937144595284e-01
7.483920085347315343e-01
7.398186479475263866e-01
7.321586271521793865e-01
7.255979811025929926e-01
7.320543654458206984e-01
7.718233304599262379e-01
8.994094923452936596e-01
9.638871644229511995e-03
1.990550711862536515e-01
2.516036553025041700e-01
2.512709811510711599e-01
2.328784965585593558e-01
