6.511449238016362440e-01
6.482837094779503317e-01
6.467661447462422775e-01
6.465515945528025332e-01
6.475781076443232198e-01
6.497671310593746696e-01
6.530276870665250311e-01
6.572600132889512281e-01
6.623586766759927968e-01
6.682151765482927663e-01
6.747200494947401817e-01
6.817644743572749411e-01
6.892413343047884000e-01
6.970455804086906904e-01
7.050734027826475181e-01
7.132185129062545981e-01
7.213583501086507921e-01
7.292851964187094804e-01
7.358755996736887628e-01
7.480256130157439953e-01
7.547125335812744362e-01
7.617807958133314683e-01
7.686216940777209627e-01
7.750489437537416704e-01
7.809536878547775895e-01
7.862406287257517334e-01
7.908116247292779066e-01
7.945573435730347578e-01
7.973499135183790276e-01
7.990343284790020206e-01
7.994171861282974856e-01
7.982512050028539585e-01
7.952133894609976217e-01
7.898737230811192500e-01
7.816497743448913571e-01
7.697404983153691704e-01
7.530299756473072259e-01
7.299500451135381152e-01
6.982943493410479485e-01
6.549998274151501709e-01
5.959963989495630221e-01
5.164709819523393142e-01
4.124605850385195671e-01
2.854798096656592232e-01
1.510027423360519594e-01
4.388464009605238386e-02
3.132466454476821177e-03
3.880711244582509684e-02
1.242853919413934582e-01
2.242630405410318273e-01
3.165497722369178257e-01
3.929718643032281689e-01
4.528945390127004367e-01
4.992465963681114727e-01
5.337790843054018852e-01
5.596226066393549248e-01
5.787503144047373427e-01
5.925316895762499092e-01
6.021589364809827316e-01
6.085071155996556458e-01
6.122359181478156387e-01
6.138388383810363669e-01
6.136358793066934991e-01
6.105150636710462431e-01
6.107183216401677051e-01
6.068863082892860250e-01
6.025456011777773346e-01
5.976247346898709845e-01
5.922025961923167436e-01
5.863630369399062126e-01
5.801814512515519606e-01
5.737237845629629129e-01
5.670477224372797442e-01
5.602043997104616535e-01
5.532404196890733372e-01
5.462004441256810283e-01
5.391310830735782655e-01
5.320878657108485399e-01
5.251503634245651142e-01
5.184649157101138828e-01
5.124561572601816772e-01
4.975830738709423606e-01
5.017128481489411262e-01
5.077311201217917791e-01
2.963788447107146840e-01
4.409146119006306375e-01
4.441902734678271347e-01
4.395846921417506104e-01
4.324683041049926513e-01
4.226344939186379435e-01
3.879127776770187053e-01
4.108169706164164769e-01
4.007978587940654869e-01
3.904717696900917301e-01
3.795886082861022470e-01
3.679797274562940923e-01
3.554557436375334611e-01
3.420286110008456948e-01
3.273186055392210969e-01
3.110753580610733371e-01
2.930898075642209277e-01
2.730396916281768727e-01
2.505710754074755853e-01
2.253439708594987823e-01
1.977093952520913023e-01
1.635239407647576249e-01
1.282850213231089276e-01
8.998112669963555244e-02
5.129943987483993884e-02
1.798966914452786864e-02
1.539426864773478076e-03
2.112277347243757611e-02
9.965622048052735771e-02
2.466930998086679927e-01
4.045788273969870286e-01
6.325275822893570155e-01
7.839686018597110673e-01
8.840319357880628282e-01
9.416008061418802422e-01
9.704254932406296552e-01
9.819944269704156126e-01
9.837440550405727180e-01
9.812821838626906157e-01
9.764179918522346568e-01
9.709826960311483957e-01
9.658051867135901691e-01
9.613126161254038626e-01
9.577029258093396891e-01
9.550431923942217516e-01
9.533254386627582067e-01
9.524975322705430125e-01
9.524784915598319968e-01
9.531616255510145796e-01
9.544019772731492379e-01
9.559677155879729993e-01
9.573703559888101511e-01
9.571423044642821676e-01
9.482630511885270508e-01
8.497240514001730416e-01
4.610932873233010709e-01
9.065534821095243556e-01
9.513578813803107437e-01
9.654464876428167086e-01
9.729759646752260682e-01
9.779378785491927850e-01
9.814366243865705330e-01
9.838389892873006248e-01
9.852607575501233228e-01
9.857162313701501866e-01
9.851745338645157002e-01
9.835845346276860246e-01
9.808878279839217118e-01
9.770270596796132301e-01
9.719530525799824350e-01
9.656332297199607950e-01
9.580645149985228537e-01
9.492966090340031471e-01
9.394784972014939006e-01
9.289581680814268383e-01
9.185027091162912827e-01
9.095198879394890135e-01
8.761709810602971160e-01
6.524338707553054562e-01
2.277846033786691815e-01
3.905626444268225916e-01
3.221271637764930862e-01
1.852955921351218116e-02
9.805877672778466891e-01
9.244497025449608385e-01
8.339483511492721268e-01
7.692594457536759966e-01
7.161166152693687614e-01
6.678591957904120857e-01
6.213023757588467255e-01
5.746849566698297718e-01
5.268663021513373401e-01
4.769835174189130944e-01
4.242892092699966922e-01
3.680414606718311332e-01
3.071463280507173987e-01
2.331939247207780730e-01
1.931169812842103983e-01
1.223465888808019375e-01
6.212200688000419496e-02
1.983079636205297910e-02
1.142109382857406201e-02
5.393689088932647480e-02
1.540600016875579847e-01
2.993297753398033167e-01
4.627530568734875005e-01
6.160958162586068765e-01
7.411652958687230397e-01
8.332261595119220265e-01
8.976736748887410577e-01
9.021854956984816098e-01
9.549040549907094055e-01
9.721793924362525097e-01
9.823382805117354399e-01
9.885354625927572636e-01
9.923717590309749648e-01
