9.881100100375593831e-01
9.883995173494121156e-01
9.886878079758010252e-01
9.889755747223313298e-01
9.892634263365623903e-01
9.895518799791822584e-01
9.898413571152694379e-01
9.901321822458954980e-01
9.904245839542641372e-01
9.907186977955646512e-01
9.910145706148204559e-01
9.913121659279756637e-01
9.916113700518596197e-01
9.919119987143476536e-01
9.922138039181878089e-01
9.925164808716346876e-01
9.928196748337153599e-01
9.931229877525024063e-01
9.934259846040667252e-01
9.937281993620924458e-01
9.940291405504134703e-01
9.943282963479783687e-01
9.946251392309335415e-01
9.949191301488223838e-01
9.952097222427386258e-01
9.954963641206681091e-01
9.957785027122714183e-01
9.960555857296603532e-01
9.963270637648410366e-01
9.965923920561022831e-01
9.968510319574577228e-01
9.971024521452611644e-01
9.973461295969963114e-01
9.975815503750015134e-01
9.978082102483025739e-01
9.980256151831848888e-01
9.982332817325864083e-01
9.984307373513450212e-01
9.986175206636437318e-01
9.987931817063177009e-01
9.989572821702432659e-01
9.991093956598257053e-01
9.992491079892037442e-01
9.993760175320264283e-01
9.994897356396730270e-01
9.995898871423947174e-01
9.996761109455306604e-01
9.997480607325419655e-01
9.998054057853470455e-01
9.998478319320898144e-01
9.998750426310289985e-01
9.998867602001217936e-01
9.998827272000888611e-01
9.998627079799358164e-01
9.998264903931991521e-01
9.997738876939212815e-01
9.997047406214171206e-01
9.996189196836716695e-01
9.995163276502073701e-01
9.993969022657778201e-01
9.992606191978835595e-01
9.991074952323574232e-01
9.989375917326408505e-01
9.987510183807554176e-01
9.985479372193364345e-01
9.983285670173939197e-01
9.980931879840921894e-01
9.978421468585881859e-01
9.975758624067272429e-01
9.972948313592981950e-01
9.969996348301696232e-01
9.966909452569393535e-01
9.963695339116639405e-01
9.960362790335867134e-01
9.956921746410716256e-01
9.953383400854937113e-01
9.949760304143774325e-01
9.946066476171885329e-01
9.942317528300728124e-01
9.938530795800992745e-01
9.934725481506333500e-01
9.930922811471455391e-01
9.927146203364739518e-01
9.923421448189726490e-01
9.919776905690009805e-01
9.916243713394042869e-01
9.912856008646878658e-01
9.909651162039154748e-01
9.906670019239742775e-01
9.903957146172733816e-01
9.901561069419672068e-01
9.899534499270906673e-01
9.897934516286091000e-01
9.896822692630395935e-01
9.896265105320136701e-01
9.896332177625558613e-01
9.897098253827084635e-01
9.898640765964847876e-01
9.901038780694797481e-01
9.904370606175736391e-01
9.908709970031582825e-01
9.914120009399047806e-01
9.920643866079726925e-01
9.928289888635931648e-01
9.937007875964887216e-01
9.946648936935702512e-01
9.956887532574651978e-01
9.966988278425450432e-01
9.972455061102212248e-01
9.988816664590223215e-01
9.991366566018968776e-01
9.986869882152047406e-01
9.968426493098531127e-01
9.925679821625631449e-01
9.841364080890012689e-01
9.686142532531977212e-01
9.409867660911094278e-01
8.927955329755369318e-01
8.106130647006264400e-01
6.768231316186062996e-01
4.808384882515525649e-01
2.497412840286344637e-01
6.593032565650751298e-02
2.067453711107561799e-04
3.855981419889693840e-02
1.238572265567384617e-01
2.152472629461060216e-01
2.961410242635347800e-01
3.629365785004705636e-01
4.167679814383645209e-01
4.599197148116375145e-01
4.946022197421818811e-01
5.226379037251002169e-01
5.454483314111491232e-01
5.641217350729162971e-01
5.794886039534505873e-01
5.921854395552799133e-01
6.027038880287626244e-01
6.114273580628544202e-01
6.186583584860362306e-01
6.246495580858379970e-01
6.295367136751637283e-01
6.335495281803972256e-01
6.367817049542984220e-01
6.393404232956542144e-01
6.413131119160764282e-01
6.427726017882219312e-01
6.437800472603795177e-01
6.443871006847587957e-01
6.446376008611841568e-01
6.445689032233248295e-01
6.442129367940043760e-01
6.435970493928285796e-01
6.427446869276464136e-01
6.416759414623574020e-01
6.404079945923825123e-01
6.389554765806467751e-01
6.373307571292539109e-01
6.355441801827917958e-01
6.336042524924769825e-01
6.315177936121655344e-01
6.292900533967575871e-01
6.269248018206112771e-01
6.244243949468760713e-01
6.217898200964820932e-01
6.190207226420809672e-01
6.161154163526497696e-01
6.130708788126426612e-01
6.098827331143078512e-01
6.065452167601010913e-01
6.030511384989110102e-01
5.993918236504589547e-01
5.955570483372608637e-01
5.915349629416748467e-01
5.873120050344718956e-01
5.828728019829939599e-01
5.782000634499159242e-01
5.732744640543065984e-01
5.680745166266799595e-01
5.625764368475009158e-01
5.567540008729264800e-01
5.505783995814277354e-01
5.440180988582496990e-01
5.370387349188231463e-01
5.296031573884666388e-01
5.216722436657664774e-01
5.132133550774692354e-01
5.041434499835748539e-01
4.943705902905507488e-01
4.839622684965385058e-01
4.727863846556352723e-01
4.607778524179740876e-01
4.478609615024875534e-01
4.339454669730865022e-01
4.189111948370711769e-01
4.025534772612650580e-01
3.843174514552957777e-01
3.609959192789166105e-01
3.532641290891092023e-01
3.317109051992325752e-01
