5.519253732792964717e-01
5.546544005106465169e-01
5.581583825118181519e-01
5.624947140734380957e-01
5.672775253940381956e-01
5.726552827828916836e-01
5.784975711123035991e-01
5.847234118590640684e-01
5.912610914509434101e-01
5.980463925294509098e-01
6.050227196351632974e-01
6.121412282618093892e-01
6.193607728227391584e-01
6.266476743508962999e-01
6.339753378808028472e-01
6.413237520212644593e-01
6.486789001959500922e-01
6.560321089388321258e-01
6.633793546352799719e-01
6.707205464993131194e-01
6.780588004402824387e-01
6.853997157796373196e-01
6.927506644878286268e-01
7.001201006616358802e-01
7.075168962743295653e-01
7.149497076905191317e-01
7.224263758720288475e-01
7.299533613064544957e-01
7.375352118932150258e-01
7.451740571312464034e-01
7.528691122878756747e-01
7.606161552215888744e-01
7.684068884842540914e-01
7.762279668811381539e-01
7.840590705835209784e-01
7.918679607050638225e-01
7.995937242198895012e-01
8.070614353898027948e-01
8.128525446584662362e-01
8.249276813962173049e-01
8.318398047385162641e-01
8.389321474522410949e-01
8.459741504708070403e-01
8.528187233417775515e-01
8.593865839135517160e-01
8.656139823206628892e-01
8.714403221322980508e-01
8.768038368565979068e-01
8.816392347076693614e-01
8.858756467239568000e-01
8.894342176174144798e-01
8.922249290977365410e-01
8.941422758625923173e-01
8.950593556916007776e-01
8.948198218806165949e-01
8.932269882550185613e-01
8.900291824548584030e-01
8.849002368140914676e-01
8.774138572077342380e-01
8.670106856056261080e-01
8.529575321270629340e-01
8.343001829401417435e-01
8.098152436809807897e-01
7.779670137204164337e-01
7.355310258462545159e-01
6.851705204915116143e-01
6.204249772754536485e-01
5.421559332903210793e-01
4.514480001665336362e-01
3.523277415295502646e-01
2.521561774368282771e-01
1.605686326890694571e-01
8.684637371172329590e-02
3.701045512900601187e-02
1.038655427273232727e-02
6.791939222434190300e-03
1.832432119538535478e-02
3.964943630044680256e-02
6.603163542388484908e-02
9.409154622591726913e-02
1.216889048476324370e-01
1.476155982457466043e-01
1.712913481453946507e-01
1.925273990688220194e-01
2.113640389239604955e-01
2.279673915877887813e-01
2.425684827950299327e-01
2.554314160714704629e-01
2.668429412738003714e-01
2.771222601524753193e-01
2.866607069803782104e-01
2.960145482926267446e-01
3.065915817663988907e-01
3.216161075167621730e-01
3.717793062224505896e-01
2.793440681448879914e-01
3.852402626403363395e-01
2.665265527806537915e-01
3.165447764359983207e-01
2.253713781067440691e-01
2.468653112909126868e-01
2.665148188625534043e-01
2.736940963536413363e-01
2.768104732449620520e-01
2.777983063537007302e-01
2.772383598947494310e-01
2.750604483466648764e-01
2.698595944535562841e-01
2.431350662278805863e-01
2.920306466535554923e-01
2.778817864637143087e-01
2.711535967438081784e-01
2.652120607961869769e-01
2.590547516578601273e-01
2.523425913593097536e-01
2.449059503447182651e-01
2.366706533235340415e-01
2.278162158712825069e-01
2.219390226026704549e-01
1.984481582576564651e-01
1.871182422003920265e-01
1.721013743163893606e-01
1.548767936511355747e-01
1.355868046811071481e-01
1.143308702702647978e-01
9.137925502532745492e-02
6.735129875157244705e-02
4.345578004376696862e-02
2.181778791710198284e-02
5.858989621911237997e-03
5.669279075484422691e-04
1.212516111966955093e-02
4.799606711930834435e-02
1.108860977769597495e-01
2.001136636527142132e-01
3.079084947456511845e-01
4.224981301312216164e-01
5.315175794485043070e-01
6.321361272423737798e-01
7.132064978985339643e-01
7.780343218678522632e-01
8.280927134179431048e-01
8.658850857038592475e-01
8.940052838452574591e-01
9.147310434293531856e-01
9.298967228373776761e-01
9.409042550373631908e-01
9.487884601925190564e-01
9.542935964050677233e-01
9.579427256314784200e-01
9.600942072456201126e-01
9.609852376651627504e-01
9.607642054735936465e-01
9.595131203383209240e-01
9.572526728111775407e-01
9.531756465986596094e-01
9.500490893679327531e-01
9.448050714058390254e-01
9.385360880626907321e-01
9.311777048259998191e-01
9.226825223899295381e-01
9.130081896421567977e-01
9.021176141908381352e-01
8.899804037562418779e-01
8.765744162609528933e-01
8.618873123568518979e-01
8.459182279285748507e-01
8.286798107140428415e-01
8.102010218726736213e-01
7.905313557237158006e-01
7.697475704443661471e-01
7.479648271147374405e-01
7.253556868645314459e-01
7.021836052994802069e-01
6.788646518082758208e-01
6.560886508753209778e-01
6.350807660869798310e-01
6.182628347605543251e-01
6.115192017894499621e-01
6.384725633634190656e-01
3.581120051231806434e-01
7.060308000782231641e-01
3.195646640583599263e-01
6.286248475037224323e-03
2.159595236748364580e-02
2.570532556660398010e-02
1.739575064198612200e-02
7.363569609973661355e-03
3.925452748109559825e-03
1.283270478299941390e-02
6.005738928535755972e-02
1.245546159342409559e-01
2.203237035594196314e-01
3.246768310611161668e-01
4.460191268245998208e-01
5.702084814951083880e-01
6.864585555816942186e-01
7.874116897619161115e-01
8.694914866667732278e-01
9.322631019253699858e-01
