1.413216393735092615e-03
1.576479728496230776e-02
4.148747397378495932e-02
7.210170428389307828e-02
1.036560889256932655e-01
1.340111224791779021e-01
1.621694968317936858e-01
1.877938955488737960e-01
2.108997190259253030e-01
2.316728920939971903e-01
2.503674066121756026e-01
2.672506321704439802e-01
2.825761286890766111e-01
2.965717937349247046e-01
3.094362677526327765e-01
3.213395692870041342e-01
3.324257109554780154e-01
3.428160684088556454e-01
3.526128546483646153e-01
3.619023781428544750e-01
3.707579443219284898e-01
3.792423597559632098e-01
3.874100559210985617e-01
3.953089009864158565e-01
4.029819266240291520e-01
4.104706878144626092e-01
4.175250560322159021e-01
4.249797524985602371e-01
4.321021735456183621e-01
4.391580000162974007e-01
4.461777619719278776e-01
4.531882571079828836e-01
4.602147866107292318e-01
4.672815197679693888e-01
4.744115824462244446e-01
4.816270577807347242e-01
4.889489429810231491e-01
4.963970785413192588e-01
5.039900583540350976e-01
5.117451262035636050e-01
5.196780626097283751e-01
5.278030651039842258e-01
5.361326244650395090e-01
5.446773990964952628e-01
5.534460895419363036e-01
5.624453150696644421e-01
5.716794942943137503e-01
5.811507319172063424e-01
5.908587138405634320e-01
6.008006131242799031e-01
6.109710094855684837e-01
6.213618252722469260e-01
6.319622810427609760e-01
6.427588740397367495e-01
6.537353829206083988e-01
6.648729020863245465e-01
6.761499088034458316e-01
6.875423660285002736e-01
6.990238634049176225e-01
7.105657983124827881e-01
7.221375981284076095e-01
7.337069840616057270e-01
7.452402761676977239e-01
7.567027387039469977e-01
7.680589654433941371e-01
7.792733074828128714e-01
7.903103559116900767e-01
8.011355234075171472e-01
8.117158825980612669e-01
8.220219283653232845e-01
8.320342880769168170e-01
8.418117803853120140e-01
8.505230871131707060e-01
8.596485128264017561e-01
8.681622275156731794e-01
8.762261926925172251e-01
8.838452113212197370e-01
8.910185370815916217e-01
8.977550320465743638e-01
9.040997158312232829e-01
9.103394382621785574e-01
9.100420675706456519e-01
9.187245043820628787e-01
9.233371436222441719e-01
9.272873224369320155e-01
9.307174929642756389e-01
9.336614890606370620e-01
9.360987944895964308e-01
9.367459897331880114e-01
9.403219279157847277e-01
9.412093260528453520e-01
9.418184970035697878e-01
9.419764654843713059e-01
9.416378703852755772e-01
9.407636266949440662e-01
9.393076542245347715e-01
9.372125559337516343e-01
9.344067885237725690e-01
9.308020488706214568e-01
9.262905545715799382e-01
9.207421261115195099e-01
9.140010673647368522e-01
9.058829078814885083e-01
8.961711500875755299e-01
8.846142754848217438e-01
8.709234213825181037e-01
8.547713583223897071e-01
8.357936904775451481e-01
8.135935707259124294e-01
7.877516522333816162e-01
7.578434324439625724e-01
7.234664578235412424e-01
6.842798210116515234e-01
6.400576440034810854e-01
5.907563471216064066e-01
5.365920216006110355e-01
4.781190328365821363e-01
4.162947327622853466e-01
3.525097454916895634e-01
2.885618948615189527e-01
2.265579955300353887e-01
1.687431757777801411e-01
1.172801711131643276e-01
7.403920115487044873e-02
4.016505017637098801e-02
1.667854017130426456e-02
3.504563530221089726e-03
2.482748833348557161e-04
6.198939011787881967e-03
2.085182231143021744e-02
4.708459700115524144e-02
4.143195063237677805e-02
7.892023440449091876e-02
1.133614477984620506e-01
1.478605932502294329e-01
1.832173987284538563e-01
2.192950208110402421e-01
2.558791445973578327e-01
2.928167297900708954e-01
3.300452660803140925e-01
3.675997172856895756e-01
4.056181519207746611e-01
4.443542622861060831e-01
4.842029116545744638e-01
5.257466367632970261e-01
5.698364581312633792e-01
6.175974642411502513e-01
6.712055672962425890e-01
7.330437816752850555e-01
8.065729950003216464e-01
8.919308965718102389e-01
9.543099342395541251e-01
7.482458104127240883e-01
1.146960154717426850e-01
2.809643463558528925e-02
1.714302242778212304e-01
2.940680375326182316e-01
3.840665038915485052e-01
4.522219929582363407e-01
5.063851589261100239e-01
5.512359257618988373e-01
5.892739213276747545e-01
6.235990930003911803e-01
6.539889783445675953e-01
6.813998401939236338e-01
7.065219486810074834e-01
7.297046347041902248e-01
7.511920428579215159e-01
7.711559566568432222e-01
7.897165676253439237e-01
8.069567517113159782e-01
8.229321749944434883e-01
8.376786487815116589e-01
8.512176274865621561e-01
8.635604119464935780e-01
8.747114067592519637e-01
8.846706347167184736e-01
8.934356038034483305e-01
9.010025312948537479e-01
9.073668375666807950e-01
9.125227102774448040e-01
9.164613811410901034e-01
9.191675088421304984e-01
9.206126421405227411e-01
9.207439836810175082e-01
9.194652130346706587e-01
9.166028837128122886e-01
9.118421944845823690e-01
9.045555755001740694e-01
8.894617939360190961e-01
8.798315381458137185e-01
8.554063281484031167e-01
8.171403825791293540e-01
7.645565310479428556e-01
6.666494301312018145e-01
5.011041974160820311e-01
2.568669838693174445e-01
3.888844808368051992e-02
2.561248797183971956e-02
1.821826525610296954e-01
