9.950330943101487469e-01
9.950517702300752942e-01
9.950719679806572238e-01
9.950936209074650041e-01
9.951166726084201830e-01
9.951410759483855228e-01
9.951667920242422971e-01
9.951937891157239813e-01
9.952220416496035948e-01
9.952515291991906876e-01
9.952822355354393746e-01
9.953141477414807481e-01
9.953472553985593940e-01
9.953815498482546653e-01
9.954170235326756933e-01
9.954536694130360353e-01
9.954914804645528248e-01
9.955304492443790565e-01
9.955705675291973700e-01
9.956118260168420608e-01
9.956542140874611313e-01
9.956977196184412238e-01
9.957423288476040524e-01
9.957880262792097037e-01
9.958347946276019380e-01
9.958826147931612027e-01
9.959314658660353148e-01
9.959813251528336631e-01
9.960321682226491724e-01
9.960839689683065323e-01
9.961366996796898743e-01
9.961903311258428761e-01
9.962448326439022894e-01
9.963001722316910946e-01
9.963563166427534812e-01
9.964132314815503655e-01
9.964708812980815900e-01
9.965292296801394611e-01
9.965882393427659691e-01
9.966478722139091584e-01
9.967080895159793341e-01
9.967688518426858213e-01
9.968301192311442849e-01
9.968918512291032874e-01
9.969540069569977625e-01
9.970165451653870692e-01
9.970794242875102853e-01
9.971426024873302207e-01
9.972060377031928269e-01
9.972696876876281369e-01
9.973335100430845701e-01
9.973974622546331048e-01
9.974615017191721389e-01
9.975255857720348729e-01
9.975896717109904444e-01
9.976537168181448534e-01
9.977176783799270865e-01
9.977815137054141248e-01
9.978451801434277124e-01
9.979086350984923692e-01
9.979718360459023385e-01
9.980347405463334542e-01
9.980973062598407219e-01
9.981594909597980569e-01
9.982212525465581354e-01
9.982825490614406494e-01
9.983433387006831472e-01
9.984035798298845910e-01
9.984632309987112597e-01
9.985222509562377002e-01
9.985805986667917189e-01
9.986382333262812105e-01
9.986951143793990626e-01
9.987512015374070407e-01
9.988064547966101214e-01
9.988608344576407339e-01
9.989143011452217280e-01
9.989668158290652134e-01
9.990183398451280006e-01
9.990688349176012339e-01
9.991182631817332460e-01
9.991665872072130750e-01
9.992137700220844465e-01
9.992597751372392922e-01
9.993045665715900583e-01
9.993481088775860721e-01
9.993903671671815481e-01
9.994313071383390534e-01
9.994708951016533227e-01
9.995090980075657106e-01
9.995458834734758380e-01
9.995812198114426561e-01
9.996150760557453996e-01
9.996474219905547853e-01
9.996782281778734403e-01
9.997074659852605016e-01
9.997351076133892400e-01
9.997611261237898672e-01
9.997854954661881122e-01
9.998081905055822283e-01
9.998291870492180822e-01
9.998484618729115425e-01
9.998659927473155795e-01
9.998817584633601374e-01
9.998957388575280270e-01
9.999079148360845437e-01
9.999182683991441056e-01
9.999267826637289192e-01
9.999334418860325036e-01
9.999382314830798091e-01
9.999411380533320681e-01
9.999421493962526997e-01
9.999412545311903155e-01
9.999384437147954552e-01
9.999337084575798951e-01
9.999270415392516043e-01
9.999184370227199858e-01
9.999078902668082636e-01
9.998953979378615298e-01
9.998809580196412750e-01
9.998645698220458566e-01
9.998462339883007477e-01
9.998259525006568671e-01
9.998037286846868099e-01
9.997795672119373922e-01
9.997534741012737980e-01
9.997254567186838470e-01
9.996955237756337542e-01
9.996636853260584266e-01
9.996299527621574921e-01
9.995943388088842640e-01
9.995568575174149650e-01
9.995175242579317221e-01
9.994763557112855690e-01
9.994333698605326610e-01
9.993885859822813078e-01
9.993420246378824645e-01
9.992937076655350470e-01
9.992436581729724487e-01
9.991919005317975166e-01
9.991384603738132641e-01
9.990833645897969628e-01
9.990266413318624750e-01
9.989683200198431479e-01
9.989084313526487291e-01
9.988470073258050030e-01
9.987840812558804737e-01
9.987196878134000366e-01
9.986538630652275206e-01
9.985866445279665271e-01
9.985180712339299935e-01
9.984481838112486685e-01
9.983770245799319376e-01
9.983046376658661902e-01
9.982310691344287168e-01
9.981563671461832765e-01
9.980805821367114694e-01
9.980037670227226432e-01
9.979259774370818903e-01
9.978472719948598968e-01
9.977677125929399482e-01
9.976873647456787619e-01
9.976062979588014024e-01
9.975245861438033490e-01
9.974423080749836856e-01
9.973595478909123013e-01
9.972763956418309039e-01
9.971929478843470918e-01
9.971093083234452426e-01
9.970255885026065856e-01
9.969419085403874448e-01
9.968583979122591643e-01
9.967751962742793514e-01
9.966924543242221546e-01
9.966103346940808905e-01
9.965290128652239954e-01
9.964486780952110934e-01
9.963695343418392802e-01
9.962918011656751727e-01
9.962157145870780273e-01
9.961415278668852569e-01
9.960695121702675126e-01
9.959999570613878861e-01
9.959331707589539340e-01
9.958694800587311047e-01
9.958092297941896209e-01
9.957527816561041467e-01
9.957005121153168492e-01
9.956528090785533580e-01
9.956100667274138116e-01
9.955726777096203239e-01
9.955410213959403620e-01
9.955154461677797606e-01
9.954962424363664741e-01
9.954836009018984688e-01
9.954775466405876294e-01
9.954778323356622272e-01
9.954837599053707464e-01
9.954938711855494393e-01
9.955053865845805428e-01
