9.148814175042757624e-01
9.073527314645107866e-01
9.022281609729942975e-01
8.994343077767490424e-01
8.989402071968927155e-01
9.006612330770700225e-01
9.045367428151810385e-01
9.104977610171643976e-01
9.184527116847687189e-01
9.282499730150891581e-01
9.395998360399082650e-01
9.519027663463206501e-01
9.630875607281406126e-01
7.246801606904644810e-01
9.984875496993457222e-01
9.896960679108540715e-01
9.651352069956572466e-01
9.059277948936546032e-01
7.934379253798478082e-01
6.194710049393384876e-01
4.068299521539264774e-01
2.099051838330955877e-01
7.576430234980825740e-02
1.249589352461221055e-02
7.627503517758741367e-04
1.773082306038133507e-02
4.747675051612668118e-02
8.115916074213629094e-02
1.144921707112294129e-01
1.456671322955305492e-01
1.741081475076126095e-01
1.998129245797669873e-01
2.230231590415714948e-01
2.440657093748321849e-01
2.632791354522659444e-01
2.809820519004780914e-01
2.974616265986644303e-01
3.129713067070657440e-01
3.277329133427676622e-01
3.419400566388623441e-01
3.557620450933909328e-01
3.693475879392618677e-01
3.828281146175190885e-01
3.963206526833988885e-01
4.099302775192594228e-01
4.237521740883308796e-01
4.378733618174905917e-01
4.523741268121119208e-01
4.673292056848413201e-01
4.828087560135545520e-01
4.988791446413798347e-01
5.156035824114553190e-01
5.330426360691580268e-01
5.512546590139976166e-01
5.702962114288978590e-01
5.902226082140665797e-01
6.110888922970152404e-01
6.329519200867004258e-01
6.558752712785310690e-01
6.799417021681433138e-01
7.052881067763394629e-01
7.322213765444295364e-01
7.617346314847489586e-01
7.999349495008986066e-01
7.308629379186549757e-01
8.234405554589087073e-01
8.581122410810972934e-01
8.887871677659513470e-01
9.173954838759140751e-01
9.434207345214197238e-01
9.652919169749624162e-01
9.803036889351264271e-01
9.840040921755187631e-01
9.692204111564265423e-01
9.248499722260561384e-01
8.352600824627866016e-01
6.838983876192188394e-01
4.685908122261296382e-01
2.294810174722317631e-01
5.255994396790966000e-02
4.273808559589098617e-03
7.193659935024369900e-02
1.977457883057141541e-01
3.346270781475583211e-01
4.600560806222811494e-01
5.672292037069744941e-01
6.561422863030793584e-01
7.289830894512272508e-01
7.882896709864016804e-01
8.363489618470009157e-01
8.750685421269598363e-01
9.060047635451677905e-01
9.304290113483499880e-01
9.493924671948168470e-01
9.637791249306443264e-01
9.743490518851996018e-01
9.818329030049378625e-01
9.863727925163378041e-01
9.891210045766528625e-01
9.901861226028183527e-01
9.900158940070753477e-01
9.889841836653052720e-01
9.874257242261091916e-01
9.856417420486003333e-01
9.839009869717340040e-01
9.824378898037677832e-01
9.814441357198526728e-01
9.810133083756371608e-01
9.813861062394639845e-01
9.822324260221620973e-01
9.833175669147513620e-01
9.838419489613624558e-01
9.821853205248050056e-01
9.752097583029868400e-01
9.570389436543349504e-01
9.171842077993115350e-01
8.388303878687782822e-01
7.016817239185079158e-01
4.995556519064036638e-01
2.711533690630887894e-01
9.307057275184116296e-02
1.052764994675034135e-02
7.367292601824187818e-03
4.583630978727867150e-02
9.855404540579287831e-02
1.518949180319078829e-01
2.014655946275265008e-01
2.452166547982125300e-01
2.838669391699007449e-01
3.181859815358180632e-01
3.490633256940822160e-01
3.773280014885271871e-01
4.037092640180749425e-01
4.288399355031756177e-01
4.532737294687279594e-01
4.775059258901726555e-01
5.019942831969407271e-01
5.271815660786954849e-01
5.535292800822282366e-01
5.816091839802188801e-01
6.109578053329596248e-01
6.339104947530345147e-01
6.733050645173493942e-01
7.112660571368557560e-01
7.516826362267505779e-01
7.948483329147583154e-01
8.397905944897563479e-01
8.844553955359650832e-01
9.245470720432725775e-01
9.524519538966970122e-01
9.559582361404513895e-01
9.195113026096409792e-01
8.296905545733874732e-01
6.863486071157001156e-01
5.106390691007801630e-01
3.373878204564227934e-01
1.956020406805139278e-01
9.665561453677427861e-02
3.732688747995344808e-02
8.346301522344990592e-03
3.149643533762606961e-04
5.914853477779453451e-03
2.008586101369636695e-02
3.953673124075000184e-02
6.219970852660564736e-02
8.680592437636006076e-02
1.125935608771906210e-01
1.391167706986001784e-01
1.661475838552882445e-01
1.935244903554390328e-01
2.212184241492783365e-01
2.492185863492131226e-01
2.775432415232548800e-01
3.062279958322741136e-01
3.353231095670438089e-01
3.649000842768994057e-01
3.950749591949981321e-01
4.260730262135861701e-01
4.584247937420742880e-01
4.937249176831812747e-01
5.395619191192340125e-01
4.438914258124226908e-01
5.120194431376056121e-01
5.697743787015693284e-01
6.059489128878421393e-01
6.371889341363641268e-01
6.659191748496179342e-01
6.927159635873002541e-01
7.176569235997516394e-01
7.406223009874044472e-01
7.613797396412058660e-01
7.795971440495130800e-01
7.948115645299395071e-01
8.063447264055614294e-01
8.131221556977749065e-01
8.132846289741089141e-01
8.032987980966371788e-01
7.757281898516346086e-01
7.130782245204986269e-01
5.706131959260331010e-01
