9.907453755499965320e-01
9.903659887156092134e-01
9.901079760762235837e-01
9.899579054711044046e-01
9.899021814856865387e-01
9.899274023124428057e-01
9.900206425548820910e-01
9.901696702689629648e-01
9.903631063480987651e-01
9.905905340186376140e-01
9.908425657633979089e-01
9.911108744681820237e-01
9.913881950169699531e-01
9.916683019714439551e-01
9.919459683753171220e-01
9.922169101409411551e-01
9.924777199126788574e-01
9.927257937688045430e-01
9.929592536268905256e-01
9.931768677569123849e-01
9.933779713897197272e-01
9.935623890299911665e-01
9.937303597469417937e-01
9.938824664190941682e-01
9.940195696506723966e-01
9.941427468530719125e-01
9.942532367950281946e-01
9.943523897641374232e-01
9.944416233504732583e-01
9.945223837541986578e-01
9.945961124335980230e-01
9.946642178427985703e-01
9.947280519597075932e-01
9.947888912679453410e-01
9.948479218355578135e-01
9.949062281197438296e-01
9.949647851246187225e-01
9.950244535415317948e-01
9.950859775120305395e-01
9.951499846667946070e-01
9.952169881118498873e-01
9.952873900527796636e-01
9.953614867698138413e-01
9.954394746791359605e-01
9.955214572384726290e-01
9.956074524792283276e-01
9.956974009689990579e-01
9.957911740311795601e-01
9.958885820692073843e-01
9.959893828634095447e-01
9.960932897265798447e-01
9.961999794232391237e-01
9.963090997722396924e-01
9.964202768686457601e-01
9.965331218734174712e-01
9.966472373322760037e-01
9.967622229955555024e-01
9.968776811208147626e-01
9.969932212486628531e-01
9.971084644492115290e-01
9.972230470435218264e-01
9.973366238096482705e-01
9.974488706872849386e-01
9.975594869993631431e-01
9.976681972113403685e-01
9.977747522521958068e-01
9.978789304221240553e-01
9.979805379140260779e-01
9.980794089762979882e-01
9.981754057452790763e-01
9.982684177756289134e-01
9.983583612967554810e-01
9.984451782235630457e-01
9.985288349485311743e-01
9.986093209417838956e-01
9.986866471850390781e-01
9.987608444639013427e-01
9.988319615428449261e-01
9.989000632449027695e-01
9.989652284579624286e-01
9.990275480882392367e-01
9.990871229800968312e-01
9.991440618203835111e-01
9.991984790446227782e-01
9.992504927613077292e-01
9.993002227092638856e-01
9.993477882624390851e-01
9.993933064956505019e-01
9.994368903235560930e-01
9.994786467251710604e-01
9.995186750644667883e-01
9.995570655183324549e-01
9.995938976212024318e-01
9.996292389361670638e-01
9.996631438618007737e-01
9.996956525829595597e-01
9.997267901740252150e-01
9.997565658630367391e-01
9.997849724640740510e-01
9.998119859857074188e-01
9.998375654233253584e-01
9.998616527421962941e-01
9.998841730593827082e-01
9.999050350310170199e-01
9.999241314530773472e-01
9.999413400821066666e-01
9.999565246842697652e-01
9.999695363193756847e-01
9.999802148677436886e-01
9.999883908077406014e-01
9.999938872515529154e-01
9.999965222471431936e-01
9.999961113551009140e-01
9.999924705080975862e-01
9.999854191624307775e-01
9.999747837505990056e-01
9.999604014444519740e-01
9.999421242394134213e-01
9.999198233709875039e-01
9.998933940749521465e-01
9.998627607048954369e-01
9.998278822211053019e-01
9.997887580667916829e-01
9.997454344494397516e-01
9.996980110466540115e-01
9.996466481584230790e-01
9.995915743290505473e-01
9.995330944634281956e-01
9.994715984623188110e-01
9.994075703985170200e-01
9.993415982481024251e-01
9.992743841752933509e-01
9.992067553393981783e-01
9.991396751368800677e-01
9.990742546976617566e-01
9.990117642896552130e-01
9.989536440052875221e-01
9.989015126277220880e-01
9.988571727574947490e-01
9.988226088784893930e-01
9.987999726013018220e-01
9.987915450184842170e-01
9.987996583823139929e-01
9.988265451541111783e-01
9.988740558547472004e-01
9.989431356103282145e-01
9.990328460131862043e-01
9.991385034390554143e-01
9.992480334824771493e-01
9.993345497983749937e-01
9.993404630146794920e-01
9.991411608124698418e-01
9.984546852811527762e-01
9.965906598258110760e-01
9.916382294503394146e-01
9.772073512263896866e-01
9.243462040145812297e-01
6.277748330463269744e-01
1.142374201542463025e-01
7.138562608507924567e-01
8.665284281642930964e-01
9.167892915734522363e-01
9.396436722735530545e-01
9.522080084703260505e-01
9.600040942854934922e-01
9.652636075781009239e-01
9.690366790474633785e-01
9.718740225825971413e-01
9.740885623089952094e-01
9.758692035774074736e-01
9.773353148614679631e-01
9.785648891333209587e-01
9.796100333294194273e-01
9.805059398460369557e-01
9.812763162522288862e-01
9.819367986404938797e-01
9.824971663704739067e-01
9.829627976870886075e-01
9.833355065886811852e-01
9.836127790555673212e-01
9.837487624014703558e-01
9.838454062020611790e-01
9.838714292447983123e-01
9.837513487889120167e-01
9.835140232877819244e-01
9.831556283881909275e-01
9.826708937637356200e-01
9.820548394816620563e-01
9.813033336113713423e-01
9.804135088454870584e-01
9.793841651106102164e-01
9.782161828250057756e-01
9.769129516504073685e-01
9.754808135120002222e-01
9.739295155632248235e-01
9.722726663565188776e-01
9.705281861311045866e-01
9.687187396447088927e-01
9.668721372769704114e-01
9.650216871876964309e-01
