7.417473277722392844e-01
7.385819985310223545e-01
7.363819666676647557e-01
7.350370487596031843e-01
7.344355906013541047e-01
7.344682477442630031e-01
7.350308208365791129e-01
7.360263122152301829e-01
7.373663362096217755e-01
7.389719928528091231e-01
7.407742979341762624e-01
7.427142488021079014e-01
7.447425934886920951e-01
7.468193595742151913e-01
7.489131878838297673e-01
7.510005035384642591e-01
7.530645412994475540e-01
7.550942202032656647e-01
7.570828273052530033e-01
7.590264069147932835e-01
7.609216249460518666e-01
7.627625995062897735e-01
7.645355140359799684e-01
7.662079989447361239e-01
7.677045465041423267e-01
7.688375520040851008e-01
7.690543282407756864e-01
7.659504290622078937e-01
7.154114504329261992e-01
8.025925101055747524e-01
7.944575752323957962e-01
7.942657730881685918e-01
7.958130034483100745e-01
7.980867672896717613e-01
8.007706735116836283e-01
8.037266349596607906e-01
8.068727906592333410e-01
8.101642718010133581e-01
8.135397961679159407e-01
8.169469025644013893e-01
8.203209999728608981e-01
8.235803187221556465e-01
8.266164946485627940e-01
8.292795434783840625e-01
8.313511797373940304e-01
8.324870591450701518e-01
8.318321409295502677e-01
8.300730266272204894e-01
8.234413105690659984e-01
8.093341582906300458e-01
7.785068407786209788e-01
7.002564674766244002e-01
4.219501857673308987e-01
2.422322990860874825e-01
9.272208339730011462e-01
9.811039512603721979e-01
9.846440321057546852e-01
9.838550650853892243e-01
9.834609306450736721e-01
9.838777793875753686e-01
9.849331805817117536e-01
9.864099815481968125e-01
9.881298357213159633e-01
9.899569082571715306e-01
9.917890803667370747e-01
9.935494034302003730e-01
9.951797038554586194e-01
9.966360986455228277e-01
9.978858997936742581e-01
9.989054735999921553e-01
9.996787471765063993e-01
1.000196154161732132e+00
1.000453881127576494e+00
1.000453322722000493e+00
1.000200684579321209e+00
9.997066937855800806e-01
9.989863907583412805e-01
9.980589860624442533e-01
9.969477723426447557e-01
9.956800860408139275e-01
9.942873162680910815e-01
9.928049591327613443e-01
9.912727145644198989e-01
9.897346182000649195e-01
9.882391912096190056e-01
9.868395723461507174e-01
9.855935622669096396e-01
9.845634478719568206e-01
9.838153608289003094e-01
9.834177150972385206e-01
9.834378747411004484e-01
9.839354391309010905e-01
9.849489518733089977e-01
9.864689957431217460e-01
9.883747247791729862e-01
9.896882499765602414e-01
9.924153344491545292e-01
9.921176374076516868e-01
9.872794032321385860e-01
9.721124264224770828e-01
9.357374728795200269e-01
8.576163910523977307e-01
7.086609533579306675e-01
4.751757873546667010e-01
2.157185063496982191e-01
4.503589541260446388e-02
3.272724600801835116e-04
2.575915433255749135e-02
1.285273175187637562e-01
1.644048100317314076e-01
2.055878634231353697e-01
2.390495178591044989e-01
2.636668621952586999e-01
2.802579946598678928e-01
2.897510364038370367e-01
2.928274037239314009e-01
2.898474638034839734e-01
2.808370226680177995e-01
2.654772849421631609e-01
2.430935873184280616e-01
2.127282923174559359e-01
1.732285447649719312e-01
1.234549980051398155e-01
6.589905667268194933e-02
1.356731525577876615e-02
1.016260561207735745e-02
1.475734932305260427e-01
4.640591833991263293e-01
7.769514586263102096e-01
9.331396498510158288e-01
9.715330149090591894e-01
9.598413975173466506e-01
9.324969062273629206e-01
9.026263375539111955e-01
8.745778631373728462e-01
8.494712809069923098e-01
8.273058839888346450e-01
8.077260995568502633e-01
7.903024271028864511e-01
7.746226395888421434e-01
7.603168648625590054e-01
7.470573747591741087e-01
7.345497280755486358e-01
7.225212956001973996e-01
7.107090979157104638e-01
6.988472097736426747e-01
6.866532302602346149e-01
6.738128776363566663e-01
6.599613736496729999e-01
6.446597976716198497e-01
6.273639375884588754e-01
6.073823259980277722e-01
5.838192854274333321e-01
5.554986247965809643e-01
5.208665164401510284e-01
4.778853442054002421e-01
4.239752144711439463e-01
3.561947511398178001e-01
2.722192536963003451e-01
1.735011602099863492e-01
7.298530664575550442e-02
6.772192074356499052e-03
3.210479463203208539e-02
1.679796103442689204e-01
3.719714115039880475e-01
5.633775370020849271e-01
7.068760217045527705e-01
8.038370473729988808e-01
8.669504597029911164e-01
9.078155296894012682e-01
9.344733510494062090e-01
9.520278970749125325e-01
9.636324825410753636e-01
9.711764169028477278e-01
9.760848382463674922e-01
9.789056665802841062e-01
9.801879137399506225e-01
9.802502449320434907e-01
9.792929205784731694e-01
9.774407224372095859e-01
9.747617523580790477e-01
9.712685739897962689e-01
9.668901408392798213e-01
9.613596972993496692e-01
9.537264116295252059e-01
9.388709681589102463e-01
8.434168858563786397e-01
9.456087992673686271e-01
9.415020986350951526e-01
9.331216425779894630e-01
9.236812773440764568e-01
9.127012505261141717e-01
8.991063189494732377e-01
8.809145550613418640e-01
8.541660447902383879e-01
8.100368310119991921e-01
7.259351355285890151e-01
5.359700845777471967e-01
1.494522221167967346e-01
3.163495555749097909e-01
