9.910405192313970213e-01
9.910333301591370825e-01
9.911497859783615638e-01
9.913657114584352170e-01
9.916589285530490461e-01
9.920094112853029555e-01
9.923993597280272860e-01
9.928132076708326981e-01
9.932375770683466998e-01
9.936611908826976647e-01
9.940747544976388239e-01
9.944708145171766711e-01
9.948436024840044967e-01
9.951888698731247151e-01
9.955037196388906162e-01
9.957864386236439103e-01
9.960363342689922961e-01
9.962535783066580608e-01
9.964390594393153222e-01
9.965942464446614357e-01
9.967210626464602097e-01
9.968217722823181637e-01
9.968988789555650598e-01
9.969550360796695099e-01
9.969929690007900414e-01
9.970154083102941156e-01
9.970250337295412102e-01
9.970244278553236361e-01
9.970160389937173795e-01
9.970021522743822695e-01
9.969848682248227956e-01
9.969660879887021210e-01
9.969475043925799529e-01
9.969305980944309642e-01
9.969166380878546896e-01
9.969066858796933328e-01
9.969016027091890386e-01
9.969020592270603220e-01
9.969085471068088733e-01
9.969213921121743427e-01
9.969407681968314172e-01
9.969667122617246191e-01
9.969991392433782407e-01
9.970378572512349491e-01
9.970825825136583331e-01
9.971329539318771751e-01
9.971885470758247161e-01
9.972488874887844856e-01
9.973134631967394137e-01
9.973817363448050921e-01
9.974531539055121465e-01
9.975271574253765650e-01
9.976031917923683379e-01
9.976807130234870424e-01
9.977591950838067270e-01
9.978381357597319035e-01
9.979170616178053566e-01
9.979955320879082548e-01
9.980731427155027369e-01
9.981495276315308640e-01
9.982243612921000153e-01
9.982973595420879809e-01
9.983682800575801597e-01
9.984369222230090601e-01
9.985031264978115884e-01
9.985667733273736468e-01
9.986277816507479477e-01
9.986861070566414034e-01
9.987417396366666811e-01
9.987947015828562147e-01
9.988450445738006334e-01
9.988928469911779739e-01
9.989382110062942077e-01
9.989812595729710143e-01
9.990221333608445553e-01
9.990609876606366679e-01
9.990979892899503056e-01
9.991333135266758925e-01
9.991671410934346298e-01
9.991996552152548894e-01
9.992310387704242958e-01
9.992614715520840019e-01
9.992911276564464540e-01
9.993201730119816162e-01
9.993487630622946982e-01
9.993770406135596973e-01
9.994051338564678977e-01
9.994331545713394105e-01
9.994611965235506990e-01
9.994893340562149842e-01
9.995176208849787525e-01
9.995460891004529502e-01
9.995747483815309309e-01
9.996035854232494522e-01
9.996325635821049493e-01
9.996616227405857869e-01
9.996906793927524681e-01
9.997196269524321055e-01
9.997483362843962995e-01
9.997766564590805372e-01
9.998044157311077873e-01
9.998314227407286703e-01
9.998574679381270203e-01
9.998823252286109797e-01
9.999057538379376719e-01
9.999275003947455387e-01
9.999473012285862161e-01
9.999648848796115486e-01
9.999799748165236757e-01
9.999922923586866963e-01
1.000001559797004003e+00
1.000007503707837087e+00
1.000009858453812406e+00
1.000008369863329083e+00
1.000002799081064042e+00
9.999929265799420985e-01
9.999785563241740949e-01
9.999595200723910837e-01
9.999356818089457644e-01
9.999069422899794501e-01
9.998732436913051469e-01
9.998345743437887512e-01
9.997909735423106126e-01
9.997425364147098925e-01
9.996894188379457091e-01
9.996318423911414452e-01
9.995700993379044164e-01
9.995045576353644989e-01
9.994356659745934346e-01
9.993639588671860974e-01
9.992900618067994678e-01
9.992146965545346537e-01
9.991386866247138343e-01
9.990629630845206943e-01
9.989885708349729443e-01
9.989166756125363866e-01
9.988485720525042133e-01
9.987856932996270753e-01
9.987296228537659859e-01
9.986821096325062541e-01
9.986450876581592917e-01
9.986207024072220051e-01
9.986113468083346323e-01
9.986197113262921254e-01
9.986488548420653366e-01
9.987023066799064486e-01
9.987842161227853399e-01
9.988995759141316988e-01
9.990545640522844328e-01
9.992570806412830464e-01
9.995176184018107479e-01
9.998507295322123234e-01
1.000277616317242879e+00
1.000830980728381281e+00
1.001564796357707676e+00
1.002575973981271629e+00
1.004059012596899114e+00
1.006471822674580796e+00
1.011209063196541136e+00
1.025356010758573522e+00
8.074996127998635975e-01
9.747732856250097555e-01
9.864140464403960973e-01
9.907309894862703636e-01
9.930923048379812768e-01
9.946549897506762328e-01
9.958140153020759167e-01
9.967389308263686631e-01
9.975128260731033203e-01
9.981795938313338112e-01
9.987630921795040972e-01
9.992759481904089913e-01
9.997240079065680129e-01
1.000108768404822657e+00
1.000428802267294248e+00
1.000680649906529940e+00
1.000859419556440422e+00
1.000959223210637905e+00
1.000973520730649824e+00
1.000895414671142847e+00
1.000717921914812569e+00
1.000434238673818532e+00
1.000038009631248004e+00
9.995236082992694504e-01
9.988864331524113238e-01
9.981232222372227181e-01
9.972323874605236727e-01
9.962143684283314427e-01
9.950720044303509315e-01
9.938109218555629676e-01
9.924399329300936934e-01
9.909714401387335059e-01
9.894218389895403920e-01
9.878119098593793890e-01
9.861671874563449069e-01
9.845182938492271774e-01
9.829012178406487665e-01
9.813575192729881991e-01
9.799344306882322719e-01
9.786848183205748564e-01
