2.530204119557642461e-01
3.845275223345129972e-02
3.295462535563865696e-03
4.568016844743112009e-02
1.020467913239570118e-01
1.517783016018847686e-01
1.912923089794860698e-01
2.218184628120062618e-01
2.454432631223645300e-01
2.640444294739632825e-01
2.790930101905230165e-01
2.916876643282906301e-01
3.026340953274266332e-01
3.125192276090254517e-01
3.217699843367249901e-01
3.306975200250123481e-01
3.395300460058628400e-01
3.484372646922795358e-01
3.575488020018691149e-01
3.669684310471146294e-01
3.767854327216336729e-01
3.870841426843181776e-01
3.979525705380692058e-01
4.094909349942368881e-01
4.218210477151325133e-01
4.350977384960130201e-01
4.495240369446477091e-01
4.653727960611988568e-01
4.830192298953504548e-01
5.029921852228471657e-01
5.260584092487742280e-01
5.533667943842898174e-01
5.867048941451405986e-01
6.289672587473730259e-01
6.849885052133911634e-01
7.625969530151571751e-01
8.690236813799011584e-01
9.310538892429229829e-01
5.568425687693839832e-01
1.935645563788284187e-02
4.708096632147225347e-02
1.465848315053923934e-01
2.250600715678800490e-01
2.841761821421840417e-01
3.307065688493122102e-01
3.692376122364702251e-01
4.025950804340800993e-01
4.325470329407715697e-01
4.602352798675626855e-01
4.864256904410565463e-01
5.116336214409111793e-01
5.362258523188837556e-01
5.604544503581633252e-01
5.844922508871952527e-01
6.084514328256416249e-01
6.323958047200325394e-01
6.563489409259174456e-01
6.802997510369269696e-01
7.042065214500839998e-01
7.280001356965400960e-01
7.515869729126190002e-01
7.748518455733103272e-01
7.976599424409853700e-01
8.198669299788449161e-01
8.413103774711429006e-01
8.618271945960482849e-01
8.812521860068245338e-01
8.994238598849525479e-01
9.161870045560818188e-01
9.313880030745554928e-01
9.448378817700895382e-01
9.560287652233127043e-01
9.252452689718492218e-01
9.789769344480452329e-01
9.849921793641901457e-01
9.901295759268219365e-01
9.939785126227713707e-01
9.965862533807174906e-01
9.980935961738175433e-01
9.986744589227237734e-01
9.985052517302650532e-01
9.977287928686817686e-01
9.963939480234472734e-01
9.943416345443059079e-01
9.909764916950956071e-01
9.847913173135889320e-01
9.723511946612999335e-01
9.461265005337976541e-01
8.902197378036452724e-01
7.746438625657880994e-01
5.623213514495040144e-01
2.730694405846517125e-01
5.230303849367134300e-02
2.527359161559865602e-03
6.083598006347314124e-02
1.454335092766794180e-01
2.228338413367855486e-01
2.863791571174497119e-01
3.377533928954408182e-01
3.802349483976710798e-01
4.169199545068933421e-01
4.504685494824774428e-01
4.832593077561415651e-01
5.176542492017401909e-01
5.563461164926476465e-01
6.027989606743785478e-01
6.618766120064485392e-01
7.402815548014828329e-01
8.436534271136686414e-01
9.480228287872973780e-01
8.550437667894192906e-01
3.163011792894777630e-01
1.058110593931916102e-02
6.220033584393139942e-02
5.468979983865418504e-01
5.995926228969006289e-02
1.403272348619884376e-02
5.600436122904443870e-02
9.065809273915875766e-02
1.180660459023724906e-01
1.402691720189362667e-01
1.587465788300870262e-01
1.745053277165037608e-01
1.882446654518512563e-01
2.004642256839196945e-01
2.115309066706939078e-01
2.217207500914818996e-01
2.312427004151486054e-01
2.402793970350788622e-01
2.489460377608913588e-01
2.573603154825244710e-01
2.656131140734384055e-01
2.737831943962518721e-01
2.819361189403125634e-01
2.901329129759138703e-01
2.984277464076875996e-01
3.068711991273187500e-01
3.155117015014791138e-01
3.243971137368982238e-01
3.335765662048784663e-01
3.431029647596202103e-01
3.530369534664205555e-01
3.634540461602533967e-01
3.744590307974300369e-01
3.862187649021233682e-01
3.990486811175390502e-01
4.136938823557608225e-01
4.326173616763176466e-01
4.726789598023611316e-01
3.424177632151025330e-01
4.287204924532104222e-01
4.527922048322408632e-01
4.711480887387710093e-01
4.880084924830271897e-01
5.043578445351447614e-01
5.204722093779117209e-01
5.363651699922427074e-01
5.518969855587725348e-01
5.667911158471408140e-01
5.806060922593230256e-01
5.926632655325674293e-01
6.019024045566432335e-01
6.065921049895613981e-01
6.035974734479672144e-01
5.872237153612824834e-01
5.444645253172952781e-01
4.432045820914645162e-01
2.055882972520579610e-01
5.504585480230778788e-02
7.467880089935979848e-01
9.666422926133796389e-01
1.001501053726722601e+00
1.006568963945561501e+00
1.006549118745346139e+00
1.005880770402002744e+00
1.005666777062689921e+00
1.007378661399869646e+00
1.017620138577991717e+00
1.093491944113174297e+00
4.928394887608336661e-01
5.573425401595553108e-01
1.533897499439895173e-01
1.354515371624189501e-01
5.157347236140411573e-01
7.028687665807621388e-01
7.914735029998056781e-01
8.425543943459760099e-01
8.747448481605789583e-01
8.849680393423554614e-01
8.452994321628756191e-01
6.975849511083496157e-01
4.184579644384507913e-01
1.459511258086713392e-01
1.842355403344068249e-02
3.179693748558765683e-03
3.161180635232062330e-02
6.993977426070049908e-02
1.071503579586801369e-01
1.408316660151424371e-01
1.712184314059955192e-01
