9.461057273952672153e-01
9.569485526002733389e-01
9.653836982562253866e-01
9.713647926215780437e-01
9.749462025102982876e-01
9.762631887317507751e-01
9.755135883968929500e-01
9.729413291486287418e-01
9.688220020237824359e-01
9.634506291379043574e-01
9.571316749576556093e-01
9.501712741708873144e-01
9.428715887580448873e-01
9.355271613465112601e-01
9.284230965160720217e-01
9.218348655477811571e-01
9.160294714682452044e-01
9.112675865995634172e-01
9.078059939220156638e-01
9.058990328838304462e-01
9.057963420657523246e-01
9.077310319983348252e-01
9.118852364078505746e-01
9.183033375436699952e-01
9.266838626937198287e-01
9.358875953119005775e-01
9.427804438250149133e-01
9.394940127439768141e-01
9.041331074225058551e-01
4.683301416446549736e-01
2.324825247613858392e-01
1.144686339018672477e-01
7.408284489056627883e-03
1.788700888694873953e-02
8.262973225880881900e-02
1.543704160494126232e-01
2.173785564861265562e-01
2.693264287596377482e-01
3.116723625605616332e-01
3.464618094862411124e-01
3.754831480489970175e-01
4.001337393717140922e-01
4.214691078773007415e-01
4.402816122710699887e-01
4.571691689980731388e-01
4.725876199088350771e-01
4.868888380194197341e-01
5.003480498674858223e-01
5.131833960841337694e-01
5.255699959398361099e-01
5.376501279789124288e-01
5.495406520471568523e-01
5.613384547153309478e-01
5.731244630082291680e-01
5.849666085719193998e-01
5.969220125047540737e-01
6.090385837645181377e-01
6.213561703178851481e-01
6.339073646104962378e-01
6.467180385357363948e-01
6.598076645197934464e-01
6.731894663531252654e-01
6.868704344320828437e-01
7.008512340585705269e-01
7.151260316193001065e-01
7.296822612779938488e-01
7.445003538330905446e-01
7.595534492649707037e-01
7.748071148876561898e-01
7.902190915958534623e-01
8.057390910871218281e-01
8.213086667128649543e-01
8.368611792584954578e-01
8.523218758457552502e-01
8.676080945100277386e-01
8.826295978212053139e-01
8.972890248118227108e-01
9.114824294502648083e-01
9.250998428079812985e-01
9.380257496639281545e-01
9.501392992273741678e-01
9.613139565952119048e-01
9.714161129492103752e-01
9.803018409552101131e-01
9.878103662597754742e-01
9.937516166167036369e-01
9.978826878190342198e-01
9.998624461303978750e-01
9.991599806444683152e-01
9.948570860981769126e-01
9.851805265795521294e-01
9.662471575721673922e-01
9.280831216426214114e-01
8.388499678982660468e-01
5.681655841525014017e-01
6.912422746160978154e-03
6.392237009304667650e-01
9.086482123972415836e-01
9.737172315227122787e-01
9.920914851676175816e-01
9.960042414768127683e-01
9.942930989736139535e-01
9.901038310451680813e-01
9.848179903317556549e-01
9.791713151054285413e-01
9.736383041503646751e-01
9.685867337689321177e-01
9.643504243829156275e-01
9.612710015033620881e-01
9.597278233127422009e-01
9.601615119870805515e-01
9.630811745874995333e-01
9.689969327719890613e-01
9.779957556073241021e-01
9.873454546386624120e-01
9.738256418900498312e-01
6.659557898869261638e-01
2.946314571087373380e-01
8.663661341421299289e-01
8.771158686624757062e-01
2.892018448310141876e-01
6.812435401928458763e-03
1.466942453298861471e-01
2.758605299505192399e-01
3.605880300931432747e-01
4.166734460641933202e-01
4.555456304472586537e-01
4.837582874503249530e-01
5.051087835756017386e-01
5.218966012388316367e-01
5.355798477515467670e-01
5.471224882978104054e-01
5.571855556118732178e-01
5.662371493908092690e-01
5.746183841192951114e-01
5.825844416319133634e-01
5.903310160318798738e-01
5.980119017680974869e-01
6.057510687498190993e-01
6.136512546796715206e-01
6.218003856456653100e-01
6.302767803178407346e-01
6.391540379396819516e-01
6.485068935355575714e-01
6.584207977330104322e-01
6.690132011410696578e-01
6.804965475715567536e-01
6.934429497530297803e-01
7.109310836446913751e-01
6.610144980222000255e-01
7.194963982802690117e-01
7.370919576301426801e-01
7.533538244630240133e-01
7.698673809040460503e-01
7.870065366824692266e-01
8.049048895926129710e-01
8.236058982420494390e-01
8.430921558127348892e-01
8.632802259596583649e-01
8.839959753988803071e-01
9.049293801132588522e-01
9.255604595201151197e-01
9.450410788883117919e-01
9.620088400500077519e-01
9.743001970999636274e-01
9.785283341161465920e-01
9.695252947691894718e-01
9.397942270195777104e-01
8.795344725753009296e-01
7.786275536822931942e-01
6.326158123884141338e-01
4.523772135454318666e-01
2.690568181995198760e-01
1.216970683527974773e-01
3.349420025665497680e-02
1.671514078626521772e-03
7.599673936722425686e-03
3.058865825871250749e-02
5.433903142419629906e-02
6.741806466706969092e-02
6.230754160533415881e-02
3.707584529912157090e-02
5.396070333163119695e-03
1.805607137322283104e-02
1.516961299912324701e-01
3.901979679705616655e-01
6.108241073579709912e-01
7.533034719086169062e-01
8.320389050285180721e-01
8.724599296708555052e-01
8.910647678818078843e-01
8.967713392137638406e-01
8.943268169000579970e-01
8.864019787022282548e-01
8.746628028827680978e-01
8.603094803889781428e-01
8.443756465934318944e-01
8.279786488515796794e-01
8.128537400554006753e-01
8.043024180460459638e-01
