8.822533874279548938e-01
8.703671559333229224e-01
8.617018198307593302e-01
8.562267373248545477e-01
8.460337442517037454e-01
8.533380019596772392e-01
8.567040595794033209e-01
8.629227223935717062e-01
8.721731193759753031e-01
8.846498352408631582e-01
9.005842775554530055e-01
9.201504440470736901e-01
9.431584032299620279e-01
9.681666109532546249e-01
9.899482643872525855e-01
9.924423943208736665e-01
9.320774527122939190e-01
7.246851666015622362e-01
3.549232837009415609e-01
6.478339883221428952e-02
1.772041685458038010e-03
5.486350985070741898e-02
1.304646013026725948e-01
1.986034057790876939e-01
2.542919814489028041e-01
2.989467752369303621e-01
3.349715128476443704e-01
3.644782443093070867e-01
3.891034397115606946e-01
4.100751656343088469e-01
4.283134375814023342e-01
4.445144599002339159e-01
4.592129684601312101e-01
4.728266160082422176e-01
4.856872998523223961e-01
4.980633621838662650e-01
5.101754788127138562e-01
5.222081764431145690e-01
5.343182994879739356e-01
5.466413257582456442e-01
5.592961464012875528e-01
5.723887338975373051e-01
5.860149913372886266e-01
6.002629853696708206e-01
6.152146997109044779e-01
6.309473956392018801e-01
6.475346223556089909e-01
6.650468757379279783e-01
6.835518496612706940e-01
7.031141463854538864e-01
7.237941896700440525e-01
7.456458778821758449e-01
7.687121540894799043e-01
7.930170233093223331e-01
8.185513568538896889e-01
8.452475805147642296e-01
8.729340125617781609e-01
9.012510552041677059e-01
9.294941469917420429e-01
9.563129367100980938e-01
9.791237758275652681e-01
9.929525134692367416e-01
9.882066184899427341e-01
9.468553095310943135e-01
8.385470204563001406e-01
6.290507289236552113e-01
3.329109753265665494e-01
7.924517013335796722e-02
7.646431850676429229e-04
7.280748527265244741e-02
2.026839098242673165e-01
3.346085974059627710e-01
4.501527314219519460e-01
5.468515275568321954e-01
6.268674003344065770e-01
6.929612849485078385e-01
7.472497259217757426e-01
7.904614461591200625e-01
8.183618069988515265e-01
6.413546812831755206e-01
9.392335426257654163e-01
9.453433311077175105e-01
9.592547843222737347e-01
9.721069095728300802e-01
9.826167621581934908e-01
9.906132844037643936e-01
9.962170319879239955e-01
9.996497232436213354e-01
1.001175326959938827e+00
1.001078580227327208e+00
9.996566327257276896e-01
9.972163550631737428e-01
9.940748587048959806e-01
9.905624521496256829e-01
9.870276960569218661e-01
9.838436952170950267e-01
9.814122374427209916e-01
9.801537497639081220e-01
9.804415179912611134e-01
9.823308211933481360e-01
9.844968366047729402e-01
9.797710276155580100e-01
9.340562787125648025e-01
6.926751741668245588e-01
1.016182911670171912e-01
8.406405855884648004e-02
3.084231331752612659e-01
4.452700871635318913e-01
5.221169928546606220e-01
5.681608623086707999e-01
5.977236039554306712e-01
6.179064918928346417e-01
6.324994957233173176e-01
6.436751554861349645e-01
6.527398475817549617e-01
6.603078865356020177e-01
6.694302413681636477e-01
6.759047064804395433e-01
6.832090832298575167e-01
6.910354929534119339e-01
6.995584685705672490e-01
7.089645532854172982e-01
7.194337963654563461e-01
7.311413038076637338e-01
7.442596647598762605e-01
7.589592017074335839e-01
7.754044062375911039e-01
7.937442428026458829e-01
8.140923409154544599e-01
8.364902183201672337e-01
8.608419164252916200e-01
8.868008528621843523e-01
9.135785789735377804e-01
9.396318311392859446e-01
9.621781643482657520e-01
9.765242446999595760e-01
9.753490396184314459e-01
9.485147891538081577e-01
8.847217179722447478e-01
7.766172425897401865e-01
6.285833989498273988e-01
4.607313828449565163e-01
3.016296057449460721e-01
1.738349963582749291e-01
8.554931555129445531e-02
3.308538022448714866e-02
7.623045129871456639e-03
1.312204732875139510e-04
3.316366011794317104e-03
1.176929753773303840e-02
2.141341574000766440e-02
2.876765246354116151e-02
3.016926754619329507e-02
2.134073898344199943e-02
2.497316923232957390e-03
5.826847276099306888e-02
7.599400943077142534e-01
8.873768868294321654e-01
7.213068487647200655e-01
6.458945973666825324e-01
6.177463900186859203e-01
6.129518094738799494e-01
6.215180092939524004e-01
6.391908184291327233e-01
6.646272313490083627e-01
6.989547122358537035e-01
7.477784590253364616e-01
8.320562271789314623e-01
1.053225457138500465e+00
2.030454974213300179e-01
5.445636353910209282e-01
6.435405727484563299e-01
6.990336489333557335e-01
7.394448371806585651e-01
7.724518286048228655e-01
8.008343070607264469e-01
8.257163097963797771e-01
8.475002165227324413e-01
8.661602266024602814e-01
8.812523240438776551e-01
8.916237456400446515e-01
8.943856057744797861e-01
8.811423724725767626e-01
8.202377691339753918e-01
5.461285975712180107e-01
1.068240880673967663e-01
6.952804729908883541e-01
8.660588179395892761e-01
9.170537340072538735e-01
9.364774980343874011e-01
9.435630955691559629e-01
9.439798249444959488e-01
9.396136021976861930e-01
9.308337635669590160e-01
9.169797577574599901e-01
8.960530943668888471e-01
8.632982128892503493e-01
8.063907918144761489e-01
6.856939920129320187e-01
3.375849121328861613e-01
