1.015441778389661875e+00
1.009233234410064739e+00
1.000737970242256303e+00
9.905720011680008152e-01
9.792979559348158336e-01
9.674152692739704795e-01
9.553530498143916194e-01
9.434637291763848799e-01
9.320145915953359506e-01
9.211718792177617798e-01
9.109659499594163767e-01
9.012080930702058845e-01
8.912700942376644564e-01
8.793929671306437434e-01
8.597993729907374982e-01
8.014959779383766802e-01
1.569198035646032496e-01
9.849569353000928729e-01
9.662994067041162927e-01
9.621915130273608341e-01
9.648531695569217970e-01
9.709418965276499502e-01
9.786050003132047426e-01
9.861740130738345655e-01
9.915731374271204990e-01
9.918643231469593813e-01
9.827999577369677109e-01
9.584686854726380822e-01
9.113993952840544477e-01
8.338773245700562553e-01
7.213500008817576026e-01
5.775841008570801183e-01
4.180670922567844006e-01
2.664056849101597013e-01
1.439200141130835275e-01
6.081833021383306614e-02
1.559211823948539015e-02
2.197793386333776299e-04
5.444815447649378921e-03
2.354566196840979578e-02
4.901906180531964002e-02
7.829214449724654357e-02
1.091926889962929470e-01
1.404768761925226650e-01
1.714853908884584888e-01
2.019147945441456815e-01
2.316725474574702903e-01
2.607874711493375353e-01
2.893553333633433478e-01
3.175061574660780761e-01
3.453847909968236207e-01
3.731395037264325087e-01
4.009154324666543423e-01
4.288509777406588896e-01
4.570761015602132216e-01
4.857121237979367123e-01
5.148733483560797852e-01
5.446722422636119942e-01
5.752337261706003124e-01
6.067375563596970611e-01
6.395649481504338540e-01
6.747255379618661841e-01
4.789847504672354317e-01
7.209946016792994072e-01
7.607962095982555573e-01
7.965596820424837299e-01
8.312260161694136062e-01
8.650090013928865007e-01
8.975484810478221442e-01
9.281433075106485520e-01
9.557177327478251216e-01
9.786726277554348430e-01
9.946106878298712761e-01
9.998703858872426409e-01
9.887643843727101922e-01
9.524332335435591324e-01
8.775379095261875984e-01
7.464907179159524508e-01
5.454729257512062057e-01
2.922035860514774486e-01
7.285473290852632899e-02
1.727425578424281443e-03
9.465163169139928501e-02
2.676346285494248245e-01
4.441200728409799292e-01
5.924809333753837670e-01
7.079744802791195779e-01
7.949756056623261680e-01
8.593306067617860755e-01
9.060903414437576631e-01
9.391451214294017635e-01
9.613701976920033809e-01
9.748302731169582458e-01
9.809053536307247301e-01
9.802552151489870580e-01
9.723975135461819796e-01
9.538346951074383462e-01
9.066557181207749450e-01
5.222514225456104109e-01
1.126317742648308196e+00
1.039770774660470964e+00
1.007710678885794131e+00
9.872538088584327243e-01
9.712654696871585447e-01
9.576624467608645386e-01
9.456855769229746134e-01
9.350383037704802502e-01
9.256150910814516797e-01
9.173984811361521885e-01
9.104153322686562300e-01
9.047169663591152489e-01
9.003699917496448268e-01
8.974521961624981614e-01
8.960508248611662729e-01
8.962616915576898657e-01
8.981878680830928108e-01
9.019364256981806660e-01
9.076107651491198691e-01
9.152940368839250773e-01
9.250150075159411234e-01
9.366793238809517641e-01
9.499319631974121325e-01
9.638815816234407308e-01
9.765475367070459711e-01
9.837654622483457123e-01
9.770139019935231151e-01
9.404299085499076005e-01
8.475380570350455889e-01
6.702387324523758627e-01
4.171704558692961307e-01
1.722809003429599806e-01
3.040868111869083831e-02
1.702726811348779070e-03
4.005604067977154570e-02
1.045318794094865639e-01
1.741319966333808311e-01
2.407874900078233737e-01
3.023442910744641443e-01
3.588887383794387431e-01
4.110794703416577045e-01
4.591471501430545166e-01
5.008225420421565932e-01
5.097564925381523615e-01
7.179212633927426479e-01
7.088182460447566280e-01
7.531121203542501252e-01
8.053202918982700353e-01
8.591859116721962675e-01
9.090017517173174522e-01
9.450757908680689212e-01
9.508284075792710066e-01
8.955915735969380842e-01
7.914564117276204902e-01
6.054986615750121981e-01
3.943074572563956548e-01
2.114865835457934717e-01
8.758181618947270819e-02
2.229256812616813715e-02
6.147809464883430969e-04
6.840872972121458430e-03
2.949518117174347934e-02
6.135387431828326354e-02
9.819707803326434281e-02
1.376689653981866823e-01
1.785034369282510192e-01
2.200507119217938734e-01
2.619980733007632456e-01
3.042078175701009579e-01
3.466223622491184653e-01
3.892079161337534399e-01
4.319203287472377917e-01
4.746839794609208352e-01
5.173787117908141830e-01
5.598321948033688766e-01
6.018164593058769052e-01
6.430481289083892493e-01
6.831922681417420540e-01
7.218699166390737387e-01
7.586693257099336174e-01
7.931606812501036385e-01
8.249136638052151360e-01
8.535164281666027808e-01
8.785928941351848209e-01
8.998098470759078316e-01
9.168392513590523096e-01
9.290209563297679995e-01
9.247837096747091312e-01
9.510125636379308522e-01
9.508117174064779631e-01
9.491010707805243030e-01
9.451629495582319906e-01
9.394264395587840211e-01
9.325474753855416132e-01
9.252755009764904726e-01
9.184001737467376580e-01
9.127111695247785983e-01
9.089550418780818486e-01
9.077743547046369654e-01
9.095926663616511476e-01
9.143221798836047576e-01
