9.907029101840399976e-01
9.907421830517484374e-01
9.907760970202241779e-01
9.908060570812604606e-01
9.908333735595357128e-01
9.908592473966109093e-01
9.908847609161349768e-01
9.909108731740863263e-01
9.909384190777158485e-01
9.909681115392094952e-01
9.910005460117540244e-01
9.910362068349101161e-01
9.910754748921493107e-01
9.911186361545240020e-01
9.911658907498758220e-01
9.912173622580744414e-01
9.912731069864394451e-01
9.913331230284261331e-01
9.913973589524766039e-01
9.914657220041809271e-01
9.915380857390032610e-01
9.916142970297118220e-01
9.916941824164684505e-01
9.917775537870385794e-01
9.918642133907866754e-01
9.919539582023485513e-01
9.920465836615310895e-01
9.921418868228415455e-01
9.922396689542637427e-01
9.923397376278246806e-01
9.924419083470741310e-01
9.925460057569703842e-01
9.926518644825844673e-01
9.927593296403292022e-01
9.928682570655152917e-01
9.929785132965277539e-01
9.930899753546217346e-01
9.932025303543784434e-01
9.933160749780799437e-01
9.934305148434786625e-01
9.935457637921204510e-01
9.936617431218711660e-01
9.937783807850473217e-01
9.938956105705656352e-01
9.940133712857196491e-01
9.941316059516378534e-01
9.942502610233246996e-01
9.943692856437778005e-01
9.944886309394947999e-01
9.946082493634820221e-01
9.947280940894865919e-01
9.948481184612290029e-01
9.949682754976100219e-01
9.950885174552988044e-01
9.952087954483060939e-01
9.953290591239211116e-01
9.954492563934476124e-01
9.955693332157823372e-01
9.956892334315898818e-01
9.958088986452443558e-01
9.959282681516222757e-01
9.960472789047849496e-01
9.961658655250174021e-01
9.962839603412693146e-01
9.964014934652841715e-01
9.965183928946277359e-01
9.966345846408527498e-01
9.967499928800402920e-01
9.968645401223975577e-01
9.969781473982154418e-01
9.970907344572222941e-01
9.972022199785748331e-01
9.973125217893807903e-01
9.974215570890537785e-01
9.975292426773594290e-01
9.976354951843153795e-01
9.977402312996538347e-01
9.978433680008129691e-01
9.979448227771052782e-01
9.980445138490094958e-01
9.981423603813946999e-01
9.982382826892943761e-01
9.983322024351123369e-01
9.984240428164588010e-01
9.985137287438956566e-01
9.986011870075777175e-01
9.986863464323320061e-01
9.987691380206705771e-01
9.988494950830324459e-01
9.989273533553016948e-01
9.990026511026615097e-01
9.990753292103190519e-01
9.991453312601991099e-01
9.992126035938461159e-01
9.992770953616244567e-01
9.993387585578338284e-01
9.993975480418969548e-01
9.994534215460880722e-01
9.995063396694703339e-01
9.995562658584501436e-01
9.996031663744207041e-01
9.996470102483310249e-01
9.996877692232433166e-01
9.997254176845656870e-01
9.997599325792424496e-01
9.997912933236451360e-01
9.998194817017498348e-01
9.998444817535582230e-01
9.998662796548726250e-01
9.998848635895568604e-01
9.999002236149137079e-01
9.999123515213688140e-01
9.999212406880868542e-01
9.999268859351461147e-01
9.999292833743647080e-01
9.999284302601092467e-01
9.999243248417242214e-01
9.999169662195729336e-01
9.999063542069259736e-01
9.998924891993431485e-01
9.998753720544509838e-01
9.998550039843030479e-01
9.998313864630776759e-01
9.998045211530419696e-01
9.997744098515723987e-01
9.997410544627265416e-01
9.997044569964562699e-01
9.996646195989931094e-01
9.996215446180533037e-01
9.995752347066814147e-01
9.995256929693960846e-01
9.994729231546459758e-01
9.994169298977614302e-01
9.993577190176891056e-01
9.992952978722003943e-01
9.992296757750446234e-01
9.991608644784352178e-01
9.990888787249629921e-01
9.990137368712945776e-01
9.989354615869923126e-01
9.988540806303506381e-01
9.987696277027345859e-01
9.986821433825419092e-01
9.985916761384313611e-01
9.984982834206030944e-01
9.984020328279326062e-01
9.983030033466887554e-01
9.982012866555799446e-01
9.980969884893479138e-01
9.979902300512767388e-01
9.978811494624787448e-01
9.977699032328810613e-01
9.976566677358942314e-01
9.975416406653434542e-01
9.974250424488533273e-01
9.973071175885065420e-01
9.971881358941745432e-01
9.970683935698464451e-01
9.969482141079974991e-01
9.968279489400755367e-01
9.967079777848369959e-01
9.965887086283324869e-01
9.964705772607901357e-01
9.963540462860602798e-01
9.962396035085790968e-01
9.961277595902015003e-01
9.960190448544941066e-01
9.959140050989864212e-01
9.958131962532269510e-01
9.957171776947834063e-01
9.956265039981838649e-01
9.955417148459455579e-01
9.954633227650315774e-01
9.953917982617854765e-01
9.953275517982451692e-01
9.952709118618027206e-01
9.952220980967990682e-01
9.951811880354861639e-01
9.951480752994681378e-01
9.951224160927438778e-01
9.951035591187160634e-01
9.950904512762890342e-01
9.950815068109707395e-01
9.950744194901783857e-01
9.950658828857033011e-01
9.950511570229229052e-01
9.950233679251571095e-01
9.949723219903484628e-01
9.948823936845457849e-01
9.947285354152192172e-01
9.944682012130029447e-01
9.940235604365078581e-01
9.932379011420313653e-01
9.917524574549396732e-01
9.885813671146190806e-01
9.801159287565427425e-01
9.437881894865386423e-01
4.559034468877596891e-01
9.071854727034374122e-01
9.768812948077731928e-01
