9.940928521008671748e-01
9.939130026294645814e-01
9.937170508943058422e-01
9.935197361489362944e-01
9.933332516893376152e-01
9.931674073440879269e-01
9.930298171816731578e-01
9.929261030497897877e-01
9.928601061364783487e-01
9.928341001606990623e-01
9.928490010616889405e-01
9.929045691669234897e-01
9.929996007884326348e-01
9.931321070320432431e-01
9.932994783164015296e-01
9.934986336998855583e-01
9.937261546101625598e-01
9.939784029783910180e-01
9.942516241066193805e-01
9.945420348496850638e-01
9.948458978870481362e-01
9.951595829981028096e-01
9.954796163483525806e-01
9.958027188492034609e-01
9.961258346781169948e-01
9.964461510430858704e-01
9.967611102531440670e-01
9.970684151169604270e-01
9.973660286410935827e-01
9.976521689385126068e-01
9.979253001926036148e-01
9.981841204514912969e-01
9.984275469575402129e-01
9.986546996440311963e-01
9.988648833628026580e-01
9.990575693381084088e-01
9.992323762787077568e-01
9.993890515185224199e-01
9.995274525008873701e-01
9.996475288684443239e-01
9.997493053737741553e-01
9.998328657820055865e-01
9.998983378984256376e-01
9.999458798192755182e-01
9.999756674731422601e-01
9.999878834945225003e-01
9.999827074472954491e-01
9.999603073966465416e-01
9.999208328112502153e-01
9.998644087641876954e-01
9.997911313890843754e-01
9.997010645405264295e-01
9.995942375994475437e-01
9.994706443607561663e-01
9.993302429362969086e-01
9.991729566050103761e-01
9.989986755412115782e-01
9.988072593525801901e-01
9.985985403611328248e-01
9.983723275621797510e-01
9.981284111996489017e-01
9.978665678994675936e-01
9.975865663062833955e-01
9.972881731737299749e-01
9.969711598622539306e-01
9.966353092042393724e-01
9.962804227003465574e-01
9.959063280169112575e-01
9.955128867592121233e-01
9.951000025011834671e-01
9.946676290576713653e-01
9.942157789909783494e-01
9.937445323500273542e-01
9.932540456457016331e-01
9.927445610728811154e-01
9.922164159960953356e-01
9.916700527221515848e-01
9.911060285912142165e-01
9.905250264238524283e-01
9.899278653705425590e-01
9.893155122181449546e-01
9.886890932161389589e-01
9.880499064946388632e-01
9.873994351556807381e-01
9.867393611286839894e-01
9.860715798897642381e-01
9.853982161535282946e-01
9.847216406525214349e-01
9.840444881228342933e-01
9.833696766131190259e-01
9.827004282217366438e-01
9.820402913408690093e-01
9.813931644310791569e-01
9.807633212522178789e-01
9.801554373008970478e-01
9.795746168947239152e-01
9.790264197923124190e-01
9.785168852342616130e-01
9.780525493995225750e-01
9.776404485526328791e-01
9.772880924056714935e-01
9.770033748676959506e-01
9.767943469135601520e-01
9.766686602060684619e-01
9.766321231056630525e-01
9.766843982780216704e-01
9.768025999113131297e-01
9.768415423038727674e-01
9.740908520240936230e-01
9.793191780647130251e-01
9.801067296115515415e-01
9.810877222763203509e-01
9.823352126416284857e-01
9.838289174014820393e-01
9.855591388387101581e-01
9.875107485973591004e-01
9.896512559673210641e-01
9.919160734462891815e-01
9.941857803202260868e-01
9.962485226671902172e-01
9.977359455809136080e-01
9.980117449049032974e-01
9.959744620289683326e-01
9.897044440917291963e-01
9.758325149157249800e-01
9.484467717609804671e-01
8.974078630222722675e-01
8.067005251716553582e-01
6.567272519078615201e-01
4.415382028953935278e-01
2.052834193747023195e-01
4.133853019688459723e-02
1.251393451788482226e-03
5.090258813884643990e-02
1.345946651076418421e-01
2.194953989332966149e-01
2.936975395302160452e-01
3.551462621372956652e-01
4.051546432735154135e-01
4.457744675306938853e-01
4.789264513353677089e-01
5.061877185787830857e-01
5.287942100883070706e-01
5.476987333938948543e-01
5.635658130988289161e-01
5.771935400585316289e-01
5.887811139330438870e-01
5.987654295623757728e-01
6.074223971123579036e-01
6.149741550825107428e-01
6.216007183955287729e-01
6.274492063387261398e-01
6.326408470513249505e-01
6.372763015589866242e-01
6.414397357296273139e-01
6.452019561450151874e-01
6.486228411014167694e-01
6.517532364376668053e-01
6.546364415333186804e-01
6.573093787641430819e-01
6.598035164194713253e-01
6.621455980705056588e-01
6.643582188651218079e-01
6.664602799643214448e-01
6.684673454423392114e-01
6.703919208124756723e-01
6.722436684576759136e-01
6.740295723063196576e-01
6.757540618536720389e-01
6.774191039077699372e-01
6.790242690919320312e-01
6.805667790611993340e-01
6.820415394967804801e-01
6.834411631624701666e-01
6.847559865777370636e-01
6.859740831283879237e-01
6.870812746445809083e-01
6.880611425693775596e-01
6.888950387500013539e-01
6.895620945104615762e-01
6.900392248419149333e-01
6.903011219513729424e-01
6.903202283125821070e-01
6.900666719298709229e-01
6.895081305606074462e-01
6.886095503287912312e-01
6.873325132694758643e-01
6.856335207366943685e-01
6.834574793125278713e-01
6.806920144752806046e-01
6.757044755155801052e-01
6.740595759123358954e-01
6.695456281941410959e-01
6.643104600547318217e-01
6.582663158171795370e-01
6.513149392899452161e-01
6.433430378628290924e-01
6.342108790869140922e-01
6.237273427335617848e-01
6.115509944400003839e-01
