9.692549273046533465e-01
9.659383656361136827e-01
9.636728168335664257e-01
9.623576128249907713e-01
9.618857260828660438e-01
9.621474147152954126e-01
9.630332608117386783e-01
9.644366491235727423e-01
9.662557364662511805e-01
9.683949636875980316e-01
9.707661620294421034e-01
9.732893045342324578e-01
9.758929510942968566e-01
9.785144330365015408e-01
9.810998199787430707e-01
9.836037082501761786e-01
9.859888665656877382e-01
9.882257709991371097e-01
9.902920576957003895e-01
9.921719182652125602e-01
9.938554594634126937e-01
9.953380456270906063e-01
9.966196394122844859e-01
9.977041537049323727e-01
9.985988251395677695e-01
9.993136174724170928e-01
9.998606611092459850e-01
1.000253733373410725e+00
1.000507782608109686e+00
1.000638497920227632e+00
1.000661925281375098e+00
1.000594129783478836e+00
1.000450903089507459e+00
1.000247514502025759e+00
9.999985035826706170e-01
9.997175118712474662e-01
9.994171509617271187e-01
9.991089039722423903e-01
9.988030572832492515e-01
9.985086592879234280e-01
9.982335027816350292e-01
9.979841274812544238e-01
9.977658389740354794e-01
9.975827400947953061e-01
9.974377702420376135e-01
9.973327473516754305e-01
9.972684059645889887e-01
9.972444227602511591e-01
9.972594176002648192e-01
9.973109127306478694e-01
9.973952239571304279e-01
9.975072429427886966e-01
9.976400449942729454e-01
9.977842139404617949e-01
9.979267000806055776e-01
9.980488896205768068e-01
9.981233056291354266e-01
9.981078570550464546e-01
9.979355291083767954e-01
9.974952255634648157e-01
9.965945479365373449e-01
9.948834241988393501e-01
9.916865643526328045e-01
9.856042637642118409e-01
9.734584836864527135e-01
9.471344890224322466e-01
8.826398187937603002e-01
6.989845095203925940e-01
2.155354726624939821e-01
8.534824360485269990e-02
4.922408195417311561e-01
7.053282732057292170e-01
8.018308778632498024e-01
8.513886120599307716e-01
8.798377326465682824e-01
8.975081107548816828e-01
9.090748248193090131e-01
9.168880110502213299e-01
9.222298420351475734e-01
9.258432510807531601e-01
9.281743377099525016e-01
9.294892144559737668e-01
9.299276148251670593e-01
9.295141037924004035e-01
9.281177764874324332e-01
9.252889623902482708e-01
9.196205453544346042e-01
9.050119907575004952e-01
7.822642129846605341e-01
9.881487556399702887e-01
9.573333028299771952e-01
9.480599081095542058e-01
9.430815247147552594e-01
9.396454109004769295e-01
9.369193434739681026e-01
9.345698566847525646e-01
9.324399907933406118e-01
9.304479297960487338e-01
9.285480473591744000e-01
9.267137311081398154e-01
9.249290053721553884e-01
9.231841156736386722e-01
9.214730532916428629e-01
9.197920958377363565e-01
9.181389100781113255e-01
9.165119806891256493e-01
9.149102357191268853e-01
9.133327951390913801e-01
9.117787991019636884e-01
9.102472896560147575e-01
9.087371297407494941e-01
9.072469494846764348e-01
9.057751138381600065e-01
9.043197084126278762e-01
9.028785427272091324e-01
9.014491724449643639e-01
9.000289453049261645e-01
8.986150804885870702e-01
8.972048005176460617e-01
8.957955541363409324e-01
8.943854127252151009e-01
8.929738342964004261e-01
8.915633090572473440e-01
8.901634822067158170e-01
8.888039528930902211e-01
8.875901090348762290e-01
8.871988904832092127e-01
8.772808987457032526e-01
8.806940245997698646e-01
8.796225185649231282e-01
8.782067911047830577e-01
8.767124569262766398e-01
8.752364748515951698e-01
8.738649756838573479e-01
8.727173472824938383e-01
8.719892196002824170e-01
8.720277165864163127e-01
8.734748626782042891e-01
8.773446862637532817e-01
8.788089944017509758e-01
3.018463211562475990e-01
6.842524390441729887e-01
7.634286014742796000e-01
7.814807745091698621e-01
7.862167960730462868e-01
7.858132789652263472e-01
7.826998559278971479e-01
7.778124686945155908e-01
7.715579900337768970e-01
7.641127721524629823e-01
7.555342871212448186e-01
7.458078814778353882e-01
7.348671238029789166e-01
7.226018139447458744e-01
7.088593510267925391e-01
6.934419177192242545e-01
6.761005794307709538e-01
6.565268427745922786e-01
6.343421215324807072e-01
6.090858915563851506e-01
5.802042766444883704e-01
5.470428703111395174e-01
5.088516628159476252e-01
4.648175433799200396e-01
4.141532559145080228e-01
3.562932241135572387e-01
2.912751484041758432e-01
2.204057539457912884e-01
1.472631770669575457e-01
7.884997416095060330e-02
2.613610857281801689e-02
2.527820533586189189e-03
1.914310030982555727e-02
7.858168068066273548e-02
1.721741604180852814e-01
2.838965774848048462e-01
3.977047747983891712e-01
5.025769984969202797e-01
5.933416554097655782e-01
6.690506271529115256e-01
7.309987775499868778e-01
7.813175230584483710e-01
8.221921538873546709e-01
8.552545487086758991e-01
8.595837619770433369e-01
9.062214677225929327e-01
9.310334679442935357e-01
9.570174994738420704e-01
7.002038030953104952e-01
9.183722590800426078e-01
9.425877919802262417e-01
9.542829941305693842e-01
9.607444205508659518e-01
9.578037496465198197e-01
5.542332263717349994e-01
9.501176332824891047e-01
9.656922896780312238e-01
9.681549452854898430e-01
9.675952800060834136e-01
9.654740293934905848e-01
