9.987156987140356490e-01
9.987141398874000986e-01
9.987128710549407762e-01
9.987118985373694136e-01
9.987112288643937852e-01
9.987108685678619535e-01
9.987108240106487012e-01
9.987111012482201566e-01
9.987117059193491020e-01
9.987126431627584289e-01
9.987139175564703208e-01
9.987155330767248929e-01
9.987174930735929212e-01
9.987198002607768910e-01
9.987224567167611866e-01
9.987254638955735953e-01
9.987288226449018147e-01
9.987325332296398406e-01
9.987365953600002566e-01
9.987410082220042895e-01
9.987457705099240801e-01
9.987508804594429357e-01
9.987563358807276526e-01
9.987621341908243799e-01
9.987682724450455130e-01
9.987747473666668263e-01
9.987815553749649355e-01
9.987886926110185470e-01
9.987961549616208856e-01
9.988039380808957368e-01
9.988120374097925191e-01
9.988204481931878265e-01
9.988291654953943555e-01
9.988381842132254551e-01
9.988474990875390036e-01
9.988571047127446922e-01
9.988669955451100479e-01
9.988771659093012012e-01
9.988876100038653894e-01
9.988983219054444751e-01
9.989092955721100564e-01
9.989205248457495578e-01
9.989320034537868542e-01
9.989437250103744281e-01
9.989556830169115109e-01
9.989678708624014636e-01
9.989802818234406745e-01
9.989929090640542464e-01
9.990057456353131915e-01
9.990187844751647894e-01
9.990320184079150012e-01
9.990454401442556698e-01
9.990590422810083915e-01
9.990728173012722868e-01
9.990867575746380513e-01
9.991008553577398477e-01
9.991151027950071484e-01
9.991294919196107571e-01
9.991440146548207224e-01
9.991586628155191274e-01
9.991734281100266291e-01
9.991883021423000333e-01
9.992032764142680934e-01
9.992183423286029598e-01
9.992334911915632389e-01
9.992487142163313241e-01
9.992640025264207804e-01
9.992793471594308974e-01
9.992947390709361333e-01
9.993101691387252794e-01
9.993256281671663022e-01
9.993411068916610018e-01
9.993565959834733725e-01
9.993720860546417839e-01
9.993875676629899729e-01
9.994030313173870583e-01
9.994184674828859860e-01
9.994338665863846671e-01
9.994492190220355399e-01
9.994645151567908004e-01
9.994797453361812245e-01
9.994948998900909931e-01
9.995099691384935481e-01
9.995249433972536179e-01
9.995398129840977752e-01
9.995545682244502128e-01
9.995691994573200345e-01
9.995836970412788069e-01
9.995980513602341633e-01
9.996122528294644205e-01
9.996262919012788295e-01
9.996401590710238816e-01
9.996538448827750889e-01
9.996673399349849110e-01
9.996806348863288560e-01
9.996937204612469374e-01
9.997065874553562326e-01
9.997192267410758282e-01
9.997316292729691023e-01
9.997437860929281328e-01
9.997556883355083190e-01
9.997673272328141403e-01
9.997786941196651345e-01
9.997897804382567255e-01
9.998005777431020480e-01
9.998110777053151876e-01
9.998212721173428408e-01
9.998311528971436379e-01
9.998407120922878644e-01
9.998499418840529618e-01
9.998588345912210462e-01
9.998673826736308445e-01
9.998755787358484248e-01
9.998834155302872562e-01
9.998908859603757859e-01
9.998979830835286187e-01
9.999047001137787438e-01
9.999110304242424530e-01
9.999169675495799270e-01
9.999225051878936066e-01
9.999276372026743021e-01
9.999323576244300016e-01
9.999366606520559975e-01
9.999405406540716745e-01
9.999439921694669442e-01
9.999470099084593055e-01
9.999495887529786797e-01
9.999517237568327221e-01
9.999534101456620805e-01
9.999546433166957016e-01
9.999554188381788444e-01
9.999557324484994458e-01
9.999555800553073803e-01
9.999549577338850970e-01
9.999538617255425699e-01
9.999522884356740748e-01
9.999502344311563817e-01
9.999476964376645682e-01
9.999446713361043182e-01
9.999411561586485364e-01
9.999371480838835646e-01
9.999326444307767847e-01
9.999276426514625005e-01
9.999221403220339699e-01
9.999161351307833678e-01
9.999096248630200412e-01
9.999026073807387727e-01
9.998950805953343846e-01
9.998870424298388349e-01
9.998784907657483068e-01
9.998694233666500786e-01
9.998598377657104130e-01
9.998497310958619488e-01
9.998390998261232898e-01
9.998279393378320945e-01
9.998162432174748648e-01
9.998040020195015920e-01
9.997912009750380413e-01
9.997778154353608171e-01
9.997638009404995474e-01
9.997490687564080103e-01
9.997334142649130229e-01
9.997162434246071872e-01
9.996948729488439600e-01
9.996164433389174153e-01
9.996863974570526779e-01
9.996640322670895529e-01
9.996442988097592464e-01
9.996251538641274248e-01
9.996059757940833901e-01
9.995865504438733451e-01
9.995667881531297150e-01
9.995466472198133445e-01
9.995261077359103297e-01
9.995051610131802100e-01
9.994838047550417270e-01
9.994620406371561572e-01
9.994398730008439147e-01
9.994173081004867898e-01
9.993943536426634910e-01
9.993710184850694844e-01
9.993473124242919781e-01
9.993232460326756383e-01
9.992988305203261978e-01
9.992740776073081310e-01
9.992489993959488004e-01
9.992236082366502403e-01
9.991979165816315955e-01
9.991719368234180942e-01
9.991456811143853978e-01
9.991191611656474736e-01
9.990923880230475618e-01
9.990653718192874511e-01
9.990381215016715943e-01
9.990106445351973896e-01
9.989829465822314125e-01
9.989550311600400301e-01
9.989268992793443047e-01
9.988985490673188972e-01
9.988699753810296178e-01
