5.202841160694914313e-01
5.308749494049589401e-01
5.404597533692678812e-01
5.492204332888848128e-01
5.572927373249322303e-01
5.647814812603317858e-01
5.717706311800142549e-01
5.783299119597161697e-01
5.845187227703224631e-01
5.903852669351878912e-01
5.958050548866499208e-01
6.014381460236788435e-01
6.066494466769803973e-01
6.117308674066289642e-01
6.167186396785914182e-01
6.216487067547453726e-01
6.265555461202916288e-01
6.314716532533042326e-01
6.364273062540816150e-01
6.414504036725005021e-01
6.465663327836117524e-01
6.517978593303419554e-01
6.571650370451727063e-01
6.626851364984359671e-01
6.683725926713278698e-01
6.742389703240703192e-01
6.802929460539712814e-01
6.865403059951890041e-01
6.929839584272752262e-01
6.996239611616427156e-01
7.064575645375194002e-01
7.134792723436079731e-01
7.206809253198540599e-01
7.280518157522439804e-01
7.355788484319550902e-01
7.432467758456268170e-01
7.510385605236042927e-01
7.589359709232436080e-01
7.669206405672939209e-01
7.749761327839904679e-01
7.830924447021350154e-01
7.912773514147255494e-01
7.995912743494553165e-01
8.082937684890952879e-01
8.189942821951529117e-01
7.893112875926591165e-01
8.237551077592507598e-01
8.327953468231354961e-01
8.402670350166120405e-01
8.470482394499051493e-01
8.532973878638140386e-01
8.590363937821302587e-01
8.642437614996153483e-01
8.688782937343966228e-01
8.728861562636843763e-01
8.762023449495761618e-01
8.787495274222831831e-01
8.804350927850373987e-01
8.811465085599844427e-01
8.807447436062952884e-01
8.790552901333197333e-01
8.758561211082354081e-01
8.708617347838341072e-01
8.637022990411717949e-01
8.538969214626946913e-01
8.408204810584837263e-01
8.236647688520200017e-01
8.013978589052825896e-01
7.727323252803830478e-01
7.361254783890602837e-01
6.898544840761310359e-01
6.322073120453354234e-01
5.623344885259032866e-01
4.799343729005291492e-01
3.877975271885065189e-01
2.930789862389729938e-01
1.950914246130431573e-01
1.155172055407495818e-01
5.586970950008529613e-02
2.028849830221910594e-02
7.778185232185066272e-03
1.391207135033621124e-02
3.294997388333594651e-02
5.952858973563228406e-02
8.949060309290132742e-02
1.200167446412359340e-01
1.494059775046115424e-01
1.767639933075981495e-01
2.017268507597511085e-01
2.242571627584779015e-01
2.445093848741426157e-01
2.627488288457088261e-01
2.793098421006603993e-01
2.945839225877247558e-01
3.090359361149687123e-01
3.232579436405684237e-01
3.380940654889375563e-01
3.549363962137491724e-01
3.765236216283813220e-01
4.096000774791916932e-01
4.768447800984449425e-01
6.226235153198099725e-01
2.309643642700766331e-01
3.152607989245694298e-01
4.343330356480052945e-01
2.635766900217757502e-01
1.415141973342204651e-01
1.932451013309468557e-01
2.191539976173624005e-01
2.334280243721056358e-01
2.416223345572511283e-01
2.449652840564094380e-01
2.472951546312765481e-01
2.434561742073495239e-01
2.106031798167132540e-01
2.843509725973831781e-01
2.654703822924741607e-01
2.592360855113142737e-01
2.544471788717856398e-01
2.499162321097947170e-01
2.457177772050937736e-01
2.452055461754896748e-01
2.103321642629635002e-01
2.158898063606987938e-01
2.089565606513722196e-01
1.997304106607226681e-01
1.889360678865278365e-01
1.766787736048816282e-01
1.629405972092070609e-01
1.476830855466845227e-01
1.308938842483481080e-01
1.126295803891031733e-01
9.307125969488662387e-02
7.260297329164067115e-02
5.192137420844489260e-02
3.218033571500135415e-02
1.516117185338000141e-02
3.428785533926557213e-03
3.798014834718251606e-04
1.002065588843891603e-02
3.628921459447814052e-02
8.187148588227058377e-02
1.468480891303436953e-01
2.279367854795713577e-01
3.190589175124530219e-01
4.090781871421394489e-01
5.005475925820493943e-01
5.813223560315216032e-01
6.506009680589688315e-01
7.034920684808428915e-01
7.588448011021379225e-01
7.959391959578739906e-01
8.255207793603183131e-01
8.485908703489268845e-01
8.663114797459898764e-01
8.796815977756787808e-01
8.895057105661487995e-01
8.964102296725590113e-01
9.008717539772252980e-01
9.032461617384370811e-01
9.037946172047439664e-01
9.027053881665392243e-01
9.001115525255798389e-01
8.961051175641572275e-01
8.907481837835981020e-01
8.840817495819027760e-01
8.761326679699520392e-01
8.669191767550108452e-01
8.564553506926144699e-01
8.447547834047749449e-01
8.318338319458998820e-01
8.177150052557261573e-01
8.024327017529941930e-01
7.860529366085663439e-01
7.683190461705992069e-01
7.498937970651728957e-01
7.304979557753707997e-01
7.103376339458425948e-01
6.896327649135841620e-01
6.687081893300728108e-01
6.480795242643763165e-01
6.286233954942835878e-01
6.119676438958513431e-01
6.013063214357285968e-01
4.288077556332763884e-01
5.349033879218889620e-01
5.017711519261516262e-01
2.214235320104351590e-01
3.833124174547284518e-02
9.589515687339093819e-02
1.066568394921726670e-01
9.570183451076061387e-02
7.568339137808140216e-02
5.273593331120001587e-02
3.087466888086570424e-02
1.349554762388300612e-02
3.904196613873664977e-03
5.411794535576655227e-03
2.114084572839396853e-02
5.359330822927744348e-02
