9.933051027723287518e-01
9.912393001613183374e-01
9.893612918468863704e-01
9.876411204176919201e-01
9.860467679563297283e-01
9.845455682924731944e-01
9.831054035776833899e-01
9.816956950204599464e-01
9.802882006132697112e-01
9.788576348059582211e-01
9.773821264580401236e-01
9.758435321515984695e-01
9.742276221842361972e-01
9.725241563709847714e-01
9.707268662579013885e-01
9.688333595599374348e-01
9.668449616414578340e-01
9.647665077209958140e-01
9.626060982466615457e-01
9.603748285930889805e-01
9.580865029145126943e-01
9.557573406713363307e-01
9.534056830565642571e-01
9.510517052973805896e-01
9.487171396089163489e-01
9.464250124369781858e-01
9.441993985489298691e-01
9.420651935121535647e-01
9.400479051327991220e-01
9.381734634985910981e-01
9.364680483612860540e-01
9.349579316787489658e-01
9.336693321788821498e-01
9.326282777548450253e-01
9.318604702923171113e-01
9.313911460701125300e-01
9.312449230482037210e-01
9.314456239911360624e-01
9.320160612434735814e-01
9.329777647503511018e-01
9.343506291486372017e-01
9.361524477928088173e-01
9.383982904971295280e-01
9.410996662269714985e-01
9.442633899998554847e-01
9.478900419894417118e-01
9.519718620205628312e-01
9.564898580122440652e-01
9.614098131005319736e-01
9.666767391971081702e-01
9.722071238655307646e-01
9.778780220709285542e-01
9.835116104442335194e-01
9.888531879611888176e-01
9.935396952124011527e-01
9.970545540008826091e-01
9.986629728770223258e-01
9.973200182412561565e-01
9.915425841514083904e-01
9.792385558961262948e-01
9.574988541773431505e-01
9.223965459493086438e-01
8.689326490281701343e-01
7.914616649499524037e-01
6.852091232619716976e-01
5.495720202379994479e-01
3.928914927581015903e-01
2.354573787185548217e-01
1.050847165414864198e-01
2.446309864785536914e-02
1.128476645215774257e-04
2.279121489346434479e-02
7.639104454841351421e-02
1.459616624561375919e-01
2.192618348451931543e-01
2.929163133876015457e-01
3.622255956434951574e-01
4.260662002407011317e-01
4.841995630361349279e-01
5.368626920041187356e-01
5.844938782036936953e-01
6.275870740842578455e-01
6.666214652483692937e-01
7.020315849087275240e-01
7.341982027465865368e-01
7.634492392419413020e-01
7.900650396617719950e-01
8.142851125917087707e-01
8.363149175138255842e-01
8.563320623792539665e-01
8.744916710870118681e-01
8.909308792974927060e-01
9.057725102962139729e-01
9.191280215217711991e-01
9.310998238179175601e-01
9.417830735998460323e-01
9.512670302533563493e-01
9.596360609157711385e-01
9.669703641380401615e-01
9.733464736539527706e-01
9.788375939533490167e-01
9.835138107096970117e-01
9.874422113810489288e-01
9.906869444654233803e-01
9.933092399110599047e-01
9.953674079960546095e-01
9.969168295318315831e-01
9.980099463948750582e-01
9.986962579751983426e-01
9.990223257754280439e-01
9.990317841954469147e-01
9.987653478251635741e-01
9.982607849102956843e-01
9.975527517880687922e-01
9.966720104257926760e-01
9.956404888004612985e-01
9.943533111817894898e-01
9.934105764061957888e-01
9.921028034943173424e-01
9.907770540240995460e-01
9.894334212691052732e-01
9.880855632868696947e-01
9.867476064707989547e-01
9.854325742070210170e-01
9.841520962478866874e-01
9.829163802969934638e-01
9.817342557823506288e-01
9.806132402569616158e-01
9.795596124962558937e-01
9.785784864563994434e-01
9.776738838383426389e-01
9.768488044561082217e-01
9.761052942669359300e-01
9.754445112423475450e-01
9.748667894155113034e-01
9.743717014852242286e-01
9.739581203016065558e-01
9.736242793750052860e-01
9.733678321747449846e-01
9.731859093439343411e-01
9.730751720372458058e-01
9.730318589507100935e-01
9.730518279055676567e-01
9.731306211248018645e-01
9.732637773432175621e-01
9.734493662189561691e-01
9.735866252312478375e-01
9.738244385159883221e-01
9.740701588215785467e-01
9.742417168925053828e-01
9.742253556102784540e-01
9.736883787985737282e-01
9.715511828225411595e-01
9.630839179692448626e-01
9.087178934812553122e-01
3.211000582233979883e-01
7.887026074597258685e-01
9.161265276383632195e-01
9.425516654439153319e-01
9.525137263310847757e-01
9.573787167859724168e-01
9.600396822661234619e-01
9.613620792373869239e-01
9.542880168959433362e-01
9.649582707271848747e-01
9.648676063082450849e-01
9.649552631096535160e-01
9.649997151322826650e-01
9.649903216166905162e-01
9.649426973321271195e-01
9.648772050211922302e-01
9.648149578146387739e-01
9.647770445688882424e-01
9.647844453806075915e-01
9.648580649786028252e-01
9.650187626737576352e-01
9.652874190306294233e-01
9.656852237901740743e-01
9.662305623038536240e-01
9.663117988619219778e-01
9.677195328264054375e-01
9.688243798732232293e-01
9.701161041214823033e-01
9.716212681971226894e-01
9.733527933864574155e-01
9.753222657825393327e-01
9.775464753468424695e-01
9.800609770761495865e-01
9.829581879080250273e-01
9.865159494392351514e-01
9.915468997401902795e-01
8.938789451066421199e-01
9.686845229450210537e-01
9.864027040238524391e-01
9.901641081331448158e-01
9.925310771629900497e-01
9.940456118237491756e-01
9.947532952340935042e-01
9.945466419327536611e-01
9.931022225985265406e-01
