9.990163617954750386e-01
9.990139976276612988e-01
9.990118906714526847e-01
9.990100422394092572e-01
9.990084535632952623e-01
9.990071257805283045e-01
9.990060599220661475e-01
9.990052569018826878e-01
9.990047175077908514e-01
9.990044423936916829e-01
9.990044320730893102e-01
9.990046869137423347e-01
9.990052071333774819e-01
9.990059927964805020e-01
9.990070438117406582e-01
9.990083599304614426e-01
9.990099407455833580e-01
9.990117856910728511e-01
9.990138940422254032e-01
9.990162649159505248e-01
9.990188972716556037e-01
9.990217899123973178e-01
9.990249414861848143e-01
9.990283504874707399e-01
9.990320152588998415e-01
9.990359339930423577e-01
9.990401047343517860e-01
9.990445253809620008e-01
9.990491936867287315e-01
9.990541072632366237e-01
9.990592635818270617e-01
9.990646599754134938e-01
9.990702936407648282e-01
9.990761616403017742e-01
9.990822609042275815e-01
9.990885882323350398e-01
9.990951402961768535e-01
9.991019136408958445e-01
9.991089046872667634e-01
9.991161097336268559e-01
9.991235249579040190e-01
9.991311464195492542e-01
9.991389700615480596e-01
9.991469917125307409e-01
9.991552070886539072e-01
9.991636117957867214e-01
9.991722013315927908e-01
9.991809710876637940e-01
9.991899163516374527e-01
9.991990323095294446e-01
9.992083140477965308e-01
9.992177565558554297e-01
9.992273547282991553e-01
9.992371033673319580e-01
9.992469971851800636e-01
9.992570308066298645e-01
9.992671987715787685e-01
9.992774955375942625e-01
9.992879154826234123e-01
9.992984529076612832e-01
9.993091020394920809e-01
9.993198570335541930e-01
9.993307119767330660e-01
9.993416608903394893e-01
9.993526977329589833e-01
9.993638164035615334e-01
9.993750107444717701e-01
9.993862745445140083e-01
9.993976015420665826e-01
9.994089854283119134e-01
9.994204198504457182e-01
9.994318984148063967e-01
9.994434146902468896e-01
9.994549622114565768e-01
9.994665344822363240e-01
9.994781249789658206e-01
9.994897271537948047e-01
9.995013344382909226e-01
9.995129402467721746e-01
9.995245379796861007e-01
9.995361210271619390e-01
9.995476827725422453e-01
9.995592165957968289e-01
9.995707158769849832e-01
9.995821739998755895e-01
9.995935843554015765e-01
9.996049403451676696e-01
9.996162353850317484e-01
9.996274629085085683e-01
9.996386163704319427e-01
9.996496892502676479e-01
9.996606750557932575e-01
9.996715673264918722e-01
9.996823596369505127e-01
9.996930456004688992e-01
9.997036188724427452e-01
9.997140731536552360e-01
9.997244021938223035e-01
9.997345997949359520e-01
9.997446598145152130e-01
9.997545761690587174e-01
9.997643428371472130e-01
9.997739538628910294e-01
9.997834033589477754e-01
9.997926855099306120e-01
9.998017945752556423e-01
9.998107248924889001e-01
9.998194708803133102e-01
9.998280270414545701e-01
9.998363879657716780e-01
9.998445483331231953e-01
9.998525029161223765e-01
9.998602465831630814e-01
9.998677743009677377e-01
9.998750811373674496e-01
9.998821622639989526e-01
9.998890129588197118e-01
9.998956286085686207e-01
9.999020047114033360e-01
9.999081368791253865e-01
9.999140208395915774e-01
9.999196524389786234e-01
9.999250276439360929e-01
9.999301425437978619e-01
9.999349933525325529e-01
9.999395764108057749e-01
9.999438881879183505e-01
9.999479252836083187e-01
9.999516844298089735e-01
9.999551624924051252e-01
9.999583564728268259e-01
9.999612635095399549e-01
9.999638808797498557e-01
9.999662060005496400e-01
9.999682364303358328e-01
9.999699698701910444e-01
9.999714041648565255e-01
9.999725373040628806e-01
9.999733674233972636e-01
9.999738928053610865e-01
9.999741118803063822e-01
9.999740232271396856e-01
9.999736255741927815e-01
9.999729177999089336e-01
9.999718989333983288e-01
9.999705681551079861e-01
9.999689247972239903e-01
9.999669683441635426e-01
9.999646984329740862e-01
9.999621148535844384e-01
9.999592175491303081e-01
9.999560066160932958e-01
9.999524823044503297e-01
9.999486450178429742e-01
9.999444953134516423e-01
9.999400339020080297e-01
9.999352616477135136e-01
9.999301795679609306e-01
9.999247888331727063e-01
9.999190907663692007e-01
9.999130868426929775e-01
9.999067786888815590e-01
9.999001680825923000e-01
9.998932569515315283e-01
9.998860473724595632e-01
9.998785415700162105e-01
9.998707419152625953e-01
9.998626509241961280e-01
9.998542712555642531e-01
9.998456057088319637e-01
9.998366572213840398e-01
9.998274288655749631e-01
9.998179238451604389e-01
9.998081454911844634e-01
9.997980972573657921e-01
9.997877827147354513e-01
9.997772055455360629e-01
9.997663695363293579e-01
9.997552785702138456e-01
9.997439366180365106e-01
9.997323477286979010e-01
9.997205160182205397e-01
9.997084456577280953e-01
9.996961408602896837e-01
9.996836058665792279e-01
9.996708449292458498e-01
9.996578622963715466e-01
9.996446621936251331e-01
9.996312488058773926e-01
9.996176262578494454e-01
9.996037985947830995e-01
9.995897697629689826e-01
9.995755435910588238e-01
9.995611237728720955e-01
9.995465138523674797e-01
9.995317172122862859e-01
9.995167370675863694e-01
9.995015764657265711e-01
9.994862382956090086e-01
9.994707253083818799e-01
