9.996682782656214350e-01
9.989853748090746777e-01
9.981163213417085789e-01
9.971194048846246938e-01
9.960456343181168792e-01
9.949388604142166415e-01
9.938360442589212473e-01
9.927676375964847866e-01
9.917580436591598714e-01
9.908261317204281049e-01
9.899857829000172638e-01
9.892464486388312661e-01
9.886137067523882438e-01
9.880898030682566668e-01
9.876741693724689908e-01
9.873639107531282377e-01
9.871542574575213891e-01
9.870389781004991203e-01
9.870107525033273710e-01
9.870615036282928134e-01
9.871826890372041863e-01
9.873655530623289822e-01
9.876013414649373878e-01
9.878814807913439688e-01
9.881977249413900211e-01
9.885422716587072278e-01
9.889078517558460568e-01
9.892877939142621369e-01
9.896760678664101585e-01
9.900673086847109339e-01
9.904568247836089689e-01
9.908405920939520328e-01
9.912152367040528711e-01
9.915780080817352404e-01
9.919267448085349326e-01
9.922598345687674293e-01
9.925761699526156612e-01
9.928751014510130979e-01
9.931563888485754887e-01
9.934201520563586962e-01
9.936668222734317268e-01
9.938970942234052197e-01
9.941118800817868584e-01
9.943122655907132845e-01
9.944994687497498154e-01
9.946748013762030105e-01
9.948396337420731816e-01
9.949953624205679636e-01
9.951433814096648511e-01
9.952850565446509368e-01
9.954217031631775736e-01
9.955545669479445303e-01
9.956848078377873446e-01
9.958134868729296985e-01
9.959415558186744954e-01
9.960698493966668732e-01
9.961990799414117692e-01
9.963298342926916185e-01
9.964625727308250580e-01
9.965976297604226541e-01
9.967352165501839334e-01
9.968754248398219442e-01
9.970182321301468420e-01
9.971635079795511114e-01
9.973110212371780747e-01
9.974604480523570071e-01
9.976113805081596730e-01
9.977633357370750966e-01
9.979157653860982746e-01
9.980680653085758358e-01
9.982195853695841059e-01
9.983696392611909332e-01
9.985175142336547571e-01
9.986624806570207902e-01
9.988038013364133327e-01
9.989407405128439832e-01
9.990725724883546821e-01
9.991985898229264196e-01
9.993181110558140290e-01
9.994304879117106299e-01
9.995351119576452170e-01
9.996314206818736059e-01
9.997189029711038843e-01
9.997971039674132809e-01
9.998656292903603804e-01
9.999241486134159418e-01
9.999723985878511412e-01
1.000010185110455696e+00
1.000037384934109541e+00
1.000053946623794543e+00
1.000059890862120104e+00
1.000055310112220264e+00
1.000040367646710227e+00
1.000015295954574945e+00
9.999803945397480742e-01
9.999360271266261035e-01
9.998826182902634807e-01
9.998206495312423892e-01
9.997506548164993845e-01
9.996732156100179845e-01
9.995889554197293636e-01
9.994985338885291615e-01
9.994026404609064329e-01
9.993019876580403471e-01
9.991973039984766158e-01
9.990893266030420605e-01
9.989787935276952524e-01
9.988664358698440271e-01
9.987529696985429917e-01
9.986390878630059253e-01
9.985254517376551675e-01
9.984126829669368597e-01
9.983013552784493205e-01
9.981919864369110940e-01
9.980850304182615762e-01
9.979808698878196438e-01
9.978798090722585945e-01
9.977820671211612424e-01
9.976877720595844767e-01
9.975969554376808990e-01
9.975095477895121743e-01
9.974253750163774024e-01
9.973441558132947193e-01
9.972655002585144590e-01
9.971889096840659272e-01
9.971137779408695279e-01
9.970393941609361210e-01
9.969649471016132081e-01
9.968895311285120853e-01
9.968121538503650347e-01
9.967317453539714656e-01
9.966471688921251237e-01
9.965572327373275474e-01
9.964607027080794044e-01
9.963563145751967998e-01
9.962427851113905275e-01
9.961188198904906699e-01
9.959831149614926105e-01
9.958343480376117274e-01
9.956711525749378788e-01
9.954920646041821586e-01
9.952954266627171975e-01
9.950792243607075038e-01
9.948408167703916005e-01
9.945764979982696374e-01
9.942807867893960205e-01
9.939452703290775348e-01
9.935567013792787616e-01
9.930938116936854909e-01
9.925218476430024417e-01
9.917829064430409014e-01
9.907781537181186149e-01
9.893333520978632167e-01
9.871270344787231865e-01
9.835231937350905618e-01
9.770923764948483692e-01
9.633895585950695839e-01
8.872761367153330081e-01
8.589284852617267152e-01
8.054929986037329126e-01
6.067211504536739186e-01
4.153360101507714841e-01
5.189020249680951213e-01
6.718476198429716995e-01
7.518763970189293877e-01
7.680041923589560060e-01
7.028700316135613191e-01
5.133589373180362792e-01
4.258887543849931290e-01
5.751206387079326188e-01
6.971431695780210269e-01
7.657461067763123852e-01
8.059118688662194607e-01
8.315419168864643940e-01
8.492266641615969780e-01
8.622670133526831870e-01
8.724544996934739949e-01
8.808398481529756685e-01
8.880868207613574761e-01
8.946498037355564703e-01
9.008742679095279593e-01
9.070674058834393705e-01
9.135716005649249238e-01
9.208863990331013216e-01
9.299513801067675889e-01
9.428398786702447687e-01
9.555072951887549904e-01
6.481017286179027170e-01
8.606895538909857812e-01
8.939164601299004476e-01
9.080607942357444839e-01
9.166732709563912840e-01
9.228105849369240277e-01
9.274929283729117513e-01
9.311266293737101574e-01
9.338819929789378138e-01
9.358245488418329705e-01
9.369703800220083867e-01
9.373136372130692617e-01
9.368424177262045793e-01
