9.968256758833720088e-01
9.969280614633880822e-01
9.970228860849005281e-01
9.971093600208023044e-01
9.971870596070335768e-01
9.972558686156220986e-01
9.973159238132631721e-01
9.973675651228610661e-01
9.974112906118806077e-01
9.974477163748995956e-01
9.974775412528988916e-01
9.975015162348359610e-01
9.975204183141814784e-01
9.975350285205091261e-01
9.975461138103252079e-01
9.975544124808178870e-01
9.975606227600222198e-01
9.975653942268287722e-01
9.975693217224191889e-01
9.975729414262469730e-01
9.975767287885300982e-01
9.975810980305223064e-01
9.975864029463498150e-01
9.975929387636355283e-01
9.976009448439175920e-01
9.976106080269988574e-01
9.976220664468220534e-01
9.976354136677441087e-01
9.976507030115708829e-01
9.976679519643275595e-01
9.976871465699841401e-01
9.977082457342112409e-01
9.977311853769429417e-01
9.977558823840746438e-01
9.977822383219758784e-01
9.978101428873586975e-01
9.978394770752281318e-01
9.978701160539471537e-01
9.979019317441376602e-01
9.979347951027153218e-01
9.979685781184211013e-01
9.980031555283100930e-01
9.980384062679975576e-01
9.980742146703642792e-01
9.981104714287862834e-01
9.981470743427448555e-01
9.981839288635089291e-01
9.982209484582657000e-01
9.982580548109081242e-01
9.982951778776424367e-01
9.983322558142869729e-01
9.983692347927791699e-01
9.984060687219864505e-01
9.984427188883936433e-01
9.984791535304204935e-01
9.985153473595890228e-01
9.985512810403731621e-01
9.985869406396995496e-01
9.986223170562238405e-01
9.986574054380450427e-01
9.986922045970062500e-01
9.987267164266954156e-01
9.987609453300756446e-01
9.987948976623866049e-01
9.988285811936042924e-01
9.988620045946604575e-01
9.988951769502785183e-01
9.989281073012774570e-01
9.989608042182125391e-01
9.989932754080704802e-01
9.990255273549857318e-01
9.990575649955560911e-01
9.990893914294834977e-01
9.991210076652025096e-01
9.991524124003646756e-01
9.991836018368027705e-01
9.992145695289450513e-01
9.992453062655309859e-01
9.992757999828003612e-01
9.993060357085279399e-01
9.993359955357404845e-01
9.993656586247029461e-01
9.993950012317405207e-01
9.994239967636948663e-01
9.994526158567501595e-01
9.994808264779370122e-01
9.995085940480363806e-01
9.995358815846440148e-01
9.995626498636516200e-01
9.995888575982525559e-01
9.996144616335158606e-01
9.996394171559342956e-01
9.996636779159148167e-01
9.996871964623381679e-01
9.997099243880224195e-01
9.997318125844745218e-01
9.997528115048430752e-01
9.997728714342070111e-01
9.997919427655492797e-01
9.998099762803673851e-01
9.998269234330436905e-01
9.998427366372462100e-01
9.998573695539423323e-01
9.998707773790477260e-01
9.998829171304021157e-01
9.998937479319803812e-01
9.999032312952319534e-01
9.999113313955341198e-01
9.999180153430095030e-01
9.999232534467689115e-01
9.999270194712353010e-01
9.999292908835912819e-01
9.999300490920096651e-01
9.999292796731635846e-01
9.999269725893487060e-01
9.999231223948349401e-01
9.999177284317856129e-01
9.999107950170353920e-01
9.999023316220594371e-01
9.998923530489961520e-01
9.998808796084837081e-01
9.998679373062930864e-01
9.998535580484777530e-01
9.998377798762846380e-01
9.998206472392882072e-01
9.998022113003185440e-01
9.997825302102190115e-01
9.997616691170807535e-01
9.997396991332194727e-01
9.997166927258231972e-01
9.996927068153057538e-01
9.996677202444721466e-01
9.996413743698444598e-01
9.996116150289718894e-01
9.995634662629341305e-01
9.991367477019190702e-01
9.987149182834126337e-01
9.993533835935923815e-01
9.993895225926224812e-01
9.993797256322918265e-01
9.993578595894948569e-01
9.993311025538516024e-01
9.993018364250648711e-01
9.992710762002927627e-01
9.992393305636254608e-01
9.992068836780644281e-01
9.991739049314655174e-01
9.991404971600116314e-01
9.991067197310863346e-01
9.990726002644675363e-01
9.990381408066912883e-01
9.990033211363772425e-01
9.989681005282855519e-01
9.989324186790881077e-01
9.988961961905939990e-01
9.988593348486493051e-01
9.988217178502035720e-01
9.987832100837595872e-01
9.987436585419487978e-01
9.987028929284166301e-01
9.986607265123438326e-01
9.986169572778538228e-01
9.985713694115898598e-01
9.985237351688919238e-01
9.984738171566739373e-01
9.984213710682612319e-01
9.983661489026079972e-01
9.983079026967904834e-01
9.982463887953604287e-01
9.981813726758523853e-01
9.981126343410321455e-01
9.980399742814894948e-01
9.979632200007367837e-01
9.978822330834625776e-01
9.977969167732801958e-01
9.977072240092187405e-01
9.976131658516991241e-01
9.975148202066447256e-01
9.974123407319828161e-01
9.973059657833631686e-01
9.971960272256558122e-01
9.970829589031725559e-01
9.969673045257981814e-01
9.968497246890212216e-01
9.967310027046201171e-01
9.966120488751781803e-01
9.964939028011615685e-01
9.963777332629419892e-01
9.962648351757481535e-01
9.961566230703114977e-01
9.960546205121082464e-01
9.959604448345081851e-01
9.958757865321588021e-01
9.958023826404416301e-01
9.957419834181601148e-01
9.956963116586717844e-01
9.956670139808022624e-01
9.956556035019187290e-01
9.956633933739977849e-01
9.956914207776499381e-01
