9.893508760933577006e-01
9.898756795651568741e-01
9.903339821955207123e-01
9.907294053507449405e-01
9.910665496243715733e-01
9.913506994563451302e-01
9.915875685055559607e-01
9.917830835375013310e-01
9.919432041653700738e-01
9.920737755108590683e-01
9.921804107040308462e-01
9.922684000944846927e-01
9.923426440796918602e-01
9.924076065511145961e-01
9.924672861000616297e-01
9.925252023010737723e-01
9.925843945875506558e-01
9.926474314456705805e-01
9.927164278708918710e-01
9.927930692473786456e-01
9.928786400252368471e-01
9.929740557745840857e-01
9.930798973899227500e-01
9.931964463998905757e-01
9.933237205054858965e-01
9.934615086225229152e-01
9.936094048432259074e-01
9.937668408551171284e-01
9.939331164657796425e-01
9.941074279774455569e-01
9.942888942390983864e-01
9.944765802746473593e-01
9.946695184469708240e-01
9.948667271663080847e-01
9.950672271942374580e-01
9.952700556261896425e-01
9.954742776624223577e-01
9.956789962955783224e-01
9.958833600581059597e-01
9.960865689810812773e-01
9.962878789217828324e-01
9.964866044186464489e-01
9.966821202314936068e-01
9.968738617214786268e-01
9.970613242195850434e-01
9.972440615267297304e-01
9.974216836798317498e-01
9.975938541103450685e-01
9.977602863123671284e-01
9.979207401286395163e-01
9.980750177524395639e-01
9.982229595353847573e-01
9.983644396804660648e-01
9.984993618920765535e-01
9.986276550454895595e-01
9.987492689306386451e-01
9.988641701170990483e-01
9.989723379802658565e-01
9.990737609222156701e-01
9.991684328143488614e-01
9.992563496837119086e-01
9.993375066597331990e-01
9.994118951933725903e-01
9.994795005570570323e-01
9.995402996295464915e-01
9.995942589674917667e-01
9.996413331617689524e-01
9.996814634750642581e-01
9.997145767545158046e-01
9.997405846120200890e-01
9.997593828628533741e-01
9.997708512122842617e-01
9.997748531792288729e-01
9.997712362446884438e-01
9.997598322124423564e-01
9.997404577692993177e-01
9.997129152313145584e-01
9.996769934634524013e-01
9.996324689586020273e-01
9.995791070631769859e-01
9.995166633363821163e-01
9.994448850301194121e-01
9.993635126769518928e-01
9.992722817739692065e-01
9.991709245508342274e-01
9.990591718100547691e-01
9.989367548285260634e-01
9.988034073094782528e-01
9.986588673740912636e-01
9.985028795830261927e-01
9.983351969774206802e-01
9.981555831305627402e-01
9.979638142002975609e-01
9.977596809734750050e-01
9.975429908938394652e-01
9.973135700643520618e-01
9.970712652155776512e-01
9.968159456320498935e-01
9.965475050277643465e-01
9.962658633623022730e-01
9.959709685890782982e-01
9.956627983258325987e-01
9.953413614379432728e-01
9.950066995225128608e-01
9.946588882807030352e-01
9.942980387612633253e-01
9.939242984555060056e-01
9.935378522148415881e-01
9.931389229517862960e-01
9.927277720665174110e-01
9.923046995095307077e-01
9.918700433387601656e-01
9.914241785374086069e-01
9.909675146901619769e-01
9.905004918010001935e-01
9.900235729120731021e-01
9.895372308879031298e-01
9.890419238626558807e-01
9.885380470090761040e-01
9.880258304087785604e-01
9.875051003839565578e-01
9.869746432468644581e-01
9.864301661842054258e-01
9.858556527562893912e-01
9.851630753173213906e-01
9.824994650803716700e-01
9.830563784115581294e-01
9.836922456313836882e-01
9.832585632047934343e-01
9.827541140277575860e-01
9.822375252417661073e-01
9.817207145118468370e-01
9.812080460229017920e-01
9.807019903353780821e-01
9.802044292203213605e-01
9.797170506160270964e-01
9.792414935884238281e-01
9.787794111448130385e-01
9.783325027020910447e-01
9.779025346894406612e-01
9.774913567127909708e-01
9.771009166181686689e-01
9.767332761457064860e-01
9.763906281622252159e-01
9.760753161502391251e-01
9.757898564952904863e-01
9.755369640577112866e-01
9.753195814973333322e-01
9.751409128148786909e-01
9.750044615677269100e-01
9.749140741948223443e-01
9.748739888269903897e-01
9.748888898388067270e-01
9.749639681745271291e-01
9.751049870880715842e-01
9.753183522731249111e-01
9.756111842528667477e-01
9.759913890777341949e-01
9.764677203910555603e-01
9.770498210119710203e-01
9.777482240824898474e-01
9.785742803485676378e-01
9.795399554943945430e-01
9.806574028789424302e-01
9.819381503110405918e-01
9.833916219883764853e-01
9.850225053615506710e-01
9.868260833521880215e-01
9.887799156583771953e-01
9.908288161497433855e-01
9.928571752413919427e-01
9.946366079285707817e-01
9.957236761826886440e-01
9.952523282855638698e-01
9.914943541190117671e-01
9.808872443074228009e-01
9.558119904489253971e-01
8.995841831645113862e-01
7.773007690166133798e-01
5.367267381796595460e-01
2.000727810031028286e-01
1.053416803429699754e-02
9.608181782980122765e-02
2.685142763158466783e-01
4.109465333769666828e-01
5.117727671934230171e-01
5.822835612634066349e-01
6.327354715962879572e-01
6.699123910085554856e-01
6.980846008056251772e-01
7.199633768173731019e-01
7.373122730657666324e-01
7.513097727438368123e-01
7.627636132720025941e-01
7.722397575946283732e-01
7.801419584585812528e-01
7.867621531523436573e-01
7.923132175470164462e-01
7.969507854072848119e-01
8.007881256909967771e-01
