1.003248175472893022e+00
1.009183924394930987e+00
1.013802378333472864e+00
1.017178176423296332e+00
1.019406837278383993e+00
1.020598617112940643e+00
1.020873152071128276e+00
1.020354866019068663e+00
1.019169111423580354e+00
1.017439000594363652e+00
1.015282877075118328e+00
1.012812371929511235e+00
1.010130986699185218e+00
1.007333143540076748e+00
1.004503643125056023e+00
1.001717471997970454e+00
9.990399028353342814e-01
9.965268331759854492e-01
9.942253102266085385e-01
9.921741908840799873e-01
9.904048865495006515e-01
9.889421408250745893e-01
9.878047836025245498e-01
9.870063955636628750e-01
9.865557998880853940e-01
9.864572684457199037e-01
9.867102804827068141e-01
9.873085903445049105e-01
9.882382260381717964e-01
9.894738161146439115e-01
9.909722649853595078e-01
9.926621537581642452e-01
9.944261325452853351e-01
9.960716235670464824e-01
9.972817039237098502e-01
9.975318815938366557e-01
9.959475540145441563e-01
9.910581380555493203e-01
9.803744514437265911e-01
9.596828866522806312e-01
9.219705645309563824e-01
8.562173081883600601e-01
7.476629671773490360e-01
5.845864753999618912e-01
3.779551515056508437e-01
1.797288282576197105e-01
5.408938418402133019e-02
1.959954388637192776e-02
4.964203683890613950e-02
1.105368261002053348e-01
1.791581543371408014e-01
2.435779346657641342e-01
2.994396526226946742e-01
3.462330975710786185e-01
3.849249417302921805e-01
4.168386244563011545e-01
4.432265115787129006e-01
4.651432999532205681e-01
4.834254535197688440e-01
4.986515985251622762e-01
5.094375546652597508e-01
5.244069279358921642e-01
5.335157409882747004e-01
5.416928953009438885e-01
5.488733189371599597e-01
5.551952583267008023e-01
5.607966938163509996e-01
5.657979529805863272e-01
5.703013749555002621e-01
5.743935728139626384e-01
5.781478918879299211e-01
5.816265829437688994e-01
5.848826249345498995e-01
5.879612317398776877e-01
5.909010970853939559e-01
5.937354302479974644e-01
5.964928288879768337e-01
5.991980296886116886e-01
6.018725745049645637e-01
6.045354310500175021e-01
6.072036154563464905e-01
6.098928850658966727e-01
6.126186166087441709e-01
6.153970892951788896e-01
6.182476374204493030e-01
6.211967630000522211e-01
6.242870921313754540e-01
6.276000599992743734e-01
6.313262468036026087e-01
6.360649377941790528e-01
6.452676581215571749e-01
5.781632277604438208e-01
6.314951477350523312e-01
6.384151579548498212e-01
6.429598103116884733e-01
6.468735438140341687e-01
6.505478845668238863e-01
6.541188234380926891e-01
6.576450087838847658e-01
6.611537430405741711e-01
6.645866839711076501e-01
6.682223758295632310e-01
6.717890761764989671e-01
6.754255800493865758e-01
6.792011595164547666e-01
6.791071387816554061e-01
6.801132657342544574e-01
6.867936213825259761e-01
6.907752931085029413e-01
6.943265747807895183e-01
6.976906959241250261e-01
7.009206476985361256e-01
7.040249996747548478e-01
7.069962400533646996e-01
7.098187316156673310e-01
7.124713703000683518e-01
7.149284710552585853e-01
7.171599314710364048e-01
7.191310396280660155e-01
7.208020657034499568e-01
7.221276895095438686e-01
7.230562769723583028e-01
7.235289970535512261e-01
7.234787549089151115e-01
7.228289012854590689e-01
7.214916578069955344e-01
7.193661672365899706e-01
7.163360273946989265e-01
7.122660783604597423e-01
7.069980455403506170e-01
7.003443087419032320e-01
6.920783626804514199e-01
6.819189300866922432e-01
6.695007130030681264e-01
6.543138159890694583e-01
6.355592303029541368e-01
6.117350983338888382e-01
5.790916312719603942e-01
5.223736958006715003e-01
2.270143143937124741e-01
6.396924044428246026e-01
5.499467648047524637e-01
4.943874323687794670e-01
4.431263979719403667e-01
3.910463228937710589e-01
3.369839526478392577e-01
2.811812506576684689e-01
2.247485321785041568e-01
1.695077563794052944e-01
1.178738305764976818e-01
7.265748004539290816e-02
3.675123630606199482e-02
1.272275117595108966e-02
2.398636084342472240e-03
6.554301130607400119e-03
2.480664585554906432e-02
5.573918257037599466e-02
9.720795840601217930e-02
1.467249598969673496e-01
2.018143737238832780e-01
2.602750330635444365e-01
3.203343980531871971e-01
3.807414709761491878e-01
4.411581186076061201e-01
4.909648087507490488e-01
5.520477422200426032e-01
6.070939729083719705e-01
6.598796748459528905e-01
7.106555542211696608e-01
7.593269386945858956e-01
7.892239889339042191e-01
8.245158626828594794e-01
8.751477387856437806e-01
9.094873416485257378e-01
9.345073240377659296e-01
9.485706885652782638e-01
9.488472341711308156e-01
9.322627210538142473e-01
8.962534930177308290e-01
8.396255025539486327e-01
7.633079462286624928e-01
6.706612962704586733e-01
5.671484031367456380e-01
4.595003750802782450e-01
3.547014759600545242e-01
2.590360318005995865e-01
1.773012976768803539e-01
1.122962306643031510e-01
6.472547320994873066e-02
3.353728481434903319e-02
1.652582013627572344e-02
1.095497346174398486e-02
1.403386332917063578e-02
2.319288971433026633e-02
3.618857772179819021e-02
5.108740391859790259e-02
6.616040893687187563e-02
7.966976118840111976e-02
8.940085608727320332e-02
9.132467283526846114e-02
