8.428733063269130410e-01
8.541549034352917680e-01
8.673088504366410767e-01
8.820078062415190878e-01
8.979392192210529089e-01
9.147930338969277875e-01
9.322399310301000552e-01
9.498948748886196780e-01
9.672568901486423565e-01
9.836093695005637683e-01
9.978540099044567180e-01
1.008233464278613933e+00
1.011872736946389129e+00
1.004049878254726247e+00
9.771570991876852297e-01
9.196613103822208757e-01
8.165911207818826734e-01
6.556917024672054284e-01
4.440969749004237688e-01
2.260571488331906131e-01
6.704337478364912062e-02
2.412039107639360469e-03
1.773141430988644726e-02
7.797592065338387890e-02
1.549151899352301798e-01
2.330413618746169091e-01
3.057488012772294206e-01
3.710519090463698655e-01
4.289886847619822641e-01
4.803397154042266526e-01
5.260624626226871881e-01
5.670655041883904124e-01
6.041332026806356392e-01
6.379129728208022820e-01
6.689262561161739562e-01
6.975866331690360189e-01
7.242184061234530068e-01
7.490732798165505857e-01
7.723446965456326474e-01
7.941773572112557078e-01
8.146840970585028652e-01
8.339423977651982955e-01
8.520138438428699335e-01
8.689364559203048843e-01
8.847403847707536739e-01
8.994460522645267853e-01
9.130685643174272226e-01
9.256203208786192294e-01
9.371131532798809838e-01
9.475600324095476701e-01
9.569763913095949981e-01
9.653811011341666415e-01
9.727971366274144049e-01
9.792519660370764267e-01
9.847777000056736618e-01
9.894110339144698285e-01
9.931930179759043131e-01
9.961686888049433586e-01
9.983865951637580505e-01
9.998982458346935553e-01
1.000757523974631802e+00
1.001020053577732938e+00
1.000742599273958477e+00
9.999824674098919397e-01
9.987969512123484606e-01
9.972428253764642481e-01
9.953759005993845221e-01
9.932506452152440879e-01
9.909198788860711371e-01
9.884345416673442353e-01
9.858435407589383193e-01
9.831936769612082960e-01
9.805296534006019415e-01
9.778941706425419156e-01
9.753281151483718103e-01
9.728708525954895547e-01
9.705606445746132183e-01
9.684352177623277713e-01
9.665325307326111393e-01
9.648918082758990433e-01
9.635549517549566456e-01
9.625684957685477494e-01
9.619863821013451277e-01
9.618739895506962512e-01
9.623141417476093196e-01
9.634162972638369293e-01
9.653309262643464672e-01
9.682722412750572882e-01
9.725517753015672229e-01
9.786184042272938477e-01
9.870808369121155668e-01
9.979921418012239753e-01
1.003576773503818576e+00
8.636501489041754631e-01
6.658814833639659092e-02
6.219496097654536593e-01
7.714334460353052814e-01
8.274573537777926147e-01
8.563074684739954145e-01
8.741793273233403605e-01
8.866926057072913592e-01
8.962692482105742986e-01
9.041150313934175342e-01
9.108954830024470484e-01
9.170077865588767141e-01
9.227041390268221344e-01
9.281530192563548498e-01
9.334717358903877882e-01
9.387444619277259816e-01
9.440322137237493472e-01
9.493777314326216077e-01
9.548063764875646120e-01
9.603228885232446554e-01
9.659025209933536082e-01
9.714731052939588052e-01
9.768810340212289445e-01
9.818271231307185154e-01
9.857437279814027509e-01
9.875532044909982599e-01
9.851793759027090980e-01
9.745353880059456353e-01
9.474241653517704309e-01
8.874730225421687546e-01
7.646985486260727827e-01
5.421866912729466081e-01
2.421652575321365242e-01
2.880200079212857922e-02
1.794967351779869560e-02
1.213973122955485234e-01
2.381151732711428437e-01
3.331046255409894075e-01
4.030709792099004818e-01
4.523009008582207779e-01
4.852933597139593713e-01
5.053114022085759549e-01
5.143956863247240996e-01
5.136127828014995789e-01
5.032688006442667117e-01
4.830646072158753523e-01
4.522351977252764832e-01
4.097536687995212978e-01
3.547335175221246195e-01
2.872313403379764263e-01
2.096593021520622713e-01
1.287190010801031737e-01
5.678827450700008744e-02
1.029396682567355371e-02
3.178856826160070780e-03
3.868061144335615403e-02
1.071400724910304830e-01
1.922763309324557746e-01
2.794027862453171140e-01
3.593673327126774009e-01
4.275607782192685780e-01
4.847235676533119819e-01
5.309158349989518966e-01
5.677914645836464880e-01
5.969235537851980133e-01
6.196987156649690354e-01
6.372713369912043069e-01
6.505773572602944199e-01
6.603853880291611356e-01
6.667624778703720168e-01
6.713985838645832871e-01
6.736724443407339225e-01
6.741314904207807990e-01
6.730338689374328887e-01
6.705841648043469050e-01
6.669508827464695200e-01
6.622750056682715769e-01
6.566757915843585147e-01
6.502548381785028253e-01
6.430997114427905448e-01
6.352848565251761892e-01
6.268743500573081828e-01
6.179221849225984275e-01
6.084729175577625604e-01
5.985618364711929873e-01
5.882148583977300227e-01
5.774482121161990111e-01
5.662679650765932715e-01
5.546694466729934492e-01
5.426366239925638491e-01
5.301414909911741358e-01
5.171435402765567346e-01
5.035893981573084099e-01
4.894127186030072241e-01
4.745344506213167723e-01
4.588636167303731805e-01
4.422987683024062755e-01
4.247302993136523042e-01
4.060439485328296016e-01
3.861255537821501327e-01
3.648675894033878153e-01
3.421778671476640166e-01
3.179905417852860738e-01
2.922800768283301265e-01
2.650783991945837581e-01
2.364954782508561504e-01
2.067432508546671877e-01
