9.934461498003834823e-01
9.930959661458461651e-01
9.927881304537401475e-01
9.925247450558739581e-01
9.923065185516866116e-01
9.921330046649748935e-01
9.920028223547519008e-01
9.919138557881811424e-01
9.918634335463920593e-01
9.918484870453716518e-01
9.918656886342311907e-01
9.919115701994659640e-01
9.919826233739853505e-01
9.920753826383947871e-01
9.921864927217757257e-01
9.923127617748336293e-01
9.924512018063308405e-01
9.925990578567421840e-01
9.927538273386182777e-01
9.929132709049459660e-01
9.930754161261783342e-01
9.932385551633270415e-01
9.934012375256797700e-01
9.935622588999510896e-01
9.937206469357494631e-01
9.938756447713879005e-01
9.940266929882338731e-01
9.941734105890472906e-01
9.943155755106430904e-01
9.944531051004509292e-01
9.945860369139416512e-01
9.947145101228729303e-01
9.948387477656546185e-01
9.949590400163333959e-01
9.950757286035171179e-01
9.951891924683405888e-01
9.952998347166164272e-01
9.954080708888435325e-01
9.955143185477559609e-01
9.956189881611834380e-01
9.957224752416574676e-01
9.958251536899376255e-01
9.959273702798776551e-01
9.960294402138155645e-01
9.961316436722206236e-01
9.962342232785702523e-01
9.963373823980384847e-01
9.964412841888971029e-01
9.965460513262989206e-01
9.966517663205630706e-01
9.967584723540015013e-01
9.968661745651363759e-01
9.969748417114486783e-01
9.970844081473489995e-01
9.971947760577245523e-01
9.973058178923794870e-01
9.974173789509546140e-01
9.975292800726827114e-01
9.976413203898453208e-01
9.977532801078642377e-01
9.978649232793921353e-01
9.979760005437416925e-01
9.980862518063526867e-01
9.981954088371678413e-01
9.983031977692788939e-01
9.984093414831506363e-01
9.985135618635857524e-01
9.986155819199112882e-01
9.987151277616705958e-01
9.988119304246654284e-01
9.989057275436288297e-01
9.989962648696509850e-01
9.990832976323931192e-01
9.991665917477646763e-01
9.992459248732975530e-01
9.993210873145813578e-01
9.993918827864691767e-01
9.994581290345723179e-01
9.995196583219068120e-01
9.995763177871356264e-01
9.996279696813096249e-01
9.996744914900487222e-01
9.997157759488525253e-01
9.997517309597658830e-01
9.997822794183605088e-01
9.998073589599481004e-01
9.998269216353197208e-01
9.998409335270231901e-01
9.998493743179844850e-01
9.998522368266243854e-01
9.998495265234529361e-01
9.998412610483177199e-01
9.998274697496702945e-01
9.998081932732842958e-01
9.997834832348295730e-01
9.997534020197916815e-01
9.997180227687819665e-01
9.996774296265218407e-01
9.996317183609548795e-01
9.995809975028278060e-01
9.995253902210015085e-01
9.994650372478367517e-01
9.994001013270760181e-01
9.993307739071304319e-01
9.992572852215961809e-01
9.991799196074202527e-01
9.990990391669803961e-01
9.990151211786580943e-01
9.989288190790571731e-01
9.988410657846260587e-01
9.987532574092873316e-01
9.986676003146000014e-01
9.985878191140300508e-01
9.985207534397494422e-01
9.984804847006865103e-01
9.985013243965453755e-01
9.986939300091498550e-01
9.996944868447581456e-01
9.912926924951573904e-01
9.959674320439709794e-01
9.963952005764905584e-01
9.964534837176549642e-01
9.963985721771640991e-01
9.962917310567314111e-01
9.961549401370715096e-01
9.959979672103652648e-01
9.958257657299283139e-01
9.956410757854583515e-01
9.954455034187277285e-01
9.952400252001896153e-01
9.950252466506093185e-01
9.948015446895043246e-01
9.945691511948856478e-01
9.943282048029278286e-01
9.940787847147528611e-01
9.938209338858597919e-01
9.935546757339659418e-01
9.932800267761555668e-01
9.929970066445590327e-01
9.927056463763230809e-01
9.924059955407958933e-01
9.920981285619384638e-01
9.917821504640585983e-01
9.914582021824261959e-01
9.911264655230944687e-01
9.907871678157639250e-01
9.904405862741785249e-01
9.900870520574944766e-01
9.897269540091283568e-01
9.893607420368246697e-01
9.889889300874971090e-01
9.886120986617614737e-01
9.882308968067089472e-01
9.878460435203745282e-01
9.874583284972149322e-01
9.870686121426957005e-01
9.866778247839661509e-01
9.862869650052481507e-01
9.858970970404867806e-01
9.855093471612884626e-01
9.851248990074413792e-01
9.847449878190941419e-01
9.843708935451261910e-01
9.840039328218507242e-01
9.836454498403423008e-01
9.832968061497754375e-01
9.829593694787671643e-01
9.826345016978227376e-01
9.823235460926404983e-01
9.820278141740109712e-01
9.817485723106594842e-01
9.814870285432208963e-01
9.812443200150539058e-01
9.810215015436233310e-01
9.808195359519009671e-01
9.806392868831156351e-01
9.804815149343728553e-01
9.803468780629426282e-01
9.802359373419697874e-01
9.801491692674375589e-01
9.800869859406921014e-01
9.800497645642147759e-01
9.800378877841274816e-01
9.800517964754211775e-01
9.800920565748098001e-01
9.801594414874617023e-01
9.802550313775791890e-01
9.803803302159205257e-01
9.805374006730291914e-01
9.807290156006007731e-01
9.809588225905153669e-01
9.812315143518564042e-01
9.815529914029194059e-01
9.819304930957328814e-01
9.823726551866497347e-01
9.828894214485818237e-01
9.834916828238808861e-01
9.841904206484261008e-01
9.849949520285327109e-01
9.859095378480237093e-01
