9.033213592706034190e-01
9.221066238936378445e-01
9.435849374170118820e-01
9.673110755789505744e-01
9.911469212610473090e-01
1.008467447583264676e+00
1.001521115764406611e+00
9.294874343862025157e-01
7.294649567245283794e-01
4.031687982337929244e-01
1.197851661482125518e-01
6.801355820628477745e-03
1.317264080352021152e-02
6.244293293326042688e-02
1.181407399493733801e-01
1.686517652756673868e-01
2.117304912075876344e-01
2.479931564231598329e-01
2.787029206869218734e-01
3.050963608118180681e-01
3.282175605723922085e-01
3.489089824967309683e-01
3.678440224730655794e-01
3.855650386093548709e-01
4.025167997860746860e-01
4.190737460530984393e-01
4.355619583465067945e-01
4.522773003790530044e-01
4.695011945181371549e-01
4.875153973765628534e-01
5.066171118209439328e-01
5.271358696995502857e-01
5.494538676569411528e-01
5.740318238359056746e-01
6.014428099179175424e-01
6.324163278308723157e-01
6.678920796538815319e-01
7.090702627446731077e-01
7.573977194369638788e-01
8.142560712588876592e-01
8.794798955663716278e-01
9.454935864934230771e-01
9.766035143942847219e-01
8.613879704346935062e-01
4.802048285336960043e-01
1.029841146926213369e-01
1.185321291096671131e-04
4.527456313109536057e-02
1.233914708488884626e-01
1.991296071813488389e-01
2.658262130960885039e-01
3.239530522374749477e-01
3.752622734275301575e-01
4.212463842909022760e-01
4.635109997593879760e-01
5.027297648038389077e-01
5.396532757642075184e-01
5.747701832061916649e-01
6.084185899672387432e-01
6.408235811246467684e-01
6.721231319530200921e-01
7.023868738050401683e-01
7.316302019949066926e-01
7.598253986532225168e-01
7.869109121773353310e-01
8.127995592394208213e-01
8.373861399023296848e-01
8.605547469885983514e-01
8.821858870296034327e-01
9.021634013967850807e-01
9.203810787828204942e-01
9.367487841315670360e-01
9.511978958855094035e-01
9.636858438329310994e-01
9.741995725281161755e-01
9.827578159233838484e-01
9.894121503988514421e-01
9.942468869926261998e-01
9.973779607844811546e-01
9.989510709950258915e-01
9.991394236413457808e-01
9.981415579935559723e-01
9.961800028271098340e-01
9.935023116994791126e-01
9.903893041238586159e-01
9.871943267786467135e-01
9.846498398849208300e-01
9.681593112247519617e-01
9.766717988723025989e-01
9.761129668381602897e-01
9.766244177215552824e-01
9.787347870451835741e-01
9.823701525540258217e-01
9.860490257263262448e-01
9.834405081879430410e-01
9.500814360304745687e-01
7.950679914630653933e-01
3.390035653540259264e-01
2.226332731327078027e-03
1.417182139365920079e-01
3.175178936781058447e-01
4.337751037088322104e-01
5.094264063763291883e-01
5.621081193986464664e-01
6.019117922730712333e-01
6.345617855325356160e-01
6.635103780000670692e-01
6.910063173037745976e-01
7.186260068089544983e-01
7.475185502938295201e-01
7.784459903350376964e-01
8.115326899618771073e-01
8.450390274779235877e-01
8.625329772970152797e-01
9.588311543783675228e-01
9.610108932186282038e-01
9.424398359764716293e-01
8.598339980533095117e-01
6.911392132905024299e-01
4.634254185548117855e-01
2.496986862818413866e-01
1.038713307860050228e-01
2.875155447944018408e-02
2.148308184833969126e-03
2.618756993279770795e-03
1.638877205098509399e-02
3.591141034069759291e-02
5.737269508268293822e-02
7.897438796215135171e-02
9.997854282470373943e-02
1.202476936104026201e-01
1.401795403163638432e-01
1.617780980028828697e-01
2.243892216101027737e-01
1.716936119208235800e-01
1.938794806175425378e-01
2.106131781498877253e-01
2.259182262437944011e-01
2.405847503508616037e-01
2.549290436524467296e-01
2.691333189391374447e-01
2.833261745788594466e-01
2.976090926180749996e-01
3.120672695601357516e-01
3.267747909100935932e-01
3.417973945983754369e-01
3.571940522515060223e-01
3.730178960786116882e-01
3.893167471638488419e-01
4.061333897396209314e-01
4.235056949573669516e-01
4.414666958684745346e-01
4.600447466866979251e-01
4.792639740936464610e-01
4.991453772372622111e-01
5.197092275731819422e-01
5.409800260312258580e-01
5.629966044082742593e-01
5.858331180665086180e-01
6.096449889082626861e-01
6.347787417464146875e-01
6.620733063286124986e-01
6.938860801873700801e-01
7.391860734963944246e-01
8.765237992729077998e-01
5.360379660506444655e-01
6.757332098125049535e-01
7.173664132981105723e-01
7.428709189770398291e-01
7.608819527659690385e-01
7.728775167341944696e-01
7.780879870430584822e-01
7.738157238301862639e-01
7.539546921100798160e-01
7.042987579861789138e-01
5.891817918970774226e-01
3.297267575864223366e-01
1.487883541054171865e-02
2.854567817030264631e-01
6.230475734526503828e-01
7.704379237243867973e-01
8.314455077735435351e-01
8.550908437090021241e-01
8.550616601715725906e-01
8.184793576218273303e-01
5.333200251080071341e-01
9.998917963278505239e-01
9.959606789592317933e-01
9.701683433062971984e-01
9.346916376551599459e-01
8.534791300336361797e-01
6.450927126144176960e-01
2.440830368371686432e-01
4.682539765807259072e-03
1.426816043437508230e-01
3.431463542003432288e-01
4.993348548780603968e-01
6.222990408195702150e-01
7.308197397654014882e-01
8.325859074036731089e-01
