9.109517205874708701e-01
8.850626730328605696e-01
8.516943655078799136e-01
7.910125039060644792e-01
6.770991178165657320e-01
4.963882044531010562e-01
2.834752330561436939e-01
1.120356456014737212e-01
2.231158834491983600e-02
-2.899089721381033777e-04
1.387968409531189183e-02
4.330567491117634504e-02
7.692165381931706514e-02
1.098851971787462023e-01
1.403642215447865882e-01
1.678520543997974179e-01
1.923863819920323681e-01
2.142061202919684770e-01
2.336065591642362271e-01
2.508733487060433309e-01
2.662947185735384803e-01
2.801009727802536986e-01
2.925131234176745476e-01
3.037255743223453153e-01
3.139256379424902321e-01
3.232609802925295872e-01
3.318880198116242464e-01
3.399447165190508380e-01
3.475608843222016686e-01
3.548593250274031941e-01
3.619566666623404982e-01
3.689647940978280638e-01
3.759916304788314401e-01
3.830938548571875546e-01
3.905337799230312323e-01
3.900309088731629403e-01
4.063142875622698935e-01
4.149920025259961620e-01
4.243013872533979991e-01
4.343610944021141784e-01
4.452924039016496471e-01
4.572268033469421011e-01
4.703108787609492913e-01
4.847122067130750778e-01
5.006273604788228360e-01
5.182939367833454547e-01
5.380261085002222554e-01
5.600435641490690841e-01
5.850413765413782219e-01
6.135216702734426208e-01
6.463412785914413039e-01
6.846523934833682601e-01
7.300122523577419198e-01
7.843780677584205607e-01
8.494189863775100102e-01
9.223193734590581228e-01
9.743376987083969265e-01
8.653111190672351238e-01
3.701802689153411152e-01
1.637445614036795241e-02
5.249445575295973859e-02
1.720901185864069649e-01
2.793072795440282308e-01
3.665766266181196276e-01
4.385276498787895605e-01
4.998430705642750715e-01
5.538062919800984529e-01
6.026203089195745211e-01
6.478085086611212740e-01
6.909828546584565467e-01
7.324418955398790398e-01
7.751066622130924344e-01
8.244236441161929552e-01
9.103624959870713074e-01
2.811860863857562620e-01
7.721927622091846466e-01
8.347951067743004661e-01
8.698111885324706360e-01
8.955932519148389614e-01
9.162009390442871215e-01
9.330729167343836394e-01
9.468875268181052851e-01
9.580500627602767105e-01
9.668571345958157925e-01
9.735589257354931858e-01
9.783809605313172897e-01
9.815254646072193445e-01
9.831585305814660725e-01
9.833829009871680737e-01
9.821913264733340698e-01
9.793936335533043325e-01
9.744576575787757822e-01
9.663834575110475944e-01
9.532251396079384209e-01
9.315985691294697002e-01
8.937655364123492374e-01
8.394966508580238296e-01
7.485315284162769034e-01
6.154551198788926758e-01
4.438773592652990874e-01
2.620721213199978528e-01
1.140974285733532961e-01
2.813046621812633277e-02
5.367698526086991202e-04
1.063777809944769885e-02
3.885655354241874387e-02
7.288335030444008378e-02
1.065298719858495252e-01
1.372360966651778313e-01
1.642645825997499642e-01
1.874404580620924188e-01
2.080313592462097738e-01
2.256381709614602160e-01
2.410698694590402147e-01
2.547762453306766095e-01
2.671565155735984298e-01
2.785556846816484855e-01
2.893833994566701873e-01
2.997704268613247125e-01
3.101128678464279420e-01
3.206852125022400246e-01
3.318064125277172538e-01
3.438581187408749629e-01
3.573855972889536936e-01
3.682263073779242224e-01
3.900043405513100025e-01
4.119812839412406724e-01
4.396464753866434760e-01
4.758442792555799272e-01
5.254832383215548575e-01
5.970545153883487499e-01
7.038903113687359214e-01
8.460726212452267525e-01
8.220970771175170055e-01
2.758798490689355343e-01
1.587769768697678066e-02
1.096133100667514432e-02
4.881729433704050380e-02
8.629267775187558775e-02
1.178734621670540633e-01
1.441943571569873905e-01
1.665652411908020158e-01
1.862344906856620852e-01
2.038974188289846834e-01
2.202758357019871105e-01
2.358670114679911334e-01
2.510821696463440555e-01
2.662868975290358931e-01
2.818411802064499372e-01
2.981490406554561101e-01
3.157278764081891675e-01
3.353556561395356628e-01
3.583870329570638669e-01
3.876250572166988206e-01
4.303208789420233660e-01
5.134806759446058910e-01
8.774029103166773869e-01
7.016754636383656929e-02
2.540641861634722609e-01
3.238996915297019386e-01
3.662190960883595081e-01
3.989797701163274035e-01
4.276211543540805460e-01
4.543090967532219526e-01
4.800428929324926375e-01
5.053104108333179578e-01
5.303367242522151193e-01
5.551853308438172707e-01
5.798203707423428277e-01
6.041188143543689826e-01
6.278938913138183420e-01
6.508904331857434666e-01
6.728010542720733733e-01
6.932582237467935782e-01
7.118315091354637802e-01
7.280221901471077839e-01
7.412437759709247231e-01
7.507922048459769737e-01
7.557927514413307346e-01
7.551124545616005879e-01
7.472206291872182105e-01
7.299382071179109088e-01
7.006128111473043374e-01
6.551494276581995013e-01
5.053258952623586042e-01
4.845182597719600581e-01
3.627822474011811460e-01
2.274009661565980500e-01
1.170811562321150134e-01
3.094646685580113576e-01
6.989429673169809953e-02
1.064563540035552563e-01
1.689114142919786177e-01
2.299131719636623161e-01
2.816337467103317560e-01
3.229827969826868928e-01
3.552790859340609897e-01
3.804124480423256571e-01
4.001650344316038388e-01
4.160247803820744661e-01
