1.442041410908139268e-02
5.950854327274760457e-03
4.713041024145814967e-02
9.887209468612905006e-02
1.475386221006581289e-01
1.896296425134202657e-01
2.249896104669089070e-01
2.544035802758565779e-01
2.788146493249119562e-01
2.990942537569242776e-01
3.159968473287794732e-01
3.301827012009971307e-01
3.423259406586563469e-01
3.542910469610911495e-01
3.569075208675565047e-01
3.659195642341751542e-01
3.726735460515625542e-01
3.785714805913379943e-01
3.839673813282549197e-01
3.890913483711465060e-01
3.941324270329845114e-01
3.992620112335043547e-01
4.045276946945484120e-01
4.102418367567545188e-01
4.165353174132309655e-01
4.234717403041111106e-01
4.318853372352058351e-01
4.379686265756499441e-01
4.487885844077438846e-01
4.600785651177493052e-01
4.729047151717687969e-01
4.877013983164753541e-01
5.049817178055043820e-01
5.254478311207728680e-01
5.501252557628351081e-01
5.805838080750639341e-01
6.193377364129741824e-01
6.705780422165895649e-01
7.413331195715250344e-01
8.411299949016814992e-01
9.528552350673747950e-01
7.375598114760256729e-01
6.477220778519855726e-02
3.198483177702866193e-02
1.365545253241600143e-01
2.252636783351599226e-01
2.904801417233127681e-01
3.416785468877374665e-01
3.840096811734943771e-01
4.206428524270177105e-01
4.535241260214368242e-01
4.838832838730219299e-01
5.125202439690024203e-01
5.399664089103209941e-01
5.665779788596849720e-01
5.925916537170249354e-01
6.181589207671043251e-01
6.433677216546392907e-01
6.682561272153109133e-01
6.928179020862946791e-01
7.169108504021658446e-01
7.409990377494252156e-01
7.643225712120034210e-01
7.871336727124788046e-01
8.093571107865327185e-01
8.310619828661700570e-01
8.531097015886511814e-01
6.703670050748958831e-01
8.813943060305506894e-01
9.001655320950803230e-01
9.157337142719521594e-01
9.294534276266869233e-01
9.414711959358644799e-01
9.518317278799193204e-01
9.605712320802798354e-01
9.677392002093492263e-01
9.734012937178289082e-01
9.776326648144511022e-01
9.805019537225649895e-01
9.820418232658284508e-01
9.821964512318630547e-01
9.807261558635262944e-01
9.770269468481105335e-01
9.697631527340061508e-01
9.559193719380603138e-01
9.141232557408159876e-01
8.936148080385079018e-01
8.114138420900948168e-01
6.632801692091492285e-01
4.734214081373215310e-01
2.226189768510657419e-01
4.896222493517605329e-02
6.207347515538463477e-04
3.604016904973834923e-02
9.643585483175698414e-02
1.636350647854651064e-01
2.175940643401179653e-01
2.613297483887329631e-01
2.963123653043792660e-01
3.244902074889755572e-01
3.476378723181453023e-01
3.672443661436819995e-01
3.845596161554379888e-01
4.006853965033494447e-01
4.166850533681462077e-01
4.337242590757716121e-01
4.532929120780879173e-01
4.775080526614117749e-01
5.102937063002374041e-01
5.582859205279986359e-01
6.472849135224943984e-01
8.221144591296486448e-01
4.162212927520702599e-01
1.248528063111435937e-01
3.513913333688065133e-01
5.730855603783324703e-01
8.712064197164134383e-01
1.734770404692381196e-01
7.656420120092138210e-03
6.220184562000777295e-02
1.087141158854212225e-01
1.419186546652280445e-01
1.663107959151970683e-01
1.849064686115795553e-01
1.999397532165002045e-01
2.115369766674366769e-01
2.234078961796404916e-01
2.326771226654859304e-01
2.411167318070071008e-01
2.489286941363658967e-01
2.562974350584379946e-01
2.633687234724284565e-01
2.702578960095224359e-01
2.770576653571028003e-01
2.838439410414336783e-01
2.906800902639078976e-01
2.976203592449706559e-01
3.047163668963324690e-01
3.119496873109561252e-01
3.194695841179387430e-01
3.272273223956093657e-01
3.352656566591264986e-01
3.436100920856043350e-01
3.522847644330034944e-01
3.613415050803296946e-01
3.752871773961041213e-01
3.840558578108002052e-01
3.918003870000278943e-01
4.020645056775105086e-01
4.129742464580700712e-01
4.243587574483874691e-01
4.361672865178429781e-01
4.483649723254237163e-01
4.609121866274067392e-01
4.737560612995170839e-01
4.868238407503869269e-01
5.000152521203021783e-01
5.131922139751474710e-01
5.261638125246148601e-01
5.386629966769290734e-01
5.503078830937641053e-01
5.605306839421432263e-01
5.684159950763983948e-01
5.719178832896834042e-01
5.710536898248007587e-01
5.653347254593009685e-01
5.365938790231733480e-01
4.719663871162576019e-01
3.206955503199419577e-01
2.585670578447524931e-02
5.862154178041323327e-01
9.681576306971095836e-01
9.867049145748316707e-01
9.682034604979157244e-01
9.233623740837433314e-01
9.246543706861992673e-01
8.796972711730393080e-01
8.070956125969384054e-01
3.254143539152956066e-01
4.017853974958037200e-01
1.357867185996961545e-01
7.083026021847360805e-03
9.103642496684034857e-02
2.490204497516324555e-01
3.845353480655150924e-01
4.824439111492860865e-01
5.511180144455976038e-01
6.004875482738272208e-01
6.381908921407410951e-01
6.700231344548192025e-01
7.009438960086895598e-01
7.358499981148012292e-01
7.789575392176537605e-01
8.228077140497890296e-01
7.614365793037918273e-01
2.745341329807761133e-01
1.326303370240033974e-03
5.228370220466790896e-02
1.175215109335440017e-01
1.586989182012986388e-01
