6.382908937453930509e-01
6.657628044571870518e-01
6.934388310699706182e-01
7.201977351378584524e-01
7.461623033743496336e-01
7.712689041932112577e-01
7.954305047838116094e-01
8.185523116811586064e-01
8.405386955366842550e-01
8.612981535886037321e-01
8.807472872909183348e-01
8.988140005820476341e-01
9.154399729629083549e-01
9.305824335762353794e-01
9.442152703330077834e-01
9.563295425346501899e-01
9.669336106718532386e-01
9.760546723161179772e-01
9.836674894740151665e-01
9.899793111703810711e-01
9.949268201530527822e-01
9.986185339364683777e-01
1.001139617807306870e+00
1.002580489740231950e+00
1.003035850373927174e+00
1.002603092293471665e+00
1.001380775105773502e+00
9.994672838688203331e-01
9.969597140863988294e-01
9.939530065221187094e-01
9.905393476008035325e-01
9.868078500716079837e-01
9.828445337081329614e-01
9.787326389058768061e-01
9.745533308503641079e-01
9.703868956269660062e-01
9.663146076646973448e-01
9.624216271171451842e-01
9.588000150550244349e-01
9.555602832128285984e-01
9.528349261606690046e-01
9.508034378501369899e-01
9.497238727474230924e-01
9.499975406935449174e-01
9.522974636583209085e-01
9.578217026516845367e-01
9.685307670797855817e-01
9.797690878509360823e-01
5.826742728149111317e-01
4.825204888215676169e-01
7.472513628600604418e-01
8.055399002344083570e-01
8.288100503670041697e-01
8.407825964244619588e-01
8.478838068745078171e-01
8.525403806530207351e-01
8.558772757591122105e-01
8.584663481104256588e-01
8.606447083573196544e-01
8.626174796263146316e-01
8.645279441844426760e-01
8.663257042106397021e-01
8.683443227649839669e-01
8.704411305637741458e-01
8.726506138846209515e-01
8.750584891718907743e-01
8.776428746702921169e-01
8.804267729297876599e-01
8.834201974018927039e-01
8.866322143419806956e-01
8.900703005188759231e-01
8.937410918133201765e-01
8.976508966525426070e-01
9.018061528858087872e-01
9.062138882340738943e-01
9.108822837953375329e-01
9.158218041262983222e-01
9.210516871954873563e-01
9.262883854178547427e-01
9.323038211572426404e-01
9.384345008637430263e-01
9.448749972410624975e-01
9.516166853909600043e-01
9.586007726881256019e-01
9.656574864321870733e-01
9.723501341909958073e-01
9.775745071883383819e-01
9.784658415553416644e-01
9.672219114361734205e-01
9.216477584344440199e-01
7.820094428121017183e-01
4.614301661696762480e-01
1.180529810918653222e-01
1.916199269570890984e-02
6.986362191614574335e-02
4.507692018441256665e-01
8.647085493824389069e-01
9.686816255111503349e-01
9.829681916518859808e-01
9.840608337428810026e-01
9.843331397473895628e-01
9.853484234171728806e-01
9.869911960142937479e-01
9.889694635646059107e-01
9.910510688592055750e-01
9.930734462782953020e-01
9.949280411098896382e-01
9.965413093463285632e-01
9.978627460399698279e-01
9.988570673611306683e-01
9.994992863579540421e-01
9.997716163126640909e-01
9.996615092540542813e-01
9.991603983515890963e-01
9.982628779937966490e-01
9.969661567305551086e-01
9.952696802955669497e-01
9.931748602589314245e-01
9.906848681289537328e-01
9.878044710302676945e-01
9.845398979928025041e-01
9.808987408469433955e-01
9.768899233187147146e-01
9.725238619766598536e-01
9.678133368918853119e-01
9.627592912876292708e-01
9.574702617305238528e-01
9.506892004790300499e-01
9.454692583701242992e-01
9.392169018662088753e-01
9.326423659809649491e-01
9.257796948003776949e-01
9.186384281983793754e-01
9.111980414275510087e-01
9.029965217884713402e-01
8.958643048875067905e-01
8.876615497450857095e-01
8.792297930586541188e-01
8.705374714233029554e-01
8.615633772527402368e-01
8.522824249797569252e-01
8.426611912199926113e-01
8.326547050024853958e-01
8.222027821654177560e-01
8.112252044383070348e-01
7.996150544229846391e-01
7.872292329241197262e-01
7.738746330460066769e-01
7.592874729709853110e-01
7.431015567284325885e-01
7.247980525748747294e-01
7.036233360325704345e-01
6.784495350489866405e-01
6.475281351116894957e-01
6.080365005317300842e-01
5.552152591173558083e-01
4.807373308690250369e-01
3.701940375490367363e-01
2.053486731753345063e-01
2.619346824265680537e-02
1.664309172793242697e-01
6.600789745848499868e-01
9.113467245676556416e-01
9.716407348602735805e-01
9.712450596679990111e-01
9.637114643673564407e-01
9.485066313825435413e-01
9.346431812150250984e-01
9.226532954833779332e-01
9.126117375779158047e-01
9.044429697727750517e-01
8.981444716151516516e-01
8.939189903312176888e-01
8.929661818281887653e-01
9.052511782124880169e-01
8.399834238923277185e-01
8.654328097997890934e-01
8.696083974392818661e-01
8.721320449986992296e-01
8.748254424111289174e-01
8.781892800824681045e-01
8.824488108920721663e-01
8.877523669036064824e-01
8.942277186300663372e-01
9.019997265340883308e-01
9.111890297581252129e-01
9.218876658764941778e-01
9.340849735166915080e-01
9.474657819687132276e-01
9.608536454958997997e-01
9.705944902013204922e-01
9.655610525340287964e-01
9.114505015161092905e-01
7.135632313473821986e-01
2.803177315178645990e-01
1.122779159990342640e-02
1.284894209617046534e-01
3.055253579319474055e-01
4.364813652684774725e-01
5.280559955730419475e-01
