9.917353583757820834e-01
9.918466011006765726e-01
9.919612864352762571e-01
9.920788809028924238e-01
9.921989328695515198e-01
9.923210661533137245e-01
9.924449730432775008e-01
9.925704070028706916e-01
9.926971752829518714e-01
9.928251316266152315e-01
9.929541692090583238e-01
9.930842139220057430e-01
9.932152180831738120e-01
9.933471546263487051e-01
9.934800118059651242e-01
9.936137884336866399e-01
9.937484896490479391e-01
9.938841232149943083e-01
9.940206963208263469e-01
9.941582128668067231e-01
9.942966712009018160e-01
9.944360622741285072e-01
9.945763681788538646e-01
9.947175610335449170e-01
9.948596021776842102e-01
9.950024416405079952e-01
9.951460178493134467e-01
9.952902575439269706e-01
9.954350758667313004e-01
9.955803765991895204e-01
9.957260525184705724e-01
9.958719858498858990e-01
9.960180487940768490e-01
9.961641041087809789e-01
9.963100057288614142e-01
9.964555994091826019e-01
9.966007233781019048e-01
9.967452089900956658e-01
9.968888813688718820e-01
9.970315600331708383e-01
9.971730594994775432e-01
9.973131898566841569e-01
9.974517573094106027e-01
9.975885646875147783e-01
9.977234119198900020e-01
9.978560964723456328e-01
9.979864137490452869e-01
9.981141574581858800e-01
9.982391199427765871e-01
9.983610924781868290e-01
9.984798655375861642e-01
9.985952290280329935e-01
9.987069724984853902e-01
9.988148853226370694e-01
9.989187568585754518e-01
9.990183765879380173e-01
9.991135342367830630e-01
9.992040198806316775e-01
9.992896240362451055e-01
9.993701377421754239e-01
9.994453526305638880e-01
9.995150609923837415e-01
9.995790558380228674e-01
9.996371309554964446e-01
9.996890809679037648e-01
9.997347013923327808e-01
9.997737887015749614e-01
9.998061403906383093e-01
9.998315550494037973e-01
9.998498324432414375e-01
9.998607736028785054e-01
9.998641809249512180e-01
9.998598582850927174e-01
9.998476111647315312e-01
9.998272467933047025e-01
9.997985743078040555e-01
9.997614049312325557e-01
9.997155521729959027e-01
9.996608320532390790e-01
9.995970633550921303e-01
9.995240679095273029e-01
9.994416709188672643e-01
9.993497013275051133e-01
9.992479922523936908e-01
9.991363814916371933e-01
9.990147121385832829e-01
9.988828333448673824e-01
9.987406013023159002e-01
9.985878805601262620e-01
9.984245458805678375e-01
9.982504850006780339e-01
9.980656030041203941e-01
9.978698297298765896e-01
9.976631333332505180e-01
9.974455474376926478e-01
9.972172318020761095e-01
9.969786287166350069e-01
9.967309566110650332e-01
9.964783612458197881e-01
9.962454664826727591e-01
9.956677077065767545e-01
9.955294883112506543e-01
9.952385583947875869e-01
9.949229448303805734e-01
9.945917271213341460e-01
9.942471416708735799e-01
9.938900419702744182e-01
9.935208631356411413e-01
9.931398884408736416e-01
9.927473444323974272e-01
9.923434414674270343e-01
9.919283936373801680e-01
9.915024299105910099e-01
9.910658012017280472e-01
9.906187854448137431e-01
9.901616916658350087e-01
9.896948635694108320e-01
9.892186829245953605e-01
9.887335729194589584e-01
9.882400015930308257e-01
9.877384854219720678e-01
9.872295931211942932e-01
9.867139497092598521e-01
9.861922408857468625e-01
9.856652177667892811e-01
9.851337020273522871e-01
9.845985915014399126e-01
9.840608662964194231e-01
9.835215954835415664e-01
9.829819444337990486e-01
9.824431828763476870e-01
9.819066937664880923e-01
9.813739830614095494e-01
9.808466905132554592e-01
9.803266016046433551e-01
9.798156607663469631e-01
9.793159860342407486e-01
9.788298853228533103e-01
9.783598745120325457e-01
9.779086975665597370e-01
9.774793489300614979e-01
9.770750984564370301e-01
9.766995191614255001e-01
9.763565180892510575e-01
9.760503705912972894e-01
9.757857582964909460e-01
9.755678110028608296e-01
9.754021526196745562e-01
9.752949511060335919e-01
9.752529720407306923e-01
9.752836349443551045e-01
9.753950706435909890e-01
9.755961766386739287e-01
9.758966653186004203e-01
9.763070965019158276e-01
9.768388804128149694e-01
9.775042285943794651e-01
9.783160163567168333e-01
9.792874976763397132e-01
9.804317760223814071e-01
9.817608719232647774e-01
9.832841215351986186e-01
9.850054560135111936e-01
9.869187856846594054e-01
9.890001246086435049e-01
9.911940020789715700e-01
9.933896374610216018e-01
9.953783055075674513e-01
9.967751594865434939e-01
9.968718489655037374e-01
9.943502643901190874e-01
9.867103782944673940e-01
9.691039785572739262e-01
9.319831704196304134e-01
8.568573128620596835e-01
7.121451694045857206e-01
4.678461381620907522e-01
1.744346327680488806e-01
8.365369498370201981e-03
4.033267916842183526e-02
1.623430709873806277e-01
2.860117546191614513e-01
3.857391346446935598e-01
4.615568994681529258e-01
5.188169727780277407e-01
5.625247595663938061e-01
5.964128634559631159e-01
6.231116216015744058e-01
6.444582623144408107e-01
6.617460821977697583e-01
6.758972367952775784e-01
6.875763123166485080e-01
6.972594993525645934e-01
7.052530789785099730e-01
7.114912061192449899e-01
7.137424100854201647e-01
7.238512706739899105e-01
7.278680846169126584e-01
7.312012316444538307e-01
7.339603274455928084e-01
