8.441907358950300200e-01
8.441584772184880237e-01
8.476137659597238194e-01
8.542452558712401167e-01
8.638059234692079258e-01
8.761364225022263419e-01
8.912337633301093964e-01
9.096300938604174879e-01
7.251106110027707441e-01
9.405751613323828364e-01
9.650215760684381916e-01
9.871674922142011921e-01
1.005061381064406900e+00
1.011990861076147219e+00
9.943933523410118935e-01
9.287855383781581375e-01
7.858269353612692409e-01
5.580627320318080065e-01
3.012395842620913533e-01
1.075349680480051362e-01
1.600915748141993472e-02
1.748427394337938269e-03
2.688010579745159570e-02
6.651244285830112957e-02
1.085288848821038266e-01
1.480354085905224160e-01
1.835070553467662569e-01
2.148337057220404966e-01
2.424351156739663615e-01
2.668829132123567427e-01
2.887483007925142342e-01
3.085472330053182222e-01
3.267264578671252861e-01
3.436657585766120793e-01
3.596857943933566837e-01
3.750571122564035909e-01
3.900086007829489110e-01
4.047348228683728677e-01
4.194021469609757746e-01
4.341537805263500083e-01
4.491138626474681095e-01
4.643907725560891819e-01
4.800797911302212562e-01
4.962652277201365925e-01
5.130221010940900772e-01
5.304174430401469298e-01
5.485112769745820183e-01
5.673573123278439212e-01
5.870033897837754200e-01
6.074917160081141354e-01
6.288589476138656265e-01
6.511362429726808010e-01
6.743495478848051672e-01
6.985207529279713334e-01
7.236713528252933791e-01
7.498331493845544760e-01
7.770803394066951864e-01
8.056377419489454406e-01
8.363501400095754157e-01
8.742572504164665137e-01
6.707670363453360762e-01
8.931484409278623859e-01
9.274230342357653312e-01
9.542261612864124665e-01
9.758263767070812778e-01
9.905150626330080366e-01
9.945064466351825061e-01
9.813042883471603250e-01
9.402789912320004273e-01
8.551583169731545864e-01
7.055549354862216127e-01
4.814090444740752317e-01
2.214398524037063942e-01
3.488965321067451220e-02
1.113607282836426467e-02
1.210908443172359766e-01
2.808022630400688890e-01
4.354127220425988432e-01
5.658768140978195360e-01
6.704145094430820073e-01
7.526049209503929971e-01
8.167631966487882700e-01
8.666126520739122485e-01
9.050882660979511218e-01
9.344516017183622791e-01
9.564529595903991099e-01
9.724695222353442192e-01
9.836086716754818271e-01
9.907821320213279215e-01
9.947600762275727870e-01
9.962172274613728673e-01
9.958064487030113821e-01
9.946428636696931225e-01
9.855777801586080855e-01
9.846659235685775169e-01
9.807493005112338791e-01
9.765696520227646893e-01
9.726029230750988797e-01
9.691784292365545062e-01
9.665859497148412416e-01
9.650952129256938905e-01
9.649558502480338751e-01
9.663806591539019220e-01
9.694985581478442471e-01
9.742420874946330356e-01
9.800867884060213697e-01
9.854463808257933888e-01
9.862586802257485852e-01
9.727291145738138356e-01
9.226012322358336792e-01
7.930528420869507045e-01
5.405186784871284233e-01
2.257087653209520761e-01
3.089096890287633748e-02
6.682575184421545370e-03
6.553994232050612545e-02
1.409514435468199600e-01
2.093437171366002159e-01
2.658077850371677320e-01
2.942874248365991985e-01
3.560077785742556955e-01
3.879009625363624147e-01
4.162509066681466807e-01
4.417216421691915196e-01
4.652001738035643763e-01
4.874501394668578902e-01
5.091220256740558447e-01
5.307945907904435545e-01
5.530223070982724920e-01
5.763970703346438240e-01
6.016567891158249859e-01
6.299476058013425694e-01
6.636891154847630592e-01
7.109287636858856452e-01
8.440237268983141750e-01
5.888729316780226819e-01
7.109529634077627058e-01
7.671246090174521637e-01
8.149811769311936516e-01
8.602814459445380368e-01
9.024505017379013116e-01
9.375671390421806972e-01
9.580744381643233609e-01
9.522946855471637884e-01
9.057812717602300445e-01
8.071014681589376849e-01
6.581039201873895017e-01
4.806987245645384377e-01
3.090045925128248605e-01
1.709311858473564760e-01
7.717809189320777585e-02
2.419947425846223979e-02
2.479532664119257421e-03
2.374161597239474088e-03
1.635139840834472225e-02
3.919378407163486705e-02
6.750810868693951639e-02
9.916529127050234538e-02
1.328591815251370101e-01
1.678012821687780431e-01
2.035212423268144832e-01
2.397398011200712886e-01
2.762887611433499924e-01
3.130608927834420685e-01
3.499789611530902400e-01
3.869773764080640666e-01
4.239929053504277179e-01
4.609631070595666680e-01
4.978334083581943958e-01
5.345772725712908402e-01
5.712419544106648317e-01
6.080555572589773083e-01
6.457134773098842651e-01
6.863407795093388053e-01
7.382669046274070723e-01
8.756019688554660396e-01
5.780122211723007775e-01
7.056223293721689549e-01
7.494816070177707790e-01
7.788716998881106690e-01
8.019663474879337173e-01
8.210040651566836711e-01
8.367945540595759235e-01
8.495552465487072880e-01
8.590085825705087164e-01
8.640998762339604511e-01
8.621302627298933485e-01
8.464024606623520297e-01
7.995655639672536452e-01
6.762760075144405025e-01
4.011069189301516014e-01
2.001428518933540401e-01
6.998968806849357183e-01
6.820033037956140243e-01
7.766376312818314975e-01
8.479697252502763627e-01
9.047219418314083050e-01
9.571551553951906932e-01
1.010615826869716516e+00
1.023843181892173826e+00
