9.567955653658128945e-01
9.762391543315330766e-01
9.915778501529038946e-01
1.003058759215023521e+00
1.010982886125413316e+00
1.015686488256884124e+00
1.017523157049073701e+00
1.016846332862187063e+00
1.013991159995093039e+00
1.009252843695634727e+00
1.002854290655073033e+00
9.948831352632242497e-01
9.851350636889348866e-01
9.726185974636597509e-01
9.534355356882987520e-01
9.056727203608199162e-01
4.492581917778998846e-01
8.345506175729789922e-01
9.329408895858554152e-01
9.380884840947839587e-01
9.342166019515079078e-01
9.286135467711978952e-01
9.227282332347469529e-01
9.169735272380762359e-01
9.114871619889296506e-01
9.063132651715225530e-01
9.014583168819454428e-01
8.969119776675202882e-01
8.926561286797517480e-01
8.886693353953735164e-01
8.849292873459853048e-01
8.814142237813611391e-01
8.781037868620121811e-01
8.749795151673126492e-01
8.720250905131491370e-01
8.692264038203443288e-01
8.665714811115203808e-01
8.640502961035837481e-01
8.616544856966198429e-01
8.593769761676004482e-01
8.572115194268695726e-01
8.551521289707115780e-01
8.531923926713985695e-01
8.513246221420084359e-01
8.495387726418808239e-01
8.478210274468944707e-01
8.461518757862692697e-01
8.445034044407360163e-01
8.428353326511243138e-01
8.410889734457410727e-01
8.391776447560010954e-01
8.369707310235374731e-01
8.342657788372740413e-01
8.307365601840261959e-01
8.258289081139349452e-01
8.185310865541514103e-01
8.068002977962116518e-01
7.858587057923194230e-01
7.416208663647728683e-01
6.114396488800851737e-01
2.561564741898613579e-02
1.018006008007660945e+00
1.001992022480793443e+00
9.787491659138145561e-01
9.669002632718606272e-01
9.614771849753999122e-01
9.598604919596681606e-01
9.607255359012499829e-01
9.633412332440011161e-01
9.672530080591854595e-01
9.721180597096324982e-01
9.775826540059833203e-01
9.831246375845670293e-01
9.877436699946142706e-01
9.892025880981665242e-01
9.819036840495535268e-01
9.502246478280736985e-01
8.461870974316038074e-01
5.375666515496183573e-01
5.274418713773686845e-02
1.270540981096104916e-01
4.200019656732699724e-01
6.048959490697585206e-01
7.118940668372841785e-01
7.786124021107039272e-01
8.237582416495122795e-01
8.564413304231045521e-01
8.813851784005136691e-01
9.012103285149530851e-01
9.174589371363325307e-01
9.310840776923423601e-01
9.426988670461873276e-01
9.527108911166639604e-01
9.613985351766606291e-01
9.689562988995145121e-01
9.755227660174795590e-01
9.811984676217984092e-01
9.860576386342543298e-01
9.901561615967717778e-01
9.935370581680746938e-01
9.962343591944279320e-01
9.982758743543097557e-01
9.996851958496627555e-01
1.000483155398355306e+00
1.000688880869766262e+00
1.000320551619100717e+00
9.993959200405906351e-01
9.979326449916358088e-01
9.959484666038971312e-01
9.934612387720771487e-01
9.904888229068899985e-01
9.870488317464342076e-01
9.831581914552088852e-01
9.788324576422763323e-01
9.740847643881045403e-01
9.689241803634373040e-01
9.633530387573001619e-01
9.573623710084170346e-01
9.509235843714375358e-01
9.439720714923275358e-01
9.363716556637243782e-01
9.278270803420898272e-01
9.176270550080535271e-01
9.036537137562895561e-01
8.760550231261642340e-01
6.140994868010170027e-01
9.558717360046652400e-01
9.240608463420607599e-01
9.089120429863885020e-01
8.979463900248365604e-01
8.886586750973299864e-01
8.802336440046830690e-01
8.723347921930345583e-01
8.648034537668233268e-01
8.575592216427572190e-01
8.505603895041483620e-01
8.437861043320805665e-01
8.372275294552693481e-01
8.308831573216030053e-01
8.247561985367624082e-01
8.188530850943270822e-01
8.131826116625022749e-01
8.077554689620038975e-01
8.025840415682767848e-01
7.976824104899045143e-01
7.930665485389848390e-01
7.887547426512160342e-01
7.847683412003375603e-01
7.811330384766670409e-01
7.778811454987155649e-01
7.750558441035102497e-01
7.727198258719698565e-01
7.709747840097997962e-01
7.700119595534942185e-01
7.702706486780620532e-01
7.730692232133576924e-01
7.708250700559000634e-01
7.258727152749013811e-01
7.498552595594022430e-01
7.558436565360180381e-01
7.596618724765487052e-01
7.632583020533820761e-01
7.672202081872789847e-01
7.718313506718035288e-01
7.772889969278453659e-01
7.837727590905638753e-01
7.914765438809610032e-01
8.006309601073487991e-01
8.115252816694870086e-01
8.245321433386784138e-01
8.401320184256551027e-01
8.589152965218285196e-01
8.814637702461567415e-01
9.076867481271954086e-01
9.336234298731584946e-01
9.353481787801402048e-01
7.906724670914163644e-01
2.477573893669390848e-01
2.491955965686221131e-02
2.070517249235285240e-01
3.564575078072871328e-01
4.456961551019711920e-01
4.887360762055067975e-01
4.337681008767039215e-01
8.613406210042051647e-01
7.357603182192454794e-01
7.320618395828394354e-01
7.415754609739440006e-01
7.539251724013407152e-01
7.667272263520371611e-01
7.792620548244931777e-01
7.912987401942961352e-01
8.027798547153520703e-01
8.137199918335819016e-01
8.241707773617156230e-01
8.342100499818131398e-01
8.439414668529395813e-01
8.535006905568287561e-01
8.630701374308276108e-01
8.729138389547999033e-01
