9.388101563202113642e-01
9.265923443097636714e-01
9.184799427915176784e-01
9.150301858825710122e-01
9.166859086255526590e-01
9.235931697164113663e-01
9.350627843529280003e-01
9.480716534229993719e-01
9.532296752307536369e-01
9.249968095623638531e-01
8.070501519477474295e-01
5.392437848830927694e-01
2.099650134178605021e-01
2.654325064476071444e-02
5.008691486852424705e-03
5.175276931094753563e-02
1.119559404229808625e-01
1.677921090891177358e-01
2.156615428647863375e-01
2.560868415634870998e-01
2.904567204618345722e-01
3.201156301560271200e-01
3.461662909589837134e-01
3.694716464215050955e-01
3.907018847590691957e-01
4.103827989092307393e-01
4.289352763238158950e-01
4.467053895400572849e-01
4.639869120265837643e-01
4.810382861569179602e-01
4.980957397403858455e-01
5.153838698910698790e-01
5.331247137226311494e-01
5.515461195503068570e-01
5.708901033360969102e-01
5.914217942920286797e-01
6.134394934809453970e-01
6.372861917477462557e-01
6.633623848659827571e-01
6.921385969015894091e-01
7.241621532735900146e-01
7.600423625721766108e-01
8.003701522550319414e-01
8.454504697069833430e-01
8.945061758308758826e-01
9.433926733426114541e-01
9.782742492134508527e-01
9.604906773219323846e-01
8.097329993732289566e-01
4.753650338374895146e-01
1.367398131823461260e-01
3.990511246588297062e-03
2.801613389230250828e-02
1.058412239556283940e-01
1.904888584904337878e-01
2.683338129872810951e-01
3.371194092054587976e-01
3.974890114088555082e-01
4.495222867452191573e-01
4.393721818552742131e-01
5.592908646058774025e-01
5.978321821048186990e-01
6.364364397759519898e-01
6.733238782061452543e-01
7.083431201007767131e-01
7.415112793757403509e-01
7.728444584101125114e-01
8.023307302561200061e-01
8.299310504772465791e-01
8.555868833172124432e-01
8.792292849491601947e-01
9.007878778031355171e-01
9.201991459001951368e-01
9.374137682562330154e-01
9.524027987653329586e-01
9.651625488761929050e-01
9.757180810664181081e-01
9.841252881687460041e-01
9.904716138436822082e-01
9.948755554143821067e-01
9.974851731677359945e-01
9.984759027465611725e-01
9.980480250818487553e-01
9.964241908148970817e-01
9.938474259303589076e-01
9.905800657274148602e-01
9.869040726556864707e-01
9.831231628753530627e-01
9.795669926389072302e-01
9.765969994035857971e-01
9.746112750036994843e-01
9.740385356947963702e-01
9.752865390504535936e-01
9.785214476525090355e-01
9.828057203793419960e-01
9.823382834975442623e-01
9.505126750105066247e-01
7.627185429816208950e-01
1.927184049412210831e-01
4.192186519089349805e-02
2.677600308442614763e-01
4.227540124285500411e-01
5.122122061837345308e-01
5.673470625643191045e-01
6.043583690104412653e-01
6.313426151330299163e-01
6.526403574023590393e-01
6.707757359746925330e-01
6.873387301718510978e-01
7.034131290465576170e-01
7.197981400528132845e-01
7.371290826946171881e-01
7.559434712944402834e-01
7.767115421701871192e-01
7.998345204143535447e-01
8.255999891931182777e-01
8.540646800474996914e-01
8.848030861141776837e-01
9.164069524773781339e-01
9.455485792102481524e-01
9.654013124369411614e-01
9.635671292883439820e-01
9.212640937860963053e-01
8.189959524593027895e-01
6.539922928506062272e-01
4.573491014459051263e-01
2.805436622560606996e-01
1.593231747057378411e-01
1.078475386383316859e-01
3.881297315893268984e-01
1.263598833350322581e-01
6.358559193106989860e-02
7.172086832525968736e-02
8.933792924538544455e-02
1.096325812135511835e-01
1.305812593982670078e-01
1.514156864512326006e-01
1.718760278737980207e-01
1.919557743671280459e-01
2.118026972464048530e-01
2.316991685865698036e-01
2.521201114528799359e-01
2.739508026050397338e-01
2.992476318576116623e-01
3.348550739434171808e-01
4.308437277031024748e-01
1.303636231229777509e-01
2.812609128188099938e-01
3.224829900028278185e-01
3.503652521396472541e-01
3.743624774413435441e-01
3.969764275440778034e-01
4.191730168277015278e-01
4.414109974020918314e-01
4.639349243603962947e-01
4.868798262850541070e-01
5.103141478033211831e-01
5.342587782250259876e-01
5.586956466197638971e-01
5.835713898874285155e-01
6.087986262193006981e-01
6.342561413112075552e-01
6.597887432151835485e-01
6.852072609627184452e-01
7.102889800732281600e-01
7.347786365278611287e-01
7.583898698738064104e-01
7.808067104844363948e-01
8.016841879131291204e-01
8.206464721437262133e-01
8.372803528107976012e-01
8.511232475203890369e-01
8.616600992675518267e-01
8.684514099584152991e-01
8.724161927872768896e-01
8.934761915554573219e-01
5.438168211394784901e-01
5.364967864949063969e-01
1.374315500060604434e-01
2.397761285321519109e-01
6.804364637716023845e-01
8.223661233302891338e-01
8.688487520156391586e-01
8.859917062243759522e-01
8.920855346721714429e-01
8.932361565919842983e-01
8.913848743393790741e-01
8.856374034411633733e-01
8.687793072534375494e-01
7.950669064139899156e-01
2.648662416681143300e-02
9.713255650099592575e-01
1.008873227124806427e+00
1.023948689934998324e+00
1.037064469993977278e+00
1.043413338778851340e+00
1.032198804787381796e+00
9.855150604111699852e-01
8.789814327572853525e-01
6.938373975125873283e-01
