9.875994206977903866e-01
9.880288450399831168e-01
9.884607909872972220e-01
9.888947051139284072e-01
9.893300148248337367e-01
9.897661289143758756e-01
9.902024380431452277e-01
9.906383151463999948e-01
9.910731157857824991e-01
9.915061784558490965e-01
9.919368248588751324e-01
9.923643601586525920e-01
9.927880732260293550e-01
9.932072368870668022e-01
9.936211081840565784e-01
9.940289286604471197e-01
9.944299246789438662e-01
9.948233077816012182e-01
9.952082751014097450e-01
9.955840098325595688e-01
9.959496817678881175e-01
9.963044479105255258e-01
9.966474531668296777e-01
9.969778311273431726e-01
9.972947049424680799e-01
9.975971882990007922e-01
9.978843865039622729e-01
9.981553976815614737e-01
9.984093140897554175e-01
9.986452235623217710e-01
9.988622110825251532e-01
9.990593604944606465e-01
9.992357563589226999e-01
9.993904859593667478e-01
9.995226414651636748e-01
9.996313222583189662e-01
9.997156374310990357e-01
9.997747084609612811e-01
9.998076720705521003e-01
9.998136832798579787e-01
9.997919186585292328e-01
9.997415797858768549e-01
9.996618969270594235e-01
9.995521329337706540e-01
9.994115873777992265e-01
9.992396009269635115e-01
9.990355599722560154e-01
9.987989015160001482e-01
9.985291183307920537e-01
9.982257643999473684e-01
9.978884606496019050e-01
9.975169009845590296e-01
9.971108586388340855e-01
9.966701928538836963e-01
9.961948558973119372e-01
9.956849004361469913e-01
9.951404872792312117e-01
9.945618935045973386e-01
9.939495209888391525e-01
9.933039053565018150e-01
9.926257253693532290e-01
9.919158127770054678e-01
9.911751626518905400e-01
9.904049442343368925e-01
9.896065123151066567e-01
9.887814191862089874e-01
9.879314271926998847e-01
9.870585219220219253e-01
9.861649260701562669e-01
9.852531140275794241e-01
9.843258272310461132e-01
9.833860903304634249e-01
9.824372282233124754e-01
9.814828840104742325e-01
9.805270379283228532e-01
9.795740273109173613e-01
9.786285676310931825e-01
9.776957746617275236e-01
9.767811877816378052e-01
9.758907944273402801e-01
9.750310556539756313e-01
9.742089327121543629e-01
9.734319144652751055e-01
9.727080453527745529e-01
9.720459534335433860e-01
9.714548777990721362e-01
9.709446942987209894e-01
9.705259380256636703e-01
9.702098203099740470e-01
9.700082369678155736e-01
9.699337631306890195e-01
9.699996279417955058e-01
9.702196594755223558e-01
9.706081860031527953e-01
9.711798735737245947e-01
9.719494708721628795e-01
9.729314190398536955e-01
9.741392644093300746e-01
9.755847825177820232e-01
9.772766769908634021e-01
9.792186484595906126e-01
9.814065230068845791e-01
9.838239647412667654e-01
9.864360370023201874e-01
9.891794622360788880e-01
9.919477639429296056e-01
9.945683941082543722e-01
9.967671940234402728e-01
9.981126940918754187e-01
9.979282377553558847e-01
9.951530547830714779e-01
9.881241676699932253e-01
9.742426264581699469e-01
9.494951237419915202e-01
9.078762590986133585e-01
8.410341807895513888e-01
7.391974687173796799e-01
5.956499839793322204e-01
4.167298353931049304e-01
2.319008788674535027e-01
8.630176200143570286e-02
1.109045816679076445e-02
4.203611638394903240e-03
4.237730309728021671e-02
1.016578368637872098e-01
1.663392094962276857e-01
2.284668854714657082e-01
2.848780009999681284e-01
3.348395292671509926e-01
3.786840496633459008e-01
4.171281282799876866e-01
4.509626169779581417e-01
4.809258259984816597e-01
5.076610766447328116e-01
5.317108354534638703e-01
5.535251966686500769e-01
5.734747660599954777e-01
5.918637424127199953e-01
6.089416136414566028e-01
6.249130403476205187e-01
6.399459782356430315e-01
6.541782625220592395e-01
6.677229151925248019e-01
6.806724194512938642e-01
6.931021709604809899e-01
7.050732780154927992e-01
7.166348487397161682e-01
7.278258745600140189e-01
7.386767956961426407e-01
7.492108155417369630e-01
7.594450158370721349e-01
7.693913126760285603e-01
7.790572840028540114e-01
7.884468918114941882e-01
7.975611163459569442e-01
8.063985148932331093e-01
8.149557140072160033e-01
8.232278410075956065e-01
8.312088982001676341e-01
8.388920813266167453e-01
8.462700421480294777e-01
8.533350936698530509e-01
8.600793551913863411e-01
8.664948329509450931e-01
8.725734304402792407e-01
8.783068802193785274e-01
8.836865859197684525e-01
8.887033585758283838e-01
8.933470247223225247e-01
8.976058737156243916e-01
9.014658967063392536e-01
9.049097467946973783e-01
9.079153145013035831e-01
9.104537570023045756e-01
9.124867301783560203e-01
9.139624256070544295e-01
9.148097667265912003e-01
9.149296875319710143e-01
9.141816430290156115e-01
9.123620569853515549e-01
9.091686047415222793e-01
9.041385024107756463e-01
8.965366477760873254e-01
8.851412539316265704e-01
8.678055011671085284e-01
8.404914117461991241e-01
7.949577233719865577e-01
7.128210390188867152e-01
5.510894425867687296e-01
2.409701289276190705e-01
2.648666988002658026e-02
4.145419983871070357e-01
7.352770306978404502e-01
8.698826562343729973e-01
9.277661346176481194e-01
9.555919844814150244e-01
9.703197022611577127e-01
9.787016028390858047e-01
9.837284345546964959e-01
9.868508432635511030e-01
