3.304673538499783620e+38
2.701874865365366603e+38
2.213480035561281652e+38
1.817018323742788466e+38
1.494568952644250860e+38
1.231814228050673765e+38
1.017294688840222428e+38
8.418221785214392783e+37
6.980165722985812369e+37
5.799394885878812355e+37
4.828041920545365637e+37
4.027454519818895014e+37
3.366366574575895734e+37
2.819442417626038857e+37
2.366116107685591446e+37
1.989664412942146470e+37
1.676465209608082138e+37
1.415403226941933676e+37
1.197393076655308586e+37
1.014995789270290954e+37
8.621100207949703631e+36
7.337229835883180781e+36
6.257092234203092130e+36
5.346677881985641347e+36
4.577902510118873026e+36
3.927535691600124194e+36
3.376329662494031914e+36
2.908309824375429903e+36
2.510196004713869536e+36
2.170929630545827350e+36
1.881286824303203725e+36
1.633561311402188355e+36
1.421304137058272393e+36
1.239109682138007334e+36
1.082439469829893347e+36
9.474768651255261467e+35
8.310070664394176703e+35
7.303178350389733151e+35
6.431172536129094213e+35
5.674654893198188029e+35
5.017180910024164406e+35
4.444788000311021437e+35
3.945602197314459391e+35
3.509509857819602858e+35
3.127883223439837590e+35
2.793350664689050509e+35
2.499604049985575892e+35
2.241237004047338412e+35
2.013608904722207426e+35
1.812730356429300876e+35
1.635166609722523744e+35
1.477955997875169364e+35
1.338540957216205642e+35
1.214709606845159779e+35
1.104546201461129633e+35
1.006389050551255171e+35
9.187947288976592137e+34
8.405075955441816211e+34
7.704337980175092058e+34
7.076190713732161784e+34
6.512297522682501762e+34
6.005365204825947872e+34
5.549004573501860385e+34
5.137610749661506121e+34
4.766260239574758498e+34
4.430622328126904190e+34
4.126882697054993681e+34
3.851677496400395974e+34
3.602036365785508566e+34
3.375333128201625019e+34
3.169243069819861454e+34
2.981705880328517341e+34
2.810893464672529506e+34
2.655181952391541500e+34
2.513127328538964630e+34
2.383444193382503919e+34
2.264987228311561764e+34
2.156735005841207254e+34
2.057775832437962695e+34
1.967295356733953888e+34
1.884565712873834973e+34
1.808936000687904267e+34
1.739823931609881765e+34
1.676708492780982081e+34
1.619123501730850951e+34
1.566651941459039095e+34
1.518920980505313569e+34
1.475597595498711863e+34
1.436384724746797359e+34
1.401017891009433988e+34
1.369262239962315683e+34
1.340909948066068138e+34
1.315777959880354968e+34
1.293706020406167145e+34
1.274554972856277315e+34
1.258205296563966392e+34
1.244555863512583297e+34
1.233522895387537016e+34
1.225039106068640197e+34
1.219053017280247253e+34
1.215528437641155919e+34
1.214444097736436979e+34
1.215793436047035189e+34
1.219584532725792032e+34
1.225840190283352801e+34
1.234598162307979003e+34
1.245911533436674093e+34
1.259849255932166773e+34
1.276496850474090010e+34
1.295957281111649759e+34
1.318352016961656437e+34
1.343822295932602427e+34
1.372530608952091320e+34
1.404662426393901297e+34
1.440428192575791552e+34
1.480065618125626970e+34
1.523842305211004783e+34
1.572058746105278978e+34
1.625051741938898204e+34
1.683198295846985735e+34
1.746920043133545137e+34
1.816688290792246522e+34
1.893029749941397842e+34
1.976533057735856885e+34
2.067856200372293799e+34
2.167734966306243539e+34
2.276992579137535621e+34
2.396550683347536235e+34
2.527441883673508965e+34
2.670824071217866063e+34
2.827996807144865700e+34
3.000420078943517601e+34
3.189735796176792411e+34
3.397792453282813750e+34
3.626673458588138168e+34
3.878729712717644349e+34
4.156617118583501563e+34
4.463339822191786502e+34
4.802300121095864211e+34
5.177356140819261924e+34
5.592888572659017694e+34
6.053877994986032356e+34
6.565994572120609551e+34
7.135702247789663088e+34
7.770379934029173932e+34
8.478462654512325389e+34
9.269606146964037916e+34
1.015487908152699511e+35
1.114698783171735426e+35
1.226053966871713076e+35
1.351235136895299772e+35
1.492181156985549400e+35
1.651130682422659943e+35
1.830672324944597943e+35
2.033803801237177042e+35
2.264001772091741854e+35
2.525304421414284260e+35
2.822409238145744095e+35
3.160788965844859184e+35
3.546829293382338153e+35
3.987992599855198879e+35
4.493012966898381645e+35
5.072128768241495640e+35
5.737360484494970782e+35
6.502843026102643223e+35
7.385223848138312229e+35
8.404140591282202743e+35
9.582794992486969617e+35
1.094864350178725397e+36
1.253422959271368805e+36
1.437818835459329757e+36
1.652646087186831753e+36
1.903376444068529515e+36
2.196537524959509648e+36
2.539929325921536274e+36
2.942887528630895397e+36
3.416604252191834611e+36
3.974519389064257818e+36
4.632798804690425688e+36
5.410919599699395531e+36
6.332387534196418576e+36
7.425617851351868209e+36
8.725018435226992243e+36
1.027232390744967981e+37
1.211824143231277295e+37
1.432448432756753295e+37
1.696628892054486397e+37
2.013553453541172672e+37
2.394461744233220678e+37
2.853126883036573625e+37
3.406455668097898403e+37
4.075237477016549308e+37
4.885080272001201425e+37
5.867582395963897030e+37
7.061801998589536042e+37
8.516102762658225832e+37
1.029047617407454685e+38
1.245946827173679632e+38
1.511587441674710395e+38
1.837541146622061141e+38
