1.484985630909296048e+92
1.213201422283190332e+92
9.931548263705722236e+91
8.146555137835348404e+91
6.695818512222797095e+91
5.514493559828546500e+91
4.550714312203711614e+91
3.762921963749949325e+91
3.117757354707904039e+91
2.588395679634202373e+91
2.153228402219701309e+91
1.794818224165316249e+91
1.499069146589646762e+91
1.254566245563552078e+91
1.052049577158299281e+91
8.839942623729122686e+90
7.442747646054734308e+90
6.278960336583871286e+90
5.307778427633502203e+90
4.495815095486162366e+90
3.815704429939380903e+90
3.244977298121476588e+90
2.765153699561074845e+90
2.361008731870741403e+90
2.019978001066899982e+90
1.731675211766505724e+90
1.487500145611081996e+90
1.280319583854741986e+90
1.104207188595285275e+90
9.542311127246612608e+89
8.262803076007451291e+89
7.169222546156891539e+89
6.232862533121016073e+89
5.429675260497532485e+89
4.739483041573261110e+89
4.145327881061580183e+89
3.632934599878325030e+89
3.190266989061836516e+89
2.807160312812195610e+89
2.475016564855467233e+89
2.186551380075084650e+89
1.935583528727842124e+89
1.716859566148296944e+89
1.525907548459359067e+89
1.358914814918866761e+89
1.212625726265821554e+89
1.084255974534786571e+89
9.714206736324536472e+88
8.720739263292408229e+88
7.844579623838387110e+88
7.070602699939519268e+88
6.385774124902611479e+88
5.778844440044864345e+88
5.240090209212320832e+88
4.761094571736399892e+88
4.334560963477463555e+88
3.954154771846020419e+88
3.614368548393966752e+88
3.310407115563494961e+88
3.038089496589437093e+88
2.793765090955077311e+88
2.574241928754567108e+88
2.376725180698761938e+88
2.198764387192628900e+88
2.038208109967403612e+88
1.893164910863559244e+88
1.761969731037378380e+88
1.643154885677769635e+88
1.535425008421005393e+88
1.437635380154227441e+88
1.348773161468645118e+88
1.267941119555059899e+88
1.194343500715812696e+88
1.127273750823096919e+88
1.066103829355641878e+88
1.010274899458809426e+88
9.592892076640280149e+87
9.127029934820145078e+87
8.701202917303802441e+87
8.311875096866913735e+87
7.955886777028624071e+87
7.630412859356846051e+87
7.332926318929329346e+87
7.061166138927244195e+87
6.813109142844926070e+87
6.586945239849874780e+87
6.381055663918388514e+87
6.193993843992752488e+87
6.024468590958512025e+87
5.871329329883447911e+87
5.733553141875185245e+87
5.610233412339267822e+87
5.500569909522968502e+87
5.403860141752982071e+87
5.319491862831114154e+87
5.246936613680808777e+87
5.185744204878682775e+87
5.135538059524345168e+87
5.096011348834592214e+87
5.066923864988037883e+87
5.048099586588988621e+87
5.039424902109802119e+87
5.040847466294252555e+87
5.052375673303728636e+87
5.074078739261657871e+87
5.106087395212838880e+87
5.148595200407211325e+87
5.201860494100141034e+87
5.266209013808470110e+87
5.342037216852461406e+87
5.429816352847939525e+87
5.530097345629908389e+87
5.643516555413654542e+87
5.770802505702727620e+87
5.912783674263640972e+87
6.070397464833546892e+87
6.244700495327679154e+87
6.436880360276965128e+87
6.648269050214251613e+87
6.880358239427606486e+87
7.134816686372191557e+87
7.413510028960000163e+87
7.718523300690612363e+87
8.052186544315193078e+87
8.417103958257894004e+87
8.816187079038745625e+87
9.252692582303234820e+87
9.730265376956290287e+87
1.025298777419879413e+88
1.082543563885421321e+88
1.145274257637438641e+88
1.214067338066470504e+88
1.289570816836339997e+88
1.372513886071476107e+88
1.463717995091597506e+88
1.564109581988498827e+88
1.674734724659117573e+88
1.796776021022881818e+88
1.931572061464604818e+88
2.080639919530729162e+88
2.245701161328135824e+88
2.428711962499067547e+88
2.631898026172327366e+88
2.857795119815808454e+88
3.109296196590683200e+88
3.389706243147648604e+88
3.702806205413520896e+88
4.052927594665895981e+88
4.445039675619793328e+88
4.884851496629902022e+88
5.378931451625776313e+88
5.934847578675340079e+88
6.561332419252281252e+88
7.268477007096984336e+88
8.067959452838084479e+88
8.973314672820797789e+88
1.000025311781958233e+89
1.116703793833119063e+89
1.249493193799093140e+89
1.400872798875218993e+89
1.573737940131728668e+89
1.771475017340921384e+89
1.998050921464232254e+89
2.258119773770877826e+89
2.557150522398878451e+89
2.901579697415402284e+89
3.298994556326146071e+89
3.758352993641710718e+89
4.290247989779121637e+89
4.907226098387623252e+89
5.624171593862381980e+89
6.458770518567271389e+89
7.432072102222588626e+89
8.569169024294144933e+89
9.900022942430793093e+89
1.146046785293524167e+90
1.329343147967614501e+90
1.545042438069978289e+90
1.799335828858477759e+90
2.099676995738104447e+90
2.455054522931371617e+90
2.876326111170276770e+90
3.376629257970922350e+90
3.971886712869021296e+90
4.681429574738014791e+90
5.528766645480204888e+90
6.542535902557543227e+90
7.757683105780946495e+90
9.216924133526350106e+90
1.097256231189043695e+91
1.308875061395159001e+91
1.564431226021041711e+91
1.873626335867211480e+91
2.248421960401972189e+91
2.703591805869907582e+91
3.257414770400661307e+91
3.932546270708534230e+91
4.757115530035766799e+91
5.766109743297907347e+91
7.003123053516219284e+91
