4.092803154898571475e+231
3.345622035155375648e+231
2.740353569177962970e+231
2.249104536316096994e+231
1.849633278328186805e+231
1.524172869215414232e+231
1.258505507815894621e+231
1.041233269052111770e+231
8.632025843606681081e+230
7.170492753291816945e+230
5.968382802996440693e+230
4.977778838782426048e+230
4.159926608252631674e+230
3.483427679308487687e+230
2.922798822476855027e+230
2.457321623649105695e+230
2.070122328556204200e+230
1.747434621717426476e+230
1.478007995449019251e+230
1.252632175869961251e+230
1.063754213016053412e+230
9.051696763676945911e+229
7.717732089817914123e+229
6.593567038608782599e+229
5.644457474311905685e+229
4.841668614150883408e+229
4.161395711510891948e+229
3.583885177879267467e+229
3.092717783925873507e+229
2.674223125105448691e+229
2.317000560409803838e+229
2.011526648290177369e+229
1.749832959572513046e+229
1.525241238904569141e+229
1.332145369440496633e+229
1.165831592362976541e+229
1.022330041452439034e+229
8.982919503450142572e+228
7.908879383046868137e+228
6.977236282492103303e+228
6.167695377501750971e+228
5.463027410824457192e+228
4.848582532415917412e+228
4.311884553183873541e+228
3.842291808366514960e+228
3.430713276358343065e+228
3.069370600454342300e+228
2.751598298865519543e+228
2.471675790409910287e+228
2.224685964481025068e+228
2.006395928719846991e+228
1.813156312279790264e+228
1.641816115958657199e+228
1.489650606536319708e+228
1.354300170766827441e+228
1.233718390319707040e+228
1.126127885512366853e+228
1.029982713314705981e+228
9.439363025363648410e+227
8.668140732551350823e+227
7.975900243019507190e+227
7.353666866067383198e+227
6.793579354193864177e+227
6.288742340088807653e+227
5.833099480634322369e+227
5.421324258711463921e+227
5.048725862249757919e+227
4.711167953839423060e+227
4.404998475699844027e+227
4.126988913869970364e+227
3.874281681206200513e+227
3.644344477401065030e+227
3.434930652765155697e+227
3.244044744584569435e+227
3.069912475902792562e+227
2.910954608809342933e+227
2.765764131527300430e+227
2.633086332625450563e+227
2.511801378803441995e+227
2.400909066556138361e+227
2.299515463971152782e+227
2.206821198254372480e+227
2.122111178210234424e+227
2.044745569813279188e+227
1.974151867709176131e+227
1.909817926880465934e+227
1.851285836919075995e+227
1.798146537341108264e+227
1.750035085850697395e+227
1.706626503429892352e+227
1.667632130301027696e+227
1.632796435778774315e+227
1.601894232744719662e+227
1.574728254338272882e+227
1.551127056363688487e+227
1.530943214224182756e+227
1.514051787818487193e+227
1.500349032035436448e+227
1.489751334190449856e+227
1.482194363174339480e+227
1.477632418168576671e+227
1.476037967710400170e+227
1.477401372575684380e+227
1.481730788584641063e+227
1.489052247949060020e+227
1.499409920308657680e+227
1.512866557110335092e+227
1.529504125600852112e+227
1.549424641405390200e+227
1.572751211535023469e+227
1.599629302765143769e+227
1.630228253672877383e+227
1.664743052361887936e+227
1.703396405969056736e+227
1.746441132716876586e+227
1.794162912415635635e+227
1.846883437247340568e+227
1.904964011360241424e+227
1.968809655453500281e+227
2.038873781353280473e+227
2.115663511638340692e+227
2.199745731085278319e+227
2.291753970104177877e+227
2.392396235947672575e+227
2.502463925510272654e+227
2.622841974517905796e+227
2.754520422269064045e+227
2.898607599507321938e+227
3.056345180085264813e+227
3.229125375791903715e+227
3.418510598854692418e+227
3.626255969618045703e+227
3.854335108883372917e+227
4.104969727215175842e+227
4.380663609049832428e+227
4.684241690092164687e+227
5.018895044998108326e+227
5.388232742201840779e+227
5.796341687766941790e+227
6.247855775324581495e+227
6.748035890273729886e+227
7.302862590137064638e+227
7.919143608019798753e+227
8.604638712113173594e+227
9.368204913670553358e+227
1.021996556288264632e+228
1.117150752488240443e+228
1.223611140727309981e+228
1.342902074271555366e+228
1.476775714586952042e+228
1.627248980174422445e+228
1.796646924846282218e+228
1.987653734778686738e+228
2.203372766011843999e+228
2.447397324061536002e+228
2.723894225280549849e+228
3.037702587862100904e+228
3.394450794598690941e+228
3.800695168141011618e+228
4.264084625988211624e+228
4.793556464993317045e+228
5.399569499022805690e+228
6.094382081599255309e+228
6.892384141457018401e+228
7.810494308788948148e+228
8.868635595545025043e+228
1.009030601555755436e+229
1.150326411601317482e+229
1.314035379645986132e+229
1.504049821178954723e+229
1.724989923270063985e+229
1.982348717663452227e+229
2.282667570265821140e+229
2.633748936156395089e+229
3.044914690400564652e+229
3.527320282413553494e+229
4.094337369639461379e+229
4.762020583552300145e+229
5.549677817261412459e+229
6.480568088381972879e+229
7.582756862569098077e+229
8.890166025576473749e+229
1.044386484916037104e+230
1.229365979789123977e+230
1.450005549138838081e+230
1.713667736298014909e+230
2.029326955260368164e+230
2.407941063288340183e+230
2.862912654780266083e+230
3.410662676723118154e+230
4.071344885241060991e+230
4.869737189374210513e+230
5.836355513653015700e+230
7.008848037460808976e+230
8.433743288720938289e+230
1.016864555467161633e+231
1.228499668365969316e+231
1.487155622338093769e+231
1.803879409664774695e+231
2.192444441769324667e+231
