9.875794700792339675e-01
9.880625388560582145e-01
9.885176448468895316e-01
9.888931854382974063e-01
9.891462181899185468e-01
9.892421935242837749e-01
9.891545398076223572e-01
9.888641386547537548e-01
9.883587236829346478e-01
9.876322314804399927e-01
9.866841293058051798e-01
9.855187400377614093e-01
9.841445812006772709e-01
9.825737315001955574e-01
9.808212352404920287e-01
9.789045522564948643e-01
9.768430585719997117e-01
9.746576008842333660e-01
9.723701061593686967e-01
9.700032460821422786e-01
9.675801548229457927e-01
9.651241975385468352e-01
9.626587861911313215e-01
9.602072386278528437e-01
9.577926763873765292e-01
9.554379563635989614e-01
9.531656312369564121e-01
9.509979334512411731e-01
9.489567774429873426e-01
9.470637747888783764e-01
9.453402568939323070e-01
9.438072997606847814e-01
9.424857452174122407e-01
9.413962126869103164e-01
9.405590950900331038e-01
9.399945317169685621e-01
9.397223497670829095e-01
9.397619646188928311e-01
9.401322265710473358e-01
9.408511985470433547e-01
9.419358447512409249e-01
9.434016040369925804e-01
9.452618131547600999e-01
9.475269331764493153e-01
9.502035159515577201e-01
9.532928246042576825e-01
9.567889901989906631e-01
9.606765420268336131e-01
9.649270861057770432e-01
9.694948177519753241e-01
9.743104285598518377e-01
9.792727906149992778e-01
9.842375506276952457e-01
9.890014174826203819e-01
9.932804483156668640e-01
9.966800061008150857e-01
9.986532841351666301e-01
9.984444805484287144e-01
9.950122369540328471e-01
9.869298390154584988e-01
9.722633010777518292e-01
9.484419419063758738e-01
9.121681074922087795e-01
8.594779903301903445e-01
7.861745343382026130e-01
6.889729632637764389e-01
5.676591045576215855e-01
4.279783535575655828e-01
2.835890638181792767e-01
1.542451733678557035e-01
5.907761132715552005e-02
8.730869389142928427e-03
2.319314761452974730e-03
3.069142626038519339e-02
8.263209813483374244e-02
1.442433049007130763e-01
2.127380314156327168e-01
2.809387780969094250e-01
3.463895485104300231e-01
4.078121989825247984e-01
4.647214482802651814e-01
5.170774887784348461e-01
5.650675190486141863e-01
6.089787882445911738e-01
6.491288669038094428e-01
6.858297748177403230e-01
7.193713974018112189e-01
7.500154991579145447e-01
7.779952878376321657e-01
8.035176608734849735e-01
8.267665398723321735e-01
8.479064345489176757e-01
8.670857977035983932e-01
8.844399702562502075e-01
9.000936473353405853e-01
9.141628677892527088e-01
9.267565660529298865e-01
9.379777419167802943e-01
9.479243089531191879e-01
9.566896810883713798e-01
9.643631519017511478e-01
9.710301142802378882e-01
9.767721598682996831e-01
9.816670884766690586e-01
9.857888466671793637e-01
9.892074001677234607e-01
9.919885216357203772e-01
9.941934307202515697e-01
9.958781214658271042e-01
9.970919405415780146e-01
9.978741305048544064e-01
9.982438053360229713e-01
9.981621872658164030e-01
9.973031635489418845e-01
9.882991181039725292e-01
1.000748273424988843e+00
9.988340879120519711e-01
9.976859669190870639e-01
9.966365276565211095e-01
9.955834192152419604e-01
9.945076225700211214e-01
9.934111126529673319e-01
9.923021794905256820e-01
9.911907953854061093e-01
9.900868945657229636e-01
9.889996846681584630e-01
9.879373779392114363e-01
9.869071109271161379e-01
9.859149550551017382e-01
9.849659732271559553e-01
9.840643005096579854e-01
9.832132376770690296e-01
9.824153518149643105e-01
9.816725810812679809e-01
9.809863424177037716e-01
9.803576420894711818e-01
9.797871897426235765e-01
9.792755174076341884e-01
9.788231057106598909e-01
9.784305207036956276e-01
9.780985665907465654e-01
9.778284631666276372e-01
9.776220646442362883e-01
9.774821572024054994e-01
9.774129378789389033e-01
9.774210335741283506e-01
9.775187537158489537e-01
9.777409126932838923e-01
9.768119938824857407e-01
9.780846773489714208e-01
9.786155606797143358e-01
9.792032296150477988e-01
9.798271837759580105e-01
9.802961146443246454e-01
9.798825389837281241e-01
9.754602110208822063e-01
9.478202368268028311e-01
6.442601078157370598e-01
4.734307360495084160e-01
8.391666601293361616e-01
9.055477326933845106e-01
9.291214566178775947e-01
9.407428627776206476e-01
9.476461089983059249e-01
9.522899569941033482e-01
9.557169465557699972e-01
9.584393174733997212e-01
9.607367630351429932e-01
9.627745119833053256e-01
9.646561364919640225e-01
9.664494054589847227e-01
9.681998406747985841e-01
9.699381719131748847e-01
9.716844586150266139e-01
9.734498556706980832e-01
9.752342642574047815e-01
9.769967195186410880e-01
9.777633250970284573e-01
9.794795118892917207e-01
9.824382286669263165e-01
9.844259074894957662e-01
9.863036179942217263e-01
9.881081128943792757e-01
9.898249588705000379e-01
9.914276399372324855e-01
9.928840795401880914e-01
9.941587159912155247e-01
9.952138270821931920e-01
9.960110488131840301e-01
9.965136816226749517e-01
9.966901784107224938e-01
9.965106623388072515e-01
9.955208501576442437e-01
9.941037875418612391e-01
9.827560960334944529e-01
9.871700552818171159e-01
9.852046573027684051e-01
9.823478692883855778e-01
9.752559289049559377e-01
9.721404297447171494e-01
