9.380132423502572925e-01
9.334131013014319578e-01
9.312089802377571113e-01
9.311237138536632152e-01
9.358644688211914531e-01
9.435377374282758467e-01
9.557006228581299556e-01
9.696307463788750303e-01
9.569551599915793183e-01
6.949294063429196644e-01
1.440468074888196642e-02
1.934426493421529947e-01
3.873501626497722339e-01
4.821852344632112652e-01
5.304832772925009987e-01
5.558716153693694650e-01
5.685658703625116051e-01
5.734680036232517875e-01
5.731612868266616756e-01
5.691020156242534433e-01
5.621397950644415609e-01
5.527614545674097712e-01
5.412128243657747806e-01
5.276095455253800859e-01
5.101746664452831981e-01
4.916331810931061641e-01
4.686007492903011551e-01
4.389957278571818278e-01
3.966553774553127076e-01
3.830203859547983147e-01
3.084918409829814356e-01
2.004144047589206390e-01
3.860820562635328135e-02
4.196897834302532049e-01
5.270401831200384191e-01
9.337995339244499204e-01
8.203986133925363911e-01
7.473221085600821878e-01
6.992347006852170921e-01
6.651819842649514536e-01
6.396574915693286068e-01
6.195781135770449533e-01
6.031467073774227083e-01
5.897267394234995130e-01
5.783050996391585485e-01
5.683807691860948141e-01
5.595051985825387764e-01
5.511752203508624159e-01
5.425651010901780813e-01
5.311487244594775836e-01
5.168897385238192532e-01
3.891041438487899407e-01
6.039098321885141285e-01
5.676125073953387501e-01
5.574612673224479398e-01
5.528464565950212961e-01
5.505839239595939905e-01
5.496983199705701706e-01
5.497834196494197911e-01
5.506353173901680220e-01
5.521373846889582326e-01
5.542158509711166969e-01
5.568199465887788691e-01
5.599119519020731017e-01
5.634616959585153628e-01
5.674432193715237549e-01
5.718325535841490836e-01
5.766061076050925660e-01
5.817394264611660537e-01
5.872062859752095187e-01
5.929783856995242131e-01
5.990266937025195970e-01
6.053283506734334907e-01
6.118963482136119403e-01
6.189408680078235525e-01
6.288144934105003303e-01
6.200150533525115026e-01
6.304082768218491895e-01
6.334316106821422654e-01
6.345731686358262458e-01
6.610912307161171952e-01
6.624842638579828691e-01
6.621018308134223318e-01
6.596024446824823029e-01
6.530613491271651805e-01
6.361823704403682944e-01
6.250901395220006540e-01
6.085510140531296130e-01
5.532743906816326440e-01
4.720805723951057020e-01
3.448098101496518963e-01
1.664987557346612745e-01
1.458362857408486771e-02
6.781541618771497193e-02
2.904057809205408125e-01
4.677254093079932784e-01
6.435063111692833626e-01
6.803390555203568946e-01
6.877171182597795474e-01
6.624235007074462667e-01
5.888678734251474589e-01
4.366276610793133894e-01
1.400255726975564996e-01
2.348501452980880089e-01
8.956984853489750042e-01
9.364327700627990136e-01
8.240153926759253844e-01
6.017624891285969779e-01
2.213772903336326259e-01
2.888391369978932088e-01
5.798919096529820960e-01
8.814567930015589914e-01
9.656762229689163091e-01
9.792003224763150548e-01
9.708365553479042509e-01
9.547582587268143017e-01
9.358161894591664476e-01
9.159445018003853356e-01
8.960326601648904710e-01
8.765558708732184012e-01
8.577899759952447578e-01
8.393706475032070013e-01
8.241072621634374373e-01
8.055794144373161769e-01
8.143559953898377168e-01
8.016289652290218282e-01
8.046473994139726749e-01
8.287663062115219192e-01
9.016563165685946846e-01
5.842073700243179957e-01
2.542085841410806069e-01
4.458052908580895091e-01
4.951009113466722789e-01
5.085113047712519485e-01
5.173670742827719549e-01
5.163043373330243879e-01
5.125370588641087188e-01
5.073435086242287229e-01
5.014147250254727961e-01
4.951569188704855740e-01
4.888240030642602152e-01
4.825835036163560465e-01
4.765522687873690599e-01
4.708174756682675932e-01
4.654502326836185144e-01
4.605156112790442235e-01
4.560814996083215056e-01
4.522284586337315671e-01
4.490698052805172646e-01
4.467042595751499756e-01
4.454180661703358579e-01
4.455204955425240976e-01
4.475855941442067332e-01
4.526268473649697199e-01
4.626043705692005625e-01
4.817997631075911502e-01
5.214507176417095824e-01
6.215677019454602936e-01
9.935101975969187205e-01
4.546907706174903481e-03
1.382747053984744456e-01
1.902741676281319017e-01
2.161505166540061140e-01
2.311715466580112621e-01
2.340273223058552954e-01
2.257974377148994627e-01
2.119510419389189215e-01
1.924317722502197070e-01
1.663617296859393191e-01
1.327523741509190613e-01
9.136966603468951731e-02
4.537859656583580203e-02
8.707300753104432398e-03
2.957108823701041014e-02
2.070329061760145806e-01
4.078865824542572405e-01
5.934574933418085285e-01
8.174590651582033241e-01
9.144208454390486684e-01
9.490939706322779612e-01
8.131309426085553405e-01
9.655010814138893505e-01
8.978814831531933827e-01
8.762951643525683787e-01
6.757153485551604666e-01
2.936907574387592756e-01
4.680844959439152408e-02
3.128795739312170143e-01
4.960846537941658863e-01
6.001219577445782161e-01
6.781637680565596460e-01
7.373746593416071748e-01
7.844039564688338739e-01
8.233465975818168303e-01
8.565610404711834214e-01
8.853747743994316854e-01
9.105231820713175495e-01
9.325543353836129867e-01
9.477181500503664147e-01
9.646258354365975229e-01
