1.002371180790084804e+00
1.001280840297791741e+00
1.000158585721375726e+00
9.990133616228956681e-01
9.978505156159223066e-01
9.966723159000615562e-01
9.954784698856469216e-01
9.942666317840328505e-01
9.930328895756048713e-01
9.917722240176977122e-01
9.904789343198200369e-01
9.891470268068472960e-01
9.877705643421240689e-01
9.863439754970344531e-01
9.848623234622695399e-01
9.833215355170351613e-01
9.817185945209682130e-01
9.800516943957218174e-01
9.783203619341832580e-01
9.765255475302149213e-01
9.746696875827088880e-01
9.727567414021008885e-01
9.707922054535813583e-01
9.687831077174028360e-01
9.667379848451502777e-01
9.646668446471726721e-01
9.625811162706523483e-01
9.604935902218928456e-01
9.584183501573986241e-01
9.563706981140924768e-01
9.543670745736533290e-01
9.524249744537739426e-01
9.505628597893551746e-01
9.488000694970678550e-01
9.471567262024002121e-01
9.456536396281020052e-01
9.443122054799854004e-01
9.431542980869448423e-01
9.422021542214288337e-01
9.414782444857119348e-01
9.410051273279612660e-01
9.408052790459687786e-01
9.409008909087034356e-01
9.413136215816224617e-01
9.420642891137006592e-01
9.431724814580227934e-01
9.446560573224292989e-01
9.465304993371030928e-01
9.488080680141033341e-01
9.514966862358071875e-01
9.545984578474938642e-01
9.581076871761515790e-01
9.620082143541250908e-01
9.662698075366966677e-01
9.708432478247106534e-01
9.756535920882061230e-01
9.805908833073834208e-01
9.854972704591855592e-01
9.901490650610348387e-01
9.942316581132657483e-01
9.973044147772481827e-01
9.987516648174418199e-01
9.977148704855964834e-01
9.930005271517100551e-01
9.829598297181880717e-01
9.653432180743140023e-01
9.371533858209276646e-01
8.945688079314345620e-01
8.331068341189352688e-01
7.483470947003468821e-01
6.376583167643992134e-01
5.031415646919953355e-01
3.548642192287081443e-01
2.115158876567602986e-01
9.523627327941816545e-02
2.467899020685545425e-02
7.455703597052192836e-05
1.690881415009998917e-02
6.207042796571340948e-02
1.232785783027882387e-01
1.913139496188863975e-01
2.602738183435293062e-01
3.268282692194201533e-01
3.893316048712651134e-01
4.472406116514109353e-01
5.003550527198555864e-01
5.489510712519493074e-01
5.933419888284459098e-01
6.338831926516466098e-01
6.709222671110958158e-01
7.047791551982447444e-01
7.357394304739693913e-01
7.640541319311180413e-01
7.899426761708292499e-01
8.135969719619110530e-01
8.351857541100484728e-01
8.548586480416838773e-01
8.727497482135515572e-01
8.889806402955637843e-01
9.036628741203218684e-01
9.168999325863629313e-01
9.287887583900991118e-01
9.394209053547640798e-01
9.488833796496255468e-01
9.572592313992882573e-01
9.646279507822734800e-01
9.710657156989577210e-01
9.766455310162058812e-01
9.814372926159122823e-01
9.855078031867733346e-01
9.889207610221446565e-01
9.917367380846753289e-01
9.940131592903239666e-01
9.958042913389654194e-01
9.971612464486900862e-01
9.981320039846401926e-01
9.987614511604477885e-01
9.990914426780551638e-01
9.991608783219845247e-01
9.990057971380434942e-01
9.986594870054160689e-01
9.981526095015835764e-01
9.975133430440300542e-01
9.967675558316342332e-01
9.959390466890494231e-01
9.950499920981308311e-01
9.941222405906837700e-01
9.931842469744102120e-01
9.924344069375252708e-01
9.910987055503025500e-01
9.901919421527602960e-01
9.892789060823748981e-01
9.883955089656276671e-01
9.875547983934644947e-01
9.867656114765482878e-01
9.860349427001430245e-01
9.853685564060127300e-01
9.847712340140868381e-01
9.842469136920500850e-01
9.837987897291803341e-01
9.834293933734390425e-01
9.831406628997365615e-01
9.829340045917184243e-01
9.828103404518470088e-01
9.827701240662092275e-01
9.828132476020151609e-01
9.829384145743451651e-01
9.831379008313786416e-01
9.832142329338718900e-01
9.836616549254617592e-01
9.842347695156072884e-01
9.847699706317006862e-01
9.853541983602545073e-01
9.859713173850894741e-01
9.865725611652020888e-01
9.870447740387415791e-01
9.871116265003779811e-01
9.860241699722919195e-01
9.813976454846565778e-01
9.633843572778354458e-01
8.677953200708843351e-01
1.457702676877341841e-01
6.451691743730525452e-01
8.623158270857480545e-01
9.176902632546525274e-01
9.400878676699722103e-01
9.516843696243802997e-01
9.586241052410813257e-01
9.631773896567299431e-01
9.663524024822230940e-01
9.686577757327776705e-01
9.703756369482077204e-01
9.716746808958235393e-01
9.726624039534534916e-01
9.734113853636955360e-01
9.739734493319768260e-01
9.743877365085569231e-01
9.746855201450331796e-01
9.748931867716288391e-01
9.750341304907765849e-01
9.751299736194369849e-01
9.752013493468084659e-01
9.752683849001216876e-01
9.753509685201559032e-01
9.754688515379243974e-01
9.756416186749549135e-01
9.758885516696591544e-01
9.762284157922067607e-01
9.766792336718451706e-01
9.772582633440607403e-01
9.779831982989385386e-01
9.788823587618564748e-01
9.802250852657955482e-01
9.808764555004475527e-01
9.822495066566376831e-01
9.837166829883566832e-01
9.852553381355247941e-01
9.867300241609008316e-01
9.876501173015087565e-01
9.635695800579811010e-01
