9.598696894628635512e-01
9.467049203600796936e-01
9.255104514943691685e-01
6.034228083023009948e-01
5.734467692410971651e-01
7.810858708074518431e-01
8.179481065348386259e-01
8.298189024054376528e-01
8.347773440801681266e-01
8.373286771816039753e-01
8.389964221771599728e-01
8.403677519420288400e-01
8.416690358417207030e-01
8.429700046219114062e-01
8.442685769822326769e-01
8.455303088481455065e-01
8.467082549396884872e-01
8.477534815805596313e-01
8.486207371768977881e-01
8.492714410526289726e-01
8.496751057463898249e-01
8.498098062074782577e-01
8.496620508591625764e-01
8.492262618422832254e-01
8.485039564194013506e-01
8.475024880902511937e-01
8.462315949145309268e-01
8.446245943058026118e-01
8.430456670544228537e-01
8.411013861273534120e-01
8.389985614448743911e-01
8.367563306920090538e-01
8.344023883209163994e-01
8.319656183989490028e-01
8.294747766685598434e-01
8.269578618402207981e-01
8.244416826718397040e-01
8.219515255038518653e-01
8.195108911374834326e-01
8.171412803095154942e-01
8.148619955354652333e-01
8.126898667704767210e-01
8.106384828197936709e-01
8.087135135322048862e-01
8.066322222668351749e-01
8.054139768876799055e-01
8.039470960607216776e-01
8.026550529627671793e-01
8.012295779813831675e-01
8.006505349691505069e-01
7.998733334003257367e-01
7.992724854973666249e-01
7.988386267371325733e-01
7.985659140386464072e-01
7.984481742714437669e-01
7.984784712077426239e-01
7.986490790669205087e-01
7.989515392191274268e-01
7.993767346908056126e-01
7.999149635488331800e-01
8.005560038501969844e-01
8.012891663907452111e-01
8.021033326679498643e-01
8.029869758030110383e-01
8.039281621135484501e-01
8.049145307550759076e-01
8.059332484306508393e-01
8.069709356939258615e-01
8.080135610600636120e-01
8.090462996629479431e-01
8.100533567062104812e-01
8.110177700453377048e-01
8.119212621397619012e-01
8.127444722148290390e-01
8.134696250693466135e-01
8.141138727854938528e-01
8.141967680467794288e-01
8.145479661653547421e-01
8.145198752479985149e-01
8.141697354449584090e-01
8.134361021258939006e-01
8.122311042788610269e-01
8.104385559145285134e-01
8.079039356774871949e-01
8.044177112689721021e-01
7.996869615562471889e-01
7.932217951566500336e-01
7.843094133382989552e-01
7.727562143442298082e-01
7.562792948203562737e-01
7.326400930418214275e-01
6.974344676336725612e-01
6.422235685787214265e-01
5.497947024719512799e-01
3.855437293800748622e-01
1.197438046286603969e-01
5.118960255536596227e-02
5.212358504609476695e-01
6.788555847415014277e-01
9.469113162040337928e-01
9.819819157215601280e-01
9.924977986163234789e-01
9.954297574979148466e-01
9.956993111537286723e-01
9.951060561324819309e-01
9.943493603256028379e-01
9.936994591298142776e-01
9.932486865690466349e-01
9.930132629255107313e-01
9.929769264977105214e-01
9.931103499025630832e-01
9.933799399373310912e-01
9.937518067020935097e-01
9.941934862665570138e-01
9.946746222449408537e-01
9.951672144956789090e-01
9.956459348101848184e-01
9.960914251268877528e-01
9.964275909259143749e-01
9.967446476482829665e-01
9.969440118472605583e-01
9.970252889205785118e-01
9.969745345939731163e-01
9.967784912015603682e-01
9.964253303913154225e-01
9.959048112763597693e-01
9.952083529049133848e-01
9.943290807228164496e-01
9.932618297785767991e-01
9.920029643011329945e-01
9.905488987059255512e-01
9.888461266536545669e-01
9.871100745834632262e-01
9.850918259196689286e-01
9.829045753529921381e-01
9.805535409060519569e-01
9.780501182499277135e-01
9.754086837973794388e-01
9.726461860053252639e-01
9.697819950668532529e-01
9.668377045443141693e-01
9.638367046912417191e-01
9.608031794003009107e-01
9.577595722004134116e-01
9.547193483073761477e-01
9.516615282304284884e-01
9.483995346728597564e-01
9.427814550213419187e-01
9.489097145095188868e-01
9.445302300062377032e-01
9.392643734743637562e-01
9.408246378295685997e-01
9.402821918254610223e-01
9.403085337205219219e-01
9.410730882881688242e-01
9.426984143222930657e-01
9.453079739677950899e-01
9.490215574227006678e-01
9.539307109903122361e-01
9.600381927897077006e-01
9.671146212029397837e-01
9.743547342670906275e-01
9.795297181053614910e-01
9.768350921954449539e-01
9.514212304029139311e-01
8.671527610376469353e-01
6.554168470777105293e-01
3.026500866226959907e-01
3.559910566875301025e-02
1.761315626279554708e-02
1.148197630011184023e-01
2.180273581390312077e-01
3.002014385462615231e-01
3.616304198322136121e-01
4.071806588762673651e-01
4.411536408990652802e-01
4.666575620637282706e-01
4.858382839751976268e-01
5.001710195523679792e-01
5.106788124694578990e-01
5.180793114110757713e-01
5.228797126223355685e-01
5.254321261992780379e-01
5.259067521926736877e-01
5.253436356249603367e-01
5.224516630537292539e-01
5.180995851442250499e-01
5.122888276269644825e-01
5.050067478266164755e-01
4.962062052123821232e-01
4.857761189143389724e-01
4.735055643343646370e-01
4.590232444823365010e-01
4.416897754776905050e-01
4.203992297403206235e-01
3.931994763458899200e-01
3.565456899923178380e-01
3.039431930732995890e-01
2.220978228477249738e-01
1.035330348770493597e-01
