5.177466571397569828e-01
5.213747343080635428e-03
2.509113226403201224e-01
4.236357624305089886e-01
5.155509307062587920e-01
5.699489404637733125e-01
6.054346390359066632e-01
6.302386902778879252e-01
6.484023651578357805e-01
6.621048748027972275e-01
6.726176829835319726e-01
6.807347272048251963e-01
6.869824145838165919e-01
6.917266420879556454e-01
6.948131654992397710e-01
6.978102933872101232e-01
6.994762248118421288e-01
7.004492852507486766e-01
7.008455632744541308e-01
7.007692297106573598e-01
7.003123538875630771e-01
6.995565218781787387e-01
6.985741220437348131e-01
6.974292800029765482e-01
6.961785512612757021e-01
6.948714599262624247e-01
6.935509437798161869e-01
6.922537444106875437e-01
6.910107662174839183e-01
6.898474182723479675e-01
6.887839470870475989e-01
6.878357660011943375e-01
6.870137902831807697e-01
6.863248068352612030e-01
6.857720008941680101e-01
6.853563657026733313e-01
6.850883669675762455e-01
6.847931875563015858e-01
6.847922684062839327e-01
6.848348205000152067e-01
6.849503629033204533e-01
6.851223205326782972e-01
6.853282510974063602e-01
6.855418618945851028e-01
6.857331382467101166e-01
6.858680627722202328e-01
6.859081142165700529e-01
6.858095601733090740e-01
6.855225128088976438e-01
6.849896924974419044e-01
6.841448206961293632e-01
6.829105337571286238e-01
6.811956690408065285e-01
6.788917182434226483e-01
6.758681625426297135e-01
6.719662880228646218e-01
6.669909073228568186e-01
6.606991409132472182e-01
6.527849003863830379e-01
6.428561993074609626e-01
6.303910519363581377e-01
6.134187629126266472e-01
5.954289346037344721e-01
5.707123350112029980e-01
5.394338860425214044e-01
4.996697234234309115e-01
4.490344542758165636e-01
3.848510579642345775e-01
3.049609747153413375e-01
2.100870675129579979e-01
1.090796848570072669e-01
2.639521334422077412e-02
1.961540399912385223e-03
6.584187535149089998e-02
2.032290377135731185e-01
3.644638537963567626e-01
5.085367122145422192e-01
6.205591348302074151e-01
7.021681226998921499e-01
7.601251126469120711e-01
8.010244310733103390e-01
8.299114847152374574e-01
8.503321512214708777e-01
8.647045157425730100e-01
8.746670824847183612e-01
8.813353554328879902e-01
8.854764328832647191e-01
8.876245219710874323e-01
8.881568663460471802e-01
8.873437656492261238e-01
8.853815064251395750e-01
8.824129633217587809e-01
8.785322845693498417e-01
8.736157635930932308e-01
8.688784405406497768e-01
8.627151962389898454e-01
8.560432051971137435e-01
8.488225988187614313e-01
8.410845539129760962e-01
8.328667683830082158e-01
8.242078840146145335e-01
8.151466454023102992e-01
8.057216925809194130e-01
7.959709863093777926e-01
7.859276487999704575e-01
7.751478885283440423e-01
7.652307862214301482e-01
7.545714444530207121e-01
7.437971273680269446e-01
7.329391064954718926e-01
7.220345163394621402e-01
7.111208333372220913e-01
7.002349947653389028e-01
6.894130852775176566e-01
6.786901617964719025e-01
6.681001340283077017e-01
6.576756787451413233e-01
6.474481803063250052e-01
6.374476935684012524e-01
6.277029258127391209e-01
6.182412332838627123e-01
6.090886253163514397e-01
6.002697634911163815e-01
5.918079309977682945e-01
5.837249177153361890e-01
5.760406861252200805e-01
5.687724306299353216e-01
5.619316728207115474e-01
5.555130105397986240e-01
5.494240511199062205e-01
5.416414427978695212e-01
5.402020034190843090e-01
5.357422899924230153e-01
5.318712863576275929e-01
5.285878887277212224e-01
5.258482037851948121e-01
5.236026433449650908e-01
5.217583782747547971e-01
5.201272789556676823e-01
5.183159819350496855e-01
5.154526293184857888e-01
5.093814597441900238e-01
4.935882369309995132e-01
4.383357106494164546e-01
1.121005368465550628e-01
7.776772310769984875e-01
7.096309247311465285e-01
7.045683369601135615e-01
7.200746395326558247e-01
7.456541776424555623e-01
7.792280448681725424e-01
8.183004823489823387e-01
8.589242187010246443e-01
8.947638797223866902e-01
9.178107025441213374e-01
9.231225875406415815e-01
9.111331425035377185e-01
8.915052754675899527e-01
8.759355290166006558e-01
8.720867670332467236e-01
8.806577875829896263e-01
8.964757331835006005e-01
9.119796030895902517e-01
9.137405946311156768e-01
9.166090067156629217e-01
9.057113624474151248e-01
8.882090570553823339e-01
8.673599682327552962e-01
8.457033008929477624e-01
8.249129858542754157e-01
8.059388981633909266e-01
7.892334810732151151e-01
7.749497457902957409e-01
7.630811688151265537e-01
7.535498072569218886e-01
7.462574495097915594e-01
7.411129571818414474e-01
7.380450801529387928e-01
7.370066299294838474e-01
7.379735106620914920e-01
7.409405911596411709e-01
7.459154953141154953e-01
7.529108770297155973e-01
7.619354821621341367e-01
7.729841923055443820e-01
7.860272382702077065e-01
8.009988313596430043e-01
8.177855663688283760e-01
8.362150850800980084e-01
8.560456378051561899e-01
8.769573277920785781e-01
8.985459538744396957e-01
9.203204693957354188e-01
9.417051553884966397e-01
9.620477365327224639e-01
9.806353623067465275e-01
9.967290783341098415e-01
1.009385397039645804e+00
1.018265856414617199e+00
1.022519404607679316e+00
