9.936429501317056712e-01
9.942396171013517803e-01
9.947928939831317541e-01
9.953060395198379817e-01
9.957819176931398397e-01
9.962230107675272839e-01
9.966314432633046616e-01
9.970090144927495901e-01
9.973572375727112194e-01
9.976773830899381412e-01
9.979705258345659136e-01
9.982375932231438709e-01
9.984794142002312300e-01
9.986967675223448193e-01
9.988904283774949766e-01
9.990612122563117259e-01
9.992100148304642326e-01
9.993378462645745586e-01
9.994458578094449486e-01
9.995353575732277562e-01
9.996078108547223895e-01
9.996648180349192447e-01
9.997080592597219484e-01
9.997391891809482845e-01
9.997596554674272884e-01
9.997703992922044591e-01
9.997713704387675149e-01
9.997607467467086728e-01
9.997336740451082671e-01
9.996802136413222017e-01
9.995819519800021036e-01
9.994062960282581454e-01
9.990966518158539422e-01
9.985550403593624891e-01
9.976102967172779667e-01
9.959575838785481583e-01
9.930379379829227249e-01
9.877850975285067392e-01
9.780590243528647365e-01
9.592863224569372349e-01
9.209622450631741453e-01
8.373576765577106507e-01
6.473411751137672088e-01
2.783323244116417405e-01
1.254032204561013287e-03
1.692638800217222961e-01
4.142600033403261439e-01
5.730700819987504246e-01
6.678230966113781752e-01
7.265048862301791699e-01
7.647631975115251057e-01
7.908555626193980448e-01
8.089885350637497918e-01
8.225027773072400850e-01
8.323359894592913255e-01
8.396575659745021403e-01
8.451329586552339679e-01
8.492135409512424626e-01
8.522162320702234561e-01
8.543695983670811511e-01
8.558423158362883365e-01
8.567613748095992410e-01
8.572240212517544533e-01
8.573056087887360732e-01
8.570637095822876139e-01
8.565115150993585225e-01
8.558538959337478325e-01
8.548981998416017580e-01
8.537788783718680552e-01
8.525094505482150309e-01
8.511072181858965191e-01
8.495875682243817506e-01
8.479638053020194244e-01
8.462474029277092802e-01
8.444482735945995078e-01
8.425750024343634514e-01
8.406350401236969416e-01
8.386348600733338765e-01
8.365800860264923644e-01
8.344755955074779630e-01
8.323256035838030309e-01
8.301337305050592308e-01
8.279030560334790234e-01
8.256361626783788044e-01
8.233351695646562440e-01
8.210017582773503353e-01
8.186371917068294701e-01
8.162423266497754737e-01
8.138176206783164224e-01
8.113631335492526020e-01
8.088785231476263160e-01
8.063630355806366001e-01
8.038154884185962912e-01
8.012342449133034172e-01
7.986171745357748541e-01
7.959615892441150864e-01
7.932641289767498050e-01
7.905205205858666373e-01
7.877249499686448386e-01
7.848678759340429467e-01
7.819238777001666918e-01
7.786184908109354819e-01
7.761891736727017932e-01
7.729986725900980238e-01
7.697734715975642628e-01
7.664646098084574311e-01
7.630527258815812397e-01
7.595228818641481805e-01
7.558602365323052741e-01
7.520488645109691950e-01
7.480712274784644400e-01
7.439078107687100427e-01
7.395367927544252984e-01
7.349336993469451906e-01
7.300710205321120361e-01
7.249177734846667942e-01
7.194389987299545375e-01
7.135951754821504567e-01
7.073415408706200669e-01
7.006272957464567686e-01
6.933946773965236066e-01
6.855778770126764732e-01
6.771017775003137507e-01
6.678804857059373878e-01
6.578156333170889214e-01
6.467944240755084673e-01
6.346874140569035427e-01
6.213460306322216020e-01
6.065998705798928414e-01
5.902538778748722681e-01
5.720855990587013773e-01
5.518428595910068735e-01
5.292423851990089023e-01
5.039699657604227445e-01
4.756819031659468844e-01
4.440004403245166875e-01
4.084306776200808398e-01
3.661135320340075938e-01
3.288665956404203672e-01
2.812221427532712870e-01
2.309826009316020279e-01
1.789239435995216287e-01
1.271131003163772366e-01
7.866459110123971699e-02
3.847494792128226815e-02
1.067536988545047215e-02
5.279093744351914200e-04
1.129249176449849401e-02
4.360996691499204048e-02
9.501237223628390682e-02
1.605213085208146429e-01
2.340139695834854983e-01
3.096705259059490678e-01
3.829348109192249883e-01
4.508322795458952204e-01
5.118159106620085996e-01
5.654010069987132070e-01
6.117823900524567149e-01
6.504280506994102318e-01
6.853447300946010623e-01
7.140415419643629802e-01
7.383046568174269630e-01
7.587865425779771744e-01
7.760517622966205398e-01
7.905818227894670924e-01
8.027825947713518318e-01
8.129936556222104871e-01
8.214978713475444838e-01
8.285302921919053265e-01
8.342859145940755283e-01
8.389259954350145598e-01
8.425820062457337611e-01
8.453510972672861890e-01
8.471942066793257675e-01
8.466893124616249322e-01
8.494638476742389921e-01
8.496739327432458744e-01
8.493156652780969873e-01
8.484700307385864004e-01
8.471764871384730444e-01
8.454653948583928935e-01
8.433620705418520824e-01
8.408880753856540213e-01
8.380619380861550338e-01
8.348996775537231851e-01
8.314152187521666182e-01
8.276207367193153530e-01
8.235269470668253877e-01
8.191433548454750690e-01
8.144784703732224074e-01
8.095399983918178943e-01
8.043350049335759033e-01
7.988700639276659077e-01
7.931513818282784900e-01
7.871848908421378299e-01
7.809762819723177207e-01
7.745308910391316415e-01
7.678531394311848279e-01
7.609442343203979275e-01
7.537897700776590160e-01
