9.943259709119244283e-01
9.950606443812930468e-01
9.956997865727411634e-01
9.962546672643883827e-01
9.967357452257163963e-01
9.971525694224445679e-01
9.975137252274289823e-01
9.978268184501049021e-01
9.980984905536883778e-01
9.983344590260656570e-01
9.985395774777587885e-01
9.987179106299270970e-01
9.988728199049846657e-01
9.990070558131469713e-01
9.991228537105385499e-01
9.992220297476832602e-01
9.993060738661991849e-01
9.993762364448366409e-01
9.994336044876693803e-01
9.994791618309347703e-01
9.995138252969315573e-01
9.995384443023206389e-01
9.995537438506693073e-01
9.995601778059075571e-01
9.995576366515277478e-01
9.995449137058389777e-01
9.995187607587607825e-01
9.994722279267612697e-01
9.993917202705205893e-01
9.992516795661979812e-01
9.990047061723221766e-01
9.985625385439971247e-01
9.977577369049539513e-01
9.962620522629284103e-01
9.934000153720928816e-01
9.876847170413725063e-01
9.755287472864409004e-01
9.471447199349505297e-01
8.713572208662792029e-01
6.374595465377160819e-01
9.620652617279430718e-02
1.761396102333379343e-01
5.387656094993914513e-01
7.110779853418748297e-01
7.924606891419425647e-01
8.360411500646137695e-01
8.618481198368014295e-01
8.782482427270708047e-01
8.891820175886345767e-01
8.966997444848425758e-01
9.019566235030526125e-01
9.056465307190719738e-01
9.082085766585781261e-01
9.099329386964321031e-01
9.110184951133396547e-01
9.116058638072361830e-01
9.117971865730952752e-01
9.116684291301289100e-01
9.112772810620635155e-01
9.106683762518034131e-01
9.098768303275646119e-01
9.089306916622784671e-01
9.078526736524750174e-01
9.066614009521782869e-01
9.053723203532570984e-01
9.039983759390343154e-01
9.025505155448535488e-01
9.010380742271798526e-01
8.994690660274897720e-01
8.978504050299075390e-01
8.961880684389508245e-01
8.944872058190903585e-01
8.927521854135196389e-01
8.909865386740428717e-01
8.891926757912104184e-01
8.873709121726517379e-01
8.855156481548012160e-01
8.835919847066641131e-01
8.807807381197396701e-01
8.803204882575493828e-01
8.783002077625583492e-01
8.763753448400677382e-01
8.744661609992402385e-01
8.725600503423726062e-01
8.706536494994261410e-01
8.687458537706479467e-01
8.668361465734685245e-01
8.649239823307113273e-01
8.630083879112361300e-01
8.610874528984270304e-01
8.591572856440580219e-01
8.572091951167807311e-01
8.552196989106950475e-01
8.530955557334322092e-01
8.496346171899564759e-01
8.508163272566215962e-01
8.483040735507961783e-01
8.462353394625224956e-01
8.442423940410338501e-01
8.422696393843531748e-01
8.402986919490476048e-01
8.383201981745288522e-01
8.363276262239968117e-01
8.343153017439622898e-01
8.322776045071563766e-01
8.302085445577860323e-01
8.281014571506456479e-01
8.259486905097312981e-01
8.237411664664284761e-01
8.214675851041772781e-01
8.191126357906555189e-01
8.166519250009731667e-01
8.140323549075666465e-01
8.110402292448301020e-01
7.980031476366774568e-01
8.071646689104685635e-01
8.037581240803527427e-01
8.004467316592595028e-01
7.970028894856165946e-01
7.933560098620145995e-01
7.894596500048766119e-01
7.852714324742927632e-01
7.807481995614535819e-01
7.758455532745258676e-01
7.705212621189191369e-01
7.647475775098205864e-01
7.585539771745336557e-01
7.522151469373872246e-01
7.477448145292606707e-01
6.966350744665482653e-01
7.142752706410715469e-01
7.046186119898669720e-01
6.914845010391716951e-01
6.757180624163180438e-01
6.571361606211264528e-01
6.352672011249872464e-01
6.094470085643753920e-01
5.788215398991986005e-01
5.423327438392010480e-01
4.987200270246484601e-01
4.465828205684667096e-01
3.845947410175291625e-01
3.120446992177106083e-01
2.299958455582065409e-01
1.433745975114349147e-01
6.377093183911888841e-02
1.083431922548025450e-02
7.461699425057094145e-03
6.633401700303820370e-02
1.778250804194105861e-01
3.147175543201799486e-01
4.495859462388623884e-01
5.663596795058706279e-01
6.602580745283974650e-01
7.328678901302015936e-01
7.880189301750323283e-01
8.296396717013970745e-01
8.605858934391276138e-01
8.863253336458227771e-01
9.044272661714182204e-01
9.186606460757674730e-01
9.298036695596989532e-01
9.385809627099321872e-01
9.455491215973497177e-01
9.511296529523671772e-01
9.418828667342473704e-01
9.581729081559999806e-01
9.612575220707239021e-01
9.635498799614607979e-01
9.653207523672486801e-01
9.666805559487331445e-01
9.677015758216385155e-01
9.684366139115206940e-01
9.689232164220340504e-01
9.691732844774416655e-01
9.690540299235448352e-01
9.649259501095621694e-01
9.584414379308942022e-01
9.662999377915696408e-01
9.666454099653836174e-01
9.662331110144921631e-01
9.655226331345144741e-01
9.646135126862956932e-01
9.635378667421653498e-01
9.623073958989479815e-01
9.609254478694202461e-01
9.593911027493144950e-01
9.577008700069329361e-01
9.558495434015077397e-01
9.538307402869603546e-01
9.516372169195587150e-01
9.492568579847403543e-01
9.454939167884836015e-01
9.438083342399942177e-01
9.408656837245724658e-01
9.376686978127957151e-01
9.342357202680232620e-01
9.305616427725290629e-01
9.266343193679578150e-01
9.224234206049559681e-01
