7.031445080887152033e-01
6.973088394446139704e-01
6.930374920184186882e-01
6.903338183883390711e-01
6.891637711270660605e-01
6.894526392998919784e-01
6.911275970078756270e-01
6.940642321512333623e-01
6.981381128052729368e-01
7.032113695844879331e-01
7.091381576986349744e-01
7.157676926321172584e-01
7.229465793960584419e-01
7.305205266796298558e-01
7.383354501262570091e-01
7.462379418735241021e-01
7.540750554520888604e-01
7.616933154225734581e-01
7.689368020092999245e-01
7.756440714932886227e-01
7.816435354951112302e-01
7.867467067971665173e-01
7.907383753213366173e-01
7.933622171575969162e-01
7.942994060875827600e-01
7.931362099434959845e-01
7.893138012854004071e-01
7.820486571151020749e-01
7.702032878870278543e-01
7.520718453367769563e-01
7.250200382293061629e-01
6.848862399968780323e-01
6.250567235800067456e-01
5.354437177548134752e-01
4.034446840405922496e-01
2.260386643083363845e-01
5.165622086394049128e-02
8.579441913115682175e-03
1.515666341535917561e-01
3.581918455567070780e-01
5.255981256202657548e-01
6.381420659660169692e-01
7.101327055164373681e-01
7.559894075233328792e-01
7.853180414089743211e-01
8.039037066661015585e-01
8.155705343499295434e-01
8.222365830853465285e-01
8.254019690213479921e-01
8.259809174319080460e-01
8.245920049650712347e-01
8.216652429299700078e-01
8.175081277463702722e-01
8.123466248575180737e-01
8.063512884529262514e-01
7.996543245065493855e-01
7.923610303294138513e-01
7.845576961295410712e-01
7.763172253402745859e-01
7.677015787395499169e-01
7.587349981205668836e-01
7.495909942624423561e-01
7.402168595568704434e-01
7.307215333277098379e-01
7.212022337060998156e-01
7.118165143952991381e-01
7.028219786193216079e-01
6.947563486109900044e-01
6.889410314467502294e-01
6.897960335110822072e-01
7.265190313812329714e-01
4.396014860549370407e-01
5.710813417571651840e-01
5.774451358025196601e-01
5.713049004992745150e-01
5.609458770728685817e-01
5.483225557612335654e-01
5.340538691830976070e-01
5.183107248022543745e-01
5.010543295368278249e-01
4.821107062057992110e-01
4.611882278662264301e-01
4.378032140495052293e-01
4.116248319816325774e-01
3.816573655997823056e-01
3.470109517414508016e-01
3.064335737341635224e-01
2.584276821279436476e-01
2.015374931749450149e-01
1.354349205455449290e-01
6.456325927063717718e-02
8.303758572870394844e-03
2.083335866869740274e-02
1.874701551766028151e-01
5.004424574451116214e-01
7.838185924572853569e-01
9.323203982184521399e-01
9.803577671239180891e-01
9.808841004861866830e-01
9.634552386715742323e-01
9.409621283021699645e-01
9.185147568386176076e-01
8.979608220864091495e-01
8.798251151819177496e-01
8.641096306727509280e-01
8.506372393125384290e-01
8.391612164181905253e-01
8.294463381570950089e-01
8.212742187614293643e-01
8.144509524948012613e-01
8.088057093484473103e-01
8.041882058900470254e-01
8.004615454492939319e-01
7.975015259723813310e-01
7.951895485984042944e-01
7.934085793294228806e-01
7.920376496330707727e-01
7.909451671867151479e-01
7.899799981901338697e-01
7.889586459739291735e-01
7.876455617823555633e-01
7.857210437660320235e-01
7.827257308926791612e-01
7.779584066505977891e-01
7.702738172501764069e-01
7.576465330357121664e-01
7.361227283290745493e-01
6.969269257144342644e-01
6.169545989048376144e-01
4.225918172678784224e-01
1.494813832482001260e-02
6.418576529134991659e-01
9.550426408297633118e-01
9.917527615707757427e-01
9.932704822963674962e-01
9.909326944968624984e-01
9.889871533313662200e-01
9.881179205622916406e-01
9.881631252411523514e-01
9.888505917884070628e-01
9.899276326401147408e-01
9.911787304605618187e-01
9.924167978596998285e-01
9.934639461052865439e-01
9.941120749751662933e-01
9.940064244022844830e-01
9.921401193925419859e-01
9.831020338856165663e-01
8.449460315122918619e-01
7.563694029400472862e-01
9.664500030880556203e-01
9.775898970951034661e-01
9.779421081955237405e-01
9.751988869446465147e-01
9.707821270561475258e-01
9.651015089693250060e-01
9.582969994155982052e-01
9.504129736649227223e-01
9.414513627840261911e-01
9.313896543719470955e-01
9.201640922736690209e-01
9.077966642466149816e-01
8.941298315615844317e-01
8.790902826385738056e-01
8.625394225352323030e-01
8.443233350070327159e-01
8.241909108184416466e-01
8.018396398124995050e-01
7.768519654639611804e-01
7.486565052428735267e-01
7.164604272536065910e-01
6.791466961595937768e-01
6.351173703282029237e-01
5.820589691974914492e-01
5.166190548441713659e-01
4.340938771610248770e-01
3.287762891154425438e-01
1.979459394713530829e-01
6.032079402123889655e-02
6.232155403200552446e-03
1.896334421404812232e-01
5.406191983203348927e-01
8.023870573251719041e-01
9.239949236641773478e-01
9.651287360161274753e-01
9.703928016548268864e-01
9.608779005860369482e-01
9.458784884394816350e-01
9.294445115411567038e-01
9.133820943132923142e-01
8.985084845680180177e-01
8.851930253194304488e-01
8.735973143683007924e-01
8.637843673494172148e-01
8.557684988913542012e-01
8.495373495941708208e-01
8.450603526822626499e-01
8.422903639454021318e-01
8.411617093948512425e-01
8.415862598219731039e-01
