9.915000494347026017e-01
9.913506146136796815e-01
9.913533978179097650e-01
9.915290008126211863e-01
9.918967519097156016e-01
9.924724648790539394e-01
9.932646622626172261e-01
9.942682296426720301e-01
9.954537081819737621e-01
9.967490566808999697e-01
9.980081672257912206e-01
9.989556048783463371e-01
9.990877770100499156e-01
9.974926967412141021e-01
9.925155325764544179e-01
9.811323379205404427e-01
9.577930905789010518e-01
9.124389429353484404e-01
8.279533881620643188e-01
6.807736946666754774e-01
4.585316835716194417e-01
2.069147357991653613e-01
3.602141893753294660e-02
3.366314974901103013e-03
6.275052968238108153e-02
1.510331153325068232e-01
2.357624487136883717e-01
3.072007211517208125e-01
3.648391072558887505e-01
4.107960295123051497e-01
4.474849168536117472e-01
4.769664383802001972e-01
5.008558340303098655e-01
5.203837130876350914e-01
5.364818939829820721e-01
5.498585615162721041e-01
5.610563771317349513e-01
5.704954441281665511e-01
5.785046446816654031e-01
5.853449844611728903e-01
5.911726307909527245e-01
5.962965747569783925e-01
6.007227097346130584e-01
6.046031854372053704e-01
6.080322008575519410e-01
6.110880786681507360e-01
6.138367175609344972e-01
6.163339893176815742e-01
6.186276041765852440e-01
6.207586953799969498e-01
6.227641877210826626e-01
6.246504888784757403e-01
6.264953936838997262e-01
6.282836322257260298e-01
6.300436371467010854e-01
6.317937257360235481e-01
6.335495966626522035e-01
6.353249539387516576e-01
6.371317928982761503e-01
6.389806022163807553e-01
6.408805228526167630e-01
6.428394768474999799e-01
6.448642724589077613e-01
6.469606898606612422e-01
6.491335505106690107e-01
6.513867726087556598e-01
6.537234145808138441e-01
6.561457081640142963e-01
6.586550823852239667e-01
6.612521795007578751e-01
6.639368637840816767e-01
6.667082239000620136e-01
6.695645694816824145e-01
6.725034224210176825e-01
6.755215032972869960e-01
6.786147132860610443e-01
6.817781118221714065e-01
6.850058902241732417e-01
6.882913414275900754e-01
6.916268259249804817e-01
6.950037339815579029e-01
6.984124442153677448e-01
7.018422787711361410e-01
7.052814557537551154e-01
7.087170407989463738e-01
7.121349030716995765e-01
7.155196914585726375e-01
7.188548841010468093e-01
7.221231338056641746e-01
7.253082818564384748e-01
7.284202370228004542e-01
7.311860644020822253e-01
7.340194543235560865e-01
7.366165339136848678e-01
7.389960085982485438e-01
7.411570711152717372e-01
7.426609115204639844e-01
7.443216494079761825e-01
7.454729557597105094e-01
7.462299909681436860e-01
7.461110053078424675e-01
7.459607021079213141e-01
7.450493282683440244e-01
7.434384175801430628e-01
7.410511912789556899e-01
7.377913667076476667e-01
7.335472015139199442e-01
7.281902676986728995e-01
7.215731218506772349e-01
7.135264847146658429e-01
7.038561374189300501e-01
6.923397327427781578e-01
6.787238306203750016e-01
6.627216707442319388e-01
6.440125117849491154e-01
6.222438310882981716e-01
5.970383261649139239e-01
5.680085042827510700e-01
5.347826386295344570e-01
4.970468128198769486e-01
4.546082002747263151e-01
4.074837297401472935e-01
3.560144472291087436e-01
3.009974698419473627e-01
2.438133745693166210e-01
1.865088702282294564e-01
1.317798755909885822e-01
8.280229244781139863e-02
4.289132250667977014e-02
1.503649909326660629e-02
1.433056127239109700e-03
3.163932414228375067e-03
2.014651870971356784e-02
5.135899523432443242e-02
9.526195700383727205e-02
1.502879381917817947e-01
2.152950213338515884e-01
2.899376643502251105e-01
3.749479702337996101e-01
4.722775501137561616e-01
5.847500784895627302e-01
7.136937734835179237e-01
8.490659449482739207e-01
9.390355078495166152e-01
8.551584083633585465e-01
5.381872080470544439e-01
2.146551425351745923e-01
4.985132765249214448e-02
2.074900676023962252e-03
6.904992363713418312e-03
3.104263307083859544e-02
6.066189876276930487e-02
9.038396800139106291e-02
1.182409008377953846e-01
1.436316604379233308e-01
1.664983660525604925e-01
1.869882350582465769e-01
2.053126428037523321e-01
2.216892817094790746e-01
2.362786105775683265e-01
2.489208344574468657e-01
2.611817817545777354e-01
2.715203337444261900e-01
2.807014168525282516e-01
2.887901901708152530e-01
2.958479516192625280e-01
3.019215488577284279e-01
3.070426640798062934e-01
3.112280577115674185e-01
3.144796733144446521e-01
3.167842071822347672e-01
3.181104850414133156e-01
3.183400049735327642e-01
3.176849694801991975e-01
3.157557612601554209e-01
3.125675949317040514e-01
3.079927206009185903e-01
3.018778503892373122e-01
2.940390246047897005e-01
2.842598351703245485e-01
2.722982820065251719e-01
2.578572617481362239e-01
2.406276340529923952e-01
2.202859232281392243e-01
1.965377440334299397e-01
1.691970379054285878e-01
1.383356087008991986e-01
1.045510360164375457e-01
6.941688978647742037e-02
3.616646957458517081e-02
1.054455672451163999e-02
1.402295306869694603e-03
1.994729769590887838e-02
7.616940332636869260e-02
1.725554938672388128e-01
2.993947277529037110e-01
4.375085987142449118e-01
5.674505045748313714e-01
6.771256165051955378e-01
7.629876171786212913e-01
