9.934551206563599912e-01
9.938517785335775345e-01
9.942174788333951740e-01
9.945501374169488651e-01
9.948476577111393659e-01
9.951079338947722563e-01
9.953288546427865313e-01
9.955083074702504309e-01
9.956441837069727185e-01
9.957343841296665277e-01
9.957768252752816629e-01
9.957694464513818788e-01
9.957102174594588684e-01
9.955971470403689461e-01
9.954282920483809027e-01
9.952017673578048562e-01
9.949157565010121607e-01
9.945685230340202132e-01
9.941584226224673415e-01
9.936839158355160739e-01
9.931435816329057253e-01
9.925361315249360272e-01
9.918604243810177357e-01
9.911154818580417691e-01
9.903005044148571745e-01
9.894148878739263964e-01
9.884582404867351402e-01
9.874304004536539336e-01
9.863314538448486601e-01
9.851617528629679210e-01
9.839219343840569509e-01
9.826129387082043198e-01
9.812360284481772554e-01
9.797928074791019126e-01
9.782852398706535224e-01
9.767156687195979181e-01
9.750868347997841967e-01
9.734018949447642566e-01
9.716644400792733283e-01
9.698785128158712299e-01
9.680486245357664554e-01
9.661797718748305064e-01
9.642774525403191577e-01
9.623476803877583086e-01
9.603969996923271690e-01
9.584324985549049769e-01
9.564618213872779773e-01
9.544931804257410501e-01
9.525353662251478948e-01
9.505977570863169968e-01
9.486903273658900959e-01
9.468236546107987595e-01
9.450089254423094109e-01
9.432579400903046141e-01
9.415831154380276402e-01
9.399974863799331892e-01
9.385147052115170307e-01
9.371490386530567651e-01
9.359153619464309903e-01
9.348291492391819224e-01
9.339064591621543121e-01
9.331639140845001679e-01
9.326186709510373429e-01
9.322883808137001349e-01
9.321911330762757686e-01
9.323453789643961764e-01
9.327698266397607130e-01
9.334832974591923405e-01
9.345045287806703627e-01
9.358519029264618094e-01
9.375430736626910733e-01
9.395944497057281408e-01
9.420204775869802649e-01
9.448326410182922297e-01
9.480380564035402191e-01
9.516374868812006449e-01
9.556225045686411734e-01
9.599713507543637947e-01
9.646423970525119795e-01
9.695492703164211301e-01
9.746698023653482812e-01
9.797267087302805599e-01
9.845216184222047584e-01
9.886743678055710527e-01
9.916191824973674684e-01
9.925072187840252580e-01
9.900623781481451280e-01
9.823665034314141842e-01
9.665517960924094876e-01
9.384015143173574103e-01
8.919557795227122110e-01
8.194977388908711857e-01
7.129032548313845030e-01
5.680852290002090799e-01
3.934059666379040587e-01
2.168707864760711646e-01
7.900001917474297475e-02
8.711646411943128887e-03
6.357029309989010307e-03
5.162853088706652327e-02
1.212203819114826275e-01
1.984658938393491501e-01
2.741789242577502561e-01
3.442863981282202612e-01
4.075226382822850768e-01
4.639550352317826643e-01
5.141906836574560158e-01
5.589909968838184806e-01
5.991010508332534901e-01
6.351840302171721797e-01
6.678042077211869820e-01
6.974307292975403527e-01
7.244491232349371534e-01
7.491746222558869350e-01
7.718648124274720690e-01
7.927307146194051413e-01
8.119461144497182037e-01
8.296552496635719587e-01
8.459790644334567178e-01
8.610202558277529894e-01
8.748673194796239283e-01
8.875977725981951671e-01
8.992807030023123316e-01
9.099787666936743902e-01
9.197497346455559830e-01
9.286476717810882020e-01
9.367238169241970391e-01
9.440272211198960095e-01
9.506051924940023268e-01
9.565035882272756584e-01
9.617669878511238002e-01
9.664387766345418074e-01
9.705611631179046350e-01
9.741751507167509816e-01
9.773204796805660122e-01
9.800355524837288668e-01
9.823573529139980609e-01
9.843213666802643758e-01
9.859615092603283282e-01
9.873100649338802937e-01
9.883976394683305911e-01
9.892531277218413743e-01
9.899036964718469500e-01
9.903747820358027587e-01
9.906901016960473205e-01
9.908716775398671572e-01
9.909398710468655391e-01
9.909134265692851606e-01
9.908095217220227457e-01
9.906438225919652618e-01
9.904305415415060043e-01
9.901824951346152037e-01
9.899111591733666948e-01
9.896267164795370386e-01
9.893380890482057488e-01
9.890529311149707237e-01
9.887774793120523986e-01
9.885153833643560706e-01
9.882198812889232409e-01
9.880720684367705342e-01
9.878786344550685161e-01
9.877100547259644037e-01
9.875636426933703804e-01
9.874343491951651508e-01
9.873137891795432663e-01
9.871888010592011486e-01
9.870392909633850520e-01
9.868348187460026510e-01
9.865290267136255231e-01
9.860502798401299396e-01
9.852854116379560212e-01
9.840503806073188642e-01
9.820348165584688038e-01
9.786913817116426051e-01
9.730002627563223427e-01
9.629273784215343079e-01
9.440568366005450684e-01
9.057519127781816781e-01
8.192817925747395424e-01
6.038726742287516824e-01
1.637338160257087449e-01
8.693553100260165145e-02
4.514760418453152013e-01
6.745744313511515822e-01
7.839629705267843196e-01
8.424523231877193430e-01
8.771013866139699688e-01
8.994106350907703495e-01
9.147377760586233864e-01
9.258181993754304173e-01
9.341609410180984341e-01
9.406532301346022251e-01
9.458447670862730750e-01
9.500912611241318917e-01
9.536314296020563797e-01
9.566304890078852763e-01
9.592058291069304188e-01
9.614427580392883588e-01
9.634044834472198504e-01
9.651386256134973918e-01
