9.976402878414395436e-01
9.975120799316707920e-01
9.973497488413588519e-01
9.971570081557397103e-01
9.969417817180648012e-01
9.963744509983563091e-01
9.964294056285472045e-01
9.961836843608066205e-01
9.959464648299742873e-01
9.957338463465580380e-01
9.955612540975118385e-01
9.954448739178967109e-01
9.954015230247019730e-01
9.954481108099519915e-01
9.956006802378101206e-01
9.958728070178516356e-01
9.962729408645321083e-01
9.967999663887322503e-01
9.974357193992796633e-01
9.981322028836293603e-01
9.987893814289878769e-01
9.992158240887475396e-01
9.990572834805492297e-01
9.976636048899905074e-01
9.938336005391209538e-01
9.853125614204399918e-01
9.677839580713754053e-01
9.328642487327137856e-01
8.644810044002212424e-01
7.348567727668710026e-01
5.134276370953111401e-01
2.274657570787725069e-01
2.709584398757065166e-02
1.691538001803793295e-02
1.193232584767600218e-01
2.387122252856384297e-01
3.392829576206111142e-01
4.168072944483378062e-01
4.754171022639854249e-01
5.199089866473757260e-01
5.540815299331182109e-01
5.806856931471620076e-01
6.017151440041109689e-01
6.180881754392464345e-01
6.316423282925373028e-01
6.425380777138079980e-01
6.514082537030322362e-01
6.586639644533553994e-01
6.646115422983206455e-01
6.694705788011294789e-01
6.731591429995484877e-01
6.771871798755680905e-01
6.797872840713865550e-01
6.819885300714896292e-01
6.837947277704630178e-01
6.852616729388192329e-01
6.864425915590420813e-01
6.873840080399623576e-01
6.881260208371491327e-01
6.887031741865277112e-01
6.891453209961502235e-01
6.894783668654539399e-01
6.897248881978310653e-01
6.899046401303223774e-01
6.900349731165232869e-01
6.901311751215637447e-01
6.902067535284095445e-01
6.902736681448137235e-01
6.903425244128857940e-01
6.904227340743268604e-01
6.905226490740360434e-01
6.906496733229235963e-01
6.908103560234256646e-01
6.910104695343961545e-01
6.912550741753531458e-01
6.915485719095817441e-01
6.918947504758260481e-01
6.922968192408464061e-01
6.927574378019720758e-01
6.932787381714458075e-01
6.938623412107102206e-01
6.945093678464869802e-01
6.952204454858689209e-01
6.959957099499337607e-01
6.968348031603085468e-01
6.977368667376226963e-01
6.987005316030627800e-01
6.997239036109473842e-01
7.008045451800658521e-01
7.019394528335647365e-01
7.031250304989269395e-01
7.043570583636323823e-01
7.056306570270973744e-01
7.069402466446718103e-01
7.082795007373517970e-01
7.096412943779409899e-01
7.110176466516464622e-01
7.123996578621325515e-01
7.137774435907738857e-01
7.151400726033700916e-01
7.164755319488942398e-01
7.177708088085592575e-01
7.190125444408090871e-01
7.201923603801198004e-01
7.206565649504735882e-01
7.221604518295478004e-01
7.230028501952213693e-01
7.236757697786556642e-01
7.241593009038751472e-01
7.244241854299336980e-01
7.244365460542794288e-01
7.241581126766843957e-01
7.235457424581428487e-01
7.225505211477523115e-01
7.211158871218116273e-01
7.191700746524041232e-01
7.164426298409481975e-01
7.130634647029435724e-01
7.093799790499518698e-01
7.049261760255280951e-01
6.992950944308965466e-01
6.925509817369274179e-01
6.845565662320439726e-01
6.751387549797344123e-01
6.640962955757871988e-01
6.511987052862781011e-01
6.361843548555351502e-01
6.187594048498501476e-01
5.985988862638357277e-01
5.753516384794973293e-01
5.486515625199037682e-01
5.181386083895678230e-01
4.834939339225242660e-01
4.444943582295994844e-01
4.010907729189875925e-01
3.535121710576770715e-01
3.023895101305550948e-01
2.488801471804321097e-01
1.947548720889897833e-01
1.423920782933877915e-01
9.462153331403747036e-02
5.439092396576450383e-02
2.429725581100719220e-02
6.109214359193915894e-03
5.446379124824313536e-04
6.421058183279215043e-03
2.281820266039196951e-02
4.715340828264241724e-02
7.702004940349990725e-02
1.101530606314515548e-01
1.446513094426436496e-01
1.790557776517938682e-01
2.123356450275582508e-01
2.438254150487831895e-01
2.731454460915475058e-01
3.001253196545859980e-01
3.247390922101648925e-01
3.470548824873909699e-01
3.671978175730279403e-01
3.853240009159197843e-01
4.016029375837547599e-01
4.162061382713150848e-01
4.293000756010423302e-01
4.410421155668863835e-01
4.515784271809484274e-01
4.610431695060396295e-01
4.695584745358122314e-01
4.772349012819521730e-01
4.841721457387840322e-01
4.904598655006733310e-01
4.961785256872415228e-01
5.014001991702450312e-01
5.061892559410096082e-01
5.106028287865489457e-01
5.146907276330621173e-01
5.184934409112713638e-01
5.220295724857537678e-01
5.251384412511806987e-01
5.289522207075244564e-01
5.320348072031596542e-01
5.349933861225752985e-01
5.378888113747178901e-01
5.407264346752251871e-01
5.434538279435451313e-01
5.462828766732794605e-01
5.490225941621377226e-01
5.517433977274392998e-01
5.544497033625119808e-01
5.571412423705159878e-01
5.598134652616186813e-01
5.624568874903980165e-01
5.650560217566757970e-01
5.675877478297609580e-01
5.700187041388019571e-01
5.723005242762113642e-01
5.743570407730858030e-01
5.759799568113890267e-01
5.759045018228990953e-01
5.780832447695988252e-01
5.778661550743664499e-01
