9.950977533461872193e-01
9.937235835937658912e-01
9.925008186836890012e-01
9.914105934716812563e-01
9.904310189950407128e-01
9.895383100006855948e-01
9.887077672613656665e-01
9.879146185621479059e-01
9.871347247903424771e-01
9.863451594541680079e-01
9.855246712754803795e-01
9.846540403423781340e-01
9.837163387510277079e-01
9.826971067796849146e-01
9.815844554876533845e-01
9.803691062747307283e-01
9.790443774165444868e-01
9.776061269541368448e-01
9.760526605974265690e-01
9.743846125281220294e-01
9.726048061908399989e-01
9.707181013551384741e-01
9.687312329377467668e-01
9.666526463057613094e-01
9.644923330472473522e-01
9.622616705044325647e-01
9.599732677218769661e-01
9.576408198698167507e-01
9.552789726646467861e-01
9.529031978217755716e-01
9.505296801418324781e-01
9.481752164443840725e-01
9.458571262228488985e-01
9.435931735904449225e-01
9.414014998196087447e-01
9.393005655325918912e-01
9.373091013744448974e-01
9.354460657763747911e-01
9.337306081874412467e-01
9.321820358955399399e-01
9.308197822562197521e-01
9.296633737708250855e-01
9.287323929705687542e-01
9.280464334219160616e-01
9.276250423101056741e-01
9.274876448975750698e-01
9.276534435742737061e-01
9.281412820590703161e-01
9.289694623479612945e-01
9.301554979190019834e-01
9.317157810393064121e-01
9.336651341289503581e-01
9.360162040716287768e-01
9.387786427539291934e-01
9.419579949400121999e-01
9.455541828631331969e-01
9.495594311923289954e-01
9.539554096548819029e-01
9.587092735525271081e-01
9.637681396079027518e-01
9.690513232923397835e-01
9.744393500028836197e-01
9.797582860766136381e-01
9.847572452442385771e-01
9.890759167521925299e-01
9.921975259649764567e-01
9.933807134784131687e-01
9.915615660057605085e-01
9.852153448199476582e-01
9.721692581102832076e-01
9.493708837352052843e-01
9.126606119744560264e-01
8.567089974142626518e-01
7.755135796493544120e-01
6.641880335759231535e-01
5.228365545623632205e-01
3.619362600680525177e-01
2.049498836614065678e-01
8.166267162248375122e-02
1.325468700211678008e-02
2.096541662417105920e-03
3.525572713085972643e-02
9.510279693557650849e-02
1.669517244576706749e-01
2.412699597552951380e-01
3.128659933724632358e-01
3.793789107586627019e-01
4.400466468728836955e-01
4.949163817390521691e-01
5.443956654120312155e-01
5.890165363307687807e-01
6.293202272690017196e-01
6.658062380890696907e-01
6.989142175257854195e-01
7.290217201726822971e-01
7.564490310468534595e-01
7.814666108427543723e-01
8.043030040783237800e-01
8.251522321812997385e-01
8.441802888640681513e-01
8.615306460367599950e-01
8.773288128831493449e-01
8.916860460260387367e-01
9.047023251841421754e-01
9.164687070610008091e-01
9.270691608423959895e-01
9.365819767319113476e-01
9.450808267952730546e-01
9.526355460241157092e-01
9.593126913048766191e-01
9.651759269301242172e-01
9.702862773418786668e-01
9.747022808373451142e-01
9.784800718882867843e-01
9.816734144370485859e-01
9.843337039535621225e-01
9.865099521065380239e-01
9.882487645608963867e-01
9.895943196086829374e-01
9.905883530214422139e-01
9.912701526303092647e-01
9.916765646425742542e-01
9.918420125446698599e-01
9.917985285722356048e-01
9.915757971030616513e-01
9.912012089077755217e-01
9.906999249354843107e-01
9.900949481850847000e-01
9.894072021866637812e-01
9.886556146653457944e-01
9.878572050609112365e-01
9.870271747125853867e-01
9.861789986749244230e-01
9.853245182945953307e-01
9.844740338429409654e-01
9.836363966531264102e-01
9.828191003484508803e-01
9.820283708637879139e-01
9.812692550400966551e-01
9.805457076047394693e-01
9.798606763084936055e-01
9.792161848381639722e-01
9.786134127912222702e-01
9.780527713624524999e-01
9.775339722296034761e-01
9.770560850194023317e-01
9.766175748919490029e-01
9.762163046463063765e-01
9.758494721611591372e-01
9.755134272989659516e-01
9.752032580144724960e-01
9.749119196113537056e-01
9.746284214611005137e-01
9.743339663478782775e-01
9.739933468731502009e-01
9.735344241208506721e-01
9.727943566004022546e-01
9.713592363016351205e-01
9.679891165689168409e-01
9.578887746413577986e-01
9.117161707063652365e-01
4.086067633172032476e-01
6.758242492723792738e-01
8.877938028681650051e-01
9.276824511570203047e-01
9.417376267076091878e-01
9.483057315044193247e-01
9.518668827830609747e-01
9.539701281980673686e-01
9.552780090557859705e-01
9.561189594911293499e-01
9.566752472402115792e-01
9.570579436933533968e-01
9.573405231406539873e-01
9.575753052438866764e-01
9.578020555298116800e-01
9.580527059623733521e-01
9.583540227117435251e-01
9.587291218193189080e-01
9.591983026441694982e-01
9.597794568623040368e-01
9.604882014239037868e-01
9.613378255240799808e-01
9.623391099343868715e-01
9.635000599114853514e-01
9.648255839799352307e-01
9.663171462700334002e-01
9.679724160923686149e-01
9.697849285842600198e-01
9.717437381728692980e-01
9.738329447733667932e-01
9.760306526755707646e-01
9.783058811737145311e-01
9.806082918366849643e-01
9.828311279066390682e-01
9.846592464824065472e-01
9.847878602523569835e-01
9.747871430535929305e-01
8.118550145399046070e-01
6.288734133758203670e-01
