9.878226912852854369e-01
9.879802860144434318e-01
9.881234469037544210e-01
9.882542190573889718e-01
9.883746575804941426e-01
9.884867749453355446e-01
9.885924993764327873e-01
9.886936430204966708e-01
9.887918786967451190e-01
9.888887240741560669e-01
9.889855321902909502e-01
9.890834873023919283e-01
9.891836051471114555e-01
9.892867367712043780e-01
9.893935751831127723e-01
9.895046641622166073e-01
9.896204086445886672e-01
9.897410861828704887e-01
9.898668590522995414e-01
9.899977866409629401e-01
9.901338378264284978e-01
9.902749030953928999e-01
9.904208062137321855e-01
9.905713152981312497e-01
9.907261531798166043e-01
9.908850069835066776e-01
9.910475368742662772e-01
9.912133839481566122e-01
9.913821772636118856e-01
9.915535400261771271e-01
9.917270949528007584e-01
9.919024688517696919e-01
9.920792964630027466e-01
9.922572236075409835e-01
9.924359097001995700e-01
9.926150296803279982e-01
9.927942754173606499e-01
9.929733566463860850e-01
9.931520014888118864e-01
9.933299566104656364e-01
9.935069870675272696e-01
9.936828758873379464e-01
9.938574234283529263e-01
9.940304465600261485e-01
9.942017776995276668e-01
9.943712637395917264e-01
9.945387648973477157e-01
9.947041535112228772e-01
9.948673128093082907e-01
9.950281356698802426e-01
9.951865233907857267e-01
9.953423844829270006e-01
9.954956334985899380e-01
9.956461899042677866e-01
9.957939770040956651e-01
9.959389209182221148e-01
9.960809496177340794e-01
9.962199920156250554e-01
9.963559771111765162e-01
9.964888331824286460e-01
9.966184870193453005e-01
9.967448631876164589e-01
9.968678833097801562e-01
9.969874653476745729e-01
9.971035228656636162e-01
9.972159642503147792e-01
9.973246918557849838e-01
9.974296010379987143e-01
9.975305790317472443e-01
9.976275036143006369e-01
9.977202414852983647e-01
9.978086462750193064e-01
9.978925560711080500e-01
9.979717903239109233e-01
9.980461459526152046e-01
9.981153924244496878e-01
9.981792655123322699e-01
9.982374593491644132e-01
9.982896162775617421e-01
9.983353138354511547e-01
9.983740480010868668e-01
9.984052115235614311e-01
9.984280657540066661e-01
9.984417038191556459e-01
9.984450021693347388e-01
9.984365563788566433e-01
9.984145954129974854e-01
9.983768661456043914e-01
9.983204763145455685e-01
9.982416787031818117e-01
9.981355710988607521e-01
9.979956738039158504e-01
9.978133262801843761e-01
9.975768119422935287e-01
9.972700664086722178e-01
9.968707337512421329e-01
9.963471776536899638e-01
9.956537722270593083e-01
9.947232747631710170e-01
9.934540776781904947e-01
9.916881182626443580e-01
9.891709655989283645e-01
9.854760942172443583e-01
9.798526890625339769e-01
9.708980744097004401e-01
9.557926321979655082e-01
9.283323503734428606e-01
8.733109175222777409e-01
7.493845995441434926e-01
4.524915056068142816e-01
2.694560534083397310e-02
2.107688932414169825e-01
5.595582678123244280e-01
7.374774859663661974e-01
8.244714157189139137e-01
8.715705112690234069e-01
8.996233507468588408e-01
9.176184227487033107e-01
9.298299986280590401e-01
9.384796257377896467e-01
9.448105528743909742e-01
9.495621009036844251e-01
9.531965371203978687e-01
9.560152569935277400e-01
9.582218354664741033e-01
9.599579799135017355e-01
9.613249207761286330e-01
9.623966148806462062e-01
9.632281608768810122e-01
9.638613164222444851e-01
9.643282066371742234e-01
9.646538727516860146e-01
9.648580587858844870e-01
9.649564865874104003e-01
9.649617804586636538e-01
9.648841474454198375e-01
9.647318844266741245e-01
9.645117605646240655e-01
9.642293087958174747e-01
9.638890500743356737e-01
9.634946672851134597e-01
9.630491410501800242e-01
9.625548563597250418e-01
9.620136866217801064e-01
9.614270600441332526e-01
9.607960120397206483e-01
9.601212264465074364e-01
9.594030676838360971e-01
9.586416054624644634e-01
9.578366332811497630e-01
9.569876816457315583e-01
9.560940267131214920e-01
9.551546948764765288e-01
9.541684636556770904e-01
9.531338591290379192e-01
9.520491500327797896e-01
9.509123385550820595e-01
9.497211477596873008e-01
9.484730054852168468e-01
9.471650244757208181e-01
9.457939784047132425e-01
9.443562733537456122e-01
9.428479141949951403e-01
9.412644652019758196e-01
9.396010040692810428e-01
9.378520683564869342e-01
9.360115931785756294e-01
9.340728387397464472e-01
9.320283060421953314e-01
9.298696387926718154e-01
9.275875091673394524e-01
9.251714846823407834e-01
9.226098729538414478e-01
9.198895406439813183e-01
9.169957024422866754e-01
9.139116756855385493e-01
9.106185965435794616e-01
9.070950953975265296e-01
9.033169335452081450e-01
8.992566101612899931e-01
8.948829158583682108e-01
8.901596539790918028e-01
8.850215860507476551e-01
8.726227248278112247e-01
8.732754549200312244e-01
8.658517520102644305e-01
8.591276521675550448e-01
8.511475197825748573e-01
8.422703692066045855e-01
8.323961652139396650e-01
8.213782482572213883e-01
8.090357648513680777e-01
7.951505391064752626e-01
7.794603911135653540e-01
7.616504676654256567e-01
7.413429813087344389e-01
7.180858059001399285e-01
6.913409688599544412e-01
6.604753555059253989e-01
6.247583620085408462e-01
