9.993683619817512742e-01
9.993737651234576580e-01
9.993817232894921521e-01
9.993915781821297584e-01
9.994027488049591623e-01
9.994147307861936946e-01
9.994270940189053931e-01
9.994394790161286179e-01
9.994515923246182210e-01
9.994632012914544950e-01
9.994741284313893859e-01
9.994842456009335185e-01
9.994934681475113880e-01
9.995017491686155608e-01
9.995090739858064621e-01
9.995154549135754074e-01
9.995209263800860500e-01
9.995255404381240272e-01
9.995293626896074590e-01
9.995324686322425434e-01
9.995349404279370020e-01
9.995368640829860318e-01
9.995383270237118145e-01
9.995394160463697553e-01
9.995402156166142138e-01
9.995408064910717982e-01
9.995412646327704875e-01
9.995416603909554887e-01
9.995420579168027286e-01
9.995425147864421822e-01
9.995430818042840837e-01
9.995438029605870911e-01
9.995447155198607936e-01
9.995458502168053094e-01
9.995472315401279229e-01
9.995488780850000365e-01
9.995508029581620102e-01
9.995530142201262125e-01
9.995555153520071512e-01
9.995583057352352974e-01
9.995613811347008326e-01
9.995647341767678329e-01
9.995683548154982168e-01
9.995722307813966756e-01
9.995763480079102870e-01
9.995806910325905070e-01
9.995852433700725959e-01
9.995899878550984496e-01
9.995949069544718402e-01
9.995999830477103609e-01
9.996051986758713870e-01
9.996105367597637459e-01
9.996159807876128234e-01
9.996215149738008066e-01
9.996271243897669745e-01
9.996327950687755592e-01
9.996385140860990504e-01
9.996442696163163610e-01
9.996500509697766601e-01
9.996558486097506524e-01
9.996616541523341004e-01
9.996674603508959311e-01
9.996732610666728691e-01
9.996790512274977836e-01
9.996848267759486095e-01
9.996905846089511050e-01
9.996963225098745021e-01
9.997020390748000418e-01
9.997077336341341214e-01
9.997134061708978781e-01
9.997190572367216088e-01
9.997246878664390879e-01
9.997302994926301478e-01
9.997358938605765966e-01
9.997414729445160964e-01
9.997470388660026908e-01
9.997525938146487601e-01
9.997581399724250195e-01
9.997636794412838590e-01
9.997692141748432126e-01
9.997747459146717475e-01
9.997802761312256647e-01
9.997858059696469457e-01
9.997913362007683213e-01
9.997968671776338301e-01
9.998023987973251314e-01
9.998079304684326374e-01
9.998134610842560610e-01
9.998189890015310999e-01
9.998245120251462170e-01
9.998300273982102526e-01
9.998355317982317025e-01
9.998410213386523804e-01
9.998464915760135741e-01
9.998519375228541728e-01
9.998573536658832417e-01
9.998627339893771948e-01
9.998680720041297487e-01
9.998733607812755331e-01
9.998785929910639636e-01
9.998837609466211251e-01
9.998888566520596211e-01
9.998938718554122307e-01
9.998987981054128227e-01
9.999036268127328153e-01
9.999083493144789170e-01
9.999129569427370745e-01
9.999174410960095516e-01
9.999217933135668979e-01
9.999260053525128589e-01
9.999300692669246260e-01
9.999339774885759313e-01
9.999377229093134867e-01
9.999412989637743721e-01
9.999446997125770453e-01
9.999479199251022354e-01
9.999509551610690217e-01
9.999538018503324466e-01
9.999564573703142445e-01
9.999589201196346089e-01
9.999611895876002743e-01
9.999632664181770103e-01
9.999651524674361136e-01
9.999668508533667843e-01
9.999683659965385996e-01
9.999697036505477143e-01
9.999708709205263890e-01
9.999718762681325535e-01
9.999727295013963735e-01
9.999734417476041637e-01
9.999740254071706191e-01
9.999744940864228049e-01
9.999748625074031949e-01
9.999751463916155547e-01
9.999753623159379767e-01
9.999755275377565367e-01
9.999756597861158003e-01
9.999757770164781068e-01
9.999758971250429784e-01
9.999760376196114020e-01
9.999762152428094408e-01
9.999764455431480181e-01
9.999767423894458940e-01
9.999771174227198856e-01
9.999775794391264627e-01
9.999781336965686274e-01
9.999787811353879619e-01
9.999795175021922722e-01
9.999803323622769025e-01
9.999812079824521582e-01
9.999821180604077098e-01
9.999830262687454674e-01
9.999838845708008961e-01
9.999846312494466982e-01
9.999851885664070572e-01
9.999854599366270191e-01
9.999853264510099038e-01
9.999846425048473098e-01
9.999832301726270245e-01
9.999808717854993256e-01
9.999772998737648244e-01
9.999721831517067727e-01
9.999651064012488044e-01
9.999555406742661745e-01
9.999427976229803283e-01
9.999259568131753095e-01
9.999037449826527757e-01
9.998743252360220435e-01
9.998349063864315767e-01
9.997809637452306220e-01
9.997045318621149423e-01
9.995899651835776778e-01
9.994013735199126502e-01
9.990336146573984832e-01
9.979938117327129543e-01
9.841134109295576193e-01
1.002026022779380465e+00
1.001116610095605930e+00
1.000742867549915927e+00
1.000534323154920857e+00
1.000392052485766570e+00
1.000281279037497306e+00
1.000186768500233025e+00
1.000100831381883326e+00
1.000019211021612620e+00
9.999394196178738037e-01
9.998599808501432706e-01
9.997800545733600552e-01
9.996992392241977887e-01
9.996174635177853540e-01
9.995349258022778738e-01
9.994520600150003098e-01
9.993695168861500555e-01
9.992881538735882696e-01
9.992090298334250775e-01
9.991334017889262897e-01
9.990627219031030792e-01
9.989986331676459219e-01
9.989429625351931019e-01
9.988977103259778501e-01
