9.107213099607824880e-01
9.245192006089920644e-01
9.390306163648519666e-01
9.501633871597160441e-01
9.465639329373904953e-01
8.951055778956713560e-01
7.102910036811495020e-01
3.146923655590159741e-01
1.612789972669167668e-02
5.306994005523886504e-02
1.870532676924452076e-01
2.974598514070727062e-01
3.739639447810002570e-01
4.253953490756175460e-01
4.597249741114317612e-01
4.822943488922558641e-01
4.965292319299444146e-01
5.047469253900822572e-01
5.083897997026203264e-01
5.085149306677859693e-01
5.058278857115017235e-01
5.007916008708427347e-01
4.936609079703020986e-01
4.844953701602640606e-01
4.730400730923099428e-01
4.586419065900919634e-01
4.397681589284897496e-01
4.128431877337620515e-01
3.681770640804369887e-01
2.703850676075076342e-01
2.004870683184216407e-02
8.588383020042059668e-01
6.568700974732215592e-01
5.885609462789621604e-01
5.537930947881856136e-01
5.317911100355089404e-01
5.157328253154742637e-01
5.021859889075459549e-01
4.869940405923533500e-01
4.365404946461977076e-01
5.292424804653608206e-01
5.025350315599987905e-01
4.941176119664262845e-01
4.894741499327383005e-01
4.865746034905249484e-01
4.847907050126376016e-01
4.838479132526952164e-01
4.835993709596705381e-01
4.839555660935755954e-01
4.848538752431015841e-01
4.862627569979358078e-01
4.881412678360433355e-01
4.904704786786021620e-01
4.932336230322123538e-01
4.964183629433960299e-01
5.000159047465159157e-01
5.040198471532255642e-01
5.084280368542231088e-01
5.132377511618952948e-01
5.184495873605555749e-01
5.240651737610989569e-01
5.300872552616671118e-01
5.365194223341660518e-01
5.433658291394976025e-01
5.506308954591780935e-01
5.583189852232238737e-01
5.664340546328257009e-01
5.749792631044120528e-01
5.839565404733749743e-01
5.933661043141966740e-01
6.032059223572346918e-01
6.134711180683795062e-01
6.241533260961338314e-01
6.352400301466889498e-01
6.467140032816312001e-01
6.585533291888612251e-01
6.707344938948838209e-01
6.832617245149190666e-01
6.893815940703115208e-01
7.084290711934329021e-01
7.214414187020254943e-01
7.343858983150444164e-01
7.472216604381752836e-01
7.597527501260393779e-01
7.718352575367372070e-01
7.832408802404066117e-01
7.936815670424854918e-01
8.027790168405899429e-01
8.100168780142310565e-01
8.146007163965215403e-01
8.158057316573147366e-01
8.115532595774145319e-01
7.994925275122037878e-01
7.755867975010208859e-01
7.346733617571767905e-01
6.746218627336798557e-01
6.174359358397610853e-01
6.488143816766946959e-01
7.953570081745509057e-01
8.788211594529391490e-01
9.000619491649920478e-01
9.075466923315125278e-01
9.099358545310244351e-01
9.085018088517247126e-01
9.038482899533643034e-01
8.964410894711158928e-01
8.867697103830320948e-01
8.750108287109865657e-01
8.613652460808806088e-01
8.458660412694013475e-01
8.283216898810839002e-01
8.080409298845084853e-01
7.828523163399775386e-01
7.439734611266510811e-01
5.991414700491132228e-01
8.991533491262965194e-01
7.975664449548226509e-01
7.615541171459702108e-01
7.363445963854697851e-01
7.150423987364202816e-01
6.957509112692171760e-01
6.777691317993027598e-01
6.608010571687936707e-01
6.447193257710912562e-01
6.294873194927602666e-01
6.151400682230856454e-01
6.018257860357271172e-01
5.899379288412229805e-01
5.464093111657941648e-01
5.463790812142752529e-01
5.441775269376727397e-01
5.356134053642676029e-01
5.265656435965311299e-01
5.177893549175827115e-01
5.095038173757597821e-01
5.017893831351593059e-01
4.946787229688506815e-01
4.882049885880150875e-01
4.823503024553421059e-01
4.771343455418202151e-01
4.725585591845922750e-01
4.686250856345173799e-01
4.653407412911668706e-01
4.627119564173162169e-01
4.607504781163571650e-01
4.594734735459815034e-01
4.589057977100508556e-01
4.590829489357139415e-01
4.600552966119516030e-01
4.618943424159949740e-01
4.647023005051056921e-01
4.686271264983397633e-01
4.738885587537455812e-01
4.808194949526679030e-01
4.899477988112317384e-01
5.021514362101632267e-01
5.189920870804722863e-01
5.435490567706819931e-01
5.826068333858502868e-01
6.544421956144130803e-01
8.182591670210629387e-01
5.317861574726329144e-01
8.182473434187902128e-02
2.357111831386497769e-01
3.085415548590160206e-01
3.513242400640769203e-01
3.816765080401403609e-01
4.066561043098418926e-01
4.299911986849078160e-01
4.544267249949677234e-01
4.828420683386386303e-01
5.193526425408898639e-01
5.705992663063361725e-01
6.463409495888418066e-01
7.363229679567460106e-01
5.965898193555012607e-01
1.083422590796364604e-01
1.786952426484937932e-03
2.151329347588501126e-02
3.776785395731663969e-02
3.733771248458965519e-02
2.307149030633586298e-02
4.670513441027314763e-03
8.830418624176661346e-03
9.556303285530419467e-02
3.254176580748365244e-01
6.283944608590192882e-01
8.471779782327789610e-01
9.352773130239758204e-02
8.985708872950309845e-01
9.598568573622336952e-01
9.809265679127314730e-01
9.942775674620875082e-01
1.006599376452378403e+00
1.019684709190560756e+00
1.033763069929860112e+00
1.048413807664331232e+00
1.062950470461238472e+00
1.076543038391052365e+00
1.088289702892443866e+00
