9.859257650330719436e-01
9.865374664905616209e-01
9.871431945503507110e-01
9.877405963033865088e-01
9.883277635111561432e-01
9.889031828219462250e-01
9.894656862631264760e-01
9.900144031424820135e-01
9.905487142265675393e-01
9.910682088356871366e-01
9.915726453012020380e-01
9.920619150676137643e-01
9.925360105860213666e-01
9.929949970354010613e-01
9.934389878186890011e-01
9.938681237124050716e-01
9.942825554951504330e-01
9.946824298420806620e-01
9.950678782477937467e-01
9.954390087225465367e-01
9.957959000014335871e-01
9.961385980049849431e-01
9.964671142952630234e-01
9.967814262816989679e-01
9.970814789436547310e-01
9.973671878521825906e-01
9.976384432908199651e-01
9.978951152928504653e-01
9.981370594317324763e-01
9.983641232191138304e-01
9.985761529836213457e-01
9.987730011205688818e-01
9.989545336205618575e-01
9.991206377988501863e-01
9.992712301635475747e-01
9.994062643725950545e-01
9.995257392422918219e-01
9.996297067792110358e-01
9.997182802169365390e-01
9.997916420449023400e-01
9.998500520217664667e-01
9.998938551673167696e-01
9.999234897265285582e-01
9.999394950947844141e-01
9.999425196840706631e-01
9.999333286963174583e-01
9.999128117472695365e-01
9.998819902538305104e-01
9.998420244544194979e-01
9.997942198738644093e-01
9.997400329663007623e-01
9.996810755712782770e-01
9.996191176943570733e-01
9.995560879873948146e-01
9.994940711825238688e-01
9.994353017288948315e-01
9.993821532719362466e-01
9.993371252210234701e-01
9.993028330058780773e-01
9.992820264349243642e-01
9.992777258989123945e-01
9.992938574851841782e-01
9.993386132434375346e-01
9.994577850142085662e-01
9.990864675390430660e-01
9.993910148776545821e-01
9.995042738113584235e-01
9.995959728097566499e-01
9.996613400674775329e-01
9.996754360273014672e-01
9.995957487983876399e-01
9.993555591118599146e-01
9.988517165666054298e-01
9.979245956475610857e-01
9.963251859420599876e-01
9.936600509289055250e-01
9.892971492820944457e-01
9.822007907697786200e-01
9.706358796215777129e-01
9.516296254519728270e-01
9.199951727263073753e-01
8.666565941600449241e-01
7.763743297086023176e-01
6.276604395113463131e-01
4.074938671250671329e-01
1.603973249955929770e-01
1.147920438448498011e-02
2.930777108570856507e-02
1.444956842805682207e-01
2.736023579780060277e-01
3.827008728481282596e-01
4.672296769513591408e-01
5.313270978432546032e-01
5.800544850400305430e-01
6.175055618521204659e-01
6.466694972559524635e-01
6.696697923121912588e-01
6.880137529941732222e-01
7.027818829324560257e-01
7.147596894107761667e-01
7.245270672237048570e-01
7.325187450972181491e-01
7.390654565347577476e-01
7.444223049201290632e-01
7.487885584330880029e-01
7.523216294380178359e-01
7.551470113530689421e-01
7.573652301120836761e-01
7.590560537591245494e-01
7.602776306139666929e-01
7.610346599714636895e-01
7.586375390063934132e-01
7.621273855191792457e-01
7.619695765426577339e-01
7.616195064195225850e-01
7.610617195933921941e-01
7.603081769263050349e-01
7.593736092934483262e-01
7.582719270243156728e-01
7.570155332104404611e-01
7.556152618156041223e-01
7.540804740055985222e-01
7.524191890730196342e-01
7.506382127330870624e-01
7.487432515504838237e-01
7.467390109298173151e-01
7.446292770992312127e-01
7.424169844806924878e-01
7.401042700395153995e-01
7.376925161184177959e-01
7.351823830767871826e-01
7.325738328505972952e-01
7.298661443528056125e-01
7.270579214569290460e-01
7.241470941535311789e-01
7.211309133351477829e-01
7.180059395504183595e-01
7.147680259705397887e-01
7.114122957252908552e-01
7.079331136946909186e-01
7.043240527801613027e-01
7.005778546279407548e-01
6.966863847366752127e-01
6.926405818498895250e-01
6.884304015152709066e-01
6.840447536874496581e-01
6.794714342616556824e-01
6.746970504579312689e-01
6.697069400330750710e-01
6.644850843890152126e-01
6.590140157805037813e-01
6.532747190141972027e-01
6.472465282914798834e-01
6.409070201982501880e-01
6.342319043119869493e-01
6.271949135136065667e-01
6.197676969002258174e-01
6.119197192564610477e-01
6.036181724491027634e-01
5.948279060461326706e-01
5.855113874314131772e-01
5.756287076824060378e-01
5.651376700353201166e-01
5.539941426949812620e-01
5.420420971106566510e-01
5.295546531949510971e-01
5.161671939549064003e-01
5.019321269800283147e-01
4.868007764342821564e-01
4.707257672333675647e-01
4.536630946021271149e-01
4.355742971028893629e-01
4.164291232321663538e-01
3.962088030579723474e-01
3.749100061504447301e-01
3.525495614105567110e-01
3.291700446710793537e-01
3.048465254654404988e-01
2.796956542972284798e-01
2.538927246554662509e-01
2.276970037485336329e-01
1.986383653449904085e-01
1.735678531394148905e-01
1.476121812587474214e-01
1.223437754108588488e-01
9.829626336667827979e-02
7.595437525129553058e-02
5.579032140584953142e-02
3.824935505177555484e-02
2.372626089649677514e-02
1.254079291174416307e-02
4.916187574186069165e-03
9.638615611683330406e-04
6.764558488803693861e-04
3.930158973362441431e-03
1.049587184422326805e-02
2.005753804774400295e-02
3.223510578997840909e-02
4.660923591330918409e-02
6.274496755483137400e-02
