6.645347347065694299e-01
6.948726016023433205e-01
7.232406857228972363e-01
7.492351751031831597e-01
7.725652815362042958e-01
7.930393725760516155e-01
8.105507405045880853e-01
8.250630952813894359e-01
8.365957699580105489e-01
8.452085010173118196e-01
8.509854734316699698e-01
8.540180681521984951e-01
8.543853620356945955e-01
8.521308089121523155e-01
8.472325017370971878e-01
8.395626660823601872e-01
8.288289935435378952e-01
8.144850521903757024e-01
7.955874828765313600e-01
7.705611346310901055e-01
7.368069707903743826e-01
6.900586124139416189e-01
6.234301543922834421e-01
5.265592142899894190e-01
3.875778059453980351e-01
2.080478198321157601e-01
4.362650718525191984e-02
8.445948304258796974e-03
1.288990977808711080e-01
3.001655914492124544e-01
4.435652021060606520e-01
5.448889727539779626e-01
6.132171668077754934e-01
6.591412993359776484e-01
6.902503288159053119e-01
7.114255961134285933e-01
7.257436188676831268e-01
7.351616262128604085e-01
7.409516943282681289e-01
7.438872187093564792e-01
7.447478879599934709e-01
7.437647496809992598e-01
7.412908541230820436e-01
7.375795422617913433e-01
7.327605255299086684e-01
7.272256454934172831e-01
7.208455469423616924e-01
7.139339352564783026e-01
7.066721970788757412e-01
6.993060788507142744e-01
6.921900185771197034e-01
6.859025264524122312e-01
6.815363565257239742e-01
6.815728279545236745e-01
6.933870737350577018e-01
7.530045806959616561e-01
1.357229097702689347e-01
4.564724354079280344e-01
5.029043067974959813e-01
5.106897065256130741e-01
5.077020548847236414e-01
5.000945468235482583e-01
4.899684726413813252e-01
4.782065104529609201e-01
4.652104051066382473e-01
4.511497277656264515e-01
4.360590979223084585e-01
4.198780855122583588e-01
4.024652973773440445e-01
3.835983392862393759e-01
3.629640224061709275e-01
3.401399711676157955e-01
3.145624872725480969e-01
2.855904116682003169e-01
2.521903878947757693e-01
2.133864353867870045e-01
1.681316339722510600e-01
1.161136393566257752e-01
5.997276519724503013e-02
1.176518566363751045e-02
8.258139503418911870e-03
1.255802582393009126e-01
4.119805088690750017e-01
7.328942780076668218e-01
9.185184235160772648e-01
9.750358056805817908e-01
9.694325104515125746e-01
9.429738914444212305e-01
9.124503181421230735e-01
8.838624017486443885e-01
8.589248081910189070e-01
8.377855577751308624e-01
8.201161865000047291e-01
8.054576949907439332e-01
7.933615359103748377e-01
7.834295387893021045e-01
7.753194712926516630e-01
7.687384873741468505e-01
7.634328955150644358e-01
7.591771235297125608e-01
7.557624155399276233e-01
7.529846206073079751e-01
7.506294803434493401e-01
7.484524392098811374e-01
7.461472692752370017e-01
7.432916823163505660e-01
7.392430781181767996e-01
7.329165847590043414e-01
7.222493710600944583e-01
7.026729872919001973e-01
6.615431981126448369e-01
5.475429068700030655e-01
2.630746540049886187e-02
1.096299876094052328e+00
9.871417794142237634e-01
9.423186131982339564e-01
9.223000978388801174e-01
9.127693952851145820e-01
9.085349876218750120e-01
9.072825165741505993e-01
9.078045564165120318e-01
9.093831678280052122e-01
9.115342722144483822e-01
9.138836218749094575e-01
9.160929234198632587e-01
9.177991221800259058e-01
9.185396678565797002e-01
9.176251181922135958e-01
9.138743234661735881e-01
9.049844816055142571e-01
8.858351666279047354e-01
8.432812550795010242e-01
7.383085062303285095e-01
4.574433968786419946e-01
2.844103217344739337e-02
1.708668967187177146e-01
3.531013729177808758e-01
1.683970066417273537e-01
6.815977757636351164e-01
9.359719763650808932e-01
9.237917429135935610e-01
9.068879172080795970e-01
8.903431763042866098e-01
8.728280039657305700e-01
8.533276687914181924e-01
8.310860373522088729e-01
8.054137804146640489e-01
7.755322746800875633e-01
7.404321357057878084e-01
6.987893728787676340e-01
6.487678717458503774e-01
5.878046510748953235e-01
5.123916451297002572e-01
4.180870190784146123e-01
3.008426788696080822e-01
1.634287031190705120e-01
3.638969546892196344e-02
1.410627723006858784e-02
2.063757868955720109e-01
5.281748895816233969e-01
7.812512727619901343e-01
9.146306171647120564e-01
9.685362267287889182e-01
9.814218375822070239e-01
9.747273529808032633e-01
9.590236331413949378e-01
9.394489765822292560e-01
9.185403640866076636e-01
8.975792444962314987e-01
8.772287906944310487e-01
8.578398811323958428e-01
8.396019553346381059e-01
8.226139963183962678e-01
8.069605006010611703e-01
7.926433051929064888e-01
7.796951926662176735e-01
7.681231355658125759e-01
7.579259632155750381e-01
7.490937006837697920e-01
7.416064706705596254e-01
7.354328179306475199e-01
7.305276116194912017e-01
7.268296039959183386e-01
7.242586387662608427e-01
7.227123973752617170e-01
7.220623973186717226e-01
7.221486105125222155e-01
7.227713745005385215e-01
7.236743956883651130e-01
7.245252079309848492e-01
7.248281187847740448e-01
7.237374559888306580e-01
7.192921221039695334e-01
7.037975883696804269e-01
5.129079598629263659e-01
7.895676614064977006e-01
7.583210418651271656e-01
7.453222912841321879e-01
7.349414414613256730e-01
7.256232008261844779e-01
