3.350647009400173348e-01
1.598428925745009055e-01
4.899115562259846041e-02
4.313326591664067705e-03
7.256091997030284825e-03
3.646241798072331897e-02
7.652249509413626416e-02
1.186480565405751558e-01
1.586233246708864952e-01
1.948252457675940796e-01
2.269366170653636383e-01
2.552294273577392358e-01
2.801976495655337795e-01
3.023807072005887386e-01
3.222850547688845269e-01
3.403543255177765570e-01
3.569626120394039370e-01
3.724182512742060802e-01
3.869729832058607100e-01
4.007975960105722990e-01
4.141079322396186702e-01
4.269885404044201915e-01
4.395437436306994239e-01
4.518498397314267279e-01
4.639506060984990854e-01
4.759266831812689613e-01
4.877800363500369718e-01
4.995454782648226510e-01
5.112432217810695123e-01
5.228888747889773869e-01
5.344948468903518712e-01
5.460713163119450542e-01
5.576269329725807022e-01
5.691693145131359044e-01
5.807053733597778988e-01
5.922415052984597583e-01
6.037836651342516348e-01
6.153373512962508896e-01
6.269075183062470247e-01
6.384984336668572125e-01
6.501134938283021913e-01
6.617550123716261501e-01
6.734239923274897288e-01
6.851198935652168531e-01
6.968404053750901772e-01
7.085812336698039671e-01
7.203359115894309994e-01
7.320956416563463298e-01
7.438491769392602260e-01
7.555827479038579320e-01
7.672800407098191444e-01
7.789222316323316520e-01
7.904880810175378691e-01
8.019540887243803429e-01
8.132947113673718587e-01
8.244826398858257077e-01
8.354891340693553214e-01
8.462844087287897388e-01
8.568380642917452494e-01
8.671195528058506241e-01
8.770986687390882608e-01
8.867460526569053147e-01
8.960336948970065718e-01
9.049354257935483536e-01
9.134273788015673246e-01
9.214884129078648733e-01
9.291004805574049064e-01
9.362489256645891711e-01
9.429226884733401537e-01
9.491143598001942072e-01
9.548198458176813119e-01
9.600358586812699491e-01
9.646868781305312224e-01
9.691074414408957782e-01
9.729062496855847009e-01
9.762724286457346023e-01
9.792132350464020085e-01
9.817444366044071336e-01
9.838755179316609478e-01
9.854057459747322945e-01
9.872675030257334061e-01
9.883745901392851918e-01
9.892189668582070938e-01
9.898010226155151692e-01
9.901355110599694420e-01
9.902363804166300909e-01
9.901136476519986074e-01
9.897716156291354039e-01
9.892072162310442396e-01
9.884082249617677229e-01
9.873513314281537889e-01
9.860005850700100938e-01
9.843129882407624098e-01
9.819875140324856311e-01
9.794454322156203041e-01
9.761288969111353575e-01
9.719739204297160873e-01
9.667707879189868514e-01
9.602514061032649817e-01
9.520820377411001179e-01
9.418523649887285965e-01
9.290638795819133877e-01
9.131193616906069233e-01
8.933161369953050990e-01
8.688474673186691311e-01
8.388187310978018063e-01
8.022877655124888152e-01
7.583411240904446293e-01
7.062183407330916429e-01
6.454915791270111614e-01
5.762943706337183558e-01
4.995678439438868135e-01
4.172592728243820770e-01
3.323809742119658850e-01
2.488445526579568523e-01
1.710514401179135946e-01
1.033456033063764740e-01
4.959479718391900799e-02
1.343238841033484073e-02
8.994399754562219058e-04
3.775318763451087495e-02
3.995651229484849520e-01
2.648677564730253509e-01
1.276286541216960918e-02
1.696990234760664684e-03
1.855417550542515573e-02
4.335413647094687323e-02
7.135183152598012501e-02
1.006493405794325058e-01
1.302429756269462835e-01
1.595344321495338336e-01
1.881431932264960027e-01
2.158327977513572471e-01
2.424580139108934995e-01
2.679354102462194187e-01
2.922234779089122325e-01
3.153138802586452627e-01
3.371220326422068592e-01
3.578158169387113396e-01
3.773074211354456309e-01
3.956329961749291968e-01
4.128314796233056860e-01
4.291193616413984113e-01
4.424929448909691865e-01
4.566863355149516357e-01
4.691579025367144662e-01
4.803105842060562125e-01
4.901251349904704457e-01
4.985297293472599756e-01
5.054183022290591465e-01
5.106475807997299388e-01
5.140243879522278236e-01
5.145072938246424421e-01
5.142302540360628171e-01
5.103221697350766028e-01
5.030724899945714368e-01
4.918041080164851087e-01
4.756419791913303885e-01
4.534748247422554779e-01
4.239289295435838545e-01
3.853984279163994442e-01
3.362095589493662162e-01
2.754567366699988140e-01
2.034991510543569249e-01
1.253573215259929929e-01
5.314231752162033862e-02
7.106032428295733054e-03
8.786177316918865332e-03
6.632070034328645114e-02
1.660756541086533811e-01
2.823164274012191499e-01
3.933071958115674227e-01
4.880780654583701805e-01
5.641543110620484969e-01
6.232346975659307509e-01
6.682786164939026330e-01
7.021700317913975864e-01
7.272849582300399129e-01
7.454473817648813450e-01
7.580142382320180783e-01
7.659834332299413351e-01
7.700893324313617949e-01
7.708779480327736522e-01
7.687634334886240817e-01
7.640697870183821294e-01
7.570615687951539607e-01
7.479671171207240565e-01
7.369498446111406587e-01
7.243254929013001053e-01
7.101870623598128818e-01
6.947731859790471365e-01
6.783030120555292308e-01
6.610086132651918911e-01
6.431357142553483230e-01
6.249421997152536656e-01
6.066946792417496903e-01
5.886630425793137888e-01
5.711128711396346036e-01
5.542955442548263001e-01
5.384358718485440232e-01
