9.902692669357702204e-01
9.910579111324526735e-01
9.918283317538312271e-01
9.925764931372897948e-01
9.932988158390895217e-01
9.939921698407631068e-01
9.946538606389684345e-01
9.952816100892855067e-01
9.958735336300308383e-01
9.964281152826203192e-01
9.969441816140858226e-01
9.974208756536622200e-01
9.978576315824881915e-01
9.982541508608692160e-01
9.986103803217265540e-01
9.989264926435613701e-01
9.992028695156313089e-01
9.994400877258043936e-01
9.996389083348553584e-01
9.998002690456021524e-01
9.999252798361112360e-01
1.000015221894789086e+00
1.000071549874312016e+00
1.000095897467187411e+00
1.000090086295532643e+00
1.000056138097668024e+00
9.999962901803135518e-01
9.999130140784759924e-01
9.998090373169717937e-01
9.996873680793190164e-01
9.995513224384013906e-01
9.994045535487978693e-01
9.992510817842615856e-01
9.990953241255626782e-01
9.989421200159753766e-01
9.987967491495498562e-01
9.986649338386724972e-01
9.985528140414905440e-01
9.984668756803145584e-01
9.984138005882549072e-01
9.984001858658049233e-01
9.984320455022722696e-01
9.985139466508446970e-01
9.986475259392657566e-01
9.988289368545524294e-01
9.990444149513189043e-01
9.992624358991545330e-01
9.994194587544754649e-01
9.993927061154933567e-01
9.989402022764116706e-01
9.970133311626026007e-01
9.949945148872983980e-01
9.887356093316479466e-01
9.756779471978787033e-01
9.478707841110884935e-01
8.864403942577800954e-01
7.463684288035978831e-01
4.498178113359289632e-01
7.369056993015081491e-02
4.053117407637658182e-02
2.574761903654059214e-01
4.450829935389869485e-01
5.658495970857742030e-01
6.430111040157280300e-01
6.937456858488377787e-01
7.285416455750358677e-01
7.532611499177704895e-01
7.713200206557254690e-01
7.847969458548099686e-01
7.950110965428816012e-01
8.028319770502340136e-01
8.088522069522522395e-01
8.134877307840115979e-01
8.170381182903343475e-01
8.197240870018845937e-01
8.217115667606103013e-01
8.231275568381979379e-01
8.240708318884101269e-01
8.246193297290074220e-01
8.248353507597652179e-01
8.247692829636401601e-01
8.244623140193301225e-01
8.239484351408555840e-01
8.232559415604957520e-01
8.224085699417328366e-01
8.214263703385992210e-01
8.203263816777965900e-01
8.191231602408580725e-01
8.178291972099153151e-01
8.164552521020704834e-01
8.150106227087985378e-01
8.135033684681886035e-01
8.119405032980434589e-01
8.103281777126433161e-01
8.086718851168038791e-01
8.069767762052626470e-01
8.052483314279629267e-01
8.034941153163134286e-01
8.017114600845042238e-01
7.988845396099496510e-01
7.977896164908641063e-01
7.959631158036475362e-01
7.940660634087433056e-01
7.921296635659457186e-01
7.901600605949159473e-01
7.881584389806262081e-01
7.861241746065755764e-01
7.840556348120976127e-01
7.819504333289227782e-01
7.798055150486190579e-01
7.776171745024740289e-01
7.753810427029407260e-01
7.730920553596849487e-01
7.707444076078940887e-01
7.683314971252742653e-01
7.658458559752904238e-01
7.632790706718873830e-01
7.606216894091224479e-01
7.578631149620334018e-01
7.549914813585676399e-01
7.519935120027247955e-01
7.488543564636730432e-01
7.455574026124884846e-01
7.420840601582001650e-01
7.384135108633617106e-01
7.345224197009508904e-01
7.303845996029306731e-01
7.259706187889702900e-01
7.212473258531254539e-01
7.161771781418847516e-01
7.107160212169654212e-01
7.044260857186018798e-01
6.984315035608608113e-01
6.915020615262832404e-01
6.839468173442754262e-01
6.756910952563900397e-01
6.666453787046864310e-01
6.567071207831457480e-01
6.457592286019407934e-01
6.336681150671068519e-01
6.202815704441155820e-01
6.054265854126469337e-01
5.889073199396700486e-01
5.705035472299863075e-01
5.499701205740006316e-01
5.270383481931699698e-01
5.014206661892091077e-01
4.728207293770223529e-01
4.409520412172267534e-01
4.055695079137051628e-01
3.665196590263835597e-01
3.238162011179862576e-01
2.777468588563021257e-01
2.290128564331336547e-01
1.788905234624318386e-01
1.293820293061617166e-01
8.328977044517955897e-02
4.411842303152084532e-02
1.570988276819171650e-02
1.588125122833502394e-03
4.142535840376685048e-03
2.393843516324719797e-02
5.947404690267165533e-02
1.075232821851643678e-01
1.639131137713302766e-01
2.243968411137389207e-01
2.853156831863262188e-01
3.439104961526904258e-01
3.982579467352849734e-01
4.456935271004623389e-01
4.947219365394248669e-01
5.333975565351329884e-01
5.674973616871792359e-01
5.971996448924643541e-01
6.228935134350883640e-01
6.450144029913938981e-01
6.639833747677602593e-01
6.801861759963294674e-01
6.939664119829793698e-01
7.056251257503495244e-01
7.154234270396239159e-01
7.235864481700103878e-01
7.303077086537976825e-01
7.357534246789938503e-01
7.400666154854848022e-01
7.433713971033608647e-01
7.457825679541604247e-01
7.472046324925127880e-01
7.481555023121166936e-01
7.483438291306562240e-01
7.479196495400257660e-01
7.469400541533424143e-01
7.454524596431996164e-01
7.434982885590547541e-01
7.411142562427855962e-01
7.383333379588079559e-01
7.351860638505415269e-01
7.317042705287237769e-01
7.279446855232044600e-01
7.234889962610027148e-01
