9.994341310847306703e-01
9.994335608838355034e-01
9.994331484109739705e-01
9.994328940576692188e-01
9.994327981272365102e-01
9.994328608344515974e-01
9.994330823051403856e-01
9.994334625759664359e-01
9.994340015941738375e-01
9.994346992174030220e-01
9.994355552135988363e-01
9.994365692608844221e-01
9.994377409475061480e-01
9.994390697719255368e-01
9.994405551427396617e-01
9.994421963788803209e-01
9.994439927097955589e-01
9.994459432754472239e-01
9.994480471268220034e-01
9.994503032260110276e-01
9.994527104466239820e-01
9.994552675742021108e-01
9.994579733066011329e-01
9.994608262544506516e-01
9.994638249417308051e-01
9.994669678063058393e-01
9.994702532006207729e-01
9.994736793922305296e-01
9.994772445646187276e-01
9.994809468179149947e-01
9.994847841697833690e-01
9.994887545560358078e-01
9.994928558318447731e-01
9.994970857724443380e-01
9.995014420742989181e-01
9.995059223559271677e-01
9.995105241591859535e-01
9.995152449502416880e-01
9.995200821208223285e-01
9.995250329893548003e-01
9.995300948022860510e-01
9.995352647353127340e-01
9.995405398947166953e-01
9.995459173188299129e-01
9.995513939792860514e-01
9.995569667825884297e-01
9.995626325715690763e-01
9.995683881269367133e-01
9.995742301687677855e-01
9.995801553582379650e-01
9.995861602990674388e-01
9.995922415393994065e-01
9.995983955733866999e-01
9.996046188429651425e-01
9.996109077395867182e-01
9.996172586060640963e-01
9.996236677384159330e-01
9.996301313876672090e-01
9.996366457618199863e-01
9.996432070277303517e-01
9.996498113130298790e-01
9.996564547081704388e-01
9.996631332683488802e-01
9.996698430156154558e-01
9.996765799407859587e-01
9.996833400056569507e-01
9.996901191449910629e-01
9.996969132686751580e-01
9.997037182638237596e-01
9.997105299969200054e-01
9.997173443160555228e-01
9.997241570529422638e-01
9.997309640252229901e-01
9.997377610386725122e-01
9.997445438893657332e-01
9.997513083659831379e-01
9.997580502518564893e-01
9.997647653274585045e-01
9.997714493725151641e-01
9.997780981682270474e-01
9.997847074995935834e-01
9.997912731577194290e-01
9.997977909420014964e-01
9.998042566623717153e-01
9.998106661416423790e-01
9.998170152177359160e-01
9.998232997459124416e-01
9.998295156011007823e-01
9.998356586800473123e-01
9.998417249036836152e-01
9.998477102191919430e-01
9.998536106024109582e-01
9.998594220599476001e-01
9.998651406313255885e-01
9.998707623913217768e-01
9.998762834520747989e-01
9.998816999651297666e-01
9.998870081237323237e-01
9.998922041649103143e-01
9.998972843714996062e-01
9.999022450743570989e-01
9.999070826542250101e-01
9.999117935439878480e-01
9.999163742304481017e-01
9.999208212566004228e-01
9.999251312232151356e-01
9.999293007910835529e-01
9.999333266827837852e-01
9.999372056844970658e-01
9.999409346479384286e-01
9.999445104921349525e-01
9.999479302050716667e-01
9.999511908456303333e-01
9.999542895450953539e-01
9.999572235088719507e-01
9.999599900181643797e-01
9.999625864314825030e-01
9.999650101861083940e-01
9.999672587997852080e-01
9.999693298719710688e-01
9.999712210853440864e-01
9.999729302071435066e-01
9.999744550904525742e-01
9.999757936755350185e-01
9.999769439909445001e-01
9.999779041547752767e-01
9.999786723757753126e-01
9.999792469543833384e-01
9.999796262837363781e-01
9.999798088506405280e-01
9.999797932364863362e-01
9.999795781180123022e-01
9.999791622683079639e-01
9.999785445573101672e-01
9.999777239525515782e-01
9.999766995198747788e-01
9.999754704238047465e-01
9.999740359282294211e-01
9.999723953966642709e-01
9.999705482926865008e-01
9.999684941802741145e-01
9.999662327239087212e-01
9.999637636888356607e-01
9.999610869411518221e-01
9.999582024477507991e-01
9.999551102763762911e-01
9.999518105953986158e-01
9.999483036736948049e-01
9.999445898803663857e-01
9.999406696843682330e-01
9.999365436541339802e-01
9.999322124570687587e-01
9.999276768589427933e-01
9.999229377233884719e-01
9.999179960110279319e-01
9.999128527787346510e-01
9.999075091788394154e-01
9.999019664580630629e-01
9.998962259566277488e-01
9.998902891070999832e-01
9.998841574331849280e-01
9.998778325485380147e-01
9.998713161554562134e-01
9.998646100434521733e-01
9.998577160877810677e-01
9.998506362479161469e-01
9.998433725658618654e-01
9.998359271646324320e-01
9.998283022462247649e-01
9.998205000899827999e-01
9.998125230505118255e-01
9.998043735557731182e-01
9.997960541049558669e-01
9.997875672662253077e-01
9.997789156745622297e-01
9.997701020293446872e-01
9.997611290919007354e-01
9.997519996829845601e-01
9.997427166800858522e-01
9.997332830146771210e-01
9.997237016694242584e-01
9.997139756751087791e-01
9.997041081075557223e-01
9.996941020843875814e-01
9.996839607617048484e-01
9.996736873304881144e-01
9.996632850130624526e-01
9.996527570591190459e-01
9.996421067418800321e-01
9.996313373538157077e-01
9.996204522024226824e-01
9.996094546056358832e-01
9.995983478870756889e-01
9.995871353711988094e-01
9.995758203780618079e-01
9.995644062180194522e-01
9.995528961860498107e-01
9.995412935560271661e-01
9.995296015744444817e-01
9.995178234542975160e-01
