9.988792524208364165e-01
9.988783461520502893e-01
9.988777527191674555e-01
9.988774729065676983e-01
9.988775073241751290e-01
9.988778564067538612e-01
9.988785204131485074e-01
9.988794994257957915e-01
9.988807933501799852e-01
9.988824019144297850e-01
9.988843246689913524e-01
9.988865609863638584e-01
9.988891100608702223e-01
9.988919709086585552e-01
9.988951423675339614e-01
9.988986230971295122e-01
9.989024115790652303e-01
9.989065061169989379e-01
9.989109048371801469e-01
9.989156056886577817e-01
9.989206064438233001e-01
9.989259046990197621e-01
9.989314978751656637e-01
9.989373832184601509e-01
9.989435578012821892e-01
9.989500185230900664e-01
9.989567621114968654e-01
9.989637851232644472e-01
9.989710839455973046e-01
9.989786547974001119e-01
9.989864937307203485e-01
9.989945966320342707e-01
9.990029592240590173e-01
9.990115770672400863e-01
9.990204455616072954e-01
9.990295599484523281e-01
9.990389153124312749e-01
9.990485065834474598e-01
9.990583285388113799e-01
9.990683758053979791e-01
9.990786428619587989e-01
9.990891240414239149e-01
9.990998135333630792e-01
9.991107053865888599e-01
9.991217935116180060e-01
9.991330716834531112e-01
9.991445335443490672e-01
9.991561726066631177e-01
9.991679822557002488e-01
9.991799557528650011e-01
9.991920862385245128e-01
9.992043667353869285e-01
9.992167901515729422e-01
9.992293492839793290e-01
9.992420368215682025e-01
9.992548453488658833e-01
9.992677673494519963e-01
9.992807952094596713e-01
9.992939212212815780e-01
9.993071375872076834e-01
9.993204364231428327e-01
9.993338097624897554e-01
9.993472495599210470e-01
9.993607476953720870e-01
9.993742959779050583e-01
9.993878861498250998e-01
9.994015098906852135e-01
9.994151588214282844e-01
9.994288245084790301e-01
9.994424984680430057e-01
9.994561721703089097e-01
9.994698370436229107e-01
9.994834844789237671e-01
9.994971058340530456e-01
9.995106924381179647e-01
9.995242355959725877e-01
9.995377265924494381e-01
9.995511566970834982e-01
9.995645171684655050e-01
9.995777992586809546e-01
9.995909942179149743e-01
9.996040932990464256e-01
9.996170877620954576e-01
9.996299688787672055e-01
9.996427279371226104e-01
9.996553562460818165e-01
9.996678451400247134e-01
9.996801859833871484e-01
9.996923701751709856e-01
9.997043891536449012e-01
9.997162344007292090e-01
9.997278974467331825e-01
9.997393698748179292e-01
9.997506433254447211e-01
9.997617095010543631e-01
9.997725601705041987e-01
9.997831871734038645e-01
9.997935824247354830e-01
9.998037379192221685e-01
9.998136457356496809e-01
9.998232980413414017e-01
9.998326870963072377e-01
9.998418052577058290e-01
9.998506449839317245e-01
9.998591988389988749e-01
9.998674594964216400e-01
9.998754197435743007e-01
9.998830724856446750e-01
9.998904107495538707e-01
9.998974276880379097e-01
9.999041165834746669e-01
9.999104708516122209e-01
9.999164840455341263e-01
9.999221498591563950e-01
9.999274621309335309e-01
9.999324148474625362e-01
9.999370021469103920e-01
9.999412183223507222e-01
9.999450578252880861e-01
9.999485152687092038e-01
9.999515854303547835e-01
9.999542632557855137e-01
9.999565438613571278e-01
9.999584225371801471e-01
9.999598947498352652e-01
9.999609561451715534e-01
9.999616025509524553e-01
9.999618299793092691e-01
9.999616346291867464e-01
9.999610128886861071e-01
9.999599613372501805e-01
9.999584767477055491e-01
9.999565560884899895e-01
9.999541965252382036e-01
9.999513954226495471e-01
9.999481503462469556e-01
9.999444590636659136e-01
9.999403195462859273e-01
9.999357299703052204e-01
9.999306887179607584e-01
9.999251943785509855e-01
9.999192457492117603e-01
9.999128418357098314e-01
9.999059818530291466e-01
9.998986652257347840e-01
9.998908915883766291e-01
9.998826607855170190e-01
9.998739728718016861e-01
9.998648281117721304e-01
9.998552269795429881e-01
9.998451701583477291e-01
9.998346585398719677e-01
9.998236932234610963e-01
9.998122755152699659e-01
9.998004069269964544e-01
9.997880891746693255e-01
9.997753241772361354e-01
9.997621140548919039e-01
9.997484611273937949e-01
9.997343679120599402e-01
9.997198371216620139e-01
9.997048716621756981e-01
9.996894746303905954e-01
9.996736493112605704e-01
9.996573991751447341e-01
9.996407278748989933e-01
9.996236392426981476e-01
9.996061372869547990e-01
9.995882261886193110e-01
9.995699102977759765e-01
9.995511941297064995e-01
9.995320823610107652e-01
9.995125798254173022e-01
9.994926915093611530e-01
9.994724225475261070e-01
9.994517782180500909e-01
9.994307639375235031e-01
9.994093852558437741e-01
9.993876478507334182e-01
9.993655575220591336e-01
9.993431201859666047e-01
9.993203418685741024e-01
9.992972286995007725e-01
9.992737869050219990e-01
9.992500228009836283e-01
9.992259427852090425e-01
9.992015533297754493e-01
9.991768609725658612e-01
9.991518723087818854e-01
9.991265939816671438e-01
9.991010326730482838e-01
9.990751950932102998e-01
9.990490879702331739e-01
9.990227180389407158e-01
9.989960920290451574e-01
9.989692166528464368e-01
9.989420985921545482e-01
9.989147444846858681e-01
9.988871609094237547e-01
9.988593543716584033e-01
