4.118982800011645184e-01
4.027848820235629956e-01
3.918848391013011190e-01
3.805647215906170500e-01
3.697543485980677724e-01
3.600686202821338222e-01
3.518935431720286444e-01
3.454484179439768488e-01
3.408318098492270631e-01
3.380562131669572756e-01
3.370746568721550429e-01
3.378014792603106220e-01
3.401288817087436689e-01
3.439405184083660361e-01
3.491232235700579278e-01
3.555780126148993525e-01
3.632317812850917593e-01
3.720518508502287935e-01
3.820671243259722849e-01
3.934032708363839337e-01
4.063481178000559746e-01
4.214864436816438409e-01
4.400115125025785279e-01
4.645567798143335758e-01
5.018854789401251404e-01
5.712520046246448713e-01
8.475852393552566477e-01
8.235504593184496402e-02
2.826978899087962960e-01
3.488829009367082623e-01
3.841140927662400339e-01
4.081511245261226772e-01
4.269951484830389887e-01
4.430797105923366952e-01
4.575892084628795931e-01
4.711800440910659526e-01
4.842544229943614442e-01
4.970796257891924586e-01
5.098453920925152261e-01
5.226936176006842238e-01
5.357345441492257221e-01
5.490558798930685880e-01
5.627279934807689621e-01
5.768068138883875040e-01
5.913353287086580146e-01
6.063441943593381733e-01
6.218517696909738879e-01
6.378637747317117412e-01
6.543727169368199759e-01
6.713571967258701312e-01
6.887811906590518563e-01
7.065934079219070574e-01
7.247268208771950881e-01
7.430984849355637412e-01
7.616098028531945729e-01
7.801475391015681993e-01
7.985867188864458344e-01
8.168048285106612738e-01
8.054270616189004306e-01
8.516586584696825835e-01
8.682039937903895943e-01
8.838410346267006057e-01
8.984307976518548511e-01
9.118260616663610429e-01
9.238870908285481409e-01
9.344839860479039473e-01
9.434939722065783796e-01
9.507920594159906535e-01
9.562306764833881090e-01
9.595998957773648197e-01
9.605522431697151031e-01
9.584609664622697478e-01
9.521521500106789881e-01
9.394170032083718480e-01
9.165268655583941326e-01
8.482710492388786383e-01
7.825621829205300362e-01
6.349811647823623284e-01
4.023357950139173078e-01
1.451028862094166372e-01
7.963370810622904736e-03
2.661908754374684924e-02
1.124664884152122568e-01
1.996999922711048814e-01
2.687751209655942497e-01
3.192660197118041276e-01
3.551196267891816860e-01
3.802601799882517342e-01
3.977432682997205093e-01
4.098169023855755544e-01
4.181411593953855976e-01
4.239987491055604574e-01
4.285030719230061846e-01
4.330004276895480508e-01
4.433251084757380278e-01
4.326241697263833452e-01
4.458925296999963761e-01
4.655170955068330674e-01
5.132292234233241102e-01
6.420371051255863160e-01
1.302679810463238386e-01
2.648169101054402286e-01
3.022070431950501512e-01
3.178188752906632719e-01
3.255444695875329142e-01
3.296515575721686298e-01
3.318779450718435386e-01
3.330638099243575234e-01
3.336648948389086544e-01
3.339494494303092420e-01
3.340851342487190512e-01
3.341815776814273109e-01
3.343129795089438416e-01
3.345309297952995808e-01
3.348720849880416628e-01
3.353629820200712541e-01
3.360231818005874338e-01
3.368673977251666618e-01
3.379069868896643625e-01
3.391510309429007219e-01
3.406071488757200783e-01
3.422821356304658336e-01
3.441824932529327086e-01
3.463149081985343880e-01
3.486867269944819991e-01
3.513064948358778361e-01
3.541846566671119079e-01
3.573346011133344269e-01
3.607744144791049656e-01
3.645301719194724566e-01
3.686428418944068808e-01
3.731847619260362237e-01
3.783061853875200331e-01
3.844042821289983536e-01
3.930802253077277375e-01
4.234328419878531924e-01
3.809566621583906909e-01
3.952464984123090774e-01
4.038285697928354345e-01
4.115682207001211124e-01
4.192395158958211465e-01
4.270780895103971631e-01
4.351731389659820315e-01
4.435492567274734732e-01
4.521768265123024544e-01
4.609287495050145012e-01
4.693425784457443406e-01
4.742041945976070427e-01
5.080854525092884932e-01
5.077595076751233449e-01
5.166461672302926633e-01
5.265427638149886569e-01
5.365309284311057247e-01
5.461568906539780999e-01
5.549851006610612147e-01
5.624838331419288462e-01
5.679490818355211745e-01
5.704141509366591478e-01
5.685177876409589492e-01
5.603000466183771788e-01
5.428852981332727978e-01
5.120177468641535778e-01
4.615236263317505361e-01
3.833257088595061757e-01
2.706833488021400114e-01
1.321328840902799562e-01
2.042835263121307171e-02
2.501337659736472749e-02
1.601255282441199634e-01
3.356122818343450498e-01
4.803917623476191556e-01
5.796849431623463111e-01
6.402221273001889035e-01
6.570621043714465204e-01
7.751730901372416715e-01
7.558875497601151849e-01
7.597934058611299779e-01
7.684322820719577951e-01
7.804441653978004823e-01
1.940155392770389897e-01
4.708298008160349823e-01
5.503889445524928759e-01
5.630564908313628880e-01
5.585998965624500157e-01
5.476735573809884405e-01
5.340262211222677191e-01
5.194380846809895091e-01
5.049446790115443839e-01
4.912396187489513899e-01
4.788377140425284506e-01
4.681647736469025656e-01
4.596930764391949920e-01
4.554231695165373850e-01
4.444848102829020986e-01
4.443807408944300263e-01
4.453295741211628633e-01
4.485870018009777138e-01
4.542752557545455261e-01
4.623654716808939247e-01
4.727683822729281116e-01
