9.261912079522104380e-01
9.243823568738830376e-01
9.230873271440442895e-01
9.222306692718006405e-01
9.217469223631538089e-01
9.215814835706352959e-01
9.216909966378546981e-01
9.220433343729942388e-01
9.226172445461257032e-01
9.234017215951563218e-01
9.243951578887940057e-01
9.256043182755472332e-01
9.270431702448193034e-01
9.287315890511085303e-01
9.306939421978145388e-01
9.329575400246232775e-01
9.355509176550573791e-01
9.385018865318041081e-01
9.418352586717945174e-01
9.455700999297225184e-01
9.497163046520437080e-01
9.542701954811717568e-01
9.592087278523516725e-01
9.644817036578219316e-01
9.700011518430559088e-01
9.756266884336782796e-01
9.811451933476603715e-01
9.862425088396551409e-01
9.904640756126190659e-01
9.931605702898800292e-01
9.934140245923158696e-01
9.899404872653836396e-01
9.809691391463403187e-01
9.641093355787907493e-01
9.362445638506577961e-01
8.935478029958858759e-01
8.318041355504056655e-01
7.473260985795814326e-01
6.387234423883584311e-01
5.093584357786394845e-01
3.692861196623410391e-01
2.345189806134893584e-01
1.223962077048911107e-01
4.520331634946152949e-02
6.428724032484669712e-03
1.753318333483786179e-03
2.285263684160922237e-02
6.098349683805374954e-02
1.089381374456076940e-01
1.615555269245462777e-01
2.154799245398658636e-01
2.686935380589480227e-01
3.200774035939456530e-01
3.690782000247310735e-01
4.154804203151961639e-01
4.592597639626483375e-01
5.004925913786022473e-01
5.393018600502650362e-01
5.758259820579569865e-01
6.102017476716040667e-01
6.425557123488139233e-01
6.730005347655056980e-01
7.016337541187561699e-01
7.284880761940906169e-01
7.538062465818877733e-01
7.774706403497247953e-01
7.996017876935349600e-01
8.202482844718533839e-01
8.394556400587624978e-01
8.572671739961628123e-01
8.737252363824460355e-01
8.888722331210359151e-01
9.027514106508308656e-01
9.154074069436513028e-01
9.268865888522438423e-01
9.372372013308463146e-01
9.465093565932652941e-01
9.547548921435196068e-01
9.620271262569776161e-01
9.683805381668249002e-01
9.738703981255485420e-01
9.785523698615917754e-01
9.824821049283387620e-01
9.857148452270394490e-01
9.883050467399043804e-01
9.903060343731567849e-01
9.917696948945760038e-01
9.927462123341760369e-01
9.932838479515571084e-01
9.934287649837614254e-01
9.932248968717501958e-01
9.927138565086170985e-01
9.919348832232245394e-01
9.909248236761932782e-01
9.897181425538384980e-01
9.883469588576788700e-01
9.868411036605698738e-01
9.852281953965961181e-01
9.835337290337409222e-01
9.817811758207790618e-01
9.799920906760241079e-01
9.781862246764827518e-01
9.763816405006543464e-01
9.745948290619568244e-01
9.728408259429668359e-01
9.711333265938947301e-01
9.694847996007507351e-01
9.679065976548695271e-01
9.664090661801355564e-01
9.650016499036299100e-01
9.636929980045538802e-01
9.624910688686538762e-01
9.614032359404013350e-01
9.604363967487538067e-01
9.595970879648626495e-01
9.588916104589828571e-01
9.583261700146276096e-01
9.579070421613261610e-01
9.576407747683376437e-01
9.575344530413776312e-01
9.575960792889599560e-01
9.578352056896977107e-01
9.582643010789071436e-01
9.589032558883361368e-01
9.598031901743155903e-01
9.603247242153759577e-01
9.619300579121268235e-01
9.635640506766408597e-01
9.654926090867077537e-01
9.677797860252729256e-01
9.704819205879557931e-01
9.736403668592554794e-01
9.772084417503625886e-01
9.807377032402040395e-01
9.818514380386968998e-01
9.662192435240946065e-01
7.956993971483706796e-01
6.928620049687661542e-02
6.626243099186081009e-01
8.183791114217805474e-01
8.720294012897592539e-01
8.981258830251910297e-01
9.136000352089980181e-01
9.240065923309912499e-01
9.316378415320878403e-01
9.375943549321531512e-01
9.424637375895137392e-01
9.465851034294159305e-01
9.501660114776097066e-01
9.533394119131511912e-01
9.561935821854000705e-01
9.587888768548192830e-01
9.611676014356516085e-01
9.633600997364479834e-01
9.653886339758521729e-01
9.672700499755725323e-01
9.690174225409586839e-01
9.706414004163157472e-01
9.721510494456109264e-01
9.735544838434667669e-01
9.748592793265478118e-01
9.760726686439636923e-01
9.772014444383718690e-01
9.782513614567954763e-01
9.792255359542276771e-01
9.801206188859362678e-01
9.809175883454841482e-01
9.815583010897275251e-01
9.818798870946283674e-01
9.814042809780830767e-01
9.785127208877750782e-01
9.660008220970272008e-01
8.887616833891681667e-01
8.088252470101013614e-02
7.712664377350747502e-01
9.050832483526081162e-01
9.381091265858976236e-01
9.515381836200681454e-01
9.584900269826577279e-01
9.625986005867241957e-01
9.652041552551957615e-01
9.668891116958423515e-01
9.679275781182071769e-01
9.684461486466932056e-01
9.684896194529380997e-01
9.680500973704203593e-01
9.670801253910003004e-01
9.654979696023546776e-01
9.631885390956520521e-01
9.600014628969185670e-01
9.557469515787783143e-01
9.501896165103204117e-01
9.430401698299603064e-01
9.339446681407300721e-01
9.224719608433999962e-01
9.080969967041718771e-01
8.901839853345779874e-01
8.679679161652917863e-01
8.405395729193805288e-01
8.068379886402572421e-01
