9.820024778376027497e-01
9.822700252970892887e-01
9.825421704690855407e-01
9.828186707679887890e-01
9.830992759021328631e-01
9.833837278629476986e-01
9.836717609047122002e-01
9.839631015207457310e-01
9.842574684197749058e-01
9.845545725036893847e-01
9.848541168514445276e-01
9.851557967094084489e-01
9.854592994916777648e-01
9.857643047909919742e-01
9.860704844017954551e-01
9.863775023569286704e-01
9.866850149785979518e-01
9.869926709440643986e-01
9.873001113678241403e-01
9.876069698992741008e-01
9.879128728377072344e-01
9.882174392642876226e-01
9.885202811915998478e-01
9.888210037310755096e-01
9.891192052788627675e-01
9.894144777201757668e-01
9.897064066528411530e-01
9.899945716300730947e-01
9.902785464233377910e-01
9.905578993054816594e-01
9.908321933548427385e-01
9.911009867805254947e-01
9.913638332702580103e-01
9.916202823605054784e-01
9.918698798303899888e-01
9.921121681195014252e-01
9.923466867711655537e-01
9.925729729012460201e-01
9.927905616940642108e-01
9.929989869259738811e-01
9.931977815179184876e-01
9.933864781177966785e-01
9.935646097140218291e-01
9.937317102813686409e-01
9.938873154601569615e-01
9.940309632705152110e-01
9.941621948627920036e-01
9.942805553056262013e-01
9.943855944131444469e-01
9.944768676131856555e-01
9.945539368576251649e-01
9.946163715774177794e-01
9.946637496833640180e-01
9.946956586151635138e-01
9.947116964406287343e-01
9.947114730073375322e-01
9.946946111491390408e-01
9.946607479498753568e-01
9.946095360673696817e-01
9.945406451201564968e-01
9.944537631405315770e-01
9.943485980969799520e-01
9.942248794897843300e-01
9.940823600237541635e-01
9.939208173622647857e-01
9.937400559675407807e-01
9.935399090319282367e-01
9.933202405060415074e-01
9.930809472295588636e-01
9.928219611717453708e-01
9.925432517885741657e-01
9.922448285047564820e-01
9.919267433295549941e-01
9.915890936161125824e-01
9.912320249749526635e-01
9.908557343538089146e-01
9.904604732965487379e-01
9.900465513965017728e-01
9.896143399595175305e-01
9.891642758950965897e-01
9.886968658556266609e-01
9.882126906454407056e-01
9.877124099243059785e-01
9.871967672324961640e-01
9.866665953679284451e-01
9.861228221484436007e-01
9.855664765967627750e-01
9.849986955893800245e-01
9.844207310148898049e-01
9.838339574928214315e-01
9.832398807082611825e-01
9.826401464245752004e-01
9.820365502412143899e-01
9.814310481707542166e-01
9.808257681156791197e-01
9.802230223310772761e-01
9.796253209655729766e-01
9.790353867780065000e-01
9.784561711290018504e-01
9.778908713472749259e-01
9.773429495652360410e-01
9.768161531054530000e-01
9.763145364771441681e-01
9.758424850010080087e-01
9.754047400188606831e-01
9.750064255473777086e-01
9.746530759784352016e-01
9.743506649236862716e-01
9.741056327439983065e-01
9.739249138669340278e-01
9.738159596454853961e-01
9.737867548490237724e-01
9.738458227900401720e-01
9.740022121694459356e-01
9.742654552602474372e-01
9.746454819155098148e-01
9.751524661462382948e-01
9.757965702421783627e-01
9.765875333317011187e-01
9.775340232249688510e-01
9.786426263462154607e-01
9.799162805314456381e-01
9.813518425618169561e-01
9.829362975286964899e-01
9.846408098876179293e-01
9.864112965426499180e-01
9.881533084474434236e-01
9.897074422241366465e-01
9.908087175701353333e-01
9.910183285369370543e-01
9.896070346998045997e-01
9.853529425906736305e-01
9.761877303878525591e-01
9.585815088446643095e-01
9.265176567639998861e-01
8.700129356158052829e-01
7.739628105492741827e-01
6.212236869970930719e-01
4.097036592663777510e-01
1.847219344498343130e-01
3.377440364228761344e-02
2.647346463955511670e-03
5.781444255604019367e-02
1.455992472216609268e-01
2.339118526221789784e-01
3.109832290008253675e-01
3.748232703925793996e-01
4.268290840256582230e-01
4.691399311261729710e-01
5.037520622926597857e-01
5.323018953414013765e-01
5.560698453334878000e-01
5.760420738036783339e-01
5.929764557738990138e-01
6.074579275124651900e-01
6.199412898596472488e-01
6.307832595842320922e-01
6.402661923144269407e-01
6.486156115224831487e-01
6.560132049673405019e-01
6.626065190586132303e-01
6.685162434426545897e-01
6.738417280154918032e-01
6.786651943386037278e-01
6.830549749046774810e-01
6.870680222556349026e-01
6.907518647493064989e-01
6.941461390445006208e-01
6.972837956647883750e-01
7.001920494922531102e-01
7.028931290595884507e-01
7.054048651840000295e-01
7.077411494932617231e-01
7.099122857951655208e-01
7.119252513575009544e-01
7.137838805008334120e-01
7.154889790918803616e-01
7.170383752730307148e-01
7.184269088434580564e-01
7.196463589189916465e-01
7.206853066540779285e-01
7.215289267169884280e-01
7.221586976527970547e-01
7.225520169664156889e-01
7.226817008507349094e-01
7.225153489948183960e-01
7.220145143550746880e-01
7.211336790376144945e-01
7.198189190296031548e-01
7.180062097661467080e-01
7.156192448659697281e-01
7.125666150657751219e-01
7.087381348847948681e-01
7.040000239016966921e-01
6.981885355259854764e-01
6.911014645401331036e-01
6.824867360462826271e-01
6.720269581519822122e-01
6.593183831021557362e-01
6.438421567769039289e-01
