9.281377837747903925e-01
9.475026072604344485e-01
9.645420368193681204e-01
9.790042188257958022e-01
9.907270442308883096e-01
9.996221656725691185e-01
1.005651603565263175e+00
1.008790022361833794e+00
1.008952558853440928e+00
1.005822746355548025e+00
9.983220227570603900e-01
9.823288009589392633e-01
9.335646319989321373e-01
3.296302686101217905e-01
9.235325193504052566e-01
9.784969001340925177e-01
9.762574031346014092e-01
9.681758441067707111e-01
9.588605591363131841e-01
9.493006409602656737e-01
9.398527341218851916e-01
9.307044584983139579e-01
9.219800548272442109e-01
9.137712008759331095e-01
9.061481069988823744e-01
8.991645636784392215e-01
8.928609175194829328e-01
8.872662579859666998e-01
8.824002525651217788e-01
8.782747809711990428e-01
8.748954172817686725e-01
8.722627731889736058e-01
8.703737042226979970e-01
8.692223783902270906e-01
8.688012074062209100e-01
8.691016464194891711e-01
8.701146017931060683e-01
8.718319638807741079e-01
8.742451832045450288e-01
8.773470861537858712e-01
8.811312134951084785e-01
8.855917630519493100e-01
8.907231758517001330e-01
8.965193378200225771e-01
9.029723807140669356e-01
9.100707834613023239e-01
9.177965862213540715e-01
9.261212936259034523e-01
9.349999083523836685e-01
9.443623031479001506e-01
9.541008775206186732e-01
9.640532439303329815e-01
9.739788122820733918e-01
9.835289155980023734e-01
9.922085123327294420e-01
9.992746192323505028e-01
1.002692354978710787e+00
9.754562123232093374e-01
5.629217322054606149e-02
7.025872078401107501e-01
7.188193682059137446e-01
6.340416965176366437e-01
4.953814327591262168e-01
3.261816410726567361e-01
1.634267215077967739e-01
4.829309429517799485e-02
1.657649344929947857e-03
1.579625189701296117e-02
6.853152881858308454e-02
1.390697764029715788e-01
2.139239774162408070e-01
2.861179337312402815e-01
3.527525477382925656e-01
4.130671745861215216e-01
4.672836558615469094e-01
5.160039034452951201e-01
5.599223628665279673e-01
5.997005988026381518e-01
6.359204661965965899e-01
6.690733768111452040e-01
6.995649352581654323e-01
7.277251761093551652e-01
7.538199946145323072e-01
7.780619296004132046e-01
8.006196536217248250e-01
8.216260595895332752e-01
8.411850516657106702e-01
8.593772200429400376e-01
8.762645858698412393e-01
8.918945829906422818e-01
9.063034154383124985e-01
9.195189018275794490e-01
9.315628931790612688e-01
9.424533302843882687e-01
9.522059905091722065e-01
9.608359615404260534e-01
9.683588705020387266e-01
9.747918905489318941e-01
9.801545429758916628e-01
9.844693102810071483e-01
9.877620631044526922e-01
9.900624465833928189e-01
9.914037577275273128e-01
9.918232872884942264e-01
9.913620324251692928e-01
9.900646013231612086e-01
9.879789781603057763e-01
9.851563086512887812e-01
9.816506864014897804e-01
9.775190278578127501e-01
9.728211097581495048e-01
9.676199020570187548e-01
9.619824249367218139e-01
9.559815579369926875e-01
9.496996677834658174e-01
9.432359630579864040e-01
9.367222104185859433e-01
9.303595430756492757e-01
9.245175857649805540e-01
9.200652942162480530e-01
9.199644936285369390e-01
9.475350992242764780e-01
8.084892069066981213e-01
8.526928387135782605e-01
8.535144783065790053e-01
7.757316278751399397e-01
8.420827206705776558e-01
8.366183862718906683e-01
8.301620641784327459e-01
8.234874268520120388e-01
8.167951546391982731e-01
8.101807202659477847e-01
8.037018381811630308e-01
7.973979839600824349e-01
7.912982279878200131e-01
7.854250114287598672e-01
7.797961757551895579e-01
7.744261438598409875e-01
7.693266036619855752e-01
7.645068855098279270e-01
7.599740890142223648e-01
7.557329585846370712e-01
7.517854350592190205e-01
7.481297078950411850e-01
7.447583976437061049e-01
7.416550784828044307e-01
7.387873490393095377e-01
7.360920050785842994e-01
7.334398587512164225e-01
7.305390708405065103e-01
7.266047946100724353e-01
7.187387326690534151e-01
6.846802944067772456e-01
5.207761794803779098e-01
7.471288516824624582e-01
7.476810454838584974e-01
7.481045037133539077e-01
7.496077434074900347e-01
7.520798785077593696e-01
7.554675870191478460e-01
7.598043285061946150e-01
7.652114110503741573e-01
7.719305258028901218e-01
7.804129728863317128e-01
7.915328211078691556e-01
8.070769124675484241e-01
8.298392408473806992e-01
7.853774167935725359e-01
4.343901948412998704e-01
6.734695246458866080e-01
7.287126727200780030e-01
7.554777746899167257e-01
7.734703790190072814e-01
7.877964457612718352e-01
8.003170594607023069e-01
8.118493701703479726e-01
8.227909513488059767e-01
8.333426790547225904e-01
8.436021615691077224e-01
8.536074847062647963e-01
8.633598773820662098e-01
8.728364511022476124e-01
8.819980023314141215e-01
8.907942534124744238e-01
8.991677357880862864e-01
9.070569483192590932e-01
9.143991181964894466e-01
9.211327055973275169e-01
9.271996528920068981e-01
9.325472388232106669e-01
9.371292134290191145e-01
9.409055939903565591e-01
9.438399650010848019e-01
9.458920500833470912e-01
9.470009721576739814e-01
9.470489463134972308e-01
9.457797442129205479e-01
9.425973866719858929e-01
9.359776501833715345e-01
9.211620907170615657e-01
