9.978369787195225937e-01
9.978278404766529608e-01
9.978189259139094158e-01
9.978102376273598750e-01
9.978017780416410520e-01
9.977935493848060222e-01
9.977855536695044991e-01
9.977777926761365324e-01
9.977702679453386292e-01
9.977629807705422627e-01
9.977559321955008498e-01
9.977491230138955114e-01
9.977425537716188009e-01
9.977362247708745357e-01
9.977301360753143555e-01
9.977242875167602332e-01
9.977186787025154047e-01
9.977133090230660972e-01
9.977081776605095653e-01
9.977032835966441748e-01
9.976986256213424831e-01
9.976942023407009419e-01
9.976900121848496505e-01
9.976860534154393667e-01
9.976823241328397485e-01
9.976788222827381869e-01
9.976755456624705198e-01
9.976724919265675950e-01
9.976696585921176474e-01
9.976670430435270465e-01
9.976646425368694837e-01
9.976624542035452681e-01
9.976604750540365441e-01
9.976587019807926504e-01
9.976571317610781753e-01
9.976557610592361458e-01
9.976545864289988463e-01
9.976536043152621769e-01
9.976528110558187112e-01
9.976522028828247457e-01
9.976517759242221617e-01
9.976515262049152621e-01
9.976514496479615968e-01
9.976515420757463559e-01
9.976517992109102950e-01
9.976522166775234624e-01
9.976527900021304740e-01
9.976535146148824973e-01
9.976543858505866336e-01
9.976553989500891451e-01
9.976565490613270581e-01
9.976578312409349891e-01
9.976592404555542082e-01
9.976607715834578949e-01
9.976624194161366477e-01
9.976641786601513351e-01
9.976660439389957169e-01
9.976680097950457737e-01
9.976700706917459582e-01
9.976722210157711324e-01
9.976744550793551491e-01
9.976767671227927403e-01
9.976791513169119829e-01
9.976816017658094449e-01
9.976841125094819684e-01
9.976866775267817511e-01
9.976892907382866049e-01
9.976919460093488512e-01
9.976946371531344449e-01
9.976973579338631604e-01
9.977001020700518863e-01
9.977028632376915285e-01
9.977056350737034673e-01
9.977084111793518284e-01
9.977111851236555307e-01
9.977139504469408893e-01
9.977167006642030378e-01
9.977194292688793542e-01
9.977221297363285668e-01
9.977247955273530478e-01
9.977274200919015179e-01
9.977299968727187940e-01
9.977325193089017219e-01
9.977349808394851971e-01
9.977373749071567488e-01
9.977396949618164701e-01
9.977419344641519361e-01
9.977440868892919479e-01
9.977461457302503334e-01
9.977481045016070027e-01
9.977499567428295135e-01
9.977516960219313669e-01
9.977533159388272122e-01
9.977548101286713989e-01
9.977561722653690568e-01
9.977573960648599138e-01
9.977584752882687757e-01
9.977594037452943709e-01
9.977601752973758176e-01
9.977607838607354118e-01
9.977612234096030486e-01
9.977614879790686064e-01
9.977615716682595171e-01
9.977614686430792412e-01
9.977611731392875827e-01
9.977606794650301092e-01
9.977599820038407508e-01
9.977590752172581512e-01
9.977579536473698552e-01
9.977566119195120375e-01
9.977550447447819382e-01
9.977532469223721057e-01
9.977512133421820861e-01
9.977489389870102254e-01
9.977464189349060097e-01
9.977436483614865459e-01
9.977406225420659691e-01
9.977373368537615361e-01
9.977337867777704705e-01
9.977299679012676670e-01
9.977258759195204441e-01
9.977215066378649633e-01
9.977168559736427911e-01
9.977119199581907516e-01
9.977066947386529217e-01
9.977011765799282950e-01
9.976953618665600487e-01
9.976892471045440969e-01
9.976828289231672864e-01
9.976761040768922228e-01
9.976690694471848087e-01
9.976617220442833833e-01
9.976540590092902727e-01
9.976460776157785038e-01
9.976377752717755509e-01
9.976291495217771699e-01
9.976201980484766807e-01
9.976109186749240187e-01
9.976013093663415043e-01
9.975913682321915221e-01
9.975810935282256597e-01
9.975704836584279311e-01
9.975595371771297515e-01
9.975482527910631836e-01
9.975366293613211477e-01
9.975246659054832765e-01
9.975123615994879733e-01
9.974997157796173797e-01
9.974867279443202506e-01
9.974733977559246956e-01
9.974597250422292394e-01
9.974457097978899345e-01
9.974313521855550091e-01
9.974166525368816094e-01
9.974016113529402539e-01
9.973862293044259975e-01
9.973705072314156261e-01
9.973544461424123098e-01
9.973380472129661500e-01
9.973213117834128782e-01
9.973042413558262931e-01
9.972868375901039473e-01
9.972691022989803589e-01
9.972510374418430690e-01
9.972326451172868200e-01
9.972139275542706294e-01
9.971948871016617089e-01
9.971755262163326528e-01
9.971558474490392898e-01
9.971358534288647935e-01
9.971155468452723714e-01
9.970949304282807901e-01
9.970740069263785976e-01
9.970527790821455127e-01
9.970312496058991725e-01
9.970094211469592294e-01
9.969872962630837998e-01
9.969648773879702386e-01
9.969421667972787615e-01
9.969191665735374075e-01
9.968958785706528714e-01
9.968723043783521698e-01
9.968484452879550206e-01
9.968243022603212600e-01
9.967998758977012486e-01
9.967751664209554274e-01
9.967501736547996760e-01
9.967248970232637229e-01
9.966993355592017600e-01
9.966734879315281015e-01
9.966473524949187590e-01
9.966209273684880632e-01
9.965942105499472348e-01
9.965672000746754744e-01
9.965398942303675955e-01
9.965122918409289321e-01
9.964843926369761906e-01
9.964561977345240962e-01
9.964277102500481709e-01
9.963989360894257574e-01
