9.906553832239065605e-01
9.907031279450468908e-01
9.907543991999890887e-01
9.908089631438896649e-01
9.908666017962032280e-01
9.909271142176339087e-01
9.909903170102940528e-01
9.910560442634228639e-01
9.911241470648149976e-01
9.911944926689398860e-01
9.912669634136846986e-01
9.913414554582172800e-01
9.914178774066444433e-01
9.914961488704497894e-01
9.915761990133952208e-01
9.916579651155901232e-01
9.917413911842487551e-01
9.918264266331006107e-01
9.919130250470071797e-01
9.920011430423064658e-01
9.920907392305213790e-01
9.921817732889230967e-01
9.922742051385035067e-01
9.923679942280357880e-01
9.924630989208692577e-01
9.925594759794239552e-01
9.926570801419137835e-01
9.927558637842642808e-01
9.928557766607830626e-01
9.929567657159552585e-01
9.930587749602074465e-01
9.931617454021738345e-01
9.932656150312044741e-01
9.933703188425119235e-01
9.934757888993315245e-01
9.935819544257895597e-01
9.936887419255007181e-01
9.937960753204010400e-01
9.939038761057602533e-01
9.940120635170937025e-01
9.941205547055819158e-01
9.942292649186852405e-01
9.943381076834215682e-01
9.944469949899686911e-01
9.945558374733589613e-01
9.946645445921414863e-01
9.947730248022704780e-01
9.948811857254177271e-01
9.949889343107221062e-01
9.950961769897739284e-01
9.952028198238960233e-01
9.953087686442810833e-01
9.954139291841335169e-01
9.955182072035213547e-01
9.956215086067267128e-01
9.957237395526651325e-01
9.958248065585162401e-01
9.959246165969762865e-01
9.960230771878125777e-01
9.961200964838660132e-01
9.962155833522851056e-01
9.963094474514445631e-01
9.964015993039675445e-01
9.964919503666087586e-01
9.965804130972167885e-01
9.966669010197108936e-01
9.967513287872042937e-01
9.968336122439954705e-01
9.969136684868091791e-01
9.969914159258697062e-01
9.970667743461720800e-01
9.971396649692533254e-01
9.972100105162420292e-01
9.972777352723033450e-01
9.973427651528754545e-01
9.974050277722616986e-01
9.974644525145806018e-01
9.975209706080414573e-01
9.975745152022178486e-01
9.976250214489703616e-01
9.976724265875219766e-01
9.977166700338063743e-01
9.977576934743639381e-01
9.977954409652946000e-01
9.978298590367300491e-01
9.978608968029418769e-01
9.978885060785760430e-01
9.979126415016135176e-01
9.979332606631401426e-01
9.979503242448513056e-01
9.979637961642557897e-01
9.979736437287901607e-01
9.979798377988171598e-01
9.979823529604721077e-01
9.979811677092335076e-01
9.979762646446246332e-01
9.979676306770048910e-01
9.979552572477455863e-01
9.979391405633906142e-01
9.979192818450609570e-01
9.978956875946677352e-01
9.978683698787443879e-01
9.978373466322087992e-01
9.978026419829538751e-01
9.977642865999734045e-01
9.977223180662144753e-01
9.976767812794969936e-01
9.976277288832557932e-01
9.975752217302684688e-01
9.975193293827859797e-01
9.974601306522083988e-01
9.973977141823141546e-01
9.973321790808375997e-01
9.972636356034798588e-01
9.971922058964332036e-01
9.971180248030930837e-01
9.970412407415427669e-01
9.969620166602892741e-01
9.968805310806490017e-01
9.967969792342511459e-01
9.967115743062824329e-01
9.966245487950439186e-01
9.965361560000334240e-01
9.964466716517608180e-01
9.963563956972606439e-01
9.962656542569512386e-01
9.961748017686791190e-01
9.960842233357689590e-01
9.959943372959937369e-01
9.959055980278365139e-01
9.958184990084714139e-01
9.957335761345735836e-01
9.956514113113250630e-01
9.955726363040230398e-01
9.954979368327349087e-01
9.954280568654456651e-01
9.953638030291873662e-01
9.953060490057387133e-01
9.952557396965437952e-01
9.952138948234137139e-01
9.951816114526502721e-01
9.951600646648908199e-01
9.951505051956009984e-01
9.951542522708776151e-01
9.951726789531778472e-01
9.952071859176396806e-01
9.952591574220190918e-01
9.953298898573139653e-01
9.954204779100148670e-01
9.955316347449953973e-01
9.956634085049869132e-01
9.958147338861488285e-01
9.959827174741859857e-01
9.961614856797107453e-01
9.963402991570575740e-01
9.965004073795491468e-01
9.966096785882183617e-01
9.966131731964821272e-01
9.964160384627579470e-01
9.958512190881383397e-01
9.946155616033348634e-01
9.921360132716582347e-01
9.872696385710685307e-01
9.775731956049369398e-01
9.573405269196748613e-01
9.117194040942341315e-01
7.976885535714715036e-01
4.990122500851028042e-01
4.015186824642336810e-02
1.706883894216041642e-01
4.920822251823238624e-01
6.693768236364675550e-01
7.615782699022485280e-01
8.139474949094021028e-01
8.463581368636978741e-01
8.678137982509654957e-01
8.827627423915156424e-01
8.935904630686885008e-01
9.016679622646640579e-01
9.078296021923525361e-01
9.126074958122081249e-01
9.163372761489140261e-01
9.193208743233209912e-01
9.216685761513289110e-01
9.235249057943613060e-01
9.249819389530196112e-01
9.261086384159614715e-01
9.269575730032629801e-01
9.275690425856655263e-01
9.279723178565264519e-01
9.281522427011557053e-01
9.280292865936745628e-01
9.281723120918333736e-01
9.279786940660539329e-01
9.276540465901257360e-01
9.272139107154866444e-01
9.266658515173280541e-01
9.260149320031081377e-01
9.252646338865674336e-01
9.244171715252618160e-01
