6.378122279565650032e-01
6.328484861849059673e-01
6.303647274852222093e-01
6.302541432694278578e-01
6.323713711284150163e-01
6.365410644080058411e-01
6.425655516369765952e-01
6.502315178700783793e-01
6.593156035710389107e-01
6.695886912066612018e-01
6.808182828863033054e-01
6.927672299320228877e-01
7.051829020112705404e-01
7.177511728886000197e-01
7.298450378058493060e-01
7.366738497827627352e-01
7.653470726472159091e-01
7.739600141430346136e-01
7.853543959615929548e-01
7.967334673572242787e-01
8.076576374232757871e-01
8.179457872924128514e-01
8.274880327745943731e-01
8.362053735189770576e-01
8.440361292619275035e-01
8.509292739013631923e-01
8.568397312765716478e-01
8.617239853413530826e-01
8.655352320314405601e-01
8.682175087083565668e-01
8.696981936868697360e-01
8.698780723125988379e-01
8.686178182621036026e-01
8.657191938453998592e-01
8.608984528074702380e-01
8.537482339912466633e-01
8.436825872096417323e-01
8.298577627823919833e-01
8.110596509650488395e-01
7.855489260733801160e-01
7.508543056875462973e-01
7.032973423681907477e-01
6.424911444290462015e-01
5.578795988587302856e-01
4.519519928553603072e-01
3.286035354247123785e-01
2.026615892412609587e-01
9.757160403616149669e-02
3.502368289292305537e-02
2.293179496712726556e-02
5.234835796760730492e-02
1.054789894856686810e-01
1.660765428118065878e-01
2.242089081646224669e-01
2.752336965553128234e-01
3.181857637901100433e-01
3.534103099044996199e-01
3.819266312937668606e-01
4.048200367597861171e-01
4.230879776531972225e-01
4.375845381282119639e-01
4.490211498907950571e-01
4.579877733816138385e-01
4.647704721694735919e-01
4.704205245963231641e-01
4.747128364089776564e-01
4.782512455993790934e-01
4.815030852724392907e-01
4.851295749433978677e-01
4.902958687312833352e-01
4.996316483618774007e-01
5.213816012650265286e-01
6.039936124159511754e-01
1.067609184494760499e-01
3.448115699882834950e-01
3.827168226434956022e-01
3.942321690850097426e-01
3.976236311338837148e-01
3.973340385338601788e-01
3.949672116238529540e-01
3.912325712986695070e-01
3.864774481346682777e-01
3.808703836141247301e-01
3.744672659555327576e-01
3.672138838290101570e-01
3.588382146396097983e-01
3.480788816428250776e-01
3.065023995737671259e-01
3.427564459177926404e-01
3.281708299884169011e-01
3.152670571851124981e-01
3.017125718774039123e-01
2.868923114748706538e-01
2.704037159602518114e-01
2.518618754407747073e-01
2.307627702337417819e-01
2.068833899309714952e-01
1.795853344271255148e-01
1.486186112587447872e-01
1.141066208967809747e-01
7.726077673799679191e-02
4.176524590151957372e-02
1.632187942903955830e-02
1.804865518339781455e-02
7.324467485666187605e-02
2.016580932880278898e-01
4.010780305260228107e-01
6.200629369754814268e-01
7.975295124698779103e-01
9.069670976099357684e-01
9.598153159628367570e-01
9.781570297904134126e-01
9.788540467128444833e-01
9.717453219580902690e-01
9.619007179687308895e-01
9.514440639601440264e-01
9.435285426497260763e-01
9.359201765907918524e-01
9.300139476885754819e-01
9.256961994699169916e-01
9.228462091852448479e-01
9.213225555903988839e-01
9.209771829423160083e-01
9.216637964033091990e-01
9.232415488980778573e-01
9.255760489218958220e-01
9.285389588928845139e-01
9.320068654846211942e-01
9.358597377238223602e-01
9.399790478065622734e-01
9.442454256558142633e-01
9.485354615852830129e-01
9.527168203412114122e-01
9.566398696130850032e-01
9.601217153978149899e-01
9.629122916128013410e-01
9.646127323258115727e-01
9.644432852469263517e-01
9.603949414182032518e-01
9.443513199565203298e-01
7.878824626261798914e-01
1.061922198848016530e+00
1.021023183841255788e+00
1.009585616361539984e+00
1.003319681762051774e+00
9.984206682273956135e-01
9.937437942821812920e-01
9.888499916140505164e-01
9.835731300944291489e-01
9.778933701539258561e-01
9.719012000731487300e-01
9.657988144118131446e-01
9.599207502596432962e-01
9.547507341079389809e-01
9.508343480112348978e-01
9.480649405420751297e-01
9.410892753145972955e-01
9.042912320605059895e-01
6.725254677457938035e-01
2.174885920027680997e-01
3.652555271730128367e-02
8.999825201931505037e-02
5.796796321739274699e-02
1.569502662773590226e-02
3.831173476237711290e-02
3.132281050276258250e-01
7.364969960672882454e-01
9.406741847533909295e-01
9.508928540236682991e-01
8.965972643457172930e-01
8.262062723157188593e-01
7.507539620617457166e-01
6.703546569107537989e-01
5.817502331382624625e-01
4.803120318411436829e-01
3.613272893307850619e-01
2.239291130458093138e-01
8.402941059915527977e-02
2.790827206445219925e-03
8.488931297491120187e-02
3.488209852312987858e-01
6.336168762879025307e-01
8.219928965482287131e-01
9.177773636859501982e-01
9.575627598377278726e-01
9.680445642493756830e-01
9.639197743870460133e-01
9.527394712997591109e-01
9.383635974973001392e-01
9.227958142281659226e-01
9.070965430774967642e-01
8.917738825125959279e-01
8.774023265401230676e-01
8.638729370461530888e-01
8.514061955820749761e-01
8.400361451194842122e-01
8.292619630625560623e-01
8.213808546641900854e-01
8.137381731357544723e-01
8.074140328768022457e-01
