3.834869571272518929e-01
3.990503189284690388e-01
4.133606876079484183e-01
4.262123808864869412e-01
4.377655831833381361e-01
4.481548493205025352e-01
4.575203585565442710e-01
4.660058133856313511e-01
4.737549658300759803e-01
4.809085130020619436e-01
4.876015672416009195e-01
4.939616895679048159e-01
5.001074306130680602e-01
5.061473142037838935e-01
5.121792000298087677e-01
5.182899676669456834e-01
5.245554748527093691e-01
5.310407663031634362e-01
5.378005864605052144e-01
5.448806526792039362e-01
5.523242441635924926e-01
5.590691961104703456e-01
5.682560626497610290e-01
5.768709092982515774e-01
5.858794347600876362e-01
5.952847541057741942e-01
6.050778524712190354e-01
6.152433748100554212e-01
6.257609679809207348e-01
6.366060251112076740e-01
6.477502716563149354e-01
6.591622828175901505e-01
6.708079583584761751e-01
6.826509653463965765e-01
6.946531548473742212e-01
7.067749570992633013e-01
7.189757590531420384e-01
7.312142677350711439e-01
7.434488624217119312e-01
7.556379380638077459e-01
7.677402417159315817e-01
7.797152029445705290e-01
7.915232583130420441e-01
8.031261691095297195e-01
8.144873305306434830e-01
8.255720695969559486e-01
8.363479281962503675e-01
8.467849268619237479e-01
8.568558042209022396e-01
8.665362264924195701e-01
8.758049609469881203e-01
8.846440067223936277e-01
8.930386755039803059e-01
9.009776124109586393e-01
9.084527412590353013e-01
9.154590985845930673e-01
9.219944455839597097e-01
9.280581699852957778e-01
9.336458782530799860e-01
9.386178251468110245e-01
9.436043873910259228e-01
9.478241332229010441e-01
9.513871918100886838e-01
9.549928747067719659e-01
9.579410802841820116e-01
9.604001134340056645e-01
9.621155799530484165e-01
9.519514763231989862e-01
9.681217464201296030e-01
9.685258651938075669e-01
9.690473578795119058e-01
9.692739495183843035e-01
9.691001537905652441e-01
9.684548709911457998e-01
9.672626377049569069e-01
9.654288945024330770e-01
9.628401541597568780e-01
9.593439584869245529e-01
9.547526166594697550e-01
9.488309049712331245e-01
9.412902221220955656e-01
9.318059351976771820e-01
9.194780553243750987e-01
9.047432487815335600e-01
8.862712255964199093e-01
8.635084944157059850e-01
8.356865453376682851e-01
8.019926150216939442e-01
7.616438022860022583e-01
7.139959457462243808e-01
6.586959506621302696e-01
5.958702637848285466e-01
5.263207184502696201e-01
4.516727939736966957e-01
3.744025718783526302e-01
2.976768729807865443e-01
2.249908148078597625e-01
1.596687240513295358e-01
1.043668502900838013e-01
6.073065093413749366e-02
2.930134752422680622e-02
9.676907466827632323e-03
8.936982188069217533e-04
2.227039300007789113e-03
1.843732737546197736e-02
3.928058072893258340e-02
2.718630607453523251e-02
6.839146302742372951e-02
5.489976378941923557e-02
7.976267586260901710e-02
1.022345220403466648e-01
1.241722232636039841e-01
1.453373902638823711e-01
1.662646357868882430e-01
1.865811605937101048e-01
2.062852876831832438e-01
2.253677585895587088e-01
2.438330307533646546e-01
2.616968176437294846e-01
2.789821876181267646e-01
2.957161273508794874e-01
3.119267868575060221e-01
3.276413224114529399e-01
3.428841929520443088e-01
3.576757439803806005e-01
3.720306886567440463e-01
3.857823699770989156e-01
3.994641513419953660e-01
4.125302110312039083e-01
4.251324259487404555e-01
4.371435083871849092e-01
4.454261206047637200e-01
4.601632964982930174e-01
4.706365548476769689e-01
4.802825509491666089e-01
4.892150399485600820e-01
4.968150427973748728e-01
5.041523327015746681e-01
5.093644909452094138e-01
5.128824589194648231e-01
5.142155193329311924e-01
5.127673331440821825e-01
5.077298134398424700e-01
4.979766998153066782e-01
4.819078107930082622e-01
4.572232117512305960e-01
4.206426331595479740e-01
3.677762183963569353e-01
2.941599084495662431e-01
2.011069691052636277e-01
1.131747351245997318e-01
9.003854670302537111e-02
1.622790114647580106e-01
2.969002059224969403e-01
4.746326535740285069e-01
6.513591819086470558e-01
7.799100138316275022e-01
8.584188649536691473e-01
9.037738398078768443e-01
9.299767590181511334e-01
9.453508617261802138e-01
9.544571729750958022e-01
9.597813190948006890e-01
9.627076825757446832e-01
9.640357714451707194e-01
9.642558388234628852e-01
9.637105591353020140e-01
9.627312981416722426e-01
9.619201847765013191e-01
9.638970699369777684e-01
7.369975629884008006e-01
9.371872810483595773e-01
9.371263972493570904e-01
9.335953099462163118e-01
9.288154084632564977e-01
9.232406443082700198e-01
9.170180809655276155e-01
9.102016610264204166e-01
9.027539151071402035e-01
8.948335808206191455e-01
8.863074477898915671e-01
8.771687629642924700e-01
8.674096311210527377e-01
8.570114623216160687e-01
8.459598815530933180e-01
8.342600209453380211e-01
8.219910626876328896e-01
7.961731280133150790e-01
7.872860433785897616e-01
7.776163838864725841e-01
7.622675696423104608e-01
7.457695086730158351e-01
7.282789633605238899e-01
7.097634878332464980e-01
6.900607940035009547e-01
6.687168904117691826e-01
6.443008180978400112e-01
6.101779011590834356e-01
4.145060231479149038e-01
6.495013386064010241e-01
