9.860380923355640537e-01
9.861585840401579928e-01
9.862080531264467709e-01
9.862042126307960510e-01
9.861630063151424208e-01
9.860985517490976626e-01
9.860231363175003816e-01
9.859472557585333696e-01
9.858796860174319221e-01
9.858275803200644560e-01
9.857965844573131076e-01
9.857909642713381659e-01
9.858137402676309113e-01
9.858668251244522285e-01
9.859511606382579396e-01
9.860668513300918647e-01
9.862132925420854512e-01
9.863892913844434229e-01
9.865931793524527205e-01
9.868229158232769693e-01
9.870761819773613555e-01
9.873504649615457707e-01
9.876431323394478934e-01
9.879514970554716946e-01
9.882728732813166328e-01
9.886046236215851879e-01
9.889441982341545812e-01
9.892891664732632595e-01
9.896372416959019480e-01
9.899862998852477780e-01
9.903343927443836181e-01
9.906797559007699538e-01
9.910208128410896711e-01
9.913561751653335863e-01
9.916846397166946270e-01
9.920051831046584612e-01
9.923169540997739402e-01
9.926192643362677925e-01
9.929115777183380454e-01
9.931934988843931222e-01
9.934647610444370391e-01
9.937252134671502590e-01
9.939748088577828877e-01
9.942135908336136030e-01
9.944416816721998176e-01
9.946592704791098472e-01
9.948666018944635203e-01
9.950639654339815676e-01
9.952516855381035032e-01
9.954301123837580034e-01
9.955996134951252685e-01
9.957605661757685800e-01
9.959133507695293597e-01
9.960583447471631491e-01
9.961959176045384057e-01
9.963264265497845384e-01
9.964502129483547854e-01
9.965675994879438226e-01
9.966788880186108202e-01
9.967843580162487616e-01
9.968842656108735101e-01
9.969788431129699147e-01
9.970682989611228120e-01
9.971528180020216015e-01
9.972325619968239740e-01
9.973076702261576276e-01
9.973782600342628868e-01
9.974444271106818194e-01
9.975062452473376640e-01
9.975637652246435172e-01
9.976170123601844075e-01
9.976659820825602987e-01
9.977106326476995468e-01
9.977508737583367093e-01
9.977865493270066111e-01
9.978174118538771786e-01
9.978430847408067406e-01
9.978630071249755540e-01
9.978763531459147185e-01
9.978819134051343243e-01
9.978779197951801461e-01
9.978617842555328465e-01
9.978297045299818757e-01
9.977760605609389266e-01
9.976924743290351838e-01
9.975663157097035549e-01
9.973782716211359034e-01
9.970982820485290166e-01
9.966785268353117733e-01
9.960408652809924490e-01
9.950533341878233795e-01
9.934838185809206079e-01
9.909027927491675936e-01
9.864627987282068577e-01
9.783481513377950689e-01
9.622249823229573895e-01
9.261546305145887947e-01
8.307094720600463056e-01
5.311060312638976599e-01
7.734374978231320190e-03
3.731003933860399524e-01
6.885579557350057778e-01
8.140246387913110393e-01
8.713528040855735846e-01
9.018884923294391287e-01
9.200489171535528587e-01
9.317202445699186431e-01
9.396479884742576782e-01
9.452522228092072876e-01
9.493291335865706726e-01
9.523546546413461655e-01
9.546284517585945650e-01
9.563474711972673736e-01
9.576458884823653150e-01
9.586179523465689911e-01
9.593316302523979822e-01
9.598370703778074109e-01
9.601720222379482861e-01
9.603654089728314025e-01
9.604397410983888106e-01
9.604127839487751617e-01
9.602987324905342126e-01
9.601090537675002201e-01
9.598531006313720804e-01
9.595385652446779545e-01
9.591718184911151024e-01
9.587581669239618742e-01
9.583020492928930878e-01
9.578071882366109291e-01
9.572767083172951663e-01
9.567132285115476087e-01
9.561189351196032193e-01
9.554956395205210784e-01
9.548448240936331377e-01
9.541676788207652526e-01
9.534651304873545952e-01
9.527378659566443364e-01
9.519863506575168000e-01
9.512108431700967426e-01
9.504114065977153913e-01
9.495879172591145112e-01
9.487400711124265307e-01
9.478673882238289883e-01
9.469692155106420595e-01
9.460447279184831526e-01
9.450929281297711926e-01
9.441126448423181605e-01
9.431025296011387171e-01
9.420610521085946987e-01
9.409864938760637010e-01
9.398769400100537297e-01
9.387302688413603491e-01
9.375441390006444831e-01
9.363159734047118432e-01
9.350429394241979164e-01
9.337219242207143166e-01
9.323495038003429825e-01
9.309219036018518967e-01
9.294349471528051687e-01
9.278839868950486958e-01
9.262638063296781965e-01
9.245684716793453051e-01
9.227910846353170049e-01
9.209233151715824350e-01
9.189543646654255715e-01
9.168681318188862672e-01
9.146328376514128999e-01
9.121383122263910792e-01
9.073255450903515706e-01
9.082868624544093716e-01
9.052354480994702079e-01
9.022394428151118140e-01
8.990979330682664639e-01
8.957543434759317469e-01
8.921706238270046274e-01
8.883101304938858522e-01
8.841327522929559590e-01
8.795924320337824565e-01
8.746351532281444463e-01
8.691968135202877699e-01
8.632007106851322664e-01
8.565544283627659627e-01
8.491458896747281493e-01
8.408382825438786012e-01
8.314634462091622380e-01
8.208130984659073315e-01
8.086267868202758891e-01
7.945736216772978366e-01
7.782128129698369090e-01
7.587126023870587321e-01
7.327541121006589941e-01
7.100475801794843278e-01
6.780433916096521019e-01
6.393013909605577139e-01
5.922199298041203042e-01
5.348680723586907160e-01
4.652429309035547855e-01
3.819104512657257589e-01
2.854919901885181743e-01
1.814753175128978602e-01
