1.133284095910714440e+00
1.121157841179387660e+00
1.105532380459369968e+00
1.087627806484421589e+00
1.068592207067679212e+00
1.049499909505917206e+00
1.031349245819857208e+00
1.014870806330129938e+00
9.974852179478955749e-01
9.893945444679236312e-01
9.811301101561271665e-01
9.699816778277048357e-01
9.357447900041554467e-01
8.011893157566428725e-01
3.992438220065342991e-01
1.700360973584093272e-02
6.650693001148769157e-02
2.021761168314697155e-01
2.975973248777771252e-01
3.572650278703879412e-01
3.945600458109144726e-01
4.180328223538893329e-01
4.325992309130461955e-01
4.411060867908907501e-01
4.452671257261091586e-01
4.458157203575337513e-01
4.437512923002437382e-01
4.390900543098253395e-01
4.318861514074280872e-01
4.218907525373453704e-01
4.083991407925816608e-01
3.897416003183289401e-01
3.782324178587743724e-01
3.484670297356962099e-01
3.063813294437316426e-01
2.438054968015669899e-01
1.423617626837751227e-01
8.209139290501218933e-02
2.462817878833874485e-01
9.295394426251917253e-01
8.360341421397601280e-01
7.378226598143516890e-01
6.779123441141862161e-01
6.365664591752623336e-01
6.074899744438243543e-01
5.855525339615074154e-01
5.684030513349663805e-01
5.546258035453774937e-01
5.433382726684264918e-01
5.339537532145532950e-01
5.260176645155592023e-01
5.185342909259766930e-01
5.152839059347718020e-01
5.099999609460951211e-01
5.053630252703961157e-01
4.979517050116616939e-01
5.154740683101433074e-01
5.074949535045687465e-01
5.054887460242792896e-01
5.051456581181867911e-01
5.057432482350817660e-01
5.070794107158315134e-01
5.090668693139633882e-01
5.116564444001653333e-01
5.148149338480897397e-01
5.185169058439830225e-01
5.227410546467633479e-01
5.274683309498677808e-01
5.326808508880978010e-01
5.383611764654739895e-01
5.444917829466963122e-01
5.510546252967072345e-01
5.580307683264708052e-01
5.654000943156771708e-01
5.731411981487575247e-01
5.812318810573356975e-01
5.896519126275771017e-01
5.983972306176090772e-01
6.076041527245527041e-01
6.133335639529923222e-01
6.248980380233409848e-01
6.343489477936343768e-01
6.436378489128743441e-01
6.527062358418218579e-01
6.613478971293900166e-01
6.686224195164029993e-01
6.770547269982206684e-01
6.906752537160089078e-01
6.982553295980526986e-01
7.040128596861011667e-01
7.087162148407160078e-01
7.013941914377340714e-01
7.074435812277314328e-01
7.029531285206106483e-01
6.923217071817133750e-01
6.730210438351532654e-01
6.406780983391238138e-01
5.880820244092843652e-01
5.035063681019230630e-01
3.861188892679429663e-01
2.173855027991285771e-01
6.277763139589660757e-02
6.778207415873068256e-03
6.740547798876656005e-02
6.908899898197516654e-02
8.825290395848375824e-02
1.050709642830835108e-02
3.612693063872459698e-01
8.041961045345678016e-01
9.372489983451592899e-01
9.486651540270959471e-01
9.279525711160823143e-01
8.941475045879812011e-01
8.471703605037428364e-01
7.775255901840458783e-01
6.393419116067875496e-01
2.464936458238879136e-01
4.738939049102414702e-01
9.572861362140371311e-01
9.602042160862928055e-01
9.313962458319545723e-01
9.031564437707240156e-01
8.781019230204272219e-01
8.573474617710177270e-01
7.858179528284084947e-01
8.060638264185625568e-01
7.893900520282758349e-01
7.727441114688878843e-01
7.571554130956920092e-01
7.430666080838859155e-01
7.310571058829314905e-01
7.222048526589739392e-01
7.179997806910543012e-01
7.256287428420631347e-01
7.661038820365529967e-01
3.726915290720547169e-01
3.996878329457232981e-01
4.927497681597206580e-01
5.132383176051745766e-01
5.167328502637080767e-01
5.139710535732771035e-01
5.084134468503078708e-01
5.015120668363050038e-01
4.939865958600454521e-01
4.862394731141179149e-01
4.785190728204103405e-01
4.709931549568031617e-01
4.637856617877327281e-01
4.569970226148598602e-01
4.507166038192233493e-01
4.450314610102596435e-01
4.400337294220946216e-01
4.358283547867921048e-01
4.325429843530320673e-01
4.303429076085450999e-01
4.294575455550087573e-01
4.302408791685304323e-01
4.334270188957867753e-01
4.364992752341660953e-01
4.464231928435350438e-01
4.622922522070090356e-01
4.889860053938910323e-01
5.384698371640509462e-01
6.284956915486371587e-01
1.003333011927718621e+00
1.910224972480925251e-02
1.101856363640321829e-01
1.937780583907929288e-01
2.415834615966005738e-01
2.533303685360642765e-01
2.737935053109905592e-01
2.870194805474001742e-01
2.950284122182678104e-01
2.993541890898928637e-01
3.005569516212114878e-01
2.984233656638304311e-01
2.921638869256236171e-01
2.791651975662675644e-01
2.680291972655470256e-01
2.535223566082437374e-01
2.196315029565143739e-01
1.854950178217497636e-01
7.911098196892628331e-02
3.850530881090124397e-02
6.303693950694242050e-03
5.186042029808515808e-02
2.030852508076022578e-01
3.045857980177949509e-01
1.896603859460216646e-01
4.265651954062898987e-02
1.431898161494071786e-01
2.424995921235484353e-01
1.598813753106412827e-01
5.831129248923338365e-02
7.682020987443526350e-01
8.801845238119440085e-01
8.463396132328352417e-01
8.077742542445917051e-01
7.755001986258585056e-01
7.500352202974269744e-01
