9.958335897773190615e-01
9.958513901814618485e-01
9.958705711241169212e-01
9.958911260482014027e-01
9.959130465235278562e-01
9.959363224214463628e-01
9.959609420744512942e-01
9.959868924201855656e-01
9.960141591295933461e-01
9.960427267194827960e-01
9.960725786500852497e-01
9.961036974083079532e-01
9.961360645777450618e-01
9.961696608965892041e-01
9.962044663042801673e-01
9.962404599784857595e-01
9.962776203633203487e-01
9.963159251897399926e-01
9.963553514898838559e-01
9.963958756054961396e-01
9.964374731920625505e-01
9.964801192193127877e-01
9.965237879687547373e-01
9.965684530291072374e-01
9.966140872903367365e-01
9.966606629366342451e-01
9.967081514390925268e-01
9.967565235481368191e-01
9.968057492864953462e-01
9.968557979427032922e-01
9.969066380655287052e-01
9.969582374591923202e-01
9.970105631803004576e-01
9.970635815356025944e-01
9.971172580814912090e-01
9.971715576246428236e-01
9.972264442244944682e-01
9.972818811968726660e-01
9.973378311193062951e-01
9.973942558376447387e-01
9.974511164742092539e-01
9.975083734371471555e-01
9.975659864311894331e-01
9.976239144697064409e-01
9.976821158877102746e-01
9.977405483562206134e-01
9.977991688975864637e-01
9.978579339017832339e-01
9.979167991435796692e-01
9.979757198007646046e-01
9.980346504728386803e-01
9.980935452008838915e-01
9.981523574877468885e-01
9.982110403190874726e-01
9.982695461848861695e-01
9.983278271016240435e-01
9.983858346349334667e-01
9.984435199226444624e-01
9.985008336984155797e-01
9.985577263156489858e-01
9.986141477718096793e-01
9.986700477331958981e-01
9.987253755598852756e-01
9.987800803311566167e-01
9.988341108709986038e-01
9.988874157741283177e-01
9.989399434320733739e-01
9.989916420596224311e-01
9.990424597213950486e-01
9.990923443587577113e-01
9.991412438168993937e-01
9.991891058719688523e-01
9.992358782586259203e-01
9.992815086976780670e-01
9.993259449238410808e-01
9.993691347137941827e-01
9.994110259141271158e-01
9.994515664698574442e-01
9.994907044527605589e-01
9.995283880898625517e-01
9.995645657922428429e-01
9.995991861838916526e-01
9.996321981305903437e-01
9.996635507689282107e-01
9.996931935355668486e-01
9.997210761964427927e-01
9.997471488761014990e-01
9.997713620871837570e-01
9.997936667598174010e-01
9.998140142713175527e-01
9.998323564756038673e-01
9.998486457330481025e-01
9.998628349400484616e-01
9.998748775586809856e-01
9.998847276465514522e-01
9.998923398864466572e-01
9.998976696159002087e-01
9.999006728569941327e-01
9.999013063459122330e-01
9.998995275623759893e-01
9.998952947591828178e-01
9.998885669912698226e-01
9.998793041450141361e-01
9.998674669668274895e-01
9.998530170918726867e-01
9.998359170717767697e-01
9.998161304022319396e-01
9.997936215493279377e-01
9.997683559745039750e-01
9.997403001576092851e-01
9.997094216165429703e-01
9.996756889214699626e-01
9.996390717003382775e-01
9.995995406279585271e-01
9.995570673853073629e-01
9.995116245585425885e-01
9.994631854069778720e-01
9.994117233154733437e-01
9.993572103738291856e-01
9.992996130192125515e-01
9.992388742761086906e-01
9.991747856473401912e-01
9.991077611417441551e-01
9.990393863122580820e-01
9.989659489012095994e-01
9.988895660236610796e-01
9.988100682676318565e-01
9.987274129245664600e-01
9.986415806912841697e-01
9.985525602328390038e-01
9.984603442709326648e-01
9.983649282856801310e-01
9.982663100110757970e-01
9.981644892209836639e-01
9.980594676376567387e-01
9.979512488971371553e-01
9.978398385431533901e-01
9.977252440371249254e-01
9.976074747768702844e-01
9.974865421213103822e-01
9.973624594189062220e-01
9.972352420386934035e-01
9.971049074037048321e-01
9.969714750261340352e-01
9.968349665440803253e-01
9.966954057601052908e-01
9.965528186811967171e-01
9.964072335606081188e-01
9.962586809414225586e-01
9.961071937020047340e-01
9.959528071036843899e-01
9.957955588406410818e-01
9.956354890923887480e-01
9.954726405791876065e-01
9.953070586203280889e-01
9.951387911960992705e-01
9.949678890135779108e-01
9.947944055765836069e-01
9.946183972605858736e-01
9.944399233927769810e-01
9.942590463381066890e-01
9.940758315919894228e-01
9.938903478803924330e-01
9.937026672681087414e-01
9.935128652763077772e-01
9.933210210103798898e-01
9.931272172993125258e-01
9.929315408481682592e-01
9.927340824046624324e-01
9.925349369424446566e-01
9.923342038622324779e-01
9.921319872136591389e-01
9.919283959399393114e-01
9.917235441483648328e-01
9.915175514099527909e-01
9.913105430916145933e-01
9.911026507251621265e-01
9.908940124177105790e-01
9.906847733087120744e-01
9.904750860795323852e-01
9.902651115224765377e-01
9.900550191764789787e-01
9.898449880384031507e-01
9.896352073595374721e-01
9.894258775383603099e-01
9.892172111219378339e-01
9.890094339304082993e-01
9.888027863201869216e-01
9.885975246047239429e-01
9.883939226529682154e-01
9.881922736896791015e-01
9.879928923241144689e-01
9.877961168379046919e-01
9.876023117673269347e-01
9.874118708198144079e-01
9.872252201710016717e-01
9.870428221948840397e-01
9.868651796882237370e-01
9.866928406587680556e-01
9.865264037591945367e-01
