9.329665801504541944e-01
9.342854399506840268e-01
9.373234003890786870e-01
9.419151166068775449e-01
9.478537352555201911e-01
9.548794953437160782e-01
9.626623508833543896e-01
9.707760380795511512e-01
9.786600177907336384e-01
9.855644252972067809e-01
9.904717229395728628e-01
9.919878231643497468e-01
9.881968902718351044e-01
9.764824709334076758e-01
9.533432936618440046e-01
9.142944072711869374e-01
8.540698904634699273e-01
7.675351808594111924e-01
6.518447368884360271e-01
5.099893630031702152e-01
3.543058093997929481e-01
2.062997499661629319e-01
8.978099135683756393e-02
2.047075779035131826e-02
3.285061469890458285e-04
2.032554696975176142e-02
6.729025910882115158e-02
1.292256842621752611e-01
1.974117251860862399e-01
2.663614699512954487e-01
3.329985472101664734e-01
3.958058857552566590e-01
4.541875792475917328e-01
5.080530933832857476e-01
5.575668752599868272e-01
6.030054804337406926e-01
6.446797470167926480e-01
6.828935883153478548e-01
7.178614355794049606e-01
7.500818118095748943e-01
7.795005630028338794e-01
8.064173805744739854e-01
8.309996153004453046e-01
8.533959879431438633e-01
8.737390325531927404e-01
8.921483133138923272e-01
9.087333288609416027e-01
9.235959433676125263e-01
9.368323376878904263e-01
9.485345167544222411e-01
9.587914249543600942e-01
9.676897265793109604e-01
9.753143094607849006e-01
9.817485701333978909e-01
9.870745444663034940e-01
9.913729839821550094e-01
9.947237203842416164e-01
9.972096754336315927e-01
9.987930503585621400e-01
9.998106160214331739e-01
1.000116287089174438e+00
9.998319053359510100e-01
9.990247651515106186e-01
9.977571482454307139e-01
9.960878027132626933e-01
9.940721293159472394e-01
9.917622095007938565e-01
9.892068208859214895e-01
9.864514691256043299e-01
9.835384418156003505e-01
9.805068838950916632e-01
9.773928920758507832e-01
9.742296252643452004e-01
9.710474279036304113e-01
9.678739633629162009e-01
9.647343548232937271e-01
9.616513314922203737e-01
9.586453784003907685e-01
9.557348884752874252e-01
9.529363160475038397e-01
9.502643314299172861e-01
9.477319767303030718e-01
9.453508236358862948e-01
9.431311345708607297e-01
9.410820294009833997e-01
9.392116607352076763e-01
9.375274016731025561e-01
9.360360495871856701e-01
9.347440430672381284e-01
9.336576426242575444e-01
9.327825587060679657e-01
9.320759643115684723e-01
9.317190771751083789e-01
9.315345275671035319e-01
9.316082565623898804e-01
9.319590063943775649e-01
9.326151752478178958e-01
9.336181479715348619e-01
9.350242086384296103e-01
9.369489558393824247e-01
9.395378566659647879e-01
9.430664408183286884e-01
9.480547623671872204e-01
9.555861003062798842e-01
9.682583019251368439e-01
9.916003498118107773e-01
5.707174700034626236e-01
7.281418544761832923e-01
8.591707573507474383e-01
8.885910333513153958e-01
9.023252505265636492e-01
9.107872063442586930e-01
9.168802536908441381e-01
9.217367883588258870e-01
9.259070621206647589e-01
9.294109659997633610e-01
9.329561159222868882e-01
9.362678098496967083e-01
9.394952205064606154e-01
9.427049203288299095e-01
9.459513016390318496e-01
9.492870100722502480e-01
9.527691234752204696e-01
9.564644431176357875e-01
9.604540988570514637e-01
9.648349131869007334e-01
9.697061392624517495e-01
9.750948338723347542e-01
9.806088252387146209e-01
9.836471591539515114e-01
9.675998288942349035e-01
7.782178654341628254e-01
7.010485166937382995e-02
5.567599443644827284e-01
7.529479382622862316e-01
8.214359873022687442e-01
8.536110611261751302e-01
8.713563445101235594e-01
8.819117515700750642e-01
8.882396669145650181e-01
8.917133611824996642e-01
8.930002488004676886e-01
8.924010911460876772e-01
8.899916239354416225e-01
8.856797264114358859e-01
8.792191359496651648e-01
8.701944488379179665e-01
8.579807228734160907e-01
8.416748750955825864e-01
8.199925441094743084e-01
7.911242970016513221e-01
7.525558629896383911e-01
7.008983072386025803e-01
6.318933798637000887e-01
5.410436233328419497e-01
4.257957574835105619e-01
2.908250094078307368e-01
1.540165431190631262e-01
4.881684123167932821e-02
7.635497118491813354e-03
3.767406894343998391e-02
1.169255259273034447e-01
2.146913019722747340e-01
3.094270580001156623e-01
3.915430611072211464e-01
4.589439230676136128e-01
5.130054758966663409e-01
5.557894136789455208e-01
5.895356903763775414e-01
6.161016194787987121e-01
6.369519192392969487e-01
6.532864970303992047e-01
6.659565199328566498e-01
6.756615798539096218e-01
6.829378819491854768e-01
6.882059960320555669e-01
6.917996567312223455e-01
6.939871131739439036e-01
6.949871860223438835e-01
6.949817624067953226e-01
6.941266464761046695e-01
6.925644232947676393e-01
6.904480964843019430e-01
6.870745602871176638e-01
6.805744028894558095e-01
6.792125213039261755e-01
6.754630294246044553e-01
6.711872881396234725e-01
6.665643381233252729e-01
6.616525733017820654e-01
6.564772626355648288e-01
6.510455227024120051e-01
6.453499684737387110e-01
6.393695254832386654e-01
6.330693161377098921e-01
6.264000264698018627e-01
6.192953211642612255e-01
6.116340221730683924e-01
6.035447489265906018e-01
5.946423421719059244e-01
