1.041785126557356207e+43
8.513784962398547148e+42
6.971733244348571185e+42
5.720474015631726886e+42
4.703228461211934483e+42
3.874651037784606327e+42
3.198462521235175271e+42
2.645585571381570412e+42
2.192673637023341196e+42
1.820948252275943013e+42
1.515278520827202351e+42
1.263451110957904078e+42
1.055590358120657662e+42
8.836968354447378293e+41
7.412795753114120330e+41
6.230624453777733279e+41
5.247493373470409605e+41
4.428360770249374679e+41
3.744595104317384359e+41
3.172762188287514824e+41
2.693648858157975147e+41
2.291475756871489645e+41
1.953261567319163202e+41
1.668308726036245037e+41
1.427786733955304676e+41
1.224394000320347829e+41
1.052082979305492180e+41
9.058363965204243010e+40
7.814847797733598830e+40
6.755574347298971299e+40
5.851605435434873384e+40
5.078772934779276491e+40
4.416859263701028079e+40
3.848923885162170330e+40
3.360748939369887006e+40
2.940382232135113016e+40
2.577759902296493181e+40
2.264394399079271977e+40
1.993116071767975206e+40
1.757858834822363820e+40
1.553482121864364967e+40
1.375622761731618224e+40
1.220571563163092544e+40
1.085170332947455705e+40
9.667258167008168095e+39
8.629376750543029942e+39
7.718381174345268147e+39
6.917412324172294002e+39
6.212003950623438813e+39
5.589724117384232004e+39
5.039872930978671550e+39
4.553227351168862097e+39
4.121825441034138939e+39
3.738783701819530367e+39
3.398142200410031878e+39
3.094733076035148250e+39
2.824068740795337730e+39
2.582246692280048406e+39
2.365868357904512664e+39
2.171969807465735896e+39
1.997962517565258994e+39
1.841582660929761157e+39
1.700847635349295925e+39
1.574018748755261652e+39
1.459569146204310902e+39
1.356156206037930216e+39
1.262597751437116162e+39
1.177851523494701736e+39
1.100997445883341216e+39
1.031222282049606252e+39
9.678063455142195197e+38
9.101119742788582985e+38
8.575735229663266196e+38
8.096886623784094890e+38
7.660108067678488451e+38
7.261425150351738941e+38
6.897297341349417034e+38
6.564567717235612328e+38
6.260419010646737125e+38
5.982335148235722433e+38
5.728067560224037705e+38
5.495605643814680117e+38
5.283150847702214998e+38
5.089093918136730154e+38
4.911994909405575352e+38
4.750565615626253028e+38
4.603654127080614816e+38
4.470231254164124924e+38
4.349378596693077192e+38
4.240278066100872001e+38
4.142202693962092375e+38
4.054508582745588965e+38
3.976627874391780634e+38
3.908062629490846415e+38
3.848379524545809222e+38
3.797205288629792635e+38
3.754222811901834399e+38
3.719167869320305848e+38
3.691826412125876293e+38
3.672032388134619041e+38
3.659666059830731850e+38
3.654652796355558333e+38
3.656962322315377847e+38
3.666608412825496477e+38
3.683649030498527801e+38
3.708186906243515947e+38
3.740370572091854480e+38
3.780395860524300728e+38
3.828507891588775454e+38
3.885003575928874504e+38
3.950234669664896782e+38
4.024611425039486723e+38
4.108606889922530528e+38
4.202761919257882065e+38
4.307690972703852103e+38
4.424088785446346802e+38
4.552738013334689211e+38
4.694517969881908653e+38
4.850414591238413687e+38
5.021531786463117926e+38
5.209104355056559136e+38
5.414512681849520629e+38
5.639299451950155792e+38
5.885188666143565779e+38
6.154107280931218029e+38
6.448209847990031832e+38
6.769906586975167826e+38
7.121895394137504579e+38
7.507198369391194448e+38
7.929203537932379638e+38
8.391712551773421787e+38
8.898995284458895271e+38
9.455852382203616848e+38
1.006768701041156259e+39
1.074058724133870658e+39
1.148142077155175189e+39
1.229794394420438605e+39
1.319892738842222208e+39
1.419430098685846161e+39
1.529532135311461639e+39
1.651476555833180614e+39
1.786715550678352158e+39
1.936901814379882604e+39
2.103918761051685771e+39
2.289915656700914998e+39
2.497348522450229894e+39
2.729027819953707510e+39
2.988174118070584100e+39
3.278483164367181854e+39
3.604202053683272884e+39
3.970218508097117718e+39
4.382165669261515052e+39
4.846545268435068615e+39
5.370872598884830747e+39
5.963847388548941649e+39
6.635555483876322018e+39
7.397707237349394218e+39
8.263919679401689983e+39
9.250050993938672980e+39
1.037459756277166036e+40
1.165916596402968468e+40
1.312903488930508246e+40
1.481382508509814149e+40
1.674829925649304871e+40
1.897331855054188306e+40
2.153698796157605979e+40
2.449603001174156325e+40
2.791743466032295982e+40
3.188044395801261866e+40
3.647894295627029396e+40
4.182434438608552405e+40
4.804907436384538003e+40
5.531079077176700798e+40
6.379749613315937227e+40
7.373374418510601031e+40
8.538818573266451050e+40
9.908275700277593701e+40
1.152038854326093889e+41
1.342161772048973938e+41
1.566791624007239366e+41
1.832678130730973799e+41
2.147977241078891656e+41
2.522560655859089195e+41
2.968396901604572283e+41
3.500021245467522961e+41
4.135116094518170018e+41
4.895229013457117151e+41
5.806662430572526738e+41
6.901577878797423401e+41
8.219368741012404116e+41
9.808369586099972485e+41
1.172798812794579580e+42
1.405136868971934067e+42
1.686872519160957758e+42
2.029151889521303974e+42
2.445770373735559558e+42
2.953832307679589099e+42
3.574581992639479688e+42
4.334452331414819690e+42
5.266390285516518515e+42
