1.000507339041906363e+00
1.001401388820876370e+00
1.002042678338690207e+00
1.002456393900134080e+00
1.002668133024255059e+00
1.002703189082849500e+00
1.002585980200647375e+00
1.002339608073937516e+00
1.001985532224964448e+00
1.001543345313814282e+00
1.001030635386723100e+00
1.000462921132768246e+00
9.998536460513854918e-01
9.992142162196497868e-01
9.985540624839602808e-01
9.978806970263721654e-01
9.971997030029211562e-01
9.965144967725109160e-01
9.958253287478875393e-01
9.951251446417533897e-01
9.943752409829601513e-01
9.929808219712549233e-01
9.937247654228723581e-01
9.928721168604941472e-01
9.922084644836473011e-01
9.915957780717498116e-01
9.910161496041896001e-01
9.904677838995561423e-01
9.899543779463620963e-01
9.894831997236426258e-01
9.890649905267585584e-01
9.887145281162298405e-01
9.884516180819554743e-01
9.883025147142256994e-01
9.883018503089958662e-01
9.884951428992242439e-01
9.889417492595192760e-01
9.897172742023281344e-01
9.909112492680910433e-01
9.926036582019720500e-01
9.947524361127498826e-01
9.966695739525412989e-01
9.941371198683098820e-01
9.566006617035375248e-01
5.816521558013679760e-01
1.945125157564451257e-01
6.527803380321677285e-01
7.930793871710559717e-01
8.438081817594470513e-01
8.679187126472746039e-01
8.811660090228845554e-01
8.882275495425348000e-01
8.937737610839853186e-01
8.967071855762283050e-01
8.983998354535350783e-01
8.992369200788612460e-01
8.994595783470206163e-01
8.992273209841009640e-01
8.986501599528832207e-01
8.978066415435055347e-01
8.967545244025935114e-01
8.955373762937617332e-01
8.941887968848029056e-01
8.927352044757682625e-01
8.911977243953951300e-01
8.895934988057134785e-01
8.879366141624560615e-01
8.862387701935616757e-01
8.845097705315921877e-01
8.827578880052805443e-01
8.809901403516818830e-01
8.792125009104946320e-01
8.774300614434764611e-01
8.756471592179578822e-01
8.738674770639520695e-01
8.720941227283558472e-01
8.703296921669193553e-01
8.685763202163797603e-01
8.668357212259216737e-01
8.651092216071838426e-01
8.633977858194982202e-01
8.617020370040935351e-01
8.600222733005475906e-01
8.583584808232239682e-01
8.567103443758709025e-01
8.550772573179543645e-01
8.534583327380853568e-01
8.518524195992679404e-01
8.502581305922449761e-01
8.486738949055580017e-01
8.470980635419470550e-01
8.455291294542681690e-01
8.439662163317996901e-01
8.424102629119397667e-01
8.408672755842947488e-01
8.393588211637749152e-01
8.379465843566517025e-01
8.090660707783730032e-01
8.330400486776483593e-01
8.318735991132709673e-01
8.304223728091725265e-01
8.269197322253288851e-01
8.261095261604568529e-01
8.242012194316491458e-01
8.220999849455621344e-01
8.198387463401397568e-01
8.174066937043397152e-01
8.147805090677450179e-01
8.119290048874526766e-01
8.088135131049050131e-01
8.053869443863905797e-01
8.015920714820188309e-01
7.973590751208200489e-01
7.926021973845094326e-01
7.872152073224683022e-01
7.810652200869635520e-01
7.739841796482330727e-01
7.657569661020849905e-01
7.561045476536069065e-01
7.446597482227527154e-01
7.309318640267824518e-01
7.142542786407010125e-01
6.937061153440975403e-01
6.679948920478158136e-01
6.352841181883819299e-01
5.929579715780043392e-01
5.373757620823543801e-01
4.639309053282356099e-01
3.686496968965365939e-01
2.548987226748600787e-01
1.493348147434783724e-01
1.078937579709827871e-01
1.619046212923061778e-01
2.862115722180069155e-01
4.571672795725175709e-01
6.345054437729733543e-01
7.711590506987778815e-01
8.588835480270198275e-01
9.114605143424813205e-01
9.426846303369341706e-01
9.614794242139994562e-01
9.730160870502785331e-01
9.802377548827406750e-01
9.848413144716150480e-01
9.878272366165767870e-01
9.897993102198111570e-01
9.911295638154977716e-01
9.920510290587870594e-01
9.927112831456296194e-01
9.932041680454698485e-01
9.935890518359802304e-01
9.939027958498432014e-01
9.941673474485025475e-01
9.943946508594394551e-01
9.945898806510826695e-01
9.947536079505223672e-01
9.948832788295689511e-01
9.949742481235873681e-01
9.950205339691814421e-01
9.950154238010879837e-01
9.949520824869222402e-01
9.948244728692222649e-01
9.946296522839228604e-01
9.943771374079304337e-01
9.941688186291186557e-01
9.920705167474885844e-01
9.924748447493514369e-01
9.918369573743057721e-01
9.910079030944071166e-01
9.900241762555058722e-01
9.888881734039263183e-01
9.875956039768193362e-01
9.861400474860545495e-01
9.845136939053965586e-01
9.826873913644582625e-01
9.807101153939381533e-01
9.785201930579555674e-01
9.761199802494470168e-01
9.734973809103634190e-01
9.706375304042659247e-01
9.675225471223667384e-01
9.641305221892007005e-01
9.604338452999139353e-01
9.563963174668795864e-01
9.519675995517523637e-01
9.470709224465726495e-01
9.415706399365805224e-01
9.351640715253765057e-01
9.268703105102127360e-01
9.104093206834680263e-01
8.265344544803578941e-01
9.077013942617724318e-01
9.022525605239970492e-01
8.926929638241081211e-01
8.815537275987643806e-01
8.688635582092192333e-01
8.543935992447808658e-01
8.378534551743607173e-01
8.186461315994182364e-01
7.961815129791504075e-01
