4.395794951082955815e-01
4.495931876578102560e-01
4.585312482409420465e-01
4.665322651130044962e-01
4.737263799813237752e-01
4.802352833429584522e-01
4.861721720740332375e-01
4.916417227637435161e-01
4.967401137380259013e-01
5.015551133343411072e-01
5.061662409313898436e-01
5.106449996652602241e-01
5.150551749337568541e-01
5.194531901693337783e-01
5.238885107345520042e-01
5.284040886607385135e-01
5.330368479480642740e-01
5.378182334005240373e-01
5.427749401183626921e-01
5.479304816152327229e-01
5.533143213581043218e-01
5.585766097301979594e-01
5.646442106738137623e-01
5.707230581427235050e-01
5.770374678984226957e-01
5.835963815882933003e-01
5.904008413208944317e-01
5.974489409953563923e-01
6.047367830339911432e-01
6.122588534418624828e-01
6.200082385159920717e-01
6.279767737833585883e-01
6.361551524661537282e-01
6.445330047884518798e-01
6.530989548126965305e-01
6.618406604113165059e-01
6.707448426440413281e-01
6.797973135196178074e-01
6.889830185086485148e-01
6.982861317188856498e-01
7.076903151012987614e-01
7.171795682456444387e-01
7.267420457671057710e-01
7.364050336377747641e-01
7.454834893809091367e-01
7.553864339762990099e-01
7.649980416063900668e-01
7.745393640571064386e-01
7.840010252137026292e-01
7.933620191248802467e-01
8.025982437272954906e-01
8.116847358582016669e-01
8.205965011990247193e-01
8.293100282158246683e-01
8.378146580262438858e-01
8.458855548338413133e-01
8.539244259212654953e-01
8.615827705945556803e-01
8.689104445060465975e-01
8.758896485859841707e-01
8.825003455269289088e-01
8.887228383571107448e-01
8.945381441244537601e-01
8.999279377915566647e-01
9.048742995072395212e-01
9.093593000939623749e-01
9.133644162266518762e-01
9.168697514641254154e-01
9.198530297621764218e-01
9.222883189067735410e-01
9.241444306236855644e-01
9.253829310865641089e-01
9.259556796776701182e-01
9.258017950052680467e-01
9.248439257424664328e-01
9.229836811999995172e-01
9.200960558218850283e-01
9.160226691323212211e-01
9.105636487749001473e-01
9.034680250290736403e-01
8.944225914076016082e-01
8.830392287317980760e-01
8.688394547701397963e-01
8.511971544352242569e-01
8.297387758690896176e-01
8.032592960282478600e-01
7.711184201236467306e-01
7.324203284352731602e-01
6.863526712901495408e-01
6.323319525939844477e-01
5.702218490538607520e-01
5.005965678864136015e-01
4.249103454302533001e-01
3.461619257237274483e-01
2.676347437490620429e-01
1.937411998290802240e-01
1.286536022998416851e-01
7.569972839452285274e-02
3.680344156462553307e-02
1.231504767695686814e-02
1.268289290611464282e-03
1.692292822078165929e-03
1.139226139636440559e-02
2.811083722219480732e-02
4.988826967300710041e-02
7.517230511548032845e-02
1.028493385280616346e-01
1.322351291385217842e-01
1.630663614274517614e-01
1.955351258907763456e-01
2.304297954991122444e-01
2.695268394482719376e-01
3.166468310146139942e-01
3.810295093736692507e-01
4.884690071674531731e-01
6.799518231704041460e-01
3.820282729584403292e-01
4.385770480935107241e-01
5.065630173474303111e-02
1.241037469337099991e-01
1.836119426584121861e-01
2.248078805541624259e-01
2.561715741132079560e-01
2.818040959184797689e-01
3.037890950997026440e-01
3.232904605473151394e-01
3.410125092225305132e-01
3.574094658361030019e-01
3.727893447806462368e-01
3.873693560180190287e-01
4.013072856516377018e-01
4.147201665101685752e-01
4.276958384077505504e-01
4.403003304657766015e-01
4.525826751287542193e-01
4.645780713875019008e-01
4.763099342182699480e-01
4.877911473205255311e-01
4.990247013810476528e-01
5.100038102795827477e-01
5.207115298836246797e-01
5.311198432350749954e-01
5.411881095524587737e-01
5.508606889206393298e-01
5.600634308092812264e-01
5.686985219372034939e-01
5.766368735803649725e-01
5.837066904223604524e-01
5.896759093418627584e-01
5.942244365065221245e-01
5.968987163370631510e-01
5.970342842899910574e-01
5.936171963747139957e-01
5.850214872489158946e-01
5.684770303153682258e-01
5.389041631741672278e-01
4.861539752413227000e-01
3.883491976451290406e-01
2.041901575696499493e-01
2.457431154519740951e-02
5.327912240095143970e-01
9.384892710947675409e-01
9.841661304048671122e-01
9.731223512298620149e-01
9.549908546546849175e-01
9.219572749924199728e-01
8.620570922645809375e-01
6.854809161360946312e-01
3.063273928117418166e-01
3.777607870831604653e-01
7.150331152225709586e-01
8.949243170188214691e-01
9.460902249560153576e-01
9.650433543872221076e-01
9.735646511246026646e-01
9.777163884568246255e-01
9.795763982914221790e-01
9.799458884384878443e-01
9.791339904724349896e-01
9.772242185048570784e-01
9.741707089982722945e-01
9.698254239565149426e-01
9.639256955428493479e-01
9.560421480930306748e-01
9.454620544092608991e-01
9.309363306779439018e-01
9.100919971132063191e-01
8.779096526969228931e-01
7.913683649562248679e-01
7.035408988280773546e-01
3.868978356004680874e-01
6.185587517426782006e-02
7.868266182181670176e-01
9.616731373390525750e-01
9.883391035043026518e-01
9.877304285078739587e-01
9.807076769939886418e-01
9.722100240226321244e-01
9.637601209658995804e-01
9.559803367722404799e-01
