9.871054633537668099e-01
9.871591520160807320e-01
9.872178807336886575e-01
9.872822620452582632e-01
9.873527335794806126e-01
9.874295783272528659e-01
9.875129445758228375e-01
9.876028651019350679e-01
9.876992753335125386e-01
9.878020302595388324e-01
9.879109199535318631e-01
9.880256836293013212e-01
9.881460221998900062e-01
9.882716093487483588e-01
9.884021011535270018e-01
9.885371443277162218e-01
9.886763831612803699e-01
9.888194652543353946e-01
9.889660461458985585e-01
9.891157929422634831e-01
9.892683870521696843e-01
9.894235261329779041e-01
9.895809253492766633e-01
9.897403180404508172e-01
9.899014558879388748e-01
9.900641086658754642e-01
9.902280636525748747e-01
9.903931247721301512e-01
9.905591115294682947e-01
9.907258577939185296e-01
9.908932104803080954e-01
9.910610281696070611e-01
9.912291797060233112e-01
9.913975428003113377e-01
9.915660026652679537e-01
9.917344507037796353e-01
9.919027832663309674e-01
9.920709004900847283e-01
9.922387052293692999e-01
9.924061020836560942e-01
9.925729965272243049e-01
9.927392941419111994e-01
9.929048999531776554e-01
9.930697178677742043e-01
9.932336502099653464e-01
9.933965973529058635e-01
9.935584574402479552e-01
9.937191261929833042e-01
9.938784967958139704e-01
9.940364598576231225e-01
9.941929034395348141e-01
9.943477131454235840e-01
9.945007722682671636e-01
9.946519619872069562e-01
9.948011616095555620e-01
9.949482488528109680e-01
9.950931001615943572e-01
9.952355910549902651e-01
9.953755965003294737e-01
9.955129913092750638e-01
9.956476505529930909e-01
9.957794499933926291e-01
9.959082665275433843e-01
9.960339786432610421e-01
9.961564668836121461e-01
9.962756143191919822e-01
9.963913070265209004e-01
9.965034345720140685e-01
9.966118905007680384e-01
9.967165728300967364e-01
9.968173845477485973e-01
9.969142341150474262e-01
9.970070359759447554e-01
9.970957110724771866e-01
9.971801873678520778e-01
9.972604003785773275e-01
9.973362937168103182e-01
9.974078196452693668e-01
9.974749396457193162e-01
9.975376250033599623e-01
9.975958574091061681e-01
9.976496295814591964e-01
9.976989459096305968e-01
9.977438231195087104e-01
9.977842909636041036e-01
9.978203929350190071e-01
9.978521870049066322e-01
9.978797463815256563e-01
9.979031602864943951e-01
9.979225347420623837e-01
9.979379933583680806e-01
9.979496781059766786e-01
9.979577500508247656e-01
9.979623900203149489e-01
9.979637991566800981e-01
9.979621992960068244e-01
9.979578330885717774e-01
9.979509637446170034e-01
9.979418742453933788e-01
9.979308658000504151e-01
9.979182552464161970e-01
9.979043709781328930e-01
9.978895468212002351e-01
9.978741130557968741e-01
9.978583834604064506e-01
9.978426367960001597e-01
9.978270904898262073e-01
9.978118633152398553e-01
9.977969224505799373e-01
9.977820081933894691e-01
9.977665264297389536e-01
9.977493941028658941e-01
9.977288153898391521e-01
9.977019544031077158e-01
9.976644511318168984e-01
9.976096960273059810e-01
9.975277261830569620e-01
9.974035160138081668e-01
9.972142765179060619e-01
9.969250884739351282e-01
9.964816518657080291e-01
9.957978724516709512e-01
9.947338395318974236e-01
9.930550991846293085e-01
9.903535618552241626e-01
9.858847408398673240e-01
9.782088991169005654e-01
9.643325044918049649e-01
9.374532081929607408e-01
8.804839091954353991e-01
7.476960845788738208e-01
4.502045782480795233e-01
1.424520629334497523e-01
1.903708240824059650e-01
4.321492429211922781e-01
6.366190501245480027e-01
7.489310805568413221e-01
8.110995676118503139e-01
8.483907653907135638e-01
8.724379487892612861e-01
8.888417419980800815e-01
9.005198153613475087e-01
9.091069059441823086e-01
9.155769274173098937e-01
9.205404618553887364e-01
9.243969344336446792e-01
9.274171473170105262e-01
9.297903510303036079e-01
9.316522768661226195e-01
9.331024671610406163e-01
9.342153438837036417e-01
9.350474826483616830e-01
9.356425148484391885e-01
9.360345058179618816e-01
9.362503294175026358e-01
9.363113669425242591e-01
9.362347419083120181e-01
9.360342301624637873e-01
9.357209390695498952e-01
9.353038199500055550e-01
9.347900585091191150e-01
9.341853750512312260e-01
9.334942576800673297e-01
9.327201462240434227e-01
9.318655818604399954e-01
9.309323379359742967e-01
9.299215541299535870e-01
9.288339183887502903e-01
9.276700124563368455e-01
9.264311933246683894e-01
9.251224775952537893e-01
9.237621936475887141e-01
9.171192751136343357e-01
9.202047376029676151e-01
9.186439666574881535e-01
9.168684022908392128e-01
9.149460109450150425e-01
9.128706736551301937e-01
9.106072499975325085e-01
9.080563056560104762e-01
9.047914577059561481e-01
8.913468174448933024e-01
9.040253729428798790e-01
8.998967105014344936e-01
8.964730476021135486e-01
8.930545318531037946e-01
8.894951715371688383e-01
8.857329333824535134e-01
8.817268707056280519e-01
8.774416906215983802e-01
8.728424079131836821e-01
8.678918890116650298e-01
8.625493593617741261e-01
8.567692284195442820e-01
8.504999700403121921e-01
8.436829272260009116e-01
8.362509578182821812e-01
8.281268536921368995e-01
8.192214685623064874e-01
8.094314860444599136e-01
