9.863403322744441759e-01
9.859295821704099350e-01
9.855207038007229858e-01
9.851304209599380801e-01
9.847720986999426440e-01
9.844560388996907996e-01
9.841897912404583559e-01
9.839784692175768122e-01
9.838250628737470471e-01
9.837307417201489601e-01
9.836951428852033219e-01
9.837166408669908435e-01
9.837925964106293275e-01
9.839195829881093314e-01
9.840935901530317720e-01
9.843102036893511819e-01
9.845647629875745599e-01
9.848524964849918462e-01
9.851686363094768195e-01
9.855085134835355198e-01
9.858676351930912851e-01
9.862417457104694085e-01
9.866268725979308041e-01
9.870193598143429670e-01
9.874158893115964064e-01
9.878134926461809018e-01
9.882095540525613897e-01
9.886018063313566362e-01
9.889883208047054453e-01
9.893674924835658135e-01
9.897380214836380974e-01
9.900988916178553589e-01
9.904493469887667434e-01
9.907888673009256353e-01
9.911171425183407102e-01
9.914340474004832426e-01
9.917396163673010134e-01
9.920340190653847978e-01
9.923175369382433164e-01
9.925905410395531314e-01
9.928534712721476252e-01
9.931068171848845827e-01
9.933511004162018931e-01
9.935868588346562502e-01
9.938146323938898963e-01
9.940349506925134637e-01
9.942483222053747349e-01
9.944552251343071747e-01
9.946560998108845419e-01
9.948513425723065629e-01
9.950413010216763166e-01
9.952262705789974850e-01
9.954064922235799084e-01
9.955821513277846035e-01
9.957533774807459936e-01
9.959202452022950514e-01
9.960827754489439689e-01
9.962409378172633057e-01
9.963946533539618233e-01
9.965437978861158008e-01
9.966882057903627690e-01
9.968276741251783646e-01
9.969619670555253110e-01
9.970908205054908047e-01
9.972139469795490152e-01
9.973310404997295375e-01
9.974417816106958545e-01
9.975458424111843803e-01
9.976428915751712756e-01
9.977325993319660080e-01
9.978146423791673936e-01
9.978887087077015217e-01
9.979545023233985512e-01
9.980117478537705589e-01
9.980601950337207873e-01
9.980996230686213222e-01
9.981298448773214815e-01
9.981507112232624879e-01
9.981621147451325005e-01
9.981639939044241183e-01
9.981563368719761353e-01
9.981391853804150172e-01
9.981126385751716290e-01
9.980768569027332893e-01
9.980320660812550537e-01
9.979785612049514310e-01
9.979167110415407826e-01
9.978469625896811968e-01
9.977698459709737344e-01
9.976859797398373031e-01
9.975960767007603369e-01
9.975009503292421309e-01
9.974015218931152615e-01
9.972988283669859122e-01
9.971940312154315977e-01
9.970884260829612211e-01
9.969834533580700375e-01
9.968807094513325584e-01
9.967819584052687309e-01
9.966891430769472260e-01
9.966043944969017465e-01
9.965300369305865047e-01
9.964685843463694237e-01
9.964227208789534496e-01
9.963952525014492245e-01
9.963890076923606065e-01
9.964066480621465161e-01
9.964503192136343612e-01
9.965210146853464845e-01
9.966174151214846066e-01
9.967337438768830715e-01
9.968557211909893079e-01
9.969526990376336162e-01
9.969617556296493932e-01
9.967538608896259200e-01
9.960571167570674289e-01
9.942676667053019779e-01
9.899313701256942100e-01
9.791071529295720666e-01
9.491162006286322228e-01
8.481616373959632860e-01
4.395452537621484246e-01
6.571959613584242577e-02
5.417552004855367143e-01
7.543569430296557243e-01
8.380586820286388683e-01
8.784533072081655014e-01
9.010899142522585947e-01
9.151160231681324531e-01
9.244289106329109940e-01
9.309212557810717659e-01
9.356073783418217271e-01
9.390737477770119135e-01
9.416804105739937647e-01
9.436593630359872975e-01
9.451661490505505192e-01
9.463085622293109234e-01
9.471634171442522288e-01
9.477867671664396143e-01
9.482203573566065913e-01
9.484958289970309986e-01
9.486375354001773674e-01
9.486644741663580183e-01
9.485916423522489094e-01
9.484310057854276055e-01
9.481922048996639374e-01
9.478830771863521187e-01
9.475100497595408955e-01
9.470784384229155028e-01
9.465926783985199044e-01
9.460565043688321518e-01
9.454730923768368545e-01
9.448451725998344708e-01
9.441751195380013728e-01
9.434650243993061292e-01
9.427167531982560966e-01
9.419319931667233803e-01
9.411122894037736719e-01
9.402590732005373653e-01
9.393736831154041456e-01
9.384573796045713179e-01
9.375113537694312882e-01
9.365367304141304361e-01
9.355345646343360411e-01
9.345058279032245618e-01
9.334513676482332212e-01
9.323717757192411248e-01
9.312668714774592349e-01
9.301331162721929724e-01
9.289442684817307283e-01
9.272420680350546007e-01
9.258204069600847186e-01
9.223702324091148652e-01
9.235240509865477732e-01
9.224243352605497881e-01
9.211532377381340675e-01
9.198027183526160666e-01
9.183892834583839981e-01
9.169140265767479203e-01
9.153725407885765497e-01
9.137576198331839317e-01
9.120604925127216989e-01
9.102723071412381906e-01
9.083881249709254702e-01
9.064231435933784997e-01
9.045217111278569533e-01
8.976201202978635330e-01
8.982130614989729533e-01
8.956018392575737508e-01
8.925264237630297082e-01
8.890706005516594290e-01
8.852115830712606881e-01
8.809006040467780574e-01
8.760746202217679635e-01
8.706581054622500870e-01
8.645621782119616849e-01
8.576824570222317812e-01
8.498958716376543432e-01
8.410562944298358712e-01
8.309886610490865300e-01
