9.839474592843087120e-01
9.845696270157029417e-01
9.851771851996159457e-01
9.857734024222575275e-01
9.863608293533093763e-01
9.869413515544329663e-01
9.875162484043545907e-01
9.880862556311303946e-01
9.886516293775117203e-01
9.892122100998340661e-01
9.897674849573454559e-01
9.903166476482925251e-01
9.908586549186320092e-01
9.913922791975895432e-01
9.919161570102542624e-01
9.924288329833339528e-01
9.929287993944533319e-01
9.934145313270892341e-01
9.938845175818207256e-01
9.943372875614255868e-01
9.947714344003107945e-01
9.951856346443146428e-01
9.955786648112819881e-01
9.959494151772204651e-01
9.962969011381132001e-01
9.966202724961448212e-01
9.969188210132791106e-01
9.971919865638644298e-01
9.974393622057979858e-01
9.976606984733320527e-01
9.978559071785125800e-01
9.980250649898276816e-01
9.981684170390974220e-01
9.982863807860038463e-01
9.983795503497605583e-01
9.984487014916161307e-01
9.984947974030076168e-01
9.985189954150073266e-01
9.985226546940002557e-01
9.985073449147633395e-01
9.984748557968743388e-01
9.984272072329113401e-01
9.983666595027630430e-01
9.982957227130396793e-01
9.982171640606154472e-01
9.981340106933874745e-01
9.980495446665382797e-01
9.979672845138329862e-01
9.978909448518018532e-01
9.978243605239290881e-01
9.977713539226282791e-01
9.977355113489065896e-01
9.977198131926758862e-01
9.977260273516214140e-01
9.977537147871142764e-01
9.977985902587737099e-01
9.978497914946695690e-01
9.978852602529968419e-01
9.978637736245016265e-01
9.977108543227851678e-01
9.972931070814406995e-01
9.963697934776977183e-01
9.944976151613695858e-01
9.908348190566954594e-01
9.837253161748872321e-01
9.692499555901470387e-01
9.401491591007963278e-01
8.766262046896241555e-01
7.316184153012668112e-01
4.214568839527431110e-01
4.705776318009950027e-02
7.466070721648371267e-02
3.222553798029618721e-01
5.089553198374786591e-01
6.229998309883512109e-01
6.934760458301587605e-01
7.391677609272877536e-01
7.702028764894542912e-01
7.921047620341497009e-01
8.080282057930605610e-01
8.198670544937174398e-01
8.288113917960481247e-01
8.356397647748761148e-01
8.408796333672006185e-01
8.448993869911604060e-01
8.479632466520096168e-01
8.502652066150815369e-01
8.519506980347252290e-01
8.531308262300185685e-01
8.538919990558373474e-01
8.543026621999643133e-01
8.544182954775000338e-01
8.542857326608325197e-01
8.539488983682175238e-01
8.534659947269083169e-01
8.530658340075286672e-01
8.505545136692966857e-01
8.503497458720998825e-01
8.493413877863008610e-01
8.481596013603136530e-01
8.468632413898738998e-01
8.454733642584048026e-01
8.440020741222237222e-01
8.424579252720196809e-01
8.408475296923533238e-01
8.391761927787966258e-01
8.374482180735565162e-01
8.356670686671867632e-01
8.338354443013178408e-01
8.319552757187843595e-01
8.300275650677478856e-01
8.280517573556663846e-01
8.260229748679438488e-01
8.239117371021499325e-01
8.206483743558755650e-01
8.197591377529770407e-01
8.176026584678512954e-01
8.153625394797326953e-01
8.130729081690605264e-01
8.107322446612806877e-01
8.083372569471068969e-01
8.058841100628327814e-01
8.033684517200404551e-01
8.007853492889625002e-01
7.981292222228795197e-01
7.953937734594646036e-01
7.925719164688002083e-01
7.896556948859321245e-01
7.866361922196734024e-01
7.835034293579661302e-01
7.802462475577511825e-01
7.768521743980386640e-01
7.733072698332701389e-01
7.695959490254625779e-01
7.657007780605018521e-01
7.616022379500647643e-01
7.572784514678093659e-01
7.527048663366746606e-01
7.478538870287220197e-01
7.426944459052954306e-01
7.371915025208480854e-01
7.313054574971401545e-01
7.249914641865672360e-01
7.181986168744959320e-01
7.108689874278202314e-01
7.029364705274437908e-01
6.943253744759678714e-01
6.849486422622754755e-01
6.747054516428788729e-01
6.634775331218947247e-01
6.511220649801805482e-01
6.374521489449623823e-01
6.221483322714908004e-01
6.037509725857731491e-01
5.853927692668828842e-01
5.686130680950015615e-01
5.457133109224218126e-01
5.202901387258279664e-01
4.919869858348641101e-01
4.604638030526250758e-01
4.254149380208662734e-01
3.866052132737126112e-01
3.439363539416623317e-01
2.975498290120838218e-01
2.479721746251423165e-01
1.963008818366535069e-01
1.444082297538736848e-01
9.510295260809999152e-02
5.214053557885619389e-02
1.994041001651124592e-02
2.909041796415403908e-03
4.433628502933419091e-03
2.586354875771594217e-02
6.595266501357850697e-02
1.210908746617039428e-01
1.862407612143353042e-01
2.561305266037968154e-01
3.262157815536864680e-01
3.931677075949746025e-01
4.549239170526707676e-01
5.104775272424892929e-01
5.595776244310843861e-01
6.024493347288476519e-01
6.395778963738075751e-01
6.715617191022659194e-01
6.990225826094750294e-01
7.225511206967774047e-01
7.412201868944158223e-01
7.594255219607790597e-01
7.741670318421985941e-01
7.866252416719722307e-01
7.971669339525748743e-01
8.060543645169744309e-01
8.135021782437052984e-01
8.196903039052024775e-01
8.247710127390200929e-01
8.288741539795939639e-01
8.321113810724402038e-01
8.345796429293673713e-01
8.363640840621612282e-01
