9.885934672034782933e-01
9.892085902053238122e-01
9.898153551337856015e-01
9.904112360288016559e-01
9.909937001032890214e-01
9.915602683807779316e-01
9.921085663146490541e-01
9.926363650993152987e-01
9.931416143910297700e-01
9.936224671063268454e-01
9.940772968918716312e-01
9.945047087289121679e-01
9.949035429627397509e-01
9.952728728121231772e-01
9.956119951033070015e-01
9.959204135633383803e-01
9.961978134547664343e-01
9.964440255873309171e-01
9.966589767143356760e-01
9.968426218840318320e-01
9.969948522851134198e-01
9.971153692061568430e-01
9.972035104838230524e-01
9.972580095563235991e-01
9.972766578854443953e-01
9.972558273349443336e-01
9.971897872902764082e-01
9.970697172350473370e-01
9.968822613609908956e-01
9.966073841704934377e-01
9.962151414103095348e-01
9.956607367910496054e-01
9.948768139759358586e-01
9.937611880426014954e-01
9.921568645104290596e-01
9.898186524930695507e-01
9.863557637129984901e-01
9.811299724291075997e-01
9.730686809603584786e-01
9.603094797674913696e-01
9.395018570954305481e-01
9.044080190777692430e-01
8.431662474890649905e-01
7.338552990956966893e-01
5.437486532760649194e-01
2.660634863482398416e-01
3.228982506325859397e-02
3.155524731017460977e-02
1.919834374397401677e-01
3.613565758783482407e-01
4.883654042689989927e-01
5.774137902938135669e-01
6.397007713349924796e-01
6.841079958955446072e-01
7.165042338921232545e-01
7.406472054300540231e-01
7.589652785846729977e-01
7.730626893275606148e-01
7.840264366070345270e-01
7.926118065535906476e-01
7.993561587576257788e-01
8.046502116191155407e-01
8.087837451828253643e-01
8.119755810728489509e-01
8.143936824161356336e-01
8.161689075306648444e-01
8.174046006722032187e-01
8.181833974595091874e-01
8.185721319751112501e-01
8.186254276672915164e-01
8.183883610103908079e-01
8.178984622070306632e-01
8.171872353359302954e-01
8.162813256861757294e-01
8.152034249627263529e-01
8.139729795632273390e-01
8.126067493609520076e-01
8.111192518885232960e-01
8.095231178564850083e-01
8.078293774686259310e-01
8.060476922690755774e-01
8.041865437685628004e-01
8.022533874987125557e-01
8.002547791860918913e-01
7.981964782457614538e-01
7.960835326369117837e-01
7.939203482000906087e-01
7.917107448133963166e-01
7.894580009543574750e-01
7.871648873501397858e-01
7.848336889114541082e-01
7.824662108844435693e-01
7.800637561956905719e-01
7.776270310284089105e-01
7.751558100599554857e-01
7.726474617435359349e-01
7.700857919992005751e-01
7.668479233366115588e-01
7.649302661896006938e-01
7.623354448010841722e-01
7.596646520415394344e-01
7.569515792922257846e-01
7.541957983050929792e-01
7.513944200611504254e-01
7.485437534942199767e-01
7.456394985005094789e-01
7.426767541823446894e-01
7.396499921692359925e-01
7.365530247114732143e-01
7.333789832037751477e-01
7.301203371110149831e-01
7.267690481014085213e-01
7.233172521341226791e-01
7.197608840482464521e-01
7.161430489776601238e-01
7.120094240189565049e-01
7.081238388498011238e-01
7.039761802973213412e-01
6.996271243279779117e-01
6.950645815269298478e-01
6.902684054286497561e-01
6.852147142637197152e-01
6.798765254795058333e-01
6.742237655498033444e-01
6.682231981874058313e-01
6.618386917724522478e-01
6.550335079948006456e-01
6.477556850314506454e-01
6.397311664666150977e-01
6.314113915857219039e-01
6.223666296593691749e-01
6.125868030014184340e-01
6.019983728202322748e-01
5.905134456244832686e-01
5.780330023481213830e-01
5.644468938265130298e-01
5.496331987100561145e-01
5.334566966095805052e-01
5.157604838805720515e-01
4.961081161398939732e-01
4.754992788886359123e-01
4.523447705728991797e-01
4.271100899010261687e-01
3.996260450159779265e-01
3.697877320610312712e-01
3.375552698064435697e-01
3.029851680325037488e-01
2.662742229822878670e-01
2.278139264998612634e-01
1.882518175001889893e-01
1.485514198610262127e-01
1.100354276240316787e-01
7.438913351580427047e-02
4.359643940096863401e-02
1.978517489345031286e-02
4.977951411107467070e-03
7.799031690588921874e-04
8.074173915291204401e-03
2.681733952631643741e-02
5.600919813420290883e-02
9.385447401703536641e-02
1.380653982411998160e-01
1.862110736979913639e-01
2.360212566909525023e-01
2.855886968718575614e-01
3.334593809702554590e-01
3.786325469240039987e-01
4.205059705286093852e-01
4.588068414825727803e-01
4.926513525772075464e-01
5.241542647973498337e-01
5.518447427281011342e-01
5.763411736015932041e-01
5.979388752673032714e-01
6.166583358201299658e-01
6.335862970821679596e-01
6.480980389662185370e-01
6.607173050808045067e-01
6.716429053244910019e-01
6.810532199623279270e-01
6.891071259344289102e-01
6.959454768743323916e-01
7.016928665047096336e-01
7.064594392159193603e-01
7.103426424750044488e-01
7.134288858855867277e-01
7.157951038538455935e-01
7.175088679662177116e-01
7.182458719802898850e-01
7.191523543201502333e-01
7.192676355245927189e-01
7.189211980615417552e-01
7.181668199059393354e-01
7.170434502568505675e-01
7.155853766837967367e-01
7.138237890158078969e-01
7.117873728580298431e-01
7.095026666617243460e-01
7.069943229236985704e-01
7.042853170361315085e-01
