9.777462041754900746e-01
9.777583405262280092e-01
9.779189295355606992e-01
9.782083758408488539e-01
9.786074482749336223e-01
9.790976720855628646e-01
9.796616258509518449e-01
9.802831552879097687e-01
9.809475155944966662e-01
9.816414532304497120e-01
9.823532372223099385e-01
9.830726491829864244e-01
9.837909403222810933e-01
9.845007628086340778e-01
9.851960819494393062e-01
9.858720748046516658e-01
9.865250200415964787e-01
9.871521830924350205e-01
9.877516999902087314e-01
9.883224626368867227e-01
9.888640077005194096e-01
9.893764108442673066e-01
9.898601875562178520e-01
9.903162014736827112e-01
9.907455807728863251e-01
9.911496429216466453e-01
9.915298278647014518e-01
9.918876395222350206e-01
9.922245953300876664e-01
9.925421834269197996e-01
9.928418269979993882e-01
9.931248552101661353e-01
9.933924801159813578e-01
9.936457788581786188e-01
9.938856804695680447e-01
9.941129565267539103e-01
9.943282148777393692e-01
9.945318956116474540e-01
9.947242683684980324e-01
9.949054299815626168e-01
9.950753012904698380e-01
9.952336217326216428e-01
9.953799399803205938e-01
9.955135983858437454e-01
9.956337082468813549e-01
9.957391117862439689e-01
9.958283250548302101e-01
9.958994534056463399e-01
9.959500672401946364e-01
9.959770195559342065e-01
9.959761769986967828e-01
9.959420201821692631e-01
9.958670425900109091e-01
9.957408324286994850e-01
9.955486432855793488e-01
9.952691180482255984e-01
9.948705669581983102e-01
9.943046897546264917e-01
9.934955963358331754e-01
9.923197708305440123e-01
9.905676185869910499e-01
9.878650682037848352e-01
9.835015266295682457e-01
9.760162873991786725e-01
9.620830978128902533e-01
9.330266008055719817e-01
8.617910933847494626e-01
6.472656256273051634e-01
9.385115544331103232e-02
2.670853148636596619e-01
6.643541438261156840e-01
8.154351776887287517e-01
8.790662414197810692e-01
9.109777066686017832e-01
9.291214797349236498e-01
9.403686872481870074e-01
9.477722655809843744e-01
9.528533124243762087e-01
9.564396925946838657e-01
9.590144336948814852e-01
9.608755955661801851e-01
9.622157552845417294e-01
9.631642104973135998e-01
9.638106477773923375e-01
9.642190436820196053e-01
9.644361579586981925e-01
9.644969027086663926e-01
9.644278390857822236e-01
9.642495148835740215e-01
9.639780638683298486e-01
9.636263228560834060e-01
9.632046265556545306e-01
9.627213826828892040e-01
9.621834944772629239e-01
9.615966754782255821e-01
9.609656870926366334e-01
9.602945200935139036e-01
9.595865349266199384e-01
9.588445714601084857e-01
9.580710359076775040e-01
9.572679706509903408e-01
9.564371113061785890e-01
9.555799344521276328e-01
9.546976988603964598e-01
9.537914828025688685e-01
9.528622200737240089e-01
9.519107378707259981e-01
9.509378008404016924e-01
9.499441680011500022e-01
9.489306739772107591e-01
9.478983556187478010e-01
9.468486656843513316e-01
9.457838624394377947e-01
9.447077819314950720e-01
9.436275293647200524e-01
9.425576945316345157e-01
9.415329501909216470e-01
9.406580568103912743e-01
9.404481400949017411e-01
8.970725521902553901e-01
9.336031433339772034e-01
9.333165879196422265e-01
9.322929450305377230e-01
9.310571305830375177e-01
9.297138428856603909e-01
9.282967135731995389e-01
9.268188538219477302e-01
9.252855252371191552e-01
9.236983535309498672e-01
9.220569967047380633e-01
9.203598831726129692e-01
9.186045583819599791e-01
9.167878465016385814e-01
9.149059148379274919e-01
9.129542806437416225e-01
9.109277781615103819e-01
9.088204914405125789e-01
9.066256460717034837e-01
9.043354216947201429e-01
9.019404919965444689e-01
8.994276129384025653e-01
8.965321490729051268e-01
8.940587570222791047e-01
8.911312708825034345e-01
8.880400409653171900e-01
8.847616843810135467e-01
8.812728944762096006e-01
8.775472337812957324e-01
8.735540631339061557e-01
8.692575857185927957e-01
8.646157473940880855e-01
8.595788942201938454e-01
8.540881012327881106e-01
8.480730699854178711e-01
8.414494617927694708e-01
8.341154894972252487e-01
8.259475294222634600e-01
8.167944312340169599e-01
8.064700890512584985e-01
7.947436833012351265e-01
7.813268012848966215e-01
7.658563944325563755e-01
7.478722567633159235e-01
7.267875098931070310e-01
7.018507444017212382e-01
6.720997735262637107e-01
6.363114164168218734e-01
5.929644993210495540e-01
5.402677228317598335e-01
4.763971844513257836e-01
4.003653460455902646e-01
3.150424191381608896e-01
1.779631489629371344e-01
6.375710331635398020e-02
1.382585661750941608e-02
1.480023577873730567e-02
9.106387368349720679e-02
2.253415316128751789e-01
3.790157895706524616e-01
5.204429225705589079e-01
6.357686885593870629e-01
7.231386972289813864e-01
7.744929677277452296e-01
8.500522791198453776e-01
9.044830496130062958e-01
9.602347513685043356e-01
5.892760781708141771e-01
8.651217735364375994e-01
9.056851363640457953e-01
9.249735762756949864e-01
9.371493156495906973e-01
9.457435670326438393e-01
9.521824547282518036e-01
9.572107635277748994e-01
9.612824596697914226e-01
9.647033639291925367e-01
9.676942977519269462e-01
9.704230370374707926e-01
9.730220319152791397e-01
9.755987847156064596e-01
