9.969962409465887854e-01
9.969837174676237090e-01
9.969727112442904327e-01
9.969631270704918391e-01
9.969548636311799106e-01
9.969478170751912005e-01
9.969418839388606290e-01
9.969369634802046631e-01
9.969329594953932894e-01
9.969297816716303773e-01
9.969273465422644476e-01
9.969255780988629523e-01
9.969244081145587355e-01
9.969237762271768721e-01
9.969236298261698881e-01
9.969239237842231205e-01
9.969246200681256553e-01
9.969256872601226505e-01
9.969271000171247010e-01
9.969288384899749333e-01
9.969308877229240418e-01
9.969332370491373885e-01
9.969358794952941638e-01
9.969388112059522911e-01
9.969420308958910626e-01
9.969455393362292028e-01
9.969493388789856247e-01
9.969534330223729368e-01
9.969578260188526331e-01
9.969625225259680645e-01
9.969675272996456616e-01
9.969728449284509519e-01
9.969784796078597910e-01
9.969844349513550252e-01
9.969907138366880250e-01
9.969973182841127546e-01
9.970042493643128667e-01
9.970115071326364209e-01
9.970190905873056453e-01
9.970269976484616992e-01
9.970352251557107470e-01
9.970437688812768817e-01
9.970526235566629092e-01
9.970617829104932994e-01
9.970712397151975104e-01
9.970809858411612270e-01
9.970910123161570437e-01
9.971013093887607370e-01
9.971118665941721693e-01
9.971226728215903945e-01
9.971337163814902871e-01
9.971449850726646913e-01
9.971564662474664553e-01
9.971681468751629751e-01
9.971800136025515959e-01
9.971920528116554605e-01
9.972042506739744461e-01
9.972165932010489398e-01
9.972290662913813053e-01
9.972416557733494447e-01
9.972543474441851741e-01
9.972671271051701813e-01
9.972799805927735628e-01
9.972928938062287640e-01
9.973058527312125277e-01
9.973188434603110775e-01
9.973318522099251515e-01
9.973448653341819847e-01
9.973578693357837421e-01
9.973708508742445966e-01
9.973837967715436514e-01
9.973966940153334848e-01
9.974095297602753041e-01
9.974222913273499413e-01
9.974349662014833084e-01
9.974475420277825188e-01
9.974600066062186965e-01
9.974723478856495351e-01
9.974845539565714292e-01
9.974966130431576206e-01
9.975085134949064347e-01
9.975202437777871411e-01
9.975317924650155543e-01
9.975431482277409279e-01
9.975542998258516425e-01
9.975652360987632417e-01
9.975759459564809140e-01
9.975864183710893007e-01
9.975966423685189710e-01
9.976066070211037085e-01
9.976163014404438867e-01
9.976257147713613049e-01
9.976348361863494052e-01
9.976436548809507476e-01
9.976521600702346060e-01
9.976603409861121152e-01
9.976681868755798988e-01
9.976756870004358513e-01
9.976828306378480171e-01
9.976896070821732465e-01
9.976960056481950501e-01
9.977020156753285685e-01
9.977076265335620420e-01
9.977128276302917875e-01
9.977176084190362282e-01
9.977219584089723758e-01
9.977258671764392961e-01
9.977293243775767762e-01
9.977323197623532147e-01
9.977348431902487436e-01
9.977368846472496333e-01
9.977384342641110182e-01
9.977394823363820997e-01
9.977400193453471733e-01
9.977400359805587149e-01
9.977395231636015938e-01
9.977384720728825762e-01
9.977368741695282761e-01
9.977347212245029073e-01
9.977320053462039873e-01
9.977287190090324831e-01
9.977248550824093787e-01
9.977204068600943332e-01
9.977153680897417054e-01
9.977097330021281740e-01
9.977034963401869572e-01
9.976966533872064780e-01
9.976891999939352385e-01
9.976811326042384076e-01
9.976724482789179893e-01
9.976631447171034894e-01
9.976532202747432354e-01
9.976426739799422183e-01
9.976315055437864343e-01
9.976197153668665552e-01
9.976073045404053596e-01
9.975942748409977190e-01
9.975806287188409005e-01
9.975663692778540259e-01
9.975515002474486526e-01
9.975360259447526579e-01
9.975199512262145074e-01
9.975032814280270221e-01
9.974860222940550303e-01
9.974681798903232144e-01
9.974497605053249671e-01
9.974307705348604003e-01
9.974112163507701245e-01
9.973911041526098975e-01
9.973704398014239247e-01
9.973492286351496316e-01
9.973274752649919916e-01
9.973051833525256038e-01
9.972823553675996822e-01
9.972589923267982659e-01
9.972350935135027017e-01
9.972106561802435154e-01
9.971856752345644725e-01
9.971601429107260772e-01
9.971340484293671480e-01
9.971073776486248930e-01
9.970801127108402939e-01
9.970522316897042492e-01
9.970237082440221998e-01
9.969945112853723090e-01
9.969646046683177110e-01
9.969339469133000620e-01
9.969024909743603446e-01
9.968701840649334400e-01
9.968369675585834200e-01
9.968027769823584183e-01
9.967675421245354439e-01
9.967311872807624873e-01
9.966936316664058992e-01
9.966547900270724680e-01
9.966145734828310010e-01
9.965728906470878723e-01
9.965296490650604744e-01
9.964847570209636185e-01
9.964381257642688228e-01
9.963896722004060846e-01
9.963393220700353936e-01
9.962870135857676557e-01
9.962327013564725720e-01
9.961763601017734615e-01
9.961179868744510779e-01
9.960575985874801086e-01
9.959952167285636149e-01
9.959308178185386495e-01
9.958641890474985159e-01
9.957945011118926049e-01
9.957189334631902922e-01
9.956275228288924417e-01
9.954783096828019318e-01
9.950074822300992716e-01
9.890380164001381091e-01
9.837071505200244426e-01
9.932383096730083016e-01
9.941510737421807020e-01
9.943844537528793159e-01
