5.245515475982465148e-01
5.366144376432833152e-01
5.481111444221107298e-01
5.588897867890666449e-01
5.688473568597518515e-01
5.779239323716092169e-01
5.860967600414658252e-01
5.933745579287401650e-01
5.997925631915819178e-01
6.054106493295152713e-01
6.103513882374285160e-01
6.143230665036123472e-01
6.180318734700901429e-01
6.212013386080895705e-01
6.239764437099059036e-01
6.264553989668826262e-01
6.287291237062446747e-01
6.308829566970117764e-01
6.329960887063780239e-01
6.351408338343929039e-01
6.373820448511323677e-01
6.397767185724865246e-01
6.423737825041870853e-01
6.452140404405849461e-01
6.483302519927306440e-01
6.517473216966762628e-01
6.554825751942019441e-01
6.595461021964804660e-01
6.639411482085620930e-01
6.686645391383244652e-01
6.737071248208522656e-01
6.790542290332601816e-01
6.846860945646358054e-01
6.905783119662419756e-01
6.967022189168704527e-01
7.030252516845496569e-01
7.095112155718220626e-01
7.161204014030211340e-01
7.228093547487547399e-01
7.295296751250734957e-01
7.362232540755609955e-01
7.427976815283632295e-01
7.488139663353515774e-01
7.569818438317014175e-01
7.626358605979454142e-01
7.684799748008324105e-01
7.740678206043858367e-01
7.792927511280344222e-01
7.840767453227673878e-01
7.883444226730953464e-01
7.920166360185376675e-01
7.950071368248784465e-01
7.972195765875144113e-01
7.985440523083459086e-01
7.988527867426958862e-01
7.979945944356999776e-01
7.957877534020787458e-01
7.920108406119049649e-01
7.863910289311878410e-01
7.785893259835447999e-01
7.681823424535180189e-01
7.546405686502412058e-01
7.373041191192815091e-01
7.153590283175508269e-01
6.878213698984302349e-01
6.535440735053682504e-01
6.112737330337343344e-01
5.598017749747778993e-01
4.982698481217737174e-01
4.266823054129093573e-01
3.466056622237328466e-01
2.618415608262760763e-01
1.783328276791132094e-01
1.058409239322913031e-01
4.941164767436611455e-02
1.517654961624011721e-02
3.710917484534119633e-03
1.189076369369677748e-02
3.441030816282732857e-02
6.564988576362215666e-02
1.008763909594767166e-01
1.366908834218179269e-01
1.709556367214934147e-01
2.025048960769958439e-01
2.308334200173503825e-01
2.558444967761552280e-01
2.776728154074301624e-01
2.965704848489316703e-01
3.128385207263648660e-01
3.267884298843086177e-01
3.387227991137035654e-01
3.489276872163615817e-01
3.576726102566307186e-01
3.652161637852049947e-01
3.718038071728524407e-01
3.777586153270733882e-01
3.833751859918536065e-01
3.891400001351845717e-01
3.958325686266971899e-01
4.050275986683474772e-01
4.209013439952368207e-01
4.472836464075123919e-01
4.949442820956467814e-01
1.291096319372120049e-01
2.597219972794458376e-01
2.988122410325660949e-01
3.130101014232397616e-01
3.189626898899147189e-01
3.210390668868930986e-01
3.208673951655485190e-01
3.191790060229707793e-01
3.163278173728535925e-01
3.124502668652837101e-01
3.073725033100050408e-01
2.969789772598472322e-01
3.004718189987504173e-01
2.924005817819496644e-01
2.846606710037073440e-01
2.763415207373224880e-01
2.672494638078903861e-01
2.573058604751022882e-01
2.458821672321362117e-01
2.339363448155043768e-01
2.205520968676968341e-01
2.057682397586716172e-01
1.894714009714929537e-01
1.715584049809013856e-01
1.519712311645712022e-01
1.307454699578365909e-01
1.080880136788810175e-01
8.449941223368448440e-02
6.095752399864480531e-02
3.917145867038834134e-02
2.188234476135809611e-02
1.310011470384460190e-02
1.779780340218617418e-02
4.402983501182195641e-02
9.379106776780095356e-02
1.710507489242628909e-01
2.730238472104477565e-01
3.915481189767524572e-01
5.144505696890885327e-01
6.292667553116287893e-01
7.272063761213195532e-01
8.048251651967773812e-01
8.630292896773548161e-01
9.049966066819913335e-01
9.344315359334346427e-01
9.547676457327760602e-01
9.686182844793437274e-01
9.779900713605660378e-01
9.843037551161416543e-01
9.885467877497020606e-01
9.913920275445585739e-01
9.932892150076959581e-01
9.945317986172168556e-01
9.953041966408383567e-01
9.957136104650208264e-01
9.958020075191396092e-01
9.952747144613548480e-01
9.949522469410108094e-01
9.945317384173294473e-01
9.935279560705109203e-01
9.921692560209738332e-01
9.904388861259015853e-01
9.883102524730795757e-01
9.857576211333275440e-01
9.827587311316132723e-01
9.792961900383725382e-01
9.753585651773167831e-01
9.709414914672637176e-01
9.660490780697144064e-01
9.606959969485417972e-01
9.549108472691532068e-01
9.487417608261913271e-01
9.422658582440203157e-01
9.356052923807014476e-01
9.289545863358115163e-01
9.226273124290457206e-01
9.171350047863893185e-01
9.133130274637961676e-01
9.124683972145261057e-01
9.160396082099704351e-01
9.191164738096032627e-01
8.774126409138435223e-01
4.365258195007648001e-01
2.772791200104933115e-02
1.318037371982820338e-01
1.900798294849162240e-01
2.105804697297131156e-01
1.786878186323930529e-01
1.289220135603217354e-01
7.327117328026305776e-02
2.746548269532924844e-02
1.071633463814987940e-02
1.816101341404440309e-02
2.458981711377912216e-01
3.890934304393792176e-01
5.706766984182134461e-01
7.328354844581996819e-01
