9.916448884437411015e-01
9.917587715558224826e-01
9.918746256194855837e-01
9.919920286862849990e-01
9.921106556290018030e-01
9.922302661650872491e-01
9.923506931411314458e-01
9.924718312915529195e-01
9.925936266305855904e-01
9.927160665901741954e-01
9.928391709775461482e-01
9.929629837933474645e-01
9.930875659247409004e-01
9.932129887061755813e-01
9.933393283231393145e-01
9.934666610219378136e-01
9.935950590781209568e-01
9.937245874696365444e-01
9.938553011972922624e-01
9.939872431914554829e-01
9.941204427447777325e-01
9.942549144107494241e-01
9.943906573099016155e-01
9.945276547881108931e-01
9.946658743750473874e-01
9.948052679938249598e-01
9.949457723774746132e-01
9.950873096512512506e-01
9.952297880446028255e-01
9.953731026998693387e-01
9.955171365491325419e-01
9.956617612339013768e-01
9.958068380467076652e-01
9.959522188754239558e-01
9.960977471356753377e-01
9.962432586781725385e-01
9.963885826614607977e-01
9.965335423815044891e-01
9.966779560526655146e-01
9.968216375355812842e-01
9.969643970094360652e-01
9.971060415870519611e-01
9.972463758726743954e-01
9.973852024631505442e-01
9.975223223936175998e-01
9.976575355302759185e-01
9.977906409124487341e-01
9.979214370470254059e-01
9.980497221584683221e-01
9.981752943981012649e-01
9.982979520157381215e-01
9.984174934980224458e-01
9.985337176763737776e-01
9.986464238086680822e-01
9.987554116378987157e-01
9.988604814314222535e-01
9.989614340039481011e-01
9.990580707273679639e-01
9.991501935306079663e-01
9.992376048920545983e-01
9.993201078273126203e-01
9.993975058748579832e-01
9.994696030815870547e-01
9.995362039907466079e-01
9.995971136338082097e-01
9.996521375286047117e-01
9.997010816849188908e-01
9.997437526194944413e-01
9.997799573816895657e-01
9.998095035913932005e-01
9.998321994904231236e-01
9.998478540086358501e-01
9.998562768464817063e-01
9.998572785750835523e-01
9.998506707554918327e-01
9.998362660790230949e-01
9.998138785304377940e-01
9.997833235772277671e-01
9.997444183875926482e-01
9.996969820818737418e-01
9.996408360235454760e-01
9.995758041578280961e-01
9.995017134097096134e-01
9.994183941587506670e-01
9.993256808165466021e-01
9.992234125460383032e-01
9.991114341849565150e-01
9.989895974741798135e-01
9.988577627595042197e-01
9.987158014609004431e-01
9.985635998421523718e-01
9.984010651008260462e-01
9.982281358450015851e-01
9.980448014639080601e-01
9.978511411394406228e-01
9.976474112367972324e-01
9.974342706324298424e-01
9.972134909614833731e-01
9.969910503421786085e-01
9.968032985877860463e-01
9.960712447959729765e-01
9.960768427910674516e-01
9.958224853748269823e-01
9.955365478572489879e-01
9.952331161816908578e-01
9.949155384781739331e-01
9.945850312076698341e-01
9.942421626710984395e-01
9.938872577475793557e-01
9.935205406980158749e-01
9.931421950922226793e-01
9.927523925201482413e-01
9.923513079937237302e-01
9.919391291309160863e-01
9.915160622357952480e-01
9.910823367585672727e-01
9.906382088942048414e-01
9.901839647325307858e-01
9.897199231980601253e-01
9.892464389250231749e-01
9.887639051639043331e-01
9.882727567867777285e-01
9.877734734435261732e-01
9.872665829125432113e-01
9.867526646850568461e-01
9.862323538215154173e-01
9.857063451185964498e-01
9.851753976276409475e-01
9.846403395687868265e-01
9.841020736891794574e-01
9.835615831189039593e-01
9.830199377846268183e-01
9.824783014486289101e-01
9.819379394483004342e-01
9.814002272224556789e-01
9.808666597208132165e-01
9.803388618055325354e-01
9.798185997690498361e-01
9.793077941069328052e-01
9.788085337038228140e-01
9.783230916093501595e-01
9.778539426028641790e-01
9.774037827694139757e-01
9.769755513331686014e-01
9.765724550191747788e-01
9.761979952373076586e-01
9.758559984000345633e-01
9.755506496957276896e-01
9.752865306318699856e-01
9.750686606286919078e-01
9.749025428646946878e-01
9.747942144238970208e-01
9.747503005281311639e-01
9.747780721890609845e-01
9.748855058775840465e-01
9.750813426181461629e-01
9.753751420026616215e-01
9.757773235562824388e-01
9.762991829755104378e-01
9.769528628450260266e-01
9.777512446009207769e-01
9.787077074814740651e-01
9.798356653719040299e-01
9.811477339440578538e-01
9.826542806656479723e-01
9.843609368332245646e-01
9.862643433598514697e-01
9.883448446464306869e-01
9.905538086722636137e-01
9.927912717678120114e-01
9.948657107649181430e-01
9.964198356556912550e-01
9.967897244167727155e-01
9.947289094812283849e-01
9.878507771855099540e-01
9.714742228904017507e-01
9.362398254156308885e-01
8.636160363120183314e-01
7.207985111020176472e-01
4.739630932882863412e-01
1.726509810090568475e-01
6.367111941914899327e-03
4.804493659737245348e-02
1.776890287171531690e-01
3.042179880328290675e-01
4.041674372707517726e-01
4.792032639119344628e-01
5.354173038901729464e-01
5.780952860678580940e-01
6.110585169727650312e-01
6.369506535532425406e-01
6.575906330795340260e-01
6.742284867467438492e-01
6.876677568912040739e-01
6.978307831825121266e-01
7.060291711535883197e-01
7.172694093909135482e-01
7.238839533736823872e-01
7.294031594015377706e-01
7.340381940232864055e-01
