9.959967296868023068e-01
9.960112093923737531e-01
9.960281653877816055e-01
9.960472592758599086e-01
9.960681894667079428e-01
9.960906911983740120e-01
9.961145356823686292e-01
9.961395285683782852e-01
9.961655078978687294e-01
9.961923416931857123e-01
9.962199253070739280e-01
9.962481786376254922e-01
9.962770432955878608e-01
9.963064797948275597e-01
9.963364648218503428e-01
9.963669886282224830e-01
9.963980525780872233e-01
9.964296668734337059e-01
9.964618484725937808e-01
9.964946192090157195e-01
9.965280041134746414e-01
9.965620299371775737e-01
9.965967238699963149e-01
9.966321124452455216e-01
9.966682206205683681e-01
9.967050710224281129e-01
9.967426833414809728e-01
9.967810738648594793e-01
9.968202551320011207e-01
9.968602357001672409e-01
9.969010200064603033e-01
9.969426083133964278e-01
9.969849967266823931e-01
9.970281772730328340e-01
9.970721380283480428e-01
9.971168632861255876e-01
9.971623337580712843e-01
9.972085267984539536e-01
9.972554166457990865e-01
9.973029746754956681e-01
9.973511696582200159e-01
9.973999680193781359e-01
9.974493340958801024e-01
9.974992303869687493e-01
9.975496177961372668e-01
9.976004558625094498e-01
9.976517029795697322e-01
9.977033166002288178e-01
9.977552534271780793e-01
9.978074695883277778e-01
9.978599207964953255e-01
9.979125624940970996e-01
9.979653499822735974e-01
9.980182385353291163e-01
9.980711835007418653e-01
9.981241403855367622e-01
9.981770649295864661e-01
9.982299131666465541e-01
9.982826414740707532e-01
9.983352066118871271e-01
9.983875657521801283e-01
9.984396764997847118e-01
9.984914969048596101e-01
9.985429854685485829e-01
9.985941011421507474e-01
9.986448033210829633e-01
9.986950518338998384e-01
9.987448069274711404e-01
9.987940292487375027e-01
9.988426798239289361e-01
9.988907200356434979e-01
9.989381115982948200e-01
9.989848165327726015e-01
9.990307971404428500e-01
9.990760159770137872e-01
9.991204358267815611e-01
9.991640196772419991e-01
9.992067306950217498e-01
9.992485322027242489e-01
9.992893876572084277e-01
9.993292606297121683e-01
9.993681147877706561e-01
9.994059138790186703e-01
9.994426217171353821e-01
9.994782021702002250e-01
9.995126191511870539e-01
9.995458366108902482e-01
9.995778185333691335e-01
9.996085289336570368e-01
9.996379318582062634e-01
9.996659913874246239e-01
9.996926716410345914e-01
9.997179367855131282e-01
9.997417510438477706e-01
9.997640787077202162e-01
9.997848841515496465e-01
9.998041318483700257e-01
9.998217863876561751e-01
9.998378124943750889e-01
9.998521750490061422e-01
9.998648391083292397e-01
9.998757699257910803e-01
9.998849329713174194e-01
9.998922939485405115e-01
9.998978188086815599e-01
9.999014737577905931e-01
9.999032252550605904e-01
9.999030399964931037e-01
9.999008848768915492e-01
9.998967269192735596e-01
9.998905331537794039e-01
9.998822704178397247e-01
9.998719050309302636e-01
9.998594022617343091e-01
9.998447254417914820e-01
9.998278344482681712e-01
9.998086830009346171e-01
9.997872135831159524e-01
9.997633472046888459e-01
9.997369607581499951e-01
9.997078301695396796e-01
9.996754591735170781e-01
9.996383914934462434e-01
9.995893835601359356e-01
9.990433219681392751e-01
9.995684969027296418e-01
9.995137735709824778e-01
9.994652076195975621e-01
9.994165015463096768e-01
9.993663208348998461e-01
9.993142108980336280e-01
9.992599748719761532e-01
9.992035147360164293e-01
9.991447777819465470e-01
9.990837350680662476e-01
9.990203715875114465e-01
9.989546813381344759e-01
9.988866646591737508e-01
9.988163266992202693e-01
9.987436764845166737e-01
9.986687263204144793e-01
9.985914913839694096e-01
9.985119894287486364e-01
9.984302405552958337e-01
9.983462670193167243e-01
9.982600930602241185e-01
9.981717447384587105e-01
9.980812497744248057e-01
9.979886373838847691e-01
9.978939381064951819e-01
9.977971836254228011e-01
9.976984065765448495e-01
9.975976403467260445e-01
9.974949188611328399e-01
9.973902763596902421e-01
9.972837471639954821e-01
9.971753654358976870e-01
9.970651649294731689e-01
9.969531787390838451e-01
9.968394390460818544e-01
9.967239768677755851e-01
9.966068218127446254e-01
9.964880018470235745e-01
9.963675430763883067e-01
9.962454695507800828e-01
9.961218030973615356e-01
9.959965631894518445e-01
9.958697668594717056e-01
9.957414286638744949e-01
9.956115607100931575e-01
9.954801727543550749e-01
9.953472723812414324e-01
9.952128652750701354e-01
9.950769555940757183e-01
9.949395464582964088e-01
9.948006405615900105e-01
9.946602409181669602e-01
9.945183517530623574e-01
9.943749795449033924e-01
9.942301342277479748e-01
9.940838305569296152e-01
9.939360896407974932e-01
9.937869406374973957e-01
9.936364226117118115e-01
9.934845865416322974e-01
9.933314974606496373e-01
9.931772367122304601e-01
9.930219042881455183e-01
9.928656212127604519e-01
9.927085319252741957e-01
9.925508066023172038e-01
9.923926433506006228e-01
9.922342701870651149e-01
9.920759467104107721e-01
9.919179653528227281e-01
9.917606520863905262e-01
9.916043664427710569e-01
9.914495006897990903e-01
9.912964779932353920e-01
9.911457493792419360e-01
