9.964018172301184473e-01
9.963941215141902674e-01
9.963870419771670983e-01
9.963805760352624219e-01
9.963747221084094940e-01
9.963694794073675309e-01
9.963648477350621757e-01
9.963608273005932769e-01
9.963574185550021500e-01
9.963546220408441290e-01
9.963524382610022823e-01
9.963508675640406764e-01
9.963499100464874303e-01
9.963495654707330562e-01
9.963498331970117583e-01
9.963507121292697333e-01
9.963522006728681157e-01
9.963542967030327713e-01
9.963569975432778891e-01
9.963602999517633396e-01
9.963642001151916672e-01
9.963686936488074242e-01
9.963737756014041658e-01
9.963794404646291181e-01
9.963856821857371981e-01
9.963924941828405935e-01
9.963998693623111746e-01
9.964078001373051219e-01
9.964162784474293044e-01
9.964252957787945730e-01
9.964348431841941744e-01
9.964449113028616134e-01
9.964554903802902430e-01
9.964665702869868191e-01
9.964781405367469924e-01
9.964901903038372311e-01
9.965027084395636781e-01
9.965156834875968928e-01
9.965291036985161055e-01
9.965429570432490225e-01
9.965572312257431342e-01
9.965719136945642154e-01
9.965869916537536399e-01
9.966024520729499514e-01
9.966182816965822866e-01
9.966344670526328109e-01
9.966509944607176985e-01
9.966678500396762841e-01
9.966850197146230883e-01
9.967024892238427469e-01
9.967202441250471168e-01
9.967382698017864806e-01
9.967565514693336182e-01
9.967750741806105097e-01
9.967938228319299654e-01
9.968127821688177459e-01
9.968319367917706231e-01
9.968512711620051148e-01
9.968707696074298186e-01
9.968904163285574604e-01
9.969101954046208913e-01
9.969300907998909222e-01
9.969500863700325732e-01
9.969701658687871726e-01
9.969903129546558995e-01
9.970105111980084311e-01
9.970307440881998051e-01
9.970509950410141320e-01
9.970712474061989017e-01
9.970914844753535622e-01
9.971116894899072491e-01
9.971318456492180848e-01
9.971519361190380737e-01
9.971719440400679257e-01
9.971918525366468833e-01
9.972116447256982319e-01
9.972313037255789991e-01
9.972508126654840988e-01
9.972701546946085571e-01
9.972893129914971455e-01
9.973082707736202757e-01
9.973270113069928611e-01
9.973455179157866279e-01
9.973637739919799516e-01
9.973817630052480565e-01
9.973994685127076654e-01
9.974168741687223783e-01
9.974339637348087484e-01
9.974507210893528431e-01
9.974671302375731630e-01
9.974831753211118590e-01
9.974988406279633457e-01
9.975141106020840587e-01
9.975289698529263838e-01
9.975434031651655431e-01
9.975573955080856425e-01
9.975709320448249429e-01
9.975839981417794489e-01
9.975965793777031854e-01
9.976086615526141843e-01
9.976202306967838496e-01
9.976312730792552541e-01
9.976417752165931407e-01
9.976517238810387322e-01
9.976611061089223353e-01
9.976699092083707310e-01
9.976781207673350860e-01
9.976857286610942843e-01
9.976927210595223361e-01
9.976990864343330268e-01
9.977048135659577488e-01
9.977098915500625109e-01
9.977143098041625358e-01
9.977180580735636184e-01
9.977211264373093691e-01
9.977235053138243659e-01
9.977251854661793873e-01
9.977261580070645453e-01
9.977264144037089055e-01
9.977259464821750523e-01
9.977247464316006953e-01
9.977228068080540302e-01
9.977201205380817894e-01
9.977166809220462396e-01
9.977124816370033233e-01
9.977075167394700017e-01
9.977017806678415424e-01
9.976952682444799603e-01
9.976879746775511038e-01
9.976798955626872134e-01
9.976710268842977625e-01
9.976613650166515912e-01
9.976509067250030061e-01
9.976396491660856070e-01
9.976275898887643212e-01
9.976147268345992858e-01
9.976010583379893992e-01
9.975865831266662598e-01
9.975713003218044106e-01
9.975552094383730584e-01
9.975383103855507416e-01
9.975206034671142419e-01
9.975020893821944235e-01
9.974827692262174805e-01
9.974626444920742241e-01
9.974417170718617998e-01
9.974199892588649918e-01
9.973974637502877050e-01
9.973741436504693914e-01
9.973500324748415524e-01
9.973251341546881532e-01
9.972994530427535809e-01
9.972729939197716442e-01
9.972457620021866198e-01
9.972177629506846497e-01
9.971890028801082551e-01
9.971594883705756640e-01
9.971292264796912663e-01
9.970982247562258927e-01
9.970664912548936609e-01
9.970340345523813763e-01
9.970008637645810801e-01
9.969669885648337893e-01
9.969324192029707099e-01
9.968971665250363490e-01
9.968612419933146063e-01
9.968246577062466196e-01
9.967874264179903410e-01
9.967495615563972677e-01
9.967110772395545437e-01
9.966719882891164062e-01
9.966323102399906597e-01
9.965920593446815356e-01
9.965512525707755920e-01
9.965099075899928049e-01
9.964680427561718457e-01
9.964256770698544097e-01
9.963828301261841158e-01
9.963395220423302279e-01
9.962957733599560051e-01
9.962516049173338883e-01
9.962070376839698982e-01
9.961620925498844148e-01
9.961167900587043489e-01
9.960711500715734301e-01
9.960251913441481308e-01
9.959789309942982394e-01
9.959323838290490283e-01
9.958855614885498975e-01
9.958384713462319349e-01
9.957911150772374986e-01
9.957434867648936594e-01
9.956955703442786909e-01
9.956473360678473883e-01
9.955987354795164945e-01
9.955496940331592937e-01
9.955000998440183269e-01
9.954497858099424779e-01
9.953984997904126164e-01
9.953458520017096633e-01
