8.394386743786271809e-01
8.258910065255888888e-01
8.119594185421972199e-01
7.982619932963909148e-01
7.853227082339284681e-01
7.735727638254066285e-01
7.633540862502110613e-01
7.549248473157340600e-01
7.484675518534430472e-01
7.441029094275130040e-01
7.419276935075023172e-01
7.422586171047389492e-01
7.330822947131814260e-01
7.452351462079518374e-01
7.509372971588097467e-01
7.578430536419580310e-01
7.659575575456508689e-01
7.750924615464078737e-01
7.850134677348721279e-01
7.954668409112070071e-01
8.061885816118485870e-01
8.169087061960101925e-01
8.273530092169290029e-01
8.372426785427583562e-01
8.462914832520201935e-01
8.541998513143612692e-01
8.606447133514866232e-01
8.652633712973238911e-01
8.676287238484117204e-01
8.672117798328168314e-01
8.633253335813707574e-01
8.550399311487230092e-01
8.410291384767181189e-01
8.195427519109116377e-01
7.878796111902598431e-01
7.424390166406976688e-01
6.781588315480029383e-01
5.909243766698806244e-01
4.769723889103406611e-01
3.416861704141390121e-01
2.056455305093375929e-01
8.778589505552943095e-02
3.175493485465298582e-02
3.551700290019604855e-02
8.456727429889565606e-02
1.545204339020063433e-01
2.261040635049261505e-01
2.895317928951240960e-01
3.418408729964582671e-01
3.833959167278730984e-01
4.157348100877188424e-01
4.405818253983121435e-01
4.594860953228736000e-01
4.737327091556765568e-01
4.843549764876748376e-01
4.920620195028084232e-01
4.979246841765402887e-01
5.020791196282213820e-01
5.051776907553234830e-01
5.076975731249494528e-01
5.101689769817993048e-01
5.132917119867133060e-01
5.181925549596501090e-01
5.271122508199173051e-01
5.457423223763239184e-01
5.946006888720855033e-01
7.155897551033990611e-01
2.159773613689883742e-01
3.462817656806840838e-01
3.802381630016291592e-01
3.931883252882902857e-01
3.982958183508762406e-01
3.995822649902218693e-01
3.986724386731207992e-01
3.963373419459893521e-01
3.929787509357238195e-01
3.888144455019753032e-01
3.839589735938145343e-01
3.784625769940092588e-01
3.722262857389441737e-01
3.654856742947893977e-01
3.578995452791361997e-01
3.493880263879021730e-01
3.396035806308936311e-01
3.268311049526785861e-01
3.215026582092138652e-01
3.083363662126988314e-01
2.925246774725046017e-01
2.748242050223036470e-01
2.543869729244083167e-01
2.304691220666935103e-01
2.022776595554932610e-01
1.690450654719474755e-01
1.303836624811854361e-01
8.735203541392791426e-02
4.510168823322971421e-02
1.876919239821026736e-02
4.321077853303145755e-02
1.625366789477951102e-01
3.876016570017276064e-01
6.516414048128883474e-01
8.509162650988219001e-01
9.470150775405582477e-01
9.731555731505470153e-01
9.674804898153920307e-01
9.508758455668664400e-01
9.323391593303645974e-01
9.152935996938721397e-01
9.008298489338782966e-01
8.891082914525609837e-01
8.799378729082482087e-01
8.730097772331673056e-01
8.679859346211027393e-01
8.645181228736503742e-01
8.620457895247267688e-01
8.612292211561007882e-01
8.603353539088629542e-01
8.593809422364243611e-01
8.573546151904795076e-01
8.521984887527470631e-01
8.380914055909722826e-01
7.874640953034695023e-01
1.529552567086643611e-01
1.023136121584370839e+00
9.766522130646020372e-01
9.643256369764051650e-01
9.611992374938951311e-01
9.617186527598126089e-01
9.639333133778951179e-01
9.669539415839740748e-01
9.702970825048797821e-01
9.736640608936334429e-01
9.768525158411990317e-01
9.797167037194870476e-01
9.821483450244418156e-01
9.840670962832107627e-01
9.854159673888062132e-01
9.861595345829911041e-01
9.862839459838779188e-01
9.857983224774913289e-01
9.847375970926557365e-01
9.831673442507283811e-01
9.811806486823227980e-01
9.786399283825459872e-01
9.765090995901348769e-01
9.744348657398054225e-01
9.730067591396672766e-01
9.729296601159527214e-01
9.755415021405131615e-01
9.845009989322933697e-01
1.013374117973966815e+00
4.618800770477407003e-01
6.779974218759667881e-01
4.106952645771494992e-01
1.097426959584059253e-01
1.507162707853066663e-01
1.549522956521615924e-01
2.960507601537500366e-01
3.311244097819835419e-01
3.436066417119242322e-01
3.356455402239246766e-01
3.113563491017677931e-01
2.728594079384277782e-01
2.213092860269750550e-01
1.584499537388189272e-01
8.934855179282918947e-02
2.747557104308044965e-02
1.583531831467188721e-03
5.494705764802709780e-02
2.156874893302669904e-01
4.335652313977709227e-01
6.663767903592429098e-01
8.276692301060852852e-01
9.230300776495017345e-01
9.711882420270433469e-01
9.898779199775946669e-01
9.914146717242793283e-01
9.831005988365808523e-01
9.691295365452000654e-01
9.518803950292312743e-01
9.327093715842379451e-01
9.124040345818177355e-01
8.914399413924116722e-01
8.701273024635165498e-01
8.487010313362026714e-01
8.274540043812024237e-01
8.058606087960777931e-01
7.852864592214245931e-01
7.652576244579456510e-01
7.461197007457112118e-01
7.281649343064786617e-01
7.117099969579837593e-01
6.970984631872695347e-01
6.846903835450247611e-01
6.748192394031686803e-01
6.674496302988933705e-01
6.490561618165078261e-01
6.687248218241675923e-01
6.735594464846105245e-01
6.689592355382441013e-01
