4.556260021806802368e-02
8.050455264610843764e-02
1.162934806050291286e-01
1.504622410434228175e-01
1.819192146783553954e-01
2.103294959779821172e-01
2.357437521842783157e-01
2.583902564896318199e-01
2.785639078985374106e-01
2.965698529285980545e-01
3.126968115118742841e-01
3.272061058778545362e-01
3.403287134384986312e-01
3.522662066166478700e-01
3.631933903844324907e-01
3.732615074078547424e-01
3.826014511301315535e-01
3.913267306791524125e-01
3.995360898943365879e-01
4.073157625196173193e-01
4.147413827120067786e-01
4.218795829779975470e-01
4.287893053071588634e-01
4.355227953190491386e-01
4.421257730180385148e-01
4.486128789216723978e-01
4.551288894939536922e-01
4.615800077434805138e-01
4.680507970903406978e-01
4.745669366091235242e-01
4.811535738642966908e-01
4.878338003589334226e-01
4.946286248356531190e-01
5.015570713469889030e-01
5.086362772398259624e-01
5.158815713522435509e-01
5.233065299068421217e-01
5.309230112864672391e-01
5.387411717167767122e-01
5.467694640105680293e-01
5.550146214992408567e-01
5.634816292419234651e-01
5.721736846118175013e-01
5.810921494214650318e-01
5.902364958634511716e-01
5.996042487038716340e-01
6.091909263610902903e-01
6.189899837218172385e-01
6.289927597744501275e-01
6.391884333610002855e-01
6.495639905446701778e-01
6.601042072432626862e-01
6.707916508672332467e-01
6.816067047115264010e-01
6.925276187675162287e-01
7.035305904477953121e-01
7.145898784754622923e-01
7.256779529601619094e-01
7.367656846678795057e-01
7.478225772142534922e-01
7.588170488454096807e-01
7.697167803464373126e-01
7.804891808053439073e-01
7.911021764874471840e-01
8.015265144426736432e-01
8.117558738666698082e-01
8.215245813338550862e-01
8.312508883509990287e-01
8.405532132260375988e-01
8.496850517601792774e-01
8.586637509750250086e-01
8.624679457996843324e-01
8.733377585270685195e-01
8.809003784923808977e-01
8.878576198778271866e-01
8.943064999483059108e-01
9.002612011893861288e-01
9.057218120370742476e-01
9.106852056538989881e-01
9.151475526684348383e-01
9.191047747141209978e-01
9.225522865165725062e-01
9.254844207893284658e-01
9.278937139955230062e-01
9.297702937416413294e-01
9.311023504544615470e-01
9.318857200708845490e-01
9.307564282610292228e-01
9.313931398852226540e-01
9.302542722195490388e-01
9.283403726328723904e-01
9.255922681427455334e-01
9.219192107871295727e-01
9.170346992320936863e-01
9.112351762835284585e-01
9.039375068397226265e-01
8.950477770953447765e-01
8.843169297795718808e-01
8.714516661308565615e-01
8.561140539033693653e-01
8.379220468360543128e-01
8.164537119594774683e-01
7.912574037786341830e-01
7.618705626985934343e-01
7.278501871425944181e-01
6.888179375833088924e-01
6.445217751474294765e-01
5.949134027167617411e-01
5.402360295621932984e-01
4.811100282161826502e-01
4.185935815280362737e-01
3.542408454012389574e-01
2.899293114138356553e-01
2.278848308151353863e-01
1.703615990768862776e-01
1.194272239033298127e-01
7.672763569247893767e-02
4.332267641445542578e-02
1.962465961650779883e-02
5.445655436444017845e-03
1.796974835911329966e-04
2.186453996051897306e-03
1.134833046259704943e-02
2.582144000990667723e-02
4.453271845078002333e-02
6.646853897332147265e-02
9.075810856720632758e-02
1.166854751729809736e-01
1.436816275851951485e-01
1.713079829010386856e-01
1.992366431246296032e-01
2.272301867099724426e-01
2.551199388747856234e-01
2.826972280843572660e-01
3.103618363740911490e-01
3.374636256961600633e-01
3.644350311414825128e-01
3.910753477776763853e-01
4.175323166912026651e-01
4.438596782926273465e-01
4.701351968621397814e-01
4.964545460935286814e-01
5.229332697313953116e-01
5.497115581796521155e-01
5.769620982146617116e-01
6.049021199163694407e-01
6.338115592334349069e-01
6.640603486419340840e-01
6.961492377193211345e-01
7.307693174015521542e-01
7.688803638758795467e-01
8.117713130565780144e-01
8.608646663930222820e-01
9.159028878924310169e-01
9.631780099066982181e-01
9.020619402771986595e-01
3.721561921285152508e-01
4.152674953461919088e-03
1.842212434226335738e-01
3.553773325955582041e-01
4.687205241541985701e-01
5.463957156563546969e-01
6.049028754944998365e-01
6.504888762808056502e-01
6.878786947079356118e-01
7.195855186210123877e-01
7.471319771422647582e-01
7.714875097376994173e-01
7.932937406312954298e-01
8.129892395878609568e-01
8.308821975513960290e-01
8.471946044613318794e-01
8.620900830731700326e-01
8.756919032742775943e-01
8.880946638158531137e-01
8.993707152659973225e-01
9.095636127002181270e-01
9.184219150689423294e-01
9.271559085962325364e-01
9.344992588126866950e-01
9.409488476279858071e-01
9.465428337208283693e-01
9.513022861530241459e-01
9.552393800263245804e-01
9.583524733446041610e-01
9.606178290181577317e-01
9.619740292192813236e-01
9.620906994708836590e-01
9.614477954192156561e-01
9.589817085758906012e-01
9.542953555224760187e-01
9.462726907103761187e-01
9.328935029451331795e-01
9.103865425811529244e-01
8.713908458260609668e-01
7.930878352615625682e-01
6.804391649076806381e-01
4.671540859921019528e-01
1.827110367878383435e-01
5.499195605836764561e-03
