9.968820415865267126e-01
9.968781154277153167e-01
9.968808433361117105e-01
9.968893301641401639e-01
9.969027231156729618e-01
9.969202239071340843e-01
9.969410972921662895e-01
9.969646764815794926e-01
9.969903659515967353e-01
9.970176420919623084e-01
9.970460521021057287e-01
9.970752114999387183e-01
9.971048005655369639e-01
9.971345600009666743e-01
9.971642860483866944e-01
9.971938252733595354e-01
9.972230691862964402e-01
9.972519488448926550e-01
9.972804295541684017e-01
9.973085057549057053e-01
9.973361961716342705e-01
9.973635392717673520e-01
9.973905890718173239e-01
9.974174113130602759e-01
9.974440800177931665e-01
9.974706744274383086e-01
9.974972763166660705e-01
9.975239676710362380e-01
9.975508287116719996e-01
9.975779362463299549e-01
9.976053623241899482e-01
9.976331731696520544e-01
9.976614283706818354e-01
9.976901802952519160e-01
9.977194737115300249e-01
9.977493455867129102e-01
9.977798250415620407e-01
9.978109334377722739e-01
9.978426845777222942e-01
9.978750849968841541e-01
9.979081343313307428e-01
9.979418257438060769e-01
9.979761463939310628e-01
9.980110779394426590e-01
9.980465970565547407e-01
9.980826759697889461e-01
9.981192829821099455e-01
9.981563829979644975e-01
9.981939380328079814e-01
9.982319077041650335e-01
9.982702496993733909e-01
9.983089202174861843e-01
9.983478743819158563e-01
9.983870666226332125e-01
9.984264510263597403e-01
9.984659816543742794e-01
9.985056128275882070e-01
9.985452993791855691e-01
9.985849968755987627e-01
9.986246618064827940e-01
9.986642517449766387e-01
9.987037254796591323e-01
9.987430431194486147e-01
9.987821661733452538e-01
9.988210576063208945e-01
9.988596818735614447e-01
9.988980049343170187e-01
9.989359942474742571e-01
9.989736187503343023e-01
9.990108488225403205e-01
9.990476562365979696e-01
9.990840140965718819e-01
9.991198967667725972e-01
9.991552797916423145e-01
9.991901398082516650e-01
9.992244544528929850e-01
9.992582022626369520e-01
9.992913625736572492e-01
9.993239154167022908e-01
9.993558414110200738e-01
9.993871216578450456e-01
9.994177376340496188e-01
9.994476710867158387e-01
9.994769039294525426e-01
9.995054181412604821e-01
9.995331956681927643e-01
9.995602183285906550e-01
9.995864677223841310e-01
9.996119251446639042e-01
9.996365715042999645e-01
9.996603872474242314e-01
9.996833522867413224e-01
9.997054459362730849e-01
9.997266468521327498e-01
9.997469329796335735e-01
9.997662815065091468e-01
9.997846688225071610e-01
9.998020704857479846e-01
9.998184611954598067e-01
9.998338147712093615e-01
9.998481041388241897e-01
9.998613013223698331e-01
9.998733774427207566e-01
9.998843027215751356e-01
9.998940464914755077e-01
9.999025772102263510e-01
9.999098624801612267e-01
9.999158690704226249e-01
9.999205629413185914e-01
9.999239092694260922e-01
9.999258724708807167e-01
9.999264162201341177e-01
9.999255034608725001e-01
9.999230964033257729e-01
9.999191565019064365e-01
9.999136444036758053e-01
9.999065198548311439e-01
9.998977415476753006e-01
9.998872668831281230e-01
9.998750516121260867e-01
9.998610493036705904e-01
9.998452105601158824e-01
9.998274818594025115e-01
9.998078038357383068e-01
9.997861086957493537e-01
9.997623162683751952e-01
9.997363278265529729e-01
9.997080161401845633e-01
9.996772088735192963e-01
9.996436596073250413e-01
9.996069943687088122e-01
9.995666058001621002e-01
9.995214238598568723e-01
9.994693551700095657e-01
9.994056574236701573e-01
9.993168106185228439e-01
9.991431590407523489e-01
9.977163287069588105e-01
9.996909274587533201e-01
9.994607029671265241e-01
9.993514073692586486e-01
9.992707758763739179e-01
9.992002851897016091e-01
9.991339375837159364e-01
9.990692342201414888e-01
9.990049671569165568e-01
9.989404964705459467e-01
9.988754649498261529e-01
9.988096696267021457e-01
9.987429978860948854e-01
9.986753930742515717e-01
9.986068347101152431e-01
9.985373264016419448e-01
9.984668880400373592e-01
9.983955504670006809e-01
9.983233516180258782e-01
9.982503335671191191e-01
9.981765401307109986e-01
9.981020148217898402e-01
9.980267990235361930e-01
9.979509303009754806e-01
9.978744408001661848e-01
9.977973557051146303e-01
9.977196917372690432e-01
9.976414556932211575e-01
9.975626430244516341e-01
9.974832364697983067e-01
9.974032047576416593e-01
9.973225013992038646e-01
9.972410636010784479e-01
9.971588113281057986e-01
9.970756465540121516e-01
9.969914527407658378e-01
9.969060945925527495e-01
9.968194181347014293e-01
9.967312511712980161e-01
9.966414041794071643e-01
9.965496717006576688e-01
9.964558342932952062e-01
9.963596611093695765e-01
9.962609131621311676e-01
9.961593473472920568e-01
9.960547212794295113e-01
9.959467989996783066e-01
9.958353576035926524e-01
9.957201948276749315e-01
9.956011376199446206e-01
9.954780517017867147e-01
9.953508521075865589e-01
9.952195146608525667e-01
9.950840883145278815e-01
9.949447082441595924e-01
9.948016095384247803e-01
9.946551412797248748e-01
9.945057807476702649e-01
9.943541474117428836e-01
9.942010163030127190e-01
9.940473302716419379e-01
9.938942105435604191e-01
9.937429648907369906e-01
