9.831869160168172916e-01
9.834274717389119846e-01
9.837051227305959600e-01
9.840212998069676198e-01
9.843760355959245700e-01
9.847681961326318900e-01
9.851956960632938243e-01
9.856556958683098113e-01
9.861447802504011984e-01
9.866591174113635843e-01
9.871945994266949631e-01
9.877469642916620884e-01
9.883119004974574295e-01
9.888851352011975848e-01
9.894625071950865491e-01
9.900400259699470018e-01
9.906139182102158269e-01
9.911806630662475248e-01
9.917370175290604051e-01
9.922800331877769109e-01
9.928070655913766585e-01
9.933157773624408104e-01
9.938041361300375964e-01
9.942704082631700357e-01
9.947131492979031098e-01
9.951311918625733721e-01
9.955236318192769440e-01
9.958898132548387183e-01
9.962293128748045401e-01
9.965419242762267871e-01
9.968276425023531173e-01
9.970866492118978242e-01
9.973192987285561806e-01
9.975261051664269241e-01
9.977077307577854048e-01
9.978649754292187035e-01
9.979987675801147429e-01
9.981101558979705857e-01
9.982003018875823530e-01
9.982704725674779178e-01
9.983220324634114462e-01
9.983564335448973370e-01
9.983752010170863223e-01
9.983799117466415352e-01
9.983721603258740585e-01
9.983535049633254221e-01
9.983253808492140724e-01
9.982889612118643896e-01
9.982449338905101666e-01
9.981931401802395243e-01
9.981319860646671316e-01
9.980574706187061995e-01
9.979615565039688940e-01
9.978293804021243218e-01
9.976343549435326974e-01
9.973292989121438357e-01
9.968297641652895669e-01
9.959812460874366558e-01
9.944910593284752576e-01
9.917769457908873765e-01
9.866013576364460747e-01
9.760905778737978267e-01
9.527346895587183173e-01
8.936569490353265532e-01
7.177463394668703867e-01
2.246626679679277483e-01
9.044911552334587712e-02
4.995958013190839320e-01
7.059236306984598697e-01
7.978350775424184471e-01
8.466608053995562377e-01
8.741791633359946578e-01
8.914651562044941802e-01
9.029577444075821413e-01
9.109084278699879356e-01
9.165566683132745363e-01
9.206325427223789326e-01
9.235904204868742307e-01
9.257262026199426508e-01
9.272400372812743541e-01
9.282717271453436725e-01
9.289216550370198444e-01
9.292636452580199657e-01
9.293531409516931907e-01
9.292325592775713128e-01
9.289348904911848281e-01
9.284861726329066700e-01
9.279072275713290407e-01
9.272149002225995584e-01
9.264229559007156611e-01
9.255427365709448795e-01
9.245836413837036361e-01
9.235534714071587103e-01
9.224586552725139166e-01
9.213043390833252078e-01
9.200942445569043615e-01
9.188299265945397698e-01
9.175077650960712372e-01
9.161021551655168516e-01
9.142693274722368812e-01
9.138193382593016167e-01
9.121695134167446817e-01
9.106396797701481471e-01
9.091058738227224545e-01
9.075513148719046574e-01
9.059715997374194751e-01
9.043652249864708725e-01
9.027315373298889778e-01
9.010701049416154351e-01
8.993804775016602804e-01
8.976620776747501473e-01
8.959141433587304304e-01
8.941356910128350766e-01
8.923254877076804981e-01
8.904820261851849050e-01
8.886034999982478366e-01
8.866877770359480326e-01
8.847323703006216844e-01
8.827344050438082901e-01
8.806905814429251134e-01
8.785971319818471903e-01
8.764497726148761103e-01
8.742436466609143642e-01
8.719732601948479989e-01
8.696324074734915754e-01
8.672140846477579545e-01
8.647103896579300120e-01
8.621124057711908595e-01
8.594100656784436909e-01
8.565919923938106750e-01
8.536453123598723991e-01
8.505554351085643505e-01
8.473057925002218660e-01
8.438775288780580031e-01
8.402491313238218407e-01
8.363959864217338502e-01
8.322898463082898379e-01
8.278981819578297152e-01
8.231833950455756943e-01
8.181018502690134975e-01
8.126026753838738736e-01
8.066262506467285487e-01
8.001022557327448492e-01
7.929469997615431476e-01
7.850592614634507305e-01
7.763114305700268281e-01
7.665130532529812468e-01
7.547479545446644789e-01
7.442760579818772371e-01
7.304003446377836939e-01
7.151357453742273051e-01
6.926837964409083837e-01
6.745724094578869900e-01
6.507993217578034173e-01
6.227922894488256977e-01
5.898286618264485526e-01
5.509023428830550628e-01
5.048255392212877002e-01
4.503281107945710793e-01
3.863030608951842915e-01
3.123626644528827989e-01
2.299397295247541662e-01
1.441238230680502719e-01
6.589005368950535957e-02
1.286122165363611479e-02
4.996302664685767572e-03
5.381280207399152804e-02
1.526473808065854920e-01
2.792939059240658328e-01
4.092094649618327473e-01
5.260149694952032107e-01
6.231236432388556068e-01
7.003900837716088290e-01
7.605246200231052800e-01
8.069176094905808894e-01
8.426782476880740891e-01
8.703433639852714565e-01
8.918749716672750294e-01
9.087532148366149753e-01
9.220834427889829099e-01
9.326893959762775355e-01
9.411864320853045029e-01
9.480364838397873362e-01
9.535884398554669295e-01
9.581075626916141230e-01
9.617968891810059207e-01
9.648128403505809025e-01
9.672766673858694819e-01
9.692829019382452893e-01
9.709056447177576432e-01
9.722032879627502400e-01
9.732221007665249335e-01
9.739989955774519537e-01
9.745637409157077435e-01
9.749409454075708137e-01
9.751520326140616923e-01
9.740070850918760570e-01
9.750479066237420778e-01
9.748491021135264889e-01
9.745148250834343440e-01
