9.705400164736087687e-01
8.012628685819875862e-01
2.269310183484568311e-01
2.072045608707403785e-01
5.189893918721648625e-01
6.555268651645136391e-01
7.163271659875968256e-01
7.453632317815701569e-01
7.585349350312520222e-01
7.626615705386415867e-01
7.611524532888722661e-01
7.559323712864899347e-01
7.481961653334682216e-01
7.387409193208679392e-01
7.281263010466727525e-01
7.167577281505000952e-01
7.049316776999983158e-01
6.928604425969867586e-01
6.806836421612388888e-01
6.684678404567505616e-01
6.561891297403806833e-01
6.436793366389024218e-01
6.304694195606550533e-01
6.152502734363410886e-01
5.931645343798244152e-01
5.179288661000033267e-01
6.217643569126860559e-01
6.669156811588979883e-01
6.263403682319875765e-01
6.104050378360330598e-01
6.001998569863651323e-01
5.923140884626281188e-01
5.858533160909255022e-01
5.805357046505007501e-01
5.721091865746190663e-01
5.708290437477421264e-01
5.673585094426759623e-01
5.642821903081546298e-01
5.616256042626687206e-01
5.593713009519640789e-01
5.574994548986615950e-01
5.559930044314593811e-01
5.548384142492319704e-01
5.540257449575592963e-01
5.535488847612116681e-01
5.534067120521659611e-01
5.536078784869488123e-01
5.541963461350287723e-01
5.555937111644921877e-01
5.547710769331504199e-01
5.524598582037355543e-01
5.590076571141542328e-01
5.611177016706229148e-01
5.635895880914596479e-01
5.664152737294547713e-01
5.696027780873026414e-01
5.731622533577935830e-01
5.771045754214020329e-01
5.814411132213350708e-01
5.861837171962140935e-01
5.913448801444394221e-01
5.969366371501296786e-01
5.949933679378841545e-01
6.093632961063302211e-01
6.163336917874099319e-01
6.237543207523225108e-01
6.316513925149436215e-01
6.400345065758671348e-01
6.489076522496969313e-01
6.582676605010349125e-01
6.680972068441434208e-01
6.783437633498151653e-01
6.888397520557438813e-01
6.988078853893670006e-01
6.857569492629852492e-01
7.327756461583521119e-01
7.433731583339295845e-01
7.565632979457646012e-01
7.708001471977921071e-01
7.858395735217944544e-01
8.016356260999593086e-01
8.182313740048524631e-01
8.269346412565377058e-01
8.535957226207446791e-01
8.729263913352938165e-01
8.933508210485114898e-01
9.147878185988813637e-01
9.359774288478244220e-01
9.490079375292225228e-01
9.313279717428858406e-01
7.709005794984764570e-01
4.335253526762172793e-01
2.271949540758905484e-01
4.280444657201409320e-01
7.758848677239214009e-01
9.325123358666100870e-01
9.598631011779883426e-01
9.691822696985519237e-01
9.758651562852797001e-01
9.816078275262857256e-01
9.855231168861207092e-01
9.891320025191335796e-01
9.910954362836740250e-01
9.917079686643015535e-01
9.905145192902939932e-01
9.885279955972263721e-01
9.848299081779463560e-01
9.798150679429225018e-01
9.735598607682769412e-01
9.661581826794306549e-01
9.577186929276884086e-01
9.483644726936010239e-01
9.382355870358688454e-01
9.274987483637102681e-01
9.163798204362997302e-01
9.052987544297291800e-01
8.958681914998325446e-01
8.270580120461716866e-01
8.626121302671563296e-01
8.560705889402407953e-01
8.108239277402236045e-01
8.216654004983608983e-01
8.133399590152641245e-01
8.053753111219835725e-01
8.004393266782148242e-01
8.041942494868924429e-01
8.520057626507305804e-01
6.325064198700220963e-01
6.266900714477788847e-01
6.688050953946755861e-01
6.727538635919790844e-01
6.696939573739237872e-01
6.642705793714628326e-01
6.579466736173971153e-01
6.513268254414187330e-01
6.445993745216078707e-01
6.390266351103250919e-01
6.324601799830087412e-01
6.216383629059696325e-01
6.212856852769343963e-01
6.159894287687940340e-01
5.959034051435477819e-01
6.120251918533069491e-01
6.084079699660523977e-01
6.059747080694786181e-01
6.043853436056896289e-01
6.035962926712280519e-01
6.037419380483221021e-01
6.047968071457222594e-01
6.069197884810403343e-01
6.102589495143300180e-01
6.150126249094621800e-01
6.214449293059731705e-01
6.299112398437145544e-01
6.408966269321585418e-01
6.550739177647691980e-01
6.733911364046462067e-01
6.971982987124513143e-01
7.284033631724530222e-01
7.695179539171868033e-01
8.227582537889035486e-01
8.836212921449640989e-01
9.052812502431268893e-01
6.842252274024345216e-01
1.895705041638215960e-01
3.599910183897811478e-03
6.469083045293648471e-02
1.703312725226164837e-01
3.909964971782505239e-01
1.060277573401955525e-01
1.507952058295608522e-01
2.140488914895864458e-01
2.450636546497782231e-01
2.658863031537966881e-01
2.798739121428617249e-01
2.877898477604264871e-01
2.889654105516829552e-01
2.810696295068908501e-01
2.589229295243028472e-01
2.122495581561897882e-01
1.343579600661556905e-01
1.616375172045881881e-01
3.652696743414008407e-01
7.679573394167212852e-01
7.880371168273241356e-01
7.604697072812041103e-01
7.439466511995587172e-01
7.363239778782209033e-01
7.332179012192540091e-01
7.310037077702135067e-01
7.164275570471387855e-01
6.959239555618143003e-01
5.633354108006787264e-01
7.141636555931899499e-01
5.684633048966266644e-01
9.666557106855864223e-01
9.769028138291464547e-01
6.926767010873231545e-01
8.814459821775917359e-01
8.974542219742009941e-01
