1.061049533210518092e+00
1.069584055137770218e+00
1.071490698626623717e+00
1.066955914319332566e+00
1.055708357361728966e+00
1.036351932418083432e+00
1.004558558505639576e+00
9.472221549249996153e-01
8.202083497106704701e-01
4.846027889385783327e-01
7.076647675497703405e-02
3.933745822398768688e-01
6.971186929603225835e-01
8.038546686875126523e-01
8.432079137123806856e-01
8.581477112667442730e-01
8.629663227631920730e-01
8.633024533953321811e-01
8.617073487170973101e-01
8.594516091982200567e-01
8.572082717298097343e-01
8.553458709881041067e-01
8.540681390416522412e-01
8.534868703622294772e-01
8.536630318557615338e-01
8.546316242375100458e-01
8.564176801189283816e-01
8.590471581752436858e-01
8.625547641656432507e-01
8.669898513944758189e-01
8.724210875486141381e-01
8.789404127164016645e-01
8.866675053843744436e-01
8.957631605527121010e-01
9.065904543914229397e-01
9.174747443535951064e-01
9.318144215272099462e-01
9.474338787869630574e-01
9.643506352073917265e-01
9.815860630766243267e-01
9.957149400848495091e-01
1.002918888523470331e+00
9.898818753739164755e-01
9.354987061968603745e-01
8.102747538083161505e-01
5.994539673896599474e-01
3.429454547964457811e-01
9.702300889822257357e-02
9.362727692809751090e-02
1.939543568384911529e-02
3.207958151433590831e-03
2.190645357638958558e-03
1.787532887207856497e-02
1.534626972001049416e-01
6.407538151196108256e-01
9.386794779326324001e-01
8.380030957786693824e-01
7.427259230597982320e-01
6.892241579479848612e-01
6.607323557987899720e-01
6.463262025404680200e-01
6.402251206889028046e-01
6.393049736684039974e-01
6.417932708923950180e-01
6.466352581264134258e-01
6.531759870651957511e-01
6.609929179278376532e-01
6.698034843969616903e-01
6.794118261276266280e-01
6.896769236241601098e-01
7.004929052426989156e-01
7.117765252672182408e-01
7.234589994555897796e-01
7.354805596302177451e-01
7.477867388239491930e-01
7.603257578136085604e-01
7.730465500887878649e-01
7.858968864699731327e-01
7.988201311111826630e-01
8.117415967446309777e-01
8.243541673038169426e-01
8.379791980675299623e-01
8.505563790645415123e-01
8.630642925045282077e-01
8.753431067043997427e-01
8.873185446719199510e-01
8.989267064986491418e-01
9.101069892485414980e-01
9.208017225225381130e-01
9.309362864113317482e-01
9.405011678040464673e-01
9.494109331926730011e-01
9.576295776193306519e-01
9.651176050933942818e-01
9.718409328421434568e-01
9.777716445925085376e-01
9.828881404387083132e-01
9.871734315648644786e-01
9.905788669127069124e-01
9.933233083610356617e-01
9.951119690301513110e-01
9.961115535313369573e-01
9.963339427571969997e-01
9.958103046012499737e-01
9.945900390903574806e-01
9.928294050450018338e-01
9.893747598229148954e-01
9.865812554226830455e-01
9.828891515077934349e-01
9.786414122085476119e-01
9.738973848033803948e-01
9.686862777435719662e-01
9.630128411454427217e-01
9.568427019922775001e-01
9.500664205687934238e-01
9.424122561278921451e-01
9.332020173606130342e-01
9.204959572388657918e-01
8.967463673126728763e-01
7.995653321876218245e-01
3.854532603492248355e-01
9.241634707833067397e-01
9.310996112420332205e-01
9.271275220911946446e-01
9.229934921807786408e-01
9.197075133841186023e-01
9.174865518803132503e-01
9.164881981800772071e-01
9.169238884490787944e-01
9.190961566373285763e-01
9.234286916026515080e-01
9.304797409415295206e-01
9.407859915586174182e-01
9.532712478109859333e-01
9.450238494168264891e-01
2.180485798042925971e-01
7.524404548801316706e-01
9.459054813970382281e-01
9.366665121480971523e-01
4.802267493348156835e-01
3.878900122567986025e-02
1.731681564320806388e-01
3.270142718133731141e-01
4.207168646525029643e-01
4.788052312091518603e-01
5.171639714834380674e-01
5.441278117541690218e-01
5.587964820079880379e-01
5.769702061249505354e-01
5.877196438368306186e-01
5.995170397610517510e-01
6.073987897504603550e-01
6.144947230189584664e-01
6.210031813360503694e-01
6.271623621194916121e-01
6.331682341087738752e-01
6.391781670901861556e-01
6.453187737066273799e-01
6.516918475071885597e-01
6.583781142055583624e-01
6.654390262788552057e-01
6.729165756718610281e-01
6.808304748906445214e-01
6.891705997157544505e-01
6.978784171741518882e-01
7.067964423774550919e-01
7.154976541983122384e-01
7.224395358259674271e-01
7.138390581467516371e-01
7.882007868385197957e-01
7.784245422425486449e-01
7.867042198933175134e-01
7.974508033998639611e-01
8.092391819290937205e-01
8.210619528619432783e-01
8.330341450623390820e-01
8.445635951623086113e-01
8.555628500612234566e-01
8.565776749011654312e-01
8.750259537299801549e-01
8.831856316108501748e-01
8.900009130563434345e-01
8.953196222143772198e-01
8.990071064186316852e-01
9.009629429044045956e-01
9.011317217960863601e-01
8.995137474028419566e-01
8.961760520724140200e-01
8.912636793647110700e-01
8.850112537845979954e-01
8.777551931169886856e-01
8.699477686462906423e-01
8.621762690868776113e-01
8.551955233076471430e-01
8.499931183649669375e-01
8.478968520009488863e-01
8.479944180022169764e-01
8.519711770949179863e-01
8.240081119226868589e-01
2.108665752465277710e-01
