9.896079817242167120e-01
9.896782348841723920e-01
9.897863066278395072e-01
9.899320210834193778e-01
9.901142653494525714e-01
9.903311740067455293e-01
9.905802963560333962e-01
9.908587458827901040e-01
9.911633319672208398e-01
9.914906742638330828e-01
9.918373004864605713e-01
9.921997285607749850e-01
9.925745342667816606e-01
9.929584055934770337e-01
9.933481850806803459e-01
9.937409014386752171e-01
9.941337917186178208e-01
9.945243152663335584e-01
9.949101606345182036e-01
9.952892465548727197e-01
9.956597179927640928e-01
9.960199382197724161e-01
9.963684777515127156e-01
9.967041009091965886e-01
9.970257506768176459e-01
9.973325324414644699e-01
9.976236971252812058e-01
9.978986241423565273e-01
9.981568045455347926e-01
9.983978246639694243e-01
9.986213504754903880e-01
9.988271129056134345e-01
9.990148942004539734e-01
9.991845154787570848e-01
9.993358255348933072e-01
9.994686909332433089e-01
9.995829874099899648e-01
9.996785925755315994e-01
9.997553798945446601e-01
9.998132139053889089e-01
9.998519466302946412e-01
9.998714151187705346e-01
9.998714400611690145e-01
9.998518254053420096e-01
9.998123589068683703e-01
9.997528135437843133e-01
9.996729497266039211e-01
9.995725182370114315e-01
9.994512638311865427e-01
9.993089294478983975e-01
9.991452609648729943e-01
9.989600124532015402e-01
9.987529518831229636e-01
9.985238672415833738e-01
9.982725730268002806e-01
9.979989170917272778e-01
9.977027878141172534e-01
9.973841215774739144e-01
9.970429105537848002e-01
9.966792107853201799e-01
9.962931505698959800e-01
9.958849391609975177e-01
9.954548758011273479e-01
9.950033591147826595e-01
9.945308968946705575e-01
9.940381163237976825e-01
9.935257746838825899e-01
9.929947706105305416e-01
9.924461559647892450e-01
9.918811484017702185e-01
9.913011447276318666e-01
9.907077351483744021e-01
9.901027185269670738e-01
9.894881187780186771e-01
9.888662025435324132e-01
9.882394983075500905e-01
9.876108171208768383e-01
9.869832751211181643e-01
9.863603180424405092e-01
9.857457479171820580e-01
9.851437521708134026e-01
9.845589352997322630e-01
9.839963532925789513e-01
9.834615509000308453e-01
9.829606017618003344e-01
9.825001512418388705e-01
9.820874615751068459e-01
9.817304585445840726e-01
9.814377783192250737e-01
9.812188121916978201e-01
9.810837456034513515e-01
9.810435858044208590e-01
9.811101694024504383e-01
9.812961363640615442e-01
9.816148498658398003e-01
9.820802304052482778e-01
9.827064556084400548e-01
9.835074507851816472e-01
9.844960539993726778e-01
9.856826745948757962e-01
9.870731625608890614e-01
9.886654501346230361e-01
9.904443044441186839e-01
9.923733020507318203e-01
9.943834649830062267e-01
9.963631445344384163e-01
9.981768776981642111e-01
9.966512120871006131e-01
9.973760073824379235e-01
9.942104381416754233e-01
9.861312184966016803e-01
9.695724834388979030e-01
9.382833020074053954e-01
8.818258980899180699e-01
7.844843120517925872e-01
6.289140570209977854e-01
4.144462281938370851e-01
1.886971004808333241e-01
3.726670485722154841e-02
1.281346734243502417e-03
4.770526162167176148e-02
1.264108784050891332e-01
2.072871499778706217e-01
2.788078964393606030e-01
3.385843137137742320e-01
3.875561139530497856e-01
4.275087702993239369e-01
4.601959604456289932e-01
4.870950679295889540e-01
5.093838673503798820e-01
5.279825506772286570e-01
5.436066373205451496e-01
5.568139592906057311e-01
5.680421562111371836e-01
5.776373504374076040e-01
5.858757076246252637e-01
5.929795684955412316e-01
5.991295343802398587e-01
6.044735631398482356e-01
6.091338585403179851e-01
6.132121259981813122e-01
6.167936123404547111e-01
6.199502345286398430e-01
6.227430212397646603e-01
6.252240334670220445e-01
6.274378907390343318e-01
6.294230085381012918e-01
6.312126715766747109e-01
6.328363022202518895e-01
6.343243819071481271e-01
6.355961646987199343e-01
6.369007222157381243e-01
6.380691975031468344e-01
6.391585874312627480e-01
6.401819443338125915e-01
6.411483946522875677e-01
6.420647440126810990e-01
6.429358235321773751e-01
6.437646283873672548e-01
6.445523913714907849e-01
6.452986248902555788e-01
6.460011427768065362e-01
6.466560671619935308e-01
6.472578234134735986e-01
6.477991251211001611e-01
6.482709504842634196e-01
6.486625109902153241e-01
6.489612128584980599e-01
6.491526113156406153e-01
6.492203573309792697e-01
6.491461359656747199e-01
6.489095949516098250e-01
6.484882615067124600e-01
6.478574446963113465e-01
6.469901198488684502e-01
6.458567906081748022e-01
6.444253231264662762e-01
6.426607456317640077e-01
6.405250050747082202e-01
6.379766706677301169e-01
6.349705716847281467e-01
6.314573535495484613e-01
6.273829313577294897e-01
6.226878122634036394e-01
6.173062449818990105e-01
6.111651303044565164e-01
6.041825780045453342e-01
5.962658912858147531e-01
5.873085172360905659e-01
5.771848819318162738e-01
5.657402553554345959e-01
5.527669068278401321e-01
5.379338379669755810e-01
5.205043726374072310e-01
4.974267439238554966e-01
4.639407577453728559e-01
4.734190124608361749e-01
4.463660229833639748e-01
4.193178142403049535e-01
3.891510000796225555e-01
