8.985994173849896072e-01
8.984464537336682710e-01
8.971020981856622223e-01
8.952845130182404132e-01
8.917854723429183839e-01
8.861863760568022830e-01
8.771825031727159550e-01
8.621843386013970933e-01
8.356237312033722997e-01
7.840645449793961497e-01
6.733148781851562292e-01
4.429387662582438545e-01
2.830488792834273126e-01
2.691613031800855205e-01
5.028104133654794916e-01
7.347154173987803238e-01
8.347337967528016822e-01
8.803226691173947627e-01
9.042135115532105027e-01
9.182658776816543522e-01
9.273766479178449096e-01
9.338902110728352080e-01
9.391143056785649090e-01
9.439121967490797793e-01
9.489625981669373989e-01
9.548795402003075194e-01
9.622423914154568658e-01
9.714845171413536429e-01
9.823668330355355138e-01
9.919616792070065081e-01
9.868536154312543829e-01
9.144513603050041795e-01
6.302535718784829655e-01
1.720027873837204901e-01
2.726049030453522870e-02
1.420550086279933066e-01
2.613545515821403264e-01
3.419032209071755646e-01
3.936951016006597359e-01
4.271903268677451071e-01
4.489844283444734963e-01
4.630515989350835748e-01
4.718408326133360364e-01
4.769144546710990529e-01
4.793025957393297065e-01
4.797028952889387243e-01
4.785962394852659729e-01
4.763148559578752606e-01
4.730888040704325781e-01
4.690171410081071524e-01
4.643112119306793129e-01
4.588592802519689817e-01
4.526509235441361634e-01
4.454838916315587150e-01
4.374193099947154550e-01
4.277548731776907864e-01
4.159976786838576746e-01
4.010947973064362682e-01
3.811762432925851485e-01
3.526345397162194417e-01
3.077501527088594147e-01
2.288661205518254249e-01
1.223870717021086629e-01
4.358772686094256055e-01
6.330091881745782967e-01
8.097571168535578900e-01
7.166590485766831664e-01
6.646222323487495087e-01
5.141498434344282664e-01
5.954007445764615269e-01
5.869625719725108937e-01
5.794015536965635427e-01
5.738358319370377991e-01
5.699893934065144441e-01
5.675381782201260883e-01
5.662281014740635499e-01
5.658709027584006845e-01
5.663276339435513451e-01
5.674948078172461496e-01
5.692944092567352454e-01
5.716669113782901768e-01
5.745663875790709696e-01
5.779570484023626165e-01
5.818107469203345206e-01
5.861051494073589163e-01
5.908223717953261511e-01
5.959479543532768542e-01
6.014701035373486437e-01
6.073791907149999059e-01
6.136676029844643221e-01
6.203303177369919874e-01
6.273675356568710892e-01
6.347951598431653686e-01
6.427005752680318151e-01
6.520136954067659030e-01
6.564589211943058222e-01
6.661569284044057682e-01
6.751424301142016082e-01
6.841520487841621367e-01
6.931716304321487998e-01
7.020058061261211790e-01
7.100670225147779346e-01
7.147057975947513908e-01
6.043410076734635483e-01
7.619041152305959796e-01
7.646120825905411422e-01
7.726541299949191144e-01
7.818243302426416408e-01
7.912853898100536965e-01
8.006969143222570917e-01
8.098391337509007748e-01
8.185153608004843706e-01
8.265051820499357271e-01
8.335046351326123037e-01
8.389134389671312197e-01
8.392504156441262797e-01
8.417057601453004079e-01
8.529180184229403494e-01
8.483494663944518566e-01
8.396276881888257160e-01
8.232625070797836564e-01
7.943082558394475301e-01
7.439950502340380023e-01
6.583761443018136816e-01
5.191554242253866303e-01
3.297964848314980379e-01
1.510403239632078787e-01
5.802195279971068820e-02
7.886523182768957752e-02
1.113401046412475087e-01
1.330058322341965416e-01
7.239980111314434086e-02
1.385837380136360764e-01
4.544377107776284563e-01
8.377670658843719975e-01
9.205436888809195306e-01
9.114016769651240857e-01
8.908744601092780657e-01
8.707767117440897708e-01
8.523365426831742697e-01
8.352614777338703833e-01
8.191574035886426408e-01
8.037319255887016567e-01
7.887907038549030192e-01
7.742036908406519924e-01
7.598675269846862923e-01
7.456468644870705154e-01
7.311730170451496980e-01
7.138891651394089211e-01
6.584382862675044468e-01
6.984790185892435499e-01
6.836419593131624062e-01
6.588371078797758962e-01
6.683856094207883958e-01
6.511940038258929864e-01
6.417915116656456309e-01
6.317118156587639977e-01
6.221676169714374094e-01
6.131614932694318121e-01
6.046913589710084524e-01
5.967578614075208510e-01
5.893633000320130932e-01
5.825104460253194283e-01
5.762018146748014713e-01
5.704392467682051215e-01
5.652236760815007033e-01
5.605550321135299718e-01
5.564323614125937789e-01
5.528552305671076139e-01
5.497594813523302149e-01
5.472880062946541280e-01
5.453113717553979001e-01
5.438515593887142119e-01
5.429034433935034931e-01
5.424583741443776974e-01
5.425071655787787606e-01
5.430405565515574740e-01
5.440496302352376690e-01
5.455257461641731531e-01
5.474555950154063044e-01
5.492402706452165217e-01
5.528423998092195646e-01
5.561908543076639067e-01
5.600583815572853785e-01
5.644342041206502625e-01
5.693951389290936582e-01
5.749115909988915529e-01
5.798151155913665589e-01
5.675198953343542074e-01
6.151909946689685382e-01
6.269715367355390701e-01
6.482291206939932993e-01
6.829619635770139974e-01
7.418268029284389442e-01
6.475073149329738653e-01
3.665835824183087399e-01
5.608747497460506715e-01
5.382909105049429321e-01
2.422778510570574861e-01
3.617295940254944275e-01
