9.876361424283393031e-01
9.858484212601368313e-01
9.840461636008572821e-01
9.822633142560623920e-01
9.805356462289731567e-01
9.789020984379112056e-01
9.774066371612100124e-01
9.761008635616567064e-01
9.750477106638936187e-01
9.743267523515835027e-01
9.740418817161642373e-01
9.743322890399026548e-01
9.753871149138042540e-01
9.774596295518228617e-01
9.808519822436702063e-01
9.857030094353587124e-01
9.904869397567660494e-01
9.794392298799287078e-01
7.647117743343319063e-01
1.312182046010215708e-01
5.129514955187930436e-01
7.080896170698872671e-01
7.762737445771188405e-01
8.078551177687651741e-01
8.248802245033947100e-01
8.349277817176764538e-01
8.409675401619101098e-01
8.446012857500552196e-01
8.466724036318683533e-01
8.476735162125350609e-01
8.479141286882656559e-01
8.475984618379814872e-01
8.468668802182129918e-01
8.458192541494069516e-01
8.445287911905380307e-01
8.430505692506757853e-01
8.414269888545068410e-01
8.396913634418645689e-01
8.378703460479399734e-01
8.359856072075453337e-01
8.340550184626422947e-01
8.320935018887121171e-01
8.301136493461572785e-01
8.281261799962048586e-01
8.261402822711930716e-01
8.241638719615291819e-01
8.222037884324214785e-01
8.202659444375390851e-01
8.183554404476454103e-01
8.164766511513537051e-01
8.146332893295368249e-01
8.128284502950625656e-01
8.110646381892551160e-01
8.093437732343269353e-01
8.076671758943141377e-01
8.060355184995358080e-01
8.044487243419973233e-01
8.029057714334583151e-01
8.014043037843902040e-01
7.999398089796382338e-01
7.985036841581291123e-01
7.970779302306527647e-01
7.956167814035858266e-01
7.939517230693581284e-01
7.904460362440290933e-01
7.948069136854883920e-01
7.923498198247561630e-01
7.908921404199691363e-01
7.896451365027065128e-01
7.884826448140355160e-01
7.873693823805753000e-01
7.863094400685118890e-01
7.854417457381108747e-01
7.809381426518804403e-01
7.820626494538719387e-01
7.809562916986328984e-01
7.796402332522164302e-01
7.781769529724871237e-01
7.765560803370739063e-01
7.747489665963858130e-01
7.727163105048830971e-01
7.704087967306999518e-01
7.677656546929599868e-01
7.647120034826114798e-01
7.611549903656147364e-01
7.569783936022400628e-01
7.520350839047613700e-01
7.461363791939852330e-01
7.390367777615071132e-01
7.304116692963116275e-01
7.198241609428949195e-01
7.066747108508545372e-01
6.901231795559448212e-01
6.689663025418055575e-01
6.414440814800272950e-01
6.049407613481577739e-01
5.555708316701034599e-01
4.878499633434372762e-01
3.956815294823360918e-01
2.795523623500480448e-01
1.685710531689670333e-01
1.273925371332416123e-01
1.794583135781345207e-01
3.268038949139195903e-01
5.518473221151821706e-01
7.435987635241647631e-01
8.587949970051486082e-01
9.204058710789808639e-01
9.530092833086263315e-01
9.706260999275205803e-01
9.803873177163132668e-01
9.859086513322982137e-01
9.890599295080373388e-01
9.907650061922039786e-01
9.898304992487743093e-01
9.939910871928713254e-01
9.940602238410265468e-01
9.943146384764144363e-01
9.945529217695545654e-01
9.947618171441164892e-01
9.949397268783383153e-01
9.950820383557656967e-01
9.951803291293148668e-01
9.952233622049925232e-01
9.951980931193964430e-01
9.950904314163113717e-01
9.948857743208461279e-01
9.945693706133704737e-01
9.941265655984834471e-01
9.935429640141828500e-01
9.928045349284814192e-01
9.918976708671172204e-01
9.908091968196828248e-01
9.895262779179070378e-01
9.880359350497167625e-01
9.863214911863780188e-01
9.839162579726016267e-01
9.822604619748663834e-01
9.798336010998057732e-01
9.771562036726246792e-01
9.742152051262362722e-01
9.710018527266836008e-01
9.675091494269356662e-01
9.637301818163458433e-01
9.592498287851857208e-01
9.551791918187105823e-01
9.504986956781055207e-01
9.454806258496334381e-01
9.401269800718231595e-01
9.344286143033624370e-01
9.283717736090409955e-01
9.219370693044356413e-01
9.150953845702223255e-01
9.077977853320936541e-01
8.999471479079247382e-01
8.912954592707090784e-01
8.808721717950734886e-01
8.582518544539797789e-01
8.650276110111385641e-01
8.600664730915124068e-01
8.492547431059827012e-01
8.378945459190419998e-01
8.258847237990369905e-01
8.130477055646058160e-01
7.991820163036129632e-01
7.840337038930218494e-01
7.672584233452417468e-01
7.483649943417423067e-01
7.266202969744155471e-01
7.008753033515611186e-01
6.692225105365556814e-01
6.282662400136347358e-01
5.714355939272270923e-01
4.848968229233915905e-01
3.405665117488784754e-01
1.532518574724105187e-01
3.235899578301537627e-01
9.668973214428440155e-01
9.434406506475188081e-01
8.755221465732461184e-01
8.209416538030116506e-01
7.745994543059271376e-01
7.340126892642235834e-01
6.981884136222301640e-01
6.694324792393616663e-01
6.556054858910013161e-01
6.443805290171604749e-01
4.864442201730435622e-01
4.398746500551571903e-01
2.652312701169144415e-01
1.632695569603091479e-01
2.397434608530518430e-01
3.973107786845750944e-01
5.429782987126018368e-01
6.866159302863924507e-01
8.035094219058485088e-01
8.776600826214534523e-01
9.181711606062468167e-01
9.373006198330402494e-01
9.439601669912189852e-01
