9.816706217313138083e-01
9.826264584942275837e-01
9.835626733974796032e-01
9.844737915495356262e-01
9.853556541131273105e-01
9.862052632121821594e-01
9.870206288657409344e-01
9.878006210048497771e-01
9.885448289608382844e-01
9.892534302155346904e-01
9.899270696792420443e-01
9.905667503065569424e-01
9.911737354733928251e-01
9.917494632142271893e-01
9.922954721527651456e-01
9.928133387478464966e-01
9.933046253104869105e-01
9.937708381248209211e-01
9.942133949195457454e-01
9.946336008785009453e-01
9.950326323502871606e-01
9.954115274059599505e-01
9.957711824010306856e-01
9.961123537163726338e-01
9.964356638796936227e-01
9.967416112985045817e-01
9.970305828656041980e-01
9.973028687210090393e-01
9.975586784678003305e-01
9.977981581328357885e-01
9.980214071309319035e-01
9.982284944177066688e-01
9.984194728869848490e-01
9.985943908533283508e-01
9.987532991271541594e-01
9.988962516758936871e-01
9.990232970890123854e-01
9.991344568894467981e-01
9.992296849565808214e-01
9.993087996126285288e-01
9.993713757497826311e-01
9.994165778720556226e-01
9.994429046559544227e-01
9.994477991531260930e-01
9.994270518343177923e-01
9.993738788024527642e-01
9.992774810289084542e-01
9.991207568628822644e-01
9.988766000739741635e-01
9.985017709859522750e-01
9.979264748642980853e-01
9.970360779072973134e-01
9.956378329575733543e-01
9.933976643427624431e-01
9.897138213472495005e-01
9.834487312104424062e-01
9.723182425774746784e-01
9.513850714019252974e-01
9.090712333874677586e-01
8.166959708285327357e-01
6.052567963806906315e-01
2.043170129451286898e-01
1.587512173421476783e-02
2.836311431223201840e-01
5.277131124205460821e-01
6.666343308689922642e-01
7.454932953287973785e-01
7.932421473037236659e-01
8.240109744831162208e-01
8.448482000503794165e-01
8.595006762766225217e-01
8.700919415142105429e-01
8.778954361984768751e-01
8.837123774628776740e-01
8.880671528931061154e-01
8.913107264965233201e-01
8.935923430610052121e-01
8.955403457625057406e-01
8.967029207951696668e-01
8.974482626823215847e-01
8.978337379089758041e-01
8.979153582507116704e-01
8.977386861351597247e-01
8.973404637318360688e-01
8.967505326800077059e-01
8.959933888092556087e-01
8.950893940333232157e-01
8.940557383477371056e-01
8.929072465112450896e-01
8.916571312232868252e-01
8.903178367510780067e-01
8.889022499264377375e-01
8.874259589069730669e-01
8.859126116641832249e-01
8.844101770169544574e-01
8.830599448712830313e-01
8.826623336719048307e-01
8.654423044893905237e-01
8.742886390585591361e-01
8.731322571716134684e-01
8.713746839199939531e-01
8.694084098204253319e-01
8.673226886944107594e-01
8.651489349975822751e-01
8.629008092190024737e-01
8.605848705046037495e-01
8.582042585773232979e-01
8.557601994261825329e-01
8.532526956775664528e-01
8.506808679695467834e-01
8.480431302976826347e-01
8.453372788458053400e-01
8.425605316701758607e-01
8.397095378455667891e-01
8.367803656762470288e-01
8.337684749277521901e-01
8.306686754316526811e-01
8.274750727575110876e-01
8.241810003092974179e-01
8.207789356273520465e-01
8.172603958892420417e-01
8.136158009478110520e-01
8.098342726019063242e-01
8.059032678694704188e-01
8.018076148121584534e-01
7.975252860719402870e-01
7.929857179016859270e-01
7.863658968207393185e-01
7.834800026998682831e-01
7.783582514128463137e-01
7.729178331192533280e-01
7.671574059063490658e-01
7.610456699108840706e-01
7.545439081391571712e-01
7.476074391927105545e-01
7.401851736497171430e-01
7.322187342194187432e-01
7.236413412921021138e-01
7.143764865599928626e-01
7.043363801456069551e-01
6.934201478457234780e-01
6.815117562824595243e-01
6.684776534114402757e-01
6.541641337459257466e-01
6.383944796411508138e-01
6.209660052208343384e-01
6.016472592766098915e-01
5.801758612491721978e-01
5.562578016755616028e-01
5.295696112603764938e-01
4.997656960751121202e-01
4.664944784321811699e-01
4.294288872848808225e-01
3.883191937069825905e-01
3.430787721445270888e-01
2.939147396005582502e-01
2.415124748149176936e-01
1.872701425669305586e-01
1.335492662118505369e-01
8.385655726988852643e-02
4.281343083567472341e-02
1.574711946525727754e-02
7.824518918693734726e-03
2.290930607982481076e-02
6.277352666157358374e-02
1.283445483768484718e-01
2.351780261382736270e-01
1.624976772224315802e-01
2.979484733366860039e-01
3.913139912710305035e-01
4.701052051392884401e-01
5.384680048057182145e-01
5.974229800062104134e-01
6.477945564032148162e-01
6.905097033380693805e-01
7.265423775601869139e-01
7.568342000019039340e-01
7.822442940142884105e-01
8.035272994257244283e-01
8.213293714862565098e-01
8.361902833964096615e-01
8.484584685510776492e-01
8.590582895385431295e-01
8.675708675158788630e-01
8.746259999913913452e-01
8.804237774996771515e-01
8.851596555439420477e-01
8.890184145493821299e-01
8.922146632471317229e-01
8.952689798696246148e-01
8.866070541168789010e-01
8.954827274507357604e-01
8.969202172784862537e-01
8.976614913074190127e-01
8.980454782003256531e-01
8.981884597960517747e-01
8.981573157387064965e-01
8.979904603511694727e-01
8.976765490330067543e-01
8.969813277939839846e-01
