9.855112481552821269e-01
9.860102651581258426e-01
9.865949127723716572e-01
9.872381185341206900e-01
9.879163115558051711e-01
9.886093294552127375e-01
9.893002633613310337e-01
9.899752570139627172e-01
9.906232737100152397e-01
9.912358427513932035e-01
9.918067951312027342e-01
9.923319964591218456e-01
9.928090835768719202e-01
9.932372099424371381e-01
9.936168036614856369e-01
9.939493410068228618e-01
9.942371373777910692e-01
9.944831569019489947e-01
9.946908412577653014e-01
9.948639577841046355e-01
9.950064665327065239e-01
9.951224055963621140e-01
9.952157938002434978e-01
9.952905496650880091e-01
9.953504254289977649e-01
9.953989548396539044e-01
9.954394133950921209e-01
9.954747897082364405e-01
9.955077666953194848e-01
9.955407113321383950e-01
9.955756717824347790e-01
9.956143807739021856e-01
9.956582641772568909e-01
9.957084538263822893e-01
9.957658037052508071e-01
9.958309087125338799e-01
9.959041253011040595e-01
9.959855933705644704e-01
9.960752588709739230e-01
9.961728966492544579e-01
9.962781331398622431e-01
9.963904685649619397e-01
9.965092983687947603e-01
9.966339336640808177e-01
9.967636205163461494e-01
9.968975579358366756e-01
9.970349144839070199e-01
9.971748434347129653e-01
9.973164964618168593e-01
9.974590358445357685e-01
9.976016452092040243e-01
9.977435388394485516e-01
9.978839696025166850e-01
9.980222355517479604e-01
9.981576852734922456e-01
9.982897220542398253e-01
9.984178069481756124e-01
9.985414608287808136e-01
9.986602655098690828e-01
9.987738640215020336e-01
9.988819601258372982e-01
9.989843171563813629e-01
9.990807562614224535e-01
9.991711541300799526e-01
9.992554402753407450e-01
9.993335939455348926e-01
9.994056407307894130e-01
9.994716489277463145e-01
9.995317257209259676e-01
9.995860132354134064e-01
9.996346845109213008e-01
9.996779394433112920e-01
9.997160007360348377e-01
9.997491098995012759e-01
9.997775233330948863e-01
9.998015085212388353e-01
9.998213403710777269e-01
9.998372977174958542e-01
9.998496600168724768e-01
9.998587042496577260e-01
9.998647020492871240e-01
9.998679170725004450e-01
9.998686026245832137e-01
9.998669995514828379e-01
9.998633344095890774e-01
9.998578179221803142e-01
9.998506437312812967e-01
9.998419874527686435e-01
9.998320060416662214e-01
9.998208374750893190e-01
9.998086007589954693e-01
9.997953962663211902e-01
9.997813064127903937e-01
9.997663966780456768e-01
9.997507169798319770e-01
9.997343034088016500e-01
9.997171803322976169e-01
9.996993628756611905e-01
9.996808597884488945e-01
9.996616767023513983e-01
9.996418197853650378e-01
9.996212997917377496e-01
9.996001365013545970e-01
9.995783635290087510e-01
9.995560334675659409e-01
9.995332232985383314e-01
9.995100399616969611e-01
9.994866259057493263e-01
9.994631643393118159e-01
9.994398837412660219e-01
9.994170609417522000e-01
9.993950217008806813e-01
9.993741371096902526e-01
9.993548131821820002e-01
9.993374694793906166e-01
9.993225001219561143e-01
9.993102064513270655e-01
9.993006837209675863e-01
9.992936324142327464e-01
9.992880441287383952e-01
9.992816748182210551e-01
9.992701493807215618e-01
9.992454098403423801e-01
9.991929572737058285e-01
9.990867926843383096e-01
9.988797692996808086e-01
9.984842958056785456e-01
9.977314026499465305e-01
9.962773048364129691e-01
9.933693207522512614e-01
9.871840810863231619e-01
9.726280908908099265e-01
9.322154112484548616e-01
7.860394181827217164e-01
1.976541614017386372e-01
3.022262978150890844e-01
7.106853241726485138e-01
8.411806786965281280e-01
8.933983114031126549e-01
9.193372493303698656e-01
9.341304391596567669e-01
9.432980392253880186e-01
9.490050651667739645e-01
9.517808893239603218e-01
9.558122503400990899e-01
9.590380686654855769e-01
9.610887700723690363e-01
9.625490466534829537e-01
9.636359457248757643e-01
9.644574068742250983e-01
9.650795652301791261e-01
9.655473921825514783e-01
9.658932323553139909e-01
9.661411519669830250e-01
9.663094593080328032e-01
9.664122874742639979e-01
9.664606413160502507e-01
9.664631154481730935e-01
9.664264000907371033e-01
9.663556451922250545e-01
9.662547275004486069e-01
9.661264500267039423e-01
9.659726939629991183e-01
9.657945371315489469e-01
9.655923491396170011e-01
9.653658708186718673e-01
9.651142837904778116e-01
9.648362748487777640e-01
9.645300991031402482e-01
9.641936454061191819e-01
9.638245074213536157e-01
9.634200637878097551e-01
9.629775712254466935e-01
9.624942752075967833e-01
9.619675441731252441e-01
9.613950354873727067e-01
9.607749050571559035e-01
9.601060786874106023e-01
9.593886138353766579e-01
9.586241990048414152e-01
9.578168718555297723e-01
9.569741012566252980e-01
9.561085061846967825e-01
9.552407534712006321e-01
9.544047842147060923e-01
9.536580124473298392e-01
9.531032183302137195e-01
9.529415995277791263e-01
9.536239347704501546e-01
9.563887362662750746e-01
9.653719536225091602e-01
7.357619958757988243e-01
9.064048391199892585e-01
9.193382581459147440e-01
9.224650804356598899e-01
9.230400494886846774e-01
9.225927652451956229e-01
9.216445656343177362e-01
9.204234924218770431e-01
9.190449174963960521e-01
