9.942577764220388303e-01
9.943154357320355130e-01
9.943804809361792563e-01
9.944503683287323481e-01
9.945229336932325248e-01
9.945963731659112073e-01
9.946692192141987077e-01
9.947403132816390325e-01
9.948087764049161619e-01
9.948739788860849753e-01
9.949355099021489623e-01
9.949931477558278115e-01
9.950468313144238408e-01
9.950966330473143273e-01
9.951427339548228890e-01
9.951854005823316252e-01
9.952249642292602116e-01
9.952618023938561986e-01
9.952963224395474651e-01
9.953289474230028189e-01
9.953601039912183257e-01
9.953902122286655274e-01
9.954196773177945712e-01
9.954488828646819165e-01
9.954781857354645380e-01
9.955079122467340724e-01
9.955383555553848351e-01
9.955697740969645659e-01
9.956023909289537510e-01
9.956363938428270943e-01
9.956719361182335692e-01
9.957091378023243955e-01
9.957480874083898259e-01
9.957888439368690614e-01
9.958314391337106386e-01
9.958758799097578995e-01
9.959221508556402869e-01
9.959702167944373130e-01
9.960200253241096036e-01
9.960715093085991123e-01
9.961245892844614591e-01
9.961791757557579841e-01
9.962351713564631117e-01
9.962924728646018746e-01
9.963509730566761924e-01
9.964105623958844360e-01
9.964711305502071959e-01
9.965325677400383997e-01
9.965947659172740281e-01
9.966576197803902470e-01
9.967210276307911787e-01
9.967848920785580269e-01
9.968491206051179887e-01
9.969136259925990284e-01
9.969783266292459034e-01
9.970431467012063065e-01
9.971080162807114400e-01
9.971728713209143669e-01
9.972376535676653608e-01
9.973023103978356785e-01
9.973667945939371782e-01
9.974310640642399806e-01
9.974950815169298934e-01
9.975588140968285611e-01
9.976222329920996224e-01
9.976853130186227325e-01
9.977480321882614689e-01
9.978103712675346904e-01
9.978723133321559802e-01
9.979338433227422644e-01
9.979949476062114355e-01
9.980556135469353940e-01
9.981158290917525600e-01
9.981755823717769482e-01
9.982348613240066282e-01
9.982936533353327091e-01
9.983519449108630983e-01
9.984097213689639982e-01
9.984669665639267500e-01
9.985236626378563018e-01
9.985797898029955544e-01
9.986353261551086380e-01
9.986902475184574746e-01
9.987445273230071141e-01
9.987981365142800660e-01
9.988510434956873185e-01
9.989032141036087165e-01
9.989546116152202559e-01
9.990051967885972273e-01
9.990549279353768686e-01
9.991037610250236289e-01
9.991516498211083785e-01
9.991985460485169890e-01
9.992443995914414012e-01
9.992891587218790672e-01
9.993327703577346011e-01
9.993751803500776631e-01
9.994163337994018681e-01
9.994561753997963649e-01
9.994946498106705990e-01
9.995317020556665488e-01
9.995672779476526548e-01
9.996013245399796299e-01
9.996337906026797615e-01
9.996646271238970316e-01
9.996937878352827322e-01
9.997212297620308163e-01
9.997469137965739883e-01
9.997708052963264480e-01
9.997928747060116361e-01
9.998130982050589255e-01
9.998314583814340573e-01
9.998479449345316628e-01
9.998625554096607360e-01
9.998752959696346476e-01
9.998861822100879593e-01
9.998952400284188968e-01
9.999025065605916529e-01
9.999080312060746323e-01
9.999118767688741638e-01
9.999141207560519051e-01
9.999148568920099844e-01
9.999141969339109259e-01
9.999122729137092103e-01
9.999092399935625153e-01
9.999052802188964639e-01
9.999006076082866956e-01
9.998954752763524745e-01
9.998901857220913181e-01
9.998851061819395980e-01
9.998806923478186226e-01
9.998775264275847618e-01
9.998763809130523095e-01
9.998783309521703799e-01
9.998849648102123844e-01
9.998988090605923640e-01
9.999242755753324774e-01
9.999700661373401855e-01
1.000056536305703681e+00
1.000245967238578171e+00
1.000854408962503550e+00
9.940503836716333419e-01
9.987185445330422073e-01
9.991539251488280593e-01
9.993167496248139825e-01
9.994055513411364000e-01
9.994654372266811304e-01
9.995123608500988688e-01
9.995534549468154673e-01
9.995924127876733012e-01
9.996313346672666134e-01
9.996714717866463928e-01
9.997135549534655885e-01
9.997579410530864630e-01
9.998046654751859830e-01
9.998534342124950625e-01
9.999035645018076179e-01
9.999538674996280019e-01
1.000002451966552242e+00
1.000046408388245434e+00
1.000081301209756468e+00
1.000100340540325705e+00
1.000092999375986169e+00
1.000042636412528996e+00
9.999222622745050915e-01
9.996866741527701272e-01
9.992570841244813318e-01
9.984891659036182476e-01
9.971013525806188271e-01
9.944975110493518011e-01
9.892687448750225876e-01
9.775269261818507749e-01
9.457400465952783275e-01
8.264964467144089166e-01
2.856255009040813975e-01
3.627551260142908296e-01
7.446014982520828829e-01
8.802727249179308489e-01
9.269498064659764669e-01
9.481636836476560193e-01
9.596372354771147695e-01
9.665514557316247091e-01
9.710189019689428047e-01
9.740379412054404051e-01
9.761336722292709434e-01
9.776056858434222230e-01
9.786363301511303847e-01
9.793427200912291353e-01
9.798036817656753383e-01
9.800746004506190046e-01
9.801960356459917811e-01
9.801989428774962043e-01
9.801079589114194413e-01
9.799435347149390019e-01
9.797233561870731799e-01
9.794633082046341199e-01
9.791781346656290852e-01
9.788818877861248380e-01
9.785882244519000794e-01
9.783105856458157445e-01
