1.905783362970272776e+01
1.571289849526659488e+01
1.300421730927898700e+01
1.080625523602343030e+01
9.019132661923382699e+00
7.563239480180760310e+00
6.375004268260755502e+00
5.403565578903810618e+00
4.608149047917419416e+00
3.955997635709231464e+00
3.420736049034897697e+00
2.981076514820676593e+00
2.619793342648068624e+00
2.322909433109594524e+00
2.079049757681935340e+00
1.878948711516446934e+00
1.714957891351554187e+00
1.580258698827120334e+00
1.471459735592488327e+00
1.382557882006902883e+00
1.310572109957215403e+00
1.252553345088097680e+00
1.206035464505993415e+00
1.168952657695645048e+00
1.139571719617161749e+00
1.116437359525667805e+00
1.098327942576019289e+00
1.084219499284579280e+00
1.073256258352830672e+00
1.064726311753361632e+00
1.058041314441251934e+00
1.052719386271074420e+00
1.048370809684648464e+00
1.044690909602334905e+00
1.041387176020606153e+00
1.038326920894012018e+00
1.035398018545669485e+00
1.032434366968298933e+00
1.029252914881670478e+00
1.026164953358781995e+00
1.022804295146529485e+00
1.019216221739289274e+00
1.015338058933915155e+00
1.011057337065333073e+00
1.006170611731600717e+00
1.000306571164991443e+00
9.927774663253509102e-01
9.822695853750195161e-01
9.661403878960143077e-01
9.386565797862599370e-01
8.860689951306403023e-01
7.716749011547556769e-01
5.008577239500766609e-01
7.834409894921297302e-02
2.223455595682457264e-01
6.135084944976915144e-01
8.135319505827499631e-01
9.073398216067338762e-01
9.556206265511475451e-01
9.806773970177637967e-01
9.898236155229038769e-01
9.839423225912533599e-01
9.603971774766790759e-01
9.141711101646247117e-01
8.404155834264360747e-01
7.352341170705780637e-01
6.015302406653044720e-01
4.511566755422892760e-01
3.034971206753197537e-01
1.781641356070945426e-01
8.699180468795245091e-02
3.146765779931787188e-02
5.863362690174043351e-03
1.913237088174185108e-03
1.196424744277843968e-02
3.017839720191041117e-02
5.256767857622265949e-02
7.659889492498729580e-02
1.007490150717429561e-01
1.241437206312982072e-01
1.463885681950100881e-01
1.672187686542763729e-01
1.865976874367107075e-01
2.045438356876405905e-01
2.211145275103753860e-01
2.363807361874356028e-01
2.504111072532057003e-01
2.632608450875358885e-01
2.749626005605034229e-01
2.855170443955629134e-01
2.948807297938611516e-01
3.029479932242324924e-01
3.095214924078447671e-01
3.142611801397796056e-01
3.165905807975183395e-01
3.155126455233786542e-01
3.092165468722687383e-01
2.941448733579097863e-01
2.624729672589828366e-01
1.944584029292422134e-01
5.321442723961911092e-02
4.701651658840783621e-01
8.019486689854204986e-01
6.000909711356637866e-01
7.967829432120885347e-01
6.971087328223098956e-01
6.706291435969867765e-01
6.608891919844869234e-01
6.589066347988205008e-01
6.614381676998271065e-01
6.669292583724395485e-01
6.744903741168568612e-01
6.837659237515993915e-01
6.941649895027474093e-01
7.055817224746933070e-01
7.178293606619375877e-01
7.307724745258101784e-01
7.443023675221458468e-01
7.583269385147901609e-01
7.727645691991482657e-01
7.875402271591966930e-01
8.025830236665947304e-01
8.178248498256440735e-01
8.331999468491929628e-01
8.486455189417423384e-01
8.641042435457879645e-01
8.795368294785884666e-01
8.946083213284784508e-01
9.099944178701565578e-01
9.251075760251128433e-01
9.402759821499642179e-01
9.555948498522953694e-01
9.716551572687238680e-01
9.898285804484506789e-01
1.014521148478029433e+00
1.069479524798234049e+00
4.220162308581926203e-01
9.254811275728213049e-01
9.663555194508767210e-01
9.839577103395151791e-01
9.943778168554331387e-01
1.001286512229108139e+00
1.005760511279650826e+00
1.008359456496313866e+00
1.009364492892760978e+00
1.008946203269830422e+00
1.007223284779050099e+00
1.004288483947977761e+00
1.000220823417320215e+00
9.950913071769547091e-01
9.889651445070529734e-01
9.819018396832109863e-01
9.739536971041362623e-01
9.651628304599703112e-01
9.555563976466073806e-01
9.451393636323554004e-01
9.338834710215720980e-01
9.217100330981885525e-01
9.084621782656285838e-01
8.938581583490053939e-01
8.774080311131423615e-01
8.582438277522369541e-01
8.339872557427726596e-01
8.050631139395230118e-01
7.636820601980515155e-01
6.997287304801123042e-01
5.911952918294558490e-01
3.944828698968271263e-01
1.205596064354166053e-01
1.973647324212254306e-01
6.060933529405337916e-01
8.281319572003040808e-01
9.111682559067288967e-01
9.330816840580391514e-01
9.107090543472643462e-01
8.263123425029310631e-01
6.447173989528097726e-01
3.869520334325382005e-01
2.251341894506473651e-01
2.661752343975001267e-01
4.120477383432746832e-01
5.719290762139216389e-01
7.230896350163691366e-01
8.684893440098291340e-01
1.018202129598887451e+00
1.186638845115062235e+00
1.402429918474395798e+00
1.759114537495811481e+00
1.087234882624419807e+00
1.480558861710865148e+00
1.838703552336240721e+00
2.180890501205474674e+00
2.558419898985909935e+00
2.995622496536054502e+00
3.513571629603584157e+00
4.133819681712315841e+00
4.881809630264879907e+00
5.788383783908785496e+00
6.891500110435208271e+00
8.238233356904702376e+00
