6.298848579934515080e-01
6.373409272357190014e-01
6.426074578643362623e-01
6.460293221146780063e-01
6.479479276024970869e-01
6.486927647398600394e-01
6.485749269343810131e-01
6.478823389440696578e-01
6.468764469377676907e-01
6.457901437204387474e-01
6.448267233431028700e-01
6.441596802321188919e-01
6.439331885113449561e-01
6.442631169449867246e-01
6.452384536122444114e-01
6.469230318387129142e-01
6.493574649231328433e-01
6.525612117487763486e-01
6.565347084261449195e-01
6.612615126835696966e-01
6.667104178301981321e-01
6.728375017834707927e-01
6.795880839016015251e-01
6.868985681641753827e-01
6.946981554994858810e-01
7.029104104958843191e-01
7.114546677464774760e-01
7.202472593138865564e-01
7.292025342423529288e-01
7.382336165757180657e-01
7.472527920767358944e-01
7.561712766428227983e-01
7.648977502394544992e-01
7.733339021566337790e-01
7.813610032853919307e-01
7.887907917595642360e-01
7.950903877840324041e-01
7.937346488132721589e-01
8.153999676387817530e-01
8.181740875950774816e-01
8.222514753883284344e-01
8.258831924479469455e-01
8.287371193997339347e-01
8.306446168022391108e-01
8.314655151629166685e-01
8.310529394890232568e-01
8.292358284491028186e-01
8.258040678927313083e-01
8.204911445842081319e-01
8.129488895215831734e-01
8.026895143588360648e-01
7.885111420339431243e-01
7.733340617910847703e-01
7.509223835506544376e-01
7.229534455858567243e-01
6.878153995913915963e-01
6.439664083850454857e-01
5.899003010258230262e-01
5.244982515425761216e-01
4.476728457844660336e-01
3.612735784308819809e-01
2.684384928308615192e-01
1.806870048550862085e-01
1.034081086910674102e-01
4.594425870063446882e-02
1.276038765323282004e-02
3.395829415721102456e-03
1.348532242167502053e-02
3.695317264286464981e-02
6.797329856057934827e-02
1.020016556548617587e-01
1.359793468532695948e-01
1.680968348502269449e-01
1.974366703599250150e-01
2.236535178068084773e-01
2.467386527064887591e-01
2.668652473643220446e-01
2.842816575268164447e-01
2.992880826339450184e-01
3.121623699823909970e-01
3.231764313396325305e-01
3.325810522588089069e-01
3.406074036201658384e-01
3.474721947847028147e-01
3.533876830131619795e-01
3.585801069489850668e-01
3.633272224293094266e-01
3.680479792608978284e-01
3.735671295464804142e-01
3.821876551630071783e-01
4.059789927819321131e-01
2.938099802638049485e-01
2.621539135182093250e-01
3.286296128992953758e-01
3.390456256558018189e-01
3.424827202273311166e-01
3.433654010367644394e-01
3.428834255082383597e-01
3.414945890443630838e-01
3.394062000145063318e-01
3.367148460208984617e-01
3.334552364929512236e-01
3.296147778428986652e-01
3.251233479186506625e-01
3.197888174726624122e-01
3.129541823475185391e-01
2.991343663650476992e-01
3.164532253589680821e-01
3.013798739035926100e-01
2.915876651521685514e-01
2.804524422716040410e-01
2.703694553169224690e-01
2.583703427394584140e-01
2.447487918668369844e-01
2.292872128836320189e-01
2.116991851123964652e-01
1.916849824694148441e-01
1.689758068195109375e-01
1.434772446777912991e-01
1.136615265448638473e-01
8.358894627689390788e-02
5.208623782875760472e-02
2.328256932242870475e-02
3.896128569837216046e-03
5.191256004703458972e-03
4.313769481572185538e-02
1.392336370057427886e-01
2.474358181173227644e-01
4.217824918501077436e-01
5.885512166819918400e-01
7.260651698406552779e-01
8.260510441603032827e-01
8.926836615886507564e-01
9.342275298548586848e-01
9.595799738257406730e-01
9.742002671558017690e-01
9.823672525438275072e-01
9.867350876295448714e-01
9.889545339633382115e-01
9.900314569452981495e-01
9.905642189569683342e-01
9.908955362165283720e-01
9.912080796346416367e-01
9.915844160743720881e-01
9.920446932028753606e-01
9.925704926443449372e-01
9.931200740112177128e-01
9.936382373524005329e-01
9.940628042213504045e-01
9.943289651969446918e-01
9.943722809783724914e-01
9.941308440787390843e-01
9.935469436376123120e-01
9.925684922455958459e-01
9.911504597931708460e-01
9.892566310696373488e-01
9.868622262117792143e-01
9.839584834644343747e-01
9.805617517426460372e-01
9.767337699256904981e-01
9.726334847257399607e-01
9.686769113881710247e-01
9.662040238031188721e-01
9.726050294896864123e-01
7.270990422752701132e-01
9.073954253120124491e-01
9.077448313916335332e-01
9.007692235260453817e-01
8.912616472337524520e-01
8.802777230206018100e-01
8.682146895085098848e-01
8.553054137904575471e-01
8.417654250686447126e-01
8.273390279596870567e-01
8.098412294241257303e-01
7.985199866647219036e-01
7.864296540805947311e-01
7.754743818271201405e-01
7.196141978197688749e-01
7.758576174244012913e-01
8.135757615515358809e-01
7.538445716372147443e-01
4.187025541464080014e-01
1.204314195074547428e-01
5.345151480145558798e-02
7.793596813113080890e-02
1.909863075957058398e-01
4.417473143982235673e-01
7.749088459923600958e-01
9.720279814306724830e-01
9.441478407799236416e-01
7.888477895253478422e-01
5.936548370071177416e-01
3.956628090779644724e-01
2.135830716835451504e-01
7.115440679223161702e-02
4.741244402701239903e-03
4.916511321694989889e-02
2.172065274499175580e-01
2.021238043465648226e-01
