4.484151450434192832e-01
4.606305285262633498e-01
4.725773905872870939e-01
4.842484547084835445e-01
4.956375053555088228e-01
5.067979366203441138e-01
5.177076130039861557e-01
5.284134113343936789e-01
5.389487705830288133e-01
5.493510572244812984e-01
5.596597121215594051e-01
5.699149036116503142e-01
5.801563520982508937e-01
5.904222945739092676e-01
6.007485808630749213e-01
6.111678955645615252e-01
6.217090993062955873e-01
6.323966825317686169e-01
6.432503250090367830e-01
6.542845545872928437e-01
6.655084993436740648e-01
6.769257280625686768e-01
6.885341748797207950e-01
7.003261448140617462e-01
7.122883977194827132e-01
7.244023088429237811e-01
7.366441046081187993e-01
7.489851723996543420e-01
7.613924429566897301e-01
7.738288434698309404e-01
7.862538185997390849e-01
7.986239154125991391e-01
8.108934266934861856e-01
8.230150853144503342e-01
8.349408003947882406e-01
8.466224240110754584e-01
8.580125353457647153e-01
8.690652275842259966e-01
8.797368818241229071e-01
8.899869121145728146e-01
8.997784672348845270e-01
9.090790798458030508e-01
9.178612682238836973e-01
9.261031432887165682e-01
9.337892698909183720e-01
9.409132109042313008e-01
9.474981139140029596e-01
9.530958479671247652e-01
9.587215109250651901e-01
9.634533577892414602e-01
9.678657165953841179e-01
9.716554563412528323e-01
9.749476728761891087e-01
9.776612718207619013e-01
9.801342230405366562e-01
9.821000094522872592e-01
9.836923319874972815e-01
9.849279241911783611e-01
9.858327025515821740e-01
9.864248008846088211e-01
9.867142861736580839e-01
9.867004916456288965e-01
9.863685502963809304e-01
9.856849796697033650e-01
9.845920011334041710e-01
9.830001294736627759e-01
9.807783235588253268e-01
9.777403042120447196e-01
9.736212025309326501e-01
9.678528146128831944e-01
9.608717582522763312e-01
9.509417567056833720e-01
9.377177072569354843e-01
9.200852776912841202e-01
8.966274608658502121e-01
8.655439943841255479e-01
8.246149312564982070e-01
7.712449953407687353e-01
7.026834622622551985e-01
6.165729099499253074e-01
5.120182539559682278e-01
3.912934913447056462e-01
2.619699096074450395e-01
1.386176121183399501e-01
4.275745194187419856e-02
4.385653450164940796e-04
3.886392314745854698e-02
1.836811322381227130e-01
4.484997575420135996e-01
7.785484783122317287e-01
9.493735692875673315e-01
7.662086340748279767e-01
4.374526119244559474e-01
1.975206851106362793e-01
7.021924078014106507e-02
1.533770088332286202e-02
3.050887022870723175e-04
6.319191971519518523e-03
2.319120868138800640e-02
4.541209551826666524e-02
6.997186383292396117e-02
9.521513075021501016e-02
1.202366637748007450e-01
1.445545396913234248e-01
1.679286180539967532e-01
1.902571445179432053e-01
2.115165346125044699e-01
2.317256295701191904e-01
2.509241273490279700e-01
2.691594058826837776e-01
2.864785889256468154e-01
3.029251923579606709e-01
3.185530726423678738e-01
3.325518001935141021e-01
3.470167124510693535e-01
3.601241422689407945e-01
3.722233342023905656e-01
3.833247555106514270e-01
3.932819164052073213e-01
4.018678077194177689e-01
4.091390615368789563e-01
4.141685429269970076e-01
4.167447626365566316e-01
4.156089181366912078e-01
4.112432087276026715e-01
4.001332004711154466e-01
3.802902591542975941e-01
3.474287567949696509e-01
2.946806074892239224e-01
2.120971015735632625e-01
9.454246299968514788e-02
2.869568841391891782e-03
1.951955862301080480e-01
6.395570192017332456e-01
8.872838616128743139e-01
9.631233571245974012e-01
9.801228767767246053e-01
9.809922760200471270e-01
9.784502209345241619e-01
9.760844667087246185e-01
9.747264447915522378e-01
9.743612754228677675e-01
9.747252470932236124e-01
9.754948019805624870e-01
9.763377694753054836e-01
9.769096017039846647e-01
9.768113696023628112e-01
9.754822084561928230e-01
9.718998367485738310e-01
9.635044933587741944e-01
9.401132327068481009e-01
7.536083615393601720e-01
1.087388476651108382e+00
1.030784873769850618e+00
1.013530625288002529e+00
1.003385923415184289e+00
9.953562859845190847e-01
9.879246459213811837e-01
9.803503654737444339e-01
9.728863718095801527e-01
9.649189270876499247e-01
9.565239189360501548e-01
9.476949062025341597e-01
9.384414860878550479e-01
9.287853372133655361e-01
9.187552279879974693e-01
9.083831845710444997e-01
8.977015074730608779e-01
8.867403214190171523e-01
8.755254574868388540e-01
8.640765490125374981e-01
8.524052830690438398e-01
8.405136896793591328e-01
8.283845193489012271e-01
8.153837895259464785e-01
8.032225626482958347e-01
7.901898264916943360e-01
7.766588412136208319e-01
7.624253746700013767e-01
7.461612517211901885e-01
7.352613144118768096e-01
7.176260867959650680e-01
6.997162777321864757e-01
6.806039426021787131e-01
6.596332670811759780e-01
6.364275831433490183e-01
6.104645103511526782e-01
5.811129312522492762e-01
5.476039704530617502e-01
5.090042854090495172e-01
4.642019244854042048e-01
4.119357458022834262e-01
3.509462885561010492e-01
2.804296433922751075e-01
2.011770264663487184e-01
1.180391144348027360e-01
4.407084672579555246e-02
4.562459847073613121e-03
2.624878509932324078e-02
1.144947080055989108e-01
