9.892901248093312061e-01
9.896313153003377661e-01
9.898453711658624643e-01
9.899530508837175447e-01
9.899740849697159506e-01
9.899268856683556272e-01
9.898283448357404479e-01
9.896937069409080800e-01
9.895365050865628787e-01
9.893685489981396408e-01
9.891999550102309469e-01
9.890392091580235689e-01
9.888932555365020916e-01
9.887676030998094889e-01
9.886664450260338466e-01
9.885927856601073316e-01
9.885485708614578648e-01
9.885348183228180874e-01
9.885517450918898108e-01
9.885988901166767873e-01
9.886752301549774913e-01
9.887792878395180729e-01
9.889092310772058525e-01
9.890629632897401935e-01
9.892382042783440799e-01
9.894325617208075130e-01
9.896435934927085842e-01
9.898688611483202893e-01
9.901059750078596844e-01
9.903526313783506119e-01
9.906066424916486479e-01
9.908659597773527006e-01
9.911286911060218641e-01
9.913931126383974668e-01
9.916576759079337444e-01
9.919210107429885515e-01
9.921819246093580569e-01
9.924393989200905875e-01
9.926925828244497207e-01
9.929407849482300152e-01
9.931834635181011617e-01
9.934202152615327908e-01
9.936507634341874562e-01
9.938749452871766810e-01
9.940926992485242808e-01
9.943040520580679331e-01
9.945091060602789801e-01
9.947080268284617111e-01
9.949010312643526976e-01
9.950883762907521968e-01
9.952703482296845205e-01
9.954472529379322365e-01
9.956194067506722867e-01
9.957871282678407709e-01
9.959507310017416959e-01
9.961105168916691843e-01
9.962667706794899880e-01
9.964197551305526979e-01
9.965697070763543941e-01
9.967168342482669585e-01
9.968613128665287926e-01
9.970032859444850626e-01
9.971428622643919715e-01
9.972801159794146830e-01
9.974150867942072063e-01
9.975477806764045940e-01
9.976781710501426703e-01
9.978062004236816218e-01
9.979317824032460926e-01
9.980548040462455806e-01
9.981751285079383251e-01
9.982925979364620783e-01
9.984070365729145191e-01
9.985182540132451212e-01
9.986260485900688710e-01
9.987302108328801609e-01
9.988305269646351459e-01
9.989267823930336743e-01
9.990187651518327439e-01
9.991062692459582451e-01
9.991890978498348952e-01
9.992670663018925481e-01
9.993400048298162197e-01
9.994077609294493847e-01
9.994702013040364097e-01
9.995272132481204386e-01
9.995787053313556214e-01
9.996246071975152248e-01
9.996648682398806551e-01
9.996994548424688043e-01
9.997283457771646287e-01
9.997515252142268327e-01
9.997689726191002491e-01
9.997806485567848345e-01
9.997864750746744411e-01
9.997863088441277801e-01
9.997799045506932103e-01
9.997668650395273859e-01
9.997465733075369121e-01
9.997180993789799297e-01
9.996800720783476368e-01
9.996305012110834332e-01
9.995665288645172453e-01
9.994840781175325928e-01
9.993773512114534352e-01
9.992381034830575270e-01
9.990545777297940022e-01
9.988099149173809144e-01
9.984797409008013824e-01
9.980284271787451811e-01
9.974031637337174017e-01
9.965243186469692205e-01
9.952692924434592969e-01
9.934445577888446621e-01
9.907353431337723171e-01
9.866109821467964336e-01
9.801374997872601691e-01
9.695839190162950372e-01
9.515379827496543985e-01
9.187739294770441711e-01
8.548127298334607937e-01
7.206561376055933277e-01
4.418877168110934006e-01
6.717447007546535620e-02
7.834682013324624494e-02
3.724317608506463317e-01
5.866675523129815106e-01
7.085609843010449715e-01
7.795343966311734096e-01
8.235695389454533721e-01
8.525663756547261496e-01
8.726131846156234273e-01
8.870163047661605571e-01
8.976804612852730125e-01
9.057617281835116385e-01
9.119939179590181855e-01
9.168609099921426475e-01
9.206922878158546597e-01
9.237188128455993130e-01
9.261058754592558229e-01
9.279743642528216485e-01
9.294140782396660416e-01
9.304925703032645989e-01
9.312611042621623536e-01
9.317587331373601289e-01
9.320151147518587198e-01
9.320524443679086835e-01
9.318867330307726293e-01
9.315285537902023849e-01
9.309832877820214403e-01
9.302508011408830990e-01
9.293243319723024642e-01
9.281880836413678448e-01
9.268124125720718087e-01
9.251440379638788958e-01
9.230847657355630842e-01
9.204400343476755175e-01
9.167731252007151888e-01
9.108778908870793778e-01
8.978427439651340825e-01
8.180488165169425008e-01
9.578592275895517760e-01
9.378403395026233547e-01
9.295093414272119769e-01
9.244595528338485080e-01
9.206242449966489660e-01
9.173370658250825649e-01
9.143214536262622705e-01
9.114428871974676882e-01
9.086284598798679557e-01
9.058353693588101496e-01
9.030367826160075051e-01
9.002147901316570611e-01
8.973565647706944759e-01
8.944520846721584206e-01
8.914926627978900786e-01
8.884699070348222039e-01
8.853749121481967466e-01
8.821975729484615725e-01
8.789259545994543288e-01
8.755456828475970399e-01
8.720393356309221744e-01
8.683858373658116525e-01
8.645598947278577695e-01
8.605316208595088501e-01
8.562669024532671980e-01
8.517309353637091407e-01
8.468789458380937551e-01
8.408418599187066356e-01
8.354759260245691044e-01
8.291939232012791594e-01
8.222165657055763299e-01
8.144597229131330662e-01
8.058027556268905212e-01
7.961033176065170913e-01
7.851988265684080037e-01
7.729059111373757229e-01
7.590195657405379714e-01
7.433125752587842472e-01
7.255356306029512314e-01
