9.980703868216002084e-01
9.959172244506049321e-01
9.921932471306545986e-01
9.861724986796152059e-01
9.768525021642869843e-01
9.628691838206628884e-01
9.424075236938290745e-01
9.131369935517035241e-01
8.722362665085303668e-01
8.166253045224411977e-01
7.435742994709473308e-01
6.518325299536255057e-01
5.431724001330532348e-01
4.236898867776708877e-01
3.036693338597488689e-01
1.951809103665931300e-01
1.082297844079582461e-01
4.776735253348083493e-02
1.326837798012129969e-02
4.841930206740445658e-04
3.764680997773159083e-03
1.774568825498918159e-02
3.812959285139803922e-02
6.182087034194013592e-02
8.675387525622835216e-02
1.116364797408228859e-01
1.357142812538097154e-01
1.585879054073623118e-01
1.800832919459053605e-01
2.001642125257414861e-01
2.188752137322027280e-01
2.363053095616391153e-01
2.525653692729347699e-01
2.677743559588562361e-01
2.820511990500907396e-01
2.955102076019605062e-01
3.082586799308197345e-01
3.203958556634421972e-01
3.320126920880220323e-01
3.431820087457892465e-01
3.540079917064392068e-01
3.645302098702397631e-01
3.748193204112971744e-01
3.849309216298060221e-01
3.949151758246256527e-01
4.048173450732511780e-01
4.146782374794119042e-01
4.245345923777710251e-01
4.344194093549452185e-01
4.443622248595531787e-01
4.543893404613854048e-01
4.645240070276018263e-01
4.747865691351351169e-01
4.851945740002954199e-01
4.957628491367753187e-01
5.065035528936501219e-01
5.174262019978272953e-01
5.285376802420119757e-01
5.398422325208752648e-01
5.513414485188210534e-01
5.630342404821632174e-01
5.749168196504840234e-01
5.869826760568598312e-01
5.992225665125672229e-01
6.116245156424402474e-01
6.241738348072393139e-01
6.368531636104771687e-01
6.496425384157570315e-01
6.625194918725889615e-01
6.754591868483221795e-01
6.884345873806334559e-01
7.014166682994358304e-01
7.143746640307567786e-01
7.272763558109084370e-01
7.400883951459245047e-01
7.527766598979181989e-01
7.653066379274795494e-01
7.776438318406632133e-01
7.897541771508093111e-01
8.016044651464344639e-01
8.131627610202195600e-01
8.243988074167357682e-01
8.352844035363420350e-01
8.457937503063001072e-01
8.559037528905751868e-01
8.655942729254652024e-01
8.748483242854250275e-01
8.836522078249571255e-01
8.919955823145911955e-01
8.998714705825009430e-01
9.072762015527825463e-01
9.142092902580063463e-01
9.206732586598581625e-01
9.266733993969441530e-01
9.322174795516301460e-01
9.373153599557311200e-01
9.419783957237308769e-01
9.462175838856181631e-01
9.500068784574307035e-01
9.535369091073266912e-01
9.565968383052483315e-01
9.592581617482335288e-01
9.616871763396316330e-01
9.637234166934610657e-01
9.654440075508948782e-01
9.668585118663604039e-01
9.679742032487740344e-01
9.687990414119892479e-01
9.693342315114154006e-01
9.695791702244014321e-01
9.695287457222035998e-01
9.691729885313763448e-01
9.684963961384208675e-01
9.674771559122256059e-01
9.660862559238636571e-01
9.642864699514800408e-01
9.620312458982895887e-01
9.592640648135757342e-01
9.558817003932933432e-01
9.518794991635903813e-01
9.470943265836991865e-01
9.414138022119563631e-01
9.346992500266576576e-01
9.267814215726477567e-01
9.174609387781276215e-01
9.065039519596115314e-01
8.936374673646998446e-01
8.785446511295077476e-01
8.608606142713876030e-01
8.401695282977797996e-01
8.160044441354959988e-01
7.878519400410470830e-01
7.551647478431374738e-01
7.173867864743975753e-01
6.739964101292665877e-01
6.245747074758887241e-01
5.689054198121968886e-01
5.071098368458168970e-01
4.398116075700576610e-01
3.683107021591796593e-01
2.947231407789512869e-01
2.220199745825421622e-01
1.538905851984520567e-01
9.438214242366199658e-02
4.733971787994938757e-02
1.576996130614982325e-02
1.320135257555649826e-03
4.046816854693297862e-03
2.253935384694038743e-02
5.432435622670810788e-02
9.639049325193006779e-02
1.456735832391526930e-01
1.994053041117408998e-01
2.553069376949537728e-01
3.117101630530984546e-01
3.666438054629626575e-01
4.204993369137803860e-01
4.720473390603380226e-01
5.211218653486618946e-01
5.677582338790468919e-01
6.118984580785399308e-01
6.537566519576798463e-01
6.935327794020759162e-01
7.314703908613736649e-01
7.678381414729897880e-01
8.029165258198299737e-01
8.369768305722100621e-01
8.702309147511015919e-01
9.026949122229441791e-01
9.337982466789392921e-01
9.611887187749009742e-01
9.767563743982242697e-01
9.522243749429515347e-01
7.900352932877090506e-01
3.155411354604817920e-01
3.516596094315113750e-03
2.040200474952369447e-01
4.230919776936981624e-01
5.658937378283033226e-01
6.588667021232779142e-01
7.231259760828636640e-01
7.701632657985167940e-01
8.062180808283768707e-01
8.348511284794429832e-01
8.582090441045093776e-01
8.776528264241838517e-01
8.940845242400757842e-01
9.081257043706317811e-01
9.202196049346320628e-01
9.306921095447489023e-01
9.397895165324804401e-01
9.477027092755772042e-01
9.545830712559848497e-01
9.605532273842088964e-01
9.657144463746258900e-01
9.701518274349597570e-01
9.739379749274491571e-01
9.771356090338990663e-01
9.797993990945996767e-01
9.819771997451793855e-01
