6.205615179986282426e-01
6.284585585520481299e-01
6.409596728859430215e-01
6.570928591292799492e-01
6.759158498682923399e-01
6.965249834485527369e-01
7.180598716339781085e-01
7.397033178779600648e-01
7.606754943821710802e-01
7.802206215182287963e-01
7.975830659256315514e-01
8.119674199858981645e-01
8.224728494669202306e-01
8.279840457035119172e-01
8.269860788441888433e-01
8.172419649402881126e-01
7.952200640398268128e-01
7.550811110096502521e-01
6.870210538659021759e-01
5.754742672189601116e-01
4.023735728500535958e-01
1.773632594053224931e-01
1.179486222927734161e-02
5.779484414631481243e-02
2.516555144610489458e-01
4.394293350585106173e-01
5.709811334721462961e-01
6.547426485884784153e-01
7.067052703949572301e-01
7.384752980884464746e-01
7.573184793864827791e-01
7.676971945692527832e-01
7.724054629000819405e-01
7.732495470080391620e-01
7.714385986040377396e-01
7.678080325002056838e-01
7.630077203651761675e-01
7.574841278568497094e-01
7.516219637457228764e-01
7.457857290223404156e-01
7.403450468670405016e-01
7.357451970330807223e-01
7.326072956463600683e-01
7.318438865687871830e-01
7.354608368948967190e-01
7.469324057294746133e-01
7.751827452535610119e-01
8.421988091803558341e-01
5.367406058252947032e-01
2.144535350036735621e-01
3.989945458529141620e-01
4.549298506035760470e-01
4.758706427784971660e-01
4.829608593207372347e-01
4.831173825049723258e-01
4.792006699145172632e-01
4.725692687839967987e-01
4.639154548001685474e-01
4.535901328549923339e-01
4.417436410046803874e-01
4.283893154816583171e-01
4.134295904495969287e-01
3.966604249875956278e-01
3.777599363243981934e-01
3.562623356733906066e-01
3.315157839470647683e-01
3.026226782294757500e-01
2.683668771672592657e-01
2.271285569787780678e-01
1.773021322001366029e-01
1.175563310031858960e-01
5.164515443196886213e-02
2.610148445234356830e-03
5.149272295683379047e-02
3.309691252459404653e-01
7.281591766515024267e-01
9.379158609247381095e-01
9.727317419962863143e-01
9.440649650620189792e-01
9.027841824586054775e-01
8.640665741695117141e-01
8.312591077349223978e-01
8.043506332496808131e-01
7.825399943899331578e-01
7.648966574052222800e-01
7.508499482416806092e-01
7.396378580026784499e-01
7.308404268716178764e-01
7.240864776840397754e-01
7.190805351924133282e-01
7.155840737441309107e-01
7.134006654570070882e-01
7.123642855183031086e-01
7.123297651353496240e-01
7.131643894533500339e-01
7.147395409945204170e-01
7.169209001683498617e-01
7.195546926741938076e-01
7.224449527231229240e-01
7.253102581498684920e-01
7.276897804866894193e-01
7.287068153352911359e-01
7.263454378292917291e-01
7.144638441346465862e-01
6.609038602099562842e-01
1.790503630395488266e-01
8.765206776711782499e-01
8.495022989364792165e-01
8.437361632066655570e-01
8.448988714229228592e-01
8.489396731882633551e-01
8.544277789272637369e-01
8.606517142190375225e-01
8.671985774713414363e-01
8.737869579203179082e-01
8.801954916830228015e-01
8.862266533637469523e-01
8.916838642333992926e-01
8.963518584705325587e-01
8.999734254507276709e-01
9.022145349553956084e-01
9.026042381391046199e-01
9.004214809340878034e-01
8.944656483140696057e-01
8.825551472921432383e-01
8.603377412175857719e-01
8.182171984071524573e-01
7.329772071845284120e-01
5.488338511967314481e-01
2.082873404974927012e-01
9.838091449140729146e-04
2.109691424129794823e-02
9.236840533058869873e-01
8.615506770981684603e-01
8.508711674261933977e-01
8.449592018348277556e-01
8.361149051521957754e-01
8.233764038701713028e-01
8.066458358488858282e-01
7.857266951258282672e-01
7.601150613532682287e-01
7.288785346136753551e-01
6.905022466809840331e-01
6.424861624886767375e-01
5.811305442001922783e-01
5.002988129184190447e-01
3.912765639760540370e-01
2.453837585698337986e-01
7.689073331316920168e-02
7.361415970379177678e-03
2.545249741536433352e-01
6.438853044116065183e-01
8.713226067184198786e-01
9.564013572304089772e-01
9.767939310488638061e-01
9.715940835108736184e-01
9.566072114320122166e-01
9.381290607303639506e-01
9.187273192422230617e-01
8.994416726130286532e-01
8.806834348999791340e-01
8.625887395742151131e-01
8.451769577156889035e-01
8.284210063305259553e-01
8.122795851068370654e-01
7.967120899988598959e-01
7.816854136004253162e-01
7.671768659161758430e-01
7.531752086967847815e-01
7.396807499311558454e-01
7.267049387619254341e-01
7.142696454209978008e-01
7.024061711478447600e-01
6.911539418953680514e-01
6.805587563882128377e-01
6.706703490147752911e-01
6.615388791329488427e-01
6.532084769658589307e-01
6.457109913871089679e-01
6.390446696803998572e-01
6.331435735982338109e-01
6.277941157927235949e-01
6.224401727919286476e-01
6.153678155708154351e-01
5.995028214973502356e-01
4.790027357069771008e-01
7.222538358563519445e-01
6.828594251473193433e-01
6.787197280360349749e-01
6.823690473174763849e-01
6.897987919340013985e-01
6.999692916439392842e-01
7.133638969846074485e-01
7.387722690849343188e-01
6.919303626469934798e-01
7.274732286782753521e-01
7.414801505241366275e-01
7.513828555758116368e-01
7.580032636196415430e-01
7.608154471136820973e-01
