3.551656737413446119e-01
4.054871791260241110e-01
4.514641853349516398e-01
4.936842525189754083e-01
5.327245569147796012e-01
5.690948173839489588e-01
6.032181047189928425e-01
6.354298076535012108e-01
6.659847582113291864e-01
6.950675511938587681e-01
7.228036576352273590e-01
7.492702216230150425e-01
7.745060657812428140e-01
7.985207342747611126e-01
8.213025390298941408e-01
8.428256302691704560e-01
8.630561302526372769e-01
8.819573716113318085e-01
8.994942798868341693e-01
9.156369389324816588e-01
9.303633795917438665e-01
9.436616367450328946e-01
9.555311267382383678e-01
9.659834053063690584e-01
9.750423742213657485e-01
9.827440119580721500e-01
9.891357088432838340e-01
9.942752898725114585e-01
9.982298084116899561e-01
1.001074191404199620e+00
1.002889811813828747e+00
1.003763057382895063e+00
1.003783957069330768e+00
1.003044918530038299e+00
1.001639622604532542e+00
9.996621148384673416e-01
9.972061307084730819e-01
9.943646916107575784e-01
9.912300145316299549e-01
9.878937920733107392e-01
9.844479250077713406e-01
9.809858330475980104e-01
9.776045415262820670e-01
9.744078597131897723e-01
9.715111593997569628e-01
9.690485742253115431e-01
9.671839216359713332e-01
9.661272735055831395e-01
9.661592861762808848e-01
9.676614449486208303e-01
9.711206477862087683e-01
9.768808755916791320e-01
9.829055831006818789e-01
9.619460472594140166e-01
5.161291410124314583e-01
2.377371925343372550e-01
6.144376904391009031e-01
7.270471434342857808e-01
7.737396876035063098e-01
7.978629243259355297e-01
8.120590668264443535e-01
8.211653592622110143e-01
8.273951494314353283e-01
8.318942808068853223e-01
8.353114894363768972e-01
8.380396121271275200e-01
8.403291667097728679e-01
8.423465047560229069e-01
8.442056506088670975e-01
8.459867184383604855e-01
8.477470661788628625e-01
8.495283198444469885e-01
8.513609496004485022e-01
8.532673421404094460e-01
8.552639219757642852e-01
8.573626572988768402e-01
8.595721620826041187e-01
8.618985336712799983e-01
8.643460227574489840e-01
8.669176089785319839e-01
8.696155446663887956e-01
8.724419293001368647e-01
8.753993884380233403e-01
8.784919567415048203e-01
8.817263126552234986e-01
8.851135965631181657e-01
8.886721905834679136e-01
8.924320923736339672e-01
8.964419552330045171e-01
9.007806081331576342e-01
9.055760001244407276e-01
9.110356111485078401e-01
9.174897935741854749e-01
9.254215165688360889e-01
9.352757065189971630e-01
9.457152075954929904e-01
9.416780792375508691e-01
8.285983502039592219e-01
4.394028384734011694e-01
2.201519508894068666e-01
3.690893155106639290e-01
6.916303191383148530e-01
8.876234906199977903e-01
9.591293485423985077e-01
9.830074464525497824e-01
9.912975838838704590e-01
9.944121790109085035e-01
9.957761108229008506e-01
9.965622321288757357e-01
9.971718054228554395e-01
9.977265196408690029e-01
9.982437556531404965e-01
9.987026583171051408e-01
9.990699823777411392e-01
9.993103116857858792e-01
9.993899777395841566e-01
9.992783906596095500e-01
9.989483151084657120e-01
9.983757371791468493e-01
9.975395950417283997e-01
9.964214851996165967e-01
9.950053860574078479e-01
9.932774101491375074e-01
9.912255837141666914e-01
9.888396475179557221e-01
9.861108714553137311e-01
9.830318755125534436e-01
9.795964501745694220e-01
9.757993699180423919e-01
9.716361938381155028e-01
9.671030476192185033e-01
9.621963809245058785e-01
9.569126937915006792e-01
9.512482247185681805e-01
9.451985917214479338e-01
9.387583755970199118e-01
9.319206317704119558e-01
9.246763131560605808e-01
9.170135810498130091e-01
9.089169736461309990e-01
9.003663915447632782e-01
8.913358454205569936e-01
8.817918911661696280e-01
8.716916497219224791e-01
8.609802686126503124e-01
8.495876239870124857e-01
8.374239764923451235e-01
8.243741671300689466e-01
8.102897472243095756e-01
7.949781425476860619e-01
7.781874948238176604e-01
7.595851050667090654e-01
7.387262612116514138e-01
7.150084120684115918e-01
6.876027791559614633e-01
6.553511682219989032e-01
6.166100804041391159e-01
5.690205449631144941e-01
5.091979251700532449e-01
4.324472360827572026e-01
3.331212876982495019e-01
2.082512002910066051e-01
7.319030231064130310e-02
1.751052181760865811e-03
1.272068016575708949e-01
4.326871487321422571e-01
7.095419463872728594e-01
8.696233613787965888e-01
9.453284390060673337e-01
9.767858523859955788e-01
9.869590130320696764e-01
9.871380305754112738e-01
9.827593469974298390e-01
9.764822348447200762e-01
9.696375356904071152e-01
9.629046685150548512e-01
9.566355663816404897e-01
9.510147438620278892e-01
9.461410455306294986e-01
9.420707367254116393e-01
9.388409208307815224e-01
9.364826600453223238e-01
9.350285420167615547e-01
9.345170800909071707e-01
9.349950073566719588e-01
9.365175600644799481e-01
9.391457437828496513e-01
9.429376611644409989e-01
9.479268568384748850e-01
9.540708322757625037e-01
9.611279716365263015e-01
9.683536131327044050e-01
9.737103253165463324e-01
9.716836335714241768e-01
9.468945598994451540e-01
8.559188745958081768e-01
5.988107164009468519e-01
1.689528027769517937e-01
1.525744088561966846e-02
1.724956525728147949e-01
