5.886936876405396424e-01
5.975177741811408261e-01
6.068134061027000703e-01
6.163177713905572119e-01
6.258066356412216313e-01
6.350950464808385876e-01
6.440362360137198428e-01
6.525193525597116073e-01
6.604664720870261352e-01
6.678292403911477715e-01
6.745855201604474827e-01
6.807370278248473516e-01
6.863176052386493753e-01
6.911149952852213563e-01
6.957126522659257128e-01
6.997444957767541274e-01
7.033665773812461941e-01
7.066476376699641904e-01
7.096535169487836470e-01
7.124485072408973663e-01
7.150935090050970500e-01
7.176416858710586988e-01
7.201197920577157019e-01
7.221964818514168272e-01
7.258418785568488962e-01
7.283993895722740142e-01
7.312514182210304581e-01
7.343031641003086030e-01
7.375575460713987841e-01
7.410230709310891006e-01
7.447045399168574775e-01
7.486010624283497839e-01
7.527054897261428179e-01
7.570042335277599177e-01
7.614771926653953749e-01
7.660976816315820948e-01
7.708323000055583574e-01
7.756406909679077755e-01
7.804751317255862464e-01
7.852798834837758646e-01
7.899902028988251557e-01
7.945308768259280452e-01
7.988140803178211957e-01
8.027362617913046394e-01
8.061736080325440090e-01
8.089753992166728302e-01
8.109541673036045895e-01
8.118709071563793289e-01
8.114124515860858811e-01
8.091561208370305902e-01
8.045131483857476118e-01
7.966357135382216015e-01
7.842598274083102394e-01
7.654324090006412451e-01
7.370267075141777591e-01
6.938795144809303261e-01
6.273413563824895567e-01
5.234970920665358296e-01
3.648270506957160264e-01
1.568033856095241430e-01
5.810102387898501662e-03
8.557101518683625507e-02
3.235106105090291284e-01
5.343119540032186254e-01
6.717014509144992873e-01
7.553102358936120142e-01
8.065254281462019836e-01
8.386320967347945521e-01
8.591471490599742467e-01
8.723374515547198671e-01
8.807012200272715807e-01
8.857587539140679977e-01
8.884728231686288558e-01
8.894774295181372414e-01
8.892062461446584853e-01
8.879671061489401440e-01
8.859865609982618961e-01
8.834373109620284881e-01
8.804555420632239615e-01
8.771521531729277177e-01
8.736201946870193469e-01
8.699399082471335198e-01
8.661822199803745903e-01
8.624112223242516029e-01
8.586859873482377559e-01
8.550619354786384019e-01
8.515919080886660275e-01
8.483270430923405270e-01
8.453175183244494573e-01
8.426131987823115566e-01
8.402641857675592352e-01
8.383211688264466943e-01
8.368350594005160570e-01
8.358523195287405061e-01
8.353373854141382671e-01
8.358449241296052046e-01
8.367748030114192659e-01
8.384945000315866537e-01
8.410760435968451798e-01
8.445978320729541355e-01
8.491472139505834571e-01
8.548171619862812154e-01
8.617033577993625793e-01
8.698993403518565648e-01
8.794878384250731651e-01
8.905255912171358146e-01
9.030178729635157664e-01
9.168949053467401189e-01
9.307431855223372574e-01
9.474968589028363031e-01
9.625581807934120437e-01
9.752806571266050550e-01
9.826219468632853005e-01
9.796844023470482332e-01
9.592886443631295501e-01
9.122355075365158328e-01
8.295660521353507288e-01
7.069915537410422779e-01
5.543757688857823274e-01
3.921214761756866563e-01
2.463619560423066512e-01
1.346699139508609477e-01
6.109483381125890150e-02
2.005904397593526178e-02
2.656444041386380860e-03
6.402266590037921073e-04
7.752923061892217152e-03
1.981933081582476497e-02
3.404025827619931027e-02
4.856133625620059208e-02
6.193451640296111782e-02
7.243921678550803434e-02
7.620984686833801036e-02
5.566529420522005334e-02
4.443181080595154375e-01
2.094388668916214169e-01
1.923420951719292671e-01
1.915782256339254308e-01
1.940997712030531619e-01
1.967496024136539401e-01
1.980916198651658244e-01
1.970182357217280522e-01
1.922716091003283667e-01
1.820962154866458682e-01
1.638045379187602346e-01
1.332139085561944436e-01
8.483372300443622893e-02
2.162100166078122568e-02
3.979399034529281648e-02
4.817436687190922995e-01
8.279258302420968718e-01
8.241645719784400637e-01
7.698530567396671964e-01
7.333090972900380144e-01
7.085570096025700648e-01
6.933042452393312072e-01
6.844218947158300370e-01
6.797941013887589534e-01
6.780186175379968594e-01
6.781440300404263377e-01
6.795040091681284755e-01
6.816173540370527029e-01
6.841273510282690484e-01
6.867642103240422236e-01
6.893211461788059102e-01
6.916385910116769065e-01
6.935932424633378668e-01
6.950898958062946553e-01
6.960547402125140115e-01
6.964292311068962515e-01
6.961639213169275031e-01
6.952118111507066267e-01
6.935208760571572872e-01
6.910251053859688408e-01
6.876203981173654167e-01
6.829082327361288840e-01
6.776205124088240384e-01
6.706609979432490709e-01
6.620130087047512157e-01
6.513352887553892634e-01
6.382115591148369571e-01
6.221666419735797371e-01
6.026930647127350937e-01
5.793003547777818563e-01
5.516008834317874809e-01
5.194652239430945784e-01
4.833751549662624880e-01
4.457851594216498126e-01
4.263043058312193101e-01
2.862634133754844989e-01
2.637060781572840296e-01
2.173809470866364668e-01
1.696841152488810234e-01
1.244828576980786389e-01
8.609554318385981286e-02
5.425345520309679537e-02
2.985139744281457147e-02
1.299844955196117514e-02
3.182554023321763990e-03
-5.281383580422784876e-04
