9.890805004651789245e-01
9.895842979003343087e-01
9.900299908868116505e-01
9.904221634607617286e-01
9.907659671689225123e-01
9.910668909759111633e-01
9.913305666458382959e-01
9.915626070448486651e-01
9.917684745901734766e-01
9.919533769598458672e-01
9.921221871535802483e-01
9.922793850405889904e-01
9.924290176295135213e-01
9.925746754341217004e-01
9.927194824750299462e-01
9.928660976449461550e-01
9.930167253604645916e-01
9.931731336251987674e-01
9.933366778300901645e-01
9.935083288114426869e-01
9.936887038756432311e-01
9.938780996772187404e-01
9.940765260021676708e-01
9.942837396617163481e-01
9.944992778414857293e-01
9.947224903765213844e-01
9.949525705359599792e-01
9.951885840002193673e-01
9.954294958017706474e-01
9.956741950753467130e-01
9.959215175289412025e-01
9.961702656011724999e-01
9.964192263172639841e-01
9.966671868918396404e-01
9.969129481582684749e-01
9.971553359266158711e-01
9.973932103911807845e-01
9.976254737200435097e-01
9.978510759687779785e-01
9.980690194642519719e-01
9.982783618069455134e-01
9.984782176385986752e-01
9.986677593197403890e-01
9.988462166566018929e-01
9.990128758108126616e-01
9.991670775191157094e-01
9.993082147417994276e-01
9.994357298510361254e-01
9.995491114616767980e-01
9.996478909990225148e-01
9.997316390888827398e-01
9.997999618482751316e-01
9.998524971457266597e-01
9.998889108938247006e-01
9.999088934286274322e-01
9.999121560244050855e-01
9.998984275854718717e-01
9.998674515514792693e-01
9.998189830474346618e-01
9.997527863048054630e-01
9.996686323764696347e-01
9.995662971648606732e-01
9.994455597797047286e-01
9.993062012404344552e-01
9.991480035366123724e-01
9.989707490604878837e-01
9.987742204261140788e-01
9.985582006929195620e-01
9.983224740158997967e-01
9.980668267525687476e-01
9.977910490678671973e-01
9.974949370955350503e-01
9.971782957403383385e-01
9.968409422430860589e-01
9.964827106888861641e-01
9.961034577285085012e-01
9.957030699230395854e-01
9.952814733496339050e-01
9.948386464797699391e-01
9.943746379816967851e-01
9.938895922268448091e-01
9.933837873512006977e-01
9.928576947036710232e-01
9.923120765832599277e-01
9.917481565910560848e-01
9.911679375334109254e-01
9.905748458360562614e-01
9.899751819487293547e-01
9.893818750255828354e-01
9.888263727840751471e-01
9.884108635375256080e-01
9.887644245074294069e-01
9.802307618076443463e-01
9.840904942818671230e-01
9.838178623005355838e-01
9.831995289999138077e-01
9.824669602605573537e-01
9.816759895432446426e-01
9.808474289163615634e-01
9.799913215489940432e-01
9.791135571965513540e-01
9.782182005026917038e-01
9.773084610983637788e-01
9.763871511545565429e-01
9.754569236408345834e-01
9.745204074516425896e-01
9.735802903563456345e-01
9.726393740177757818e-01
9.717006134172752052e-01
9.707671473353245428e-01
9.698423236581281692e-01
9.689297217535185469e-01
9.680331733160757457e-01
9.671567825985717404e-01
9.663049466654716202e-01
9.654823761338499066e-01
9.646941167631101210e-01
9.639455721889395035e-01
9.632425280515229948e-01
9.625911777307182282e-01
9.619981498645924223e-01
9.614705377791767926e-01
9.610159308886633278e-01
9.606424480203232807e-01
9.603587724565416650e-01
9.601741882394241312e-01
9.600986169053675745e-01
9.601426532443733119e-01
9.603175978123036360e-01
9.606354826136247471e-01
9.611090843879686041e-01
9.617519169205938079e-01
9.625781891985515371e-01
9.636027091708991854e-01
9.648407019415925490e-01
9.663074941468763335e-01
9.680179893114994050e-01
9.699858159106543587e-01
9.722219601332455774e-01
9.747325807765208072e-01
9.775155124122314465e-01
9.805546379389027400e-01
9.838107488775806875e-01
9.872065177021943638e-01
9.906014135641542095e-01
9.937490903592145486e-01
9.962235719669131351e-01
9.972887194181115911e-01
9.956627397088839704e-01
9.890866739333848967e-01
9.735315170304769117e-01
9.417856421353840712e-01
8.812404165019063207e-01
7.719302801646047429e-01
5.915025670919972223e-01
3.447065032159991604e-01
1.112752217805333538e-01
3.387813670501821535e-03
3.359365691947759081e-02
1.311967958415963809e-01
2.389237041731683553e-01
3.340888327263061286e-01
4.123743846835810078e-01
4.755970111144111612e-01
5.267877444980130219e-01
5.687002875462473517e-01
6.035108310705695756e-01
6.328625503130104191e-01
6.579803376201734944e-01
6.797779511272535879e-01
6.989415405040372287e-01
7.159909186244369783e-01
7.313235711293057939e-01
7.452461336804010461e-01
7.579969887612528767e-01
7.697626072302202749e-01
7.806894647368054496e-01
7.908927778204131176e-01
8.004628317499041801e-01
8.094690120115380916e-01
8.179586307801961498e-01
8.258986515633537362e-01
8.335160941677283164e-01
8.409018136665676879e-01
8.477272931731356653e-01
8.541709598413750326e-01
8.602398943219419225e-01
8.659329170852191337e-01
8.712438357738653272e-01
8.761616147741300153e-01
8.806700592384215653e-01
8.847470935732355546e-01
8.883635012789694585e-01
8.914808882850175920e-01
8.940484815701080779e-01
8.959981194180359765e-01
8.972363360899296980e-01
8.976316064387546145e-01
8.969932023947798649e-01
8.950348471883564638e-01
