8.930982601693145950e-01
8.909489912474322093e-01
8.922157895859423871e-01
8.960959819053183617e-01
9.018630923861159499e-01
9.088709696181174191e-01
9.165599235826822344e-01
9.244608139460500640e-01
9.321959153526974129e-01
9.394766299004356780e-01
9.460985617067229070e-01
9.519345953115310177e-01
9.569266094077337748e-01
9.610763828355317617e-01
9.644361440782522887e-01
9.670990950072289039e-01
9.691901119030247314e-01
9.708566934642450796e-01
9.722600832119485670e-01
9.735663339088572732e-01
9.749368899931963872e-01
9.765180190287510165e-01
9.784280944326627649e-01
9.807412789452835122e-01
9.834655330543999874e-01
9.865120294316850336e-01
9.896519857261809605e-01
9.924557547910450861e-01
9.942081956037372992e-01
9.937951432015929010e-01
9.895610897831376152e-01
9.791537558067362479e-01
9.594065533871380946e-01
9.263750002898829550e-01
8.757318296461972240e-01
8.037736001829077770e-01
7.091235773307911217e-01
5.945316136443297150e-01
4.444056119573857599e-01
3.484056430200072607e-01
2.391703137589814565e-01
1.605800551859722369e-01
7.481735187466190262e-02
3.232549730973430929e-02
3.117780474328344514e-02
1.744222364524868974e-03
9.648438349712094853e-03
2.409992520441539901e-02
4.303141464716982861e-02
6.483927324327004582e-02
8.836319466659812993e-02
1.128431270492563504e-01
1.377858153887078219e-01
1.628869314965526727e-01
1.879690661476408897e-01
2.129381585767673446e-01
2.377534032582874213e-01
2.624065472436468149e-01
2.869074856372312299e-01
3.112738736580524246e-01
3.355230165301181233e-01
3.596645449499735192e-01
3.836922505534029471e-01
4.075726514568253633e-01
4.312254205111377692e-01
4.544829482535857057e-01
4.769788601085343527e-01
4.972011097011333480e-01
5.180736773717445898e-01
5.290305516427326049e-01
5.110305240914820857e-01
2.055019945567514439e-01
7.323967130871144038e-01
7.196507317701705819e-01
7.320465073900808139e-01
7.509682802017738634e-01
7.722688508295886267e-01
7.940401147368902901e-01
8.175426316386238401e-01
8.395613219531802285e-01
8.611203942453496962e-01
8.818284529925382031e-01
9.014280454255173547e-01
9.196961576468828392e-01
9.364313756694522262e-01
9.514516783307651604e-01
9.645953118003814941e-01
9.757226750204359700e-01
9.847182600532852215e-01
9.914920672988417616e-01
9.959801016176875743e-01
9.981436841077118149e-01
9.979674374223412858e-01
9.954559949544850017e-01
9.906300919454367193e-01
9.835262937493455260e-01
9.742516777264847994e-01
9.615607944781261462e-01
9.481249009207981526e-01
9.317997356593745728e-01
9.128816970168677214e-01
8.911086473860057033e-01
8.660013956777228294e-01
8.367713782901846642e-01
8.021331216003728670e-01
7.599474107316079863e-01
7.064450213804386314e-01
6.337411119006157723e-01
4.995557188191923070e-01
4.815449499444587889e-01
3.066123944811832147e-01
1.825902889715354249e-01
1.996120723263462571e-01
3.207411969964837350e-01
5.703273659610654800e-01
8.184639028991892440e-01
9.343871118143831644e-01
9.770034779547969173e-01
9.881570550725996549e-01
9.887325121972448949e-01
9.859687458529942106e-01
9.828064197537256241e-01
9.804880042791483952e-01
9.795186809084497348e-01
9.800205828288353072e-01
9.818351923041105378e-01
9.844874046617736463e-01
9.870344648414571820e-01
9.875480598970945989e-01
9.832803807273171603e-01
9.685456056574799355e-01
9.345167937434296634e-01
8.680084278249028396e-01
7.537509457412439051e-01
5.846259179468296097e-01
3.797640520009675225e-01
1.888854246156206340e-01
6.012536824421559067e-02
5.331760886727809727e-03
5.844072462799962918e-03
3.708256737062243930e-02
8.146749303282124766e-02
1.299383078070170394e-01
1.751543866610061617e-01
2.185999113338619460e-01
2.561890577263820079e-01
3.010743369266906111e-01
3.342258164201749038e-01
3.665603777313649059e-01
3.974317319869389298e-01
4.270909429151117376e-01
4.558433599934068603e-01
4.839599651969533345e-01
5.116505966854397736e-01
5.390330153574022232e-01
5.660579964147415266e-01
5.922736591670085815e-01
6.154557697987665943e-01
6.326795384039033410e-01
5.471923083483571926e-01
4.908431711886020454e-01
9.528382172583309551e-01
9.172244204014959879e-01
9.485245242737185833e-01
9.689062690207299600e-01
7.064820693084246095e-01
1.296608717796589663e-02
3.397675409200892060e-01
5.716848100540031785e-01
6.965024804649769807e-01
7.765296020534890875e-01
8.343600607475167852e-01
8.787529886227880560e-01
9.132896669298903314e-01
9.392735872189091895e-01
9.568445010267880857e-01
9.654707136922309196e-01
9.642071202820688969e-01
9.518650902666140334e-01
9.271790375408140994e-01
8.889778333695613766e-01
8.358669926922365212e-01
7.686828212757200740e-01
6.869337456163886468e-01
5.925553303328263688e-01
4.886148964067311140e-01
3.798695761578962382e-01
2.727250899534781059e-01
1.750051008505542627e-01
9.537155212275867655e-02
4.236893264055313635e-02
2.311096425236233362e-02
4.182067415743691979e-02
9.828571287946763491e-02
1.874733659443190148e-01
3.000122558298090603e-01
4.241905955845821641e-01
5.485070090965640244e-01
6.638553654906876877e-01
7.648824433244396648e-01
