6.781314709921318906e-01
6.985970357060469205e-01
7.048339360234803230e-01
7.009592005901366107e-01
6.830139718477729049e-01
4.203689554705986042e-01
7.184199637335748623e-01
6.951709134882959606e-01
6.794254056377990736e-01
6.656778337582150984e-01
6.531867653041371069e-01
6.430546532424019635e-01
6.157985558436467333e-01
6.144516699400577320e-01
6.055228766329059376e-01
5.968103693243759222e-01
5.887800364389953467e-01
5.815386842525787081e-01
5.751124896970266631e-01
5.694970248279621616e-01
5.646726437126494691e-01
5.606112568220615877e-01
5.572801971112522068e-01
5.546443552031470325e-01
5.526693439434423594e-01
5.513209023304751488e-01
5.505674325101963529e-01
5.503802530122720027e-01
5.507342386220801522e-01
5.516082419275506465e-01
5.529853789639733730e-01
5.548532085683405279e-01
5.572038289997982563e-01
5.600339119471254845e-01
5.633446913568410652e-01
5.671419222735754051e-01
5.714358229980388559e-01
5.762410123005944351e-01
5.815764521617734495e-01
5.874654055349711745e-01
5.939354179323836913e-01
6.010183312158259294e-01
6.087503378173523272e-01
6.171720837099381463e-01
6.263288287928981957e-01
6.362706740164834063e-01
6.470528658440729552e-01
6.587361916760565705e-01
6.713874885396948766e-01
6.850803151966851079e-01
6.998959341464207062e-01
7.159251117261230535e-01
7.332728589851528200e-01
7.520779346146482247e-01
7.726547788448168141e-01
7.861196567335503316e-01
8.161558721055988119e-01
8.415629908963403460e-01
8.683256162965075076e-01
8.963165527856149506e-01
9.248234327902309371e-01
9.521915055793555016e-01
9.748802747493717780e-01
9.855454594566744886e-01
9.695495406077320188e-01
9.005806525276145447e-01
7.437669924464334059e-01
4.908358931937924496e-01
2.196601271455839999e-01
4.810801892127449658e-02
2.002435282629079862e-04
1.946106225746226451e-02
5.062102628937677901e-02
6.059874546116655186e-02
3.230171927149184247e-02
3.065132907672959289e-03
2.861467578021539282e-01
8.844084935217360055e-01
2.279725924692739547e-01
9.372560644894983861e-01
9.864902481302236792e-01
9.965937105071767110e-01
9.995345837389972843e-01
1.000383242289427432e+00
9.999361890190553437e-01
9.981505289110995660e-01
9.948591435401260563e-01
9.899402914556797439e-01
9.833469635654359386e-01
9.751013411953284304e-01
9.652815005513306623e-01
9.540077481137974047e-01
9.414304207424950555e-01
9.277194386476222965e-01
9.130555142146313807e-01
8.976229111254407922e-01
8.816015925383595686e-01
8.651684477600091183e-01
8.484827211999158569e-01
8.316875220769218702e-01
8.148841725541245973e-01
7.975790346027773481e-01
7.824328662566761849e-01
7.662885951736524426e-01
7.506322259515998407e-01
7.353935495811806389e-01
7.205322386797550216e-01
7.059502024389264774e-01
6.914337344394283491e-01
6.765334471932553662e-01
6.602458040015539709e-01
6.399618799802337943e-01
6.065460108580625898e-01
4.956341676153336318e-01
7.925745942694705226e-01
7.245509880116928203e-01
6.932161331261254000e-01
6.785754509048398386e-01
6.704982369431380373e-01
6.661567164599503377e-01
6.644855276304952874e-01
6.650352739996797657e-01
6.677267935213113681e-01
6.723997184955124995e-01
6.791723641527324107e-01
6.881518708415076402e-01
6.994933771733579109e-01
7.133797317845426145e-01
7.299948567744799499e-01
7.494737942008055098e-01
7.718065172941942498e-01
7.966579626567239503e-01
8.230427038257166483e-01
8.486888005526134204e-01
8.660590194234308870e-01
8.343776343226984027e-01
8.642712238712980666e-01
7.571371788006766579e-01
5.932220612209332389e-01
3.275048529671116815e-01
1.750902899445106187e-01
1.242320516467760039e-01
1.155095537706870568e-01
1.234087178730288864e-01
1.383473577103933039e-01
1.561864500755564267e-01
1.749433811090116697e-01
1.936504441556821110e-01
2.118624690829372381e-01
2.294107656284139762e-01
2.462714121577299353e-01
2.624919580720385670e-01
2.781457231047310130e-01
2.932658246363504806e-01
3.064318231372688550e-01
3.231851652580691181e-01
3.374956766011169007e-01
3.516666804606841112e-01
3.655634251051334549e-01
3.763741074569674772e-01
3.934404488122115184e-01
4.055809961931512997e-01
4.158768259708920945e-01
4.224683170490937112e-01
4.253209612100286030e-01
4.467981447350183877e-01
5.149920993314784923e-01
5.611556535907197274e-01
5.877480878293941391e-01
6.106345631062976009e-01
6.336384149035810820e-01
6.575033018053642042e-01
6.822774866438623409e-01
7.078216905433906136e-01
7.339251576953559342e-01
7.603324191273960198e-01
7.867432114646424335e-01
8.128523497589315028e-01
8.382620537805067773e-01
8.625877043054724913e-01
8.854074641857569983e-01
9.062848976943275181e-01
9.247796460943094043e-01
9.404585743557621891e-01
9.529047147540093965e-01
9.617191893523757695e-01
9.665060674932047791e-01
9.668049636535184232e-01
9.619811891797954706e-01
9.506180498887156771e-01
9.287078948387695876e-01
8.789854067064575283e-01
4.666308210619707353e-01
9.861178338949964095e-01
9.139396157288691702e-01
9.455614682912422131e-01
9.218091939580822514e-01
9.035038622734318237e-01
8.889531783619304406e-01
8.776791321172245919e-01
