9.992232593838383803e-01
9.988533358692870401e-01
9.985429176602210743e-01
9.982912485700813354e-01
9.980946361066278527e-01
9.979470175900005957e-01
9.978404848352938616e-01
9.977657638880557123e-01
9.977126479712595808e-01
9.976703831791503552e-01
9.976280075654847534e-01
9.975746451473042065e-01
9.974997570201773467e-01
9.973933522736979640e-01
9.972461617395486089e-01
9.970497778213567308e-01
9.967967637617233256e-01
9.964807357225876627e-01
9.960964210044337408e-01
9.956396956197740566e-01
9.951076042871976890e-01
9.944983657263809507e-01
9.938113659287818313e-01
9.930471418563330266e-01
9.922073577916554754e-01
9.912947763297469406e-01
9.903132257706867003e-01
9.892675654455643786e-01
9.881636502881141482e-01
9.870082957511522315e-01
9.858092439616511493e-01
9.845751318087192505e-01
9.833154614647011682e-01
9.820405736431138122e-01
9.807616236992761083e-01
9.794905604665817833e-01
9.782401074887054904e-01
9.770237460375879035e-01
9.758556989853096608e-01
9.747509141959508350e-01
9.737250455914655545e-01
9.727944293751222826e-01
9.719760520067991516e-01
9.712875053279741433e-01
9.707469226110113647e-01
9.703728870898138403e-01
9.701843014773360308e-01
9.702002027572731446e-01
9.704395006715756944e-01
9.709206101287267687e-01
9.716609362398369587e-01
9.726761544230673184e-01
9.739792049122136808e-01
9.755788880214734116e-01
9.774778991804186079e-01
9.796700745013805500e-01
9.821365188443137439e-01
9.848401449563169985e-01
9.877179440323895498e-01
9.906700064535790551e-01
9.935438781128099750e-01
9.961122254665427667e-01
9.980409452316765240e-01
9.988437814857312746e-01
9.978183211325504232e-01
9.939574047303946225e-01
9.858308750864335224e-01
9.714385254700917960e-01
9.480533261021549807e-01
9.121178491289823054e-01
8.593441804287551555e-01
7.853010703562014472e-01
6.868712674848880262e-01
5.647474484247584359e-01
4.261739144974955873e-01
2.855465109743036689e-01
1.578309615791141651e-01
7.541459173224766832e-02
1.979786655618522712e-02
3.976319941164383268e-04
7.913505465152582616e-03
3.313471535507635235e-02
6.849031299482671864e-02
1.086332781194419561e-01
1.501682199684426233e-01
1.911223196501139476e-01
2.304579271656542749e-01
2.677118096278310322e-01
3.027547877061220194e-01
3.356409406906086246e-01
3.665166858886599321e-01
3.955676713007076906e-01
4.229887565753711054e-01
4.489677747134340757e-01
4.736773682736017399e-01
4.972714663938797020e-01
5.198843633653127405e-01
5.416312016420962161e-01
5.626091659049536897e-01
5.828989940045590235e-01
6.025665870938951008e-01
6.216646043573521574e-01
6.402339870547900658e-01
6.583053898284599859e-01
6.759005149763753773e-01
6.930333540326776287e-01
7.097113443439206915e-01
7.259364486962754937e-01
7.417061648407216046e-01
7.570144698364058566e-01
7.718527020135019789e-01
7.862103813705102473e-01
8.000759675596705867e-01
8.134375533859752316e-01
8.262834910023578727e-01
8.386029477280130262e-01
8.503863886226638025e-01
8.616259835620102558e-01
8.723159375041613650e-01
8.824527438255105327e-01
8.920353619451674154e-01
9.010653218506960993e-01
9.095467594975795711e-01
9.174863883000505815e-01
9.248934129996985165e-01
9.317793930543917247e-01
9.381580633319956952e-01
9.440451203968216465e-01
9.494579833002539937e-01
9.544155393823858802e-01
9.589378913397186288e-01
9.630461464567523500e-01
9.667624272133388263e-01
9.701116322867128217e-01
9.728218123658465277e-01
9.757448388456984034e-01
9.781096386403784759e-01
9.801829901509777621e-01
9.819866282570549609e-01
9.835377471647208658e-01
9.848501657457437997e-01
9.859327803759220243e-01
9.867853287576279220e-01
9.873858772761989755e-01
9.876409960609187078e-01
9.870358089559367887e-01
9.645414809617360863e-01
9.909897063296234654e-01
9.901611013807620765e-01
9.895816888981155968e-01
9.889120645524455133e-01
9.880305052903037843e-01
9.868438389927274290e-01
9.852422392483717317e-01
9.830730885270821950e-01
9.801098814882791554e-01
9.760027337844265904e-01
9.701908120633219168e-01
9.617371242021602873e-01
9.489974255964648275e-01
9.289115689871306758e-01
8.953749938097321781e-01
8.352499546870295610e-01
7.186989981569197328e-01
4.867658519436962039e-01
1.503200026345317131e-01
6.695462895373581469e-02
3.163743012673317923e-01
5.692110629362656660e-01
7.215956905330608295e-01
8.078329563259507573e-01
8.590830338712994729e-01
8.915659797791958274e-01
9.133908252388364124e-01
9.287947464025638755e-01
9.401233879146192463e-01
9.487484253409022017e-01
9.555116656003436182e-01
9.609516742499141229e-01
9.654254743531198724e-01
9.691769582241366310e-01
9.723768403693076046e-01
9.751463812364684625e-01
9.775688712789873946e-01
9.796362538656989694e-01
9.815964780905531706e-01
9.834446843329063270e-01
9.850333148105142600e-01
9.864614591529263787e-01
9.874637625777704653e-01
9.890984956416478679e-01
9.901111894640149957e-01
9.910822260182531318e-01
9.918953066356269721e-01
9.925587174423545767e-01
9.930484407855907358e-01
9.933311444966138604e-01
9.933609520692044947e-01
9.930742807840914343e-01
9.923815239192582682e-01
