9.896671044594770317e-01
9.892877067136151004e-01
9.887825129547889169e-01
9.881327028179770489e-01
9.873249052845729512e-01
9.863508629026170871e-01
9.852070489631773453e-01
9.838942556941538964e-01
9.824171687759265525e-01
9.807839409088133786e-01
9.790057747857968673e-01
9.770965236525879227e-01
9.750723156864175012e-01
9.729512066824954619e-01
9.707528640057401237e-01
9.684982834342997782e-01
9.662095393727443415e-01
9.639095679376072923e-01
9.616219815941265958e-01
9.593709133275087897e-01
9.571808877471252863e-01
9.550767160128181832e-01
9.530834110136706672e-01
9.512261187820729713e-01
9.495300616473620892e-01
9.480204880706697423e-01
9.467226233915998490e-01
9.456616147729596245e-01
9.448624623447445803e-01
9.443499267756777504e-01
9.441484010460690079e-01
9.442817307887031442e-01
9.447729628350706177e-01
9.456439950267918615e-01
9.469150911969528295e-01
9.486042124428483158e-01
9.507260979126341827e-01
9.532910031671697482e-01
9.563029686742305913e-01
9.597574406888703669e-01
9.636379952544851246e-01
9.679118140971200157e-01
9.725234156535613739e-01
9.773859370135988822e-01
9.823689683542771167e-01
9.872815290634971985e-01
9.918482096661497271e-01
9.956757619760648881e-01
9.982065272558841018e-01
9.986542213790697842e-01
9.959172928937704006e-01
9.884667393056927320e-01
9.742121210407205245e-01
9.503681217048394192e-01
9.133858193472418341e-01
8.590919449933369645e-01
7.832945708327639922e-01
6.831921599877595064e-01
5.597285977573235316e-01
4.202110481218978011e-01
2.791700914624973828e-01
1.551746690208160029e-01
6.408949924909863871e-02
1.318714065731011256e-02
2.411897963526085827e-04
1.706793478844827183e-02
5.396075948736667183e-02
1.025273514805052771e-01
1.566672157324557613e-01
2.125233124789606409e-01
2.651275285459103181e-01
3.193747184472264800e-01
3.695325201594699682e-01
4.167007835444142549e-01
4.609479567739933614e-01
5.024081487395988255e-01
5.412545377506088329e-01
5.776699310160533507e-01
6.118295688763288886e-01
6.438926910027849004e-01
6.739994228989435454e-01
7.022706915713686771e-01
7.288097583982954264e-01
7.537045242316716687e-01
7.770301103425270028e-01
7.988514291661976685e-01
8.192255847843842309e-01
8.382040184514877312e-01
8.558343597868852681e-01
8.721619718200865901e-01
8.872311951582680933e-01
9.010863073898176534e-01
9.137722209212900681e-01
9.253349474192814617e-01
9.358218620905284224e-01
9.452818162914106148e-01
9.537652732326479255e-01
9.613170531684643860e-01
9.680047946930604441e-01
9.738690687300467497e-01
9.789660686720110805e-01
9.833491055694737470e-01
9.870709070541235919e-01
9.901833737591480000e-01
9.927372727542438380e-01
9.947819506722257454e-01
9.963650813528526218e-01
9.975324527925877316e-01
9.983277947824026333e-01
9.987926467076779780e-01
9.989662636991825106e-01
9.988855584390810005e-01
9.985850753491024578e-01
9.980969935590108255e-01
9.974511549280660194e-01
9.966751134226701225e-01
9.957942023044640267e-01
9.948316158204292270e-01
9.938085023806857432e-01
9.927440665356560556e-01
9.916556774044789080e-01
9.905589815392903397e-01
9.894680185222624047e-01
9.883953378635699227e-01
9.873521159728760876e-01
9.863482720706508999e-01
9.853925817998469006e-01
9.844927868130904924e-01
9.836556973396599624e-01
9.828872817183915700e-01
9.821927296542926067e-01
9.815764575864924790e-01
9.810419730656398940e-01
9.805913490439461810e-01
9.802234056608882806e-01
9.799262111725050017e-01
9.796273009669476117e-01
9.772099750284487518e-01
9.803235214214691684e-01
9.803758131056296010e-01
9.806436625926066020e-01
9.810654205951025997e-01
9.816223928221237127e-01
9.822967475692386818e-01
9.830601406343353332e-01
9.837866112724362733e-01
9.841884292848062099e-01
9.834359879734693166e-01
9.788674076373614641e-01
9.598868929936130723e-01
8.657235496133873776e-01
3.026161694499358013e-01
3.881344636893539479e-01
7.528571547597089353e-01
8.542584145201832513e-01
8.947229757685246643e-01
9.154740384363632133e-01
9.278946888766411716e-01
9.361400769514639508e-01
9.420372844570544801e-01
9.465010464820101665e-01
9.500350178878068652e-01
9.529373539847024732e-01
9.553948873536791675e-01
9.575301522009576072e-01
9.594265387879824525e-01
9.611425266928417255e-01
9.627201221320740299e-01
9.641900586776159798e-01
9.655751112859289886e-01
9.668922701631901262e-01
9.681542050790364895e-01
9.693702784882002321e-01
9.705472687920675412e-01
9.716899092441646513e-01
9.728013159024146983e-01
9.738833606088699302e-01
9.749370378379289548e-01
9.759628760337353270e-01
9.769614561009221099e-01
9.779341270347702286e-01
9.788840634791565742e-01
9.798179279762767591e-01
9.807479727741780229e-01
9.816959999816866622e-01
9.827107938619420446e-01
9.838625673115182213e-01
9.852937818571292361e-01
9.872561598684471695e-01
9.899570965593424976e-01
9.827025664189504850e-01
8.933738144070555443e-01
8.233714520922218449e-01
9.372776276337911883e-01
9.509180047668726043e-01
9.550342478479924013e-01
9.561263834089861469e-01
9.557519937961882484e-01
9.544691234193598550e-01
9.525225948856507197e-01
