8.033175807422004988e-01
8.498120218345970311e-01
8.972776348966940985e-01
9.476173705795090108e-01
1.004670617456870918e+00
1.070425899271085779e+00
1.026745271069164467e+00
2.107029996482450221e-02
3.405543787649210619e-01
5.493791656333768536e-01
6.337241484139864989e-01
6.711565329212569875e-01
6.862893661536551004e-01
6.888208519811731545e-01
6.833715994751028422e-01
6.724547903000788196e-01
6.575399245510966661e-01
6.394720214876105091e-01
6.186221231284129152e-01
5.948791131597226389e-01
5.674707995440897434e-01
5.344604031822631773e-01
4.913935016827185587e-01
4.272809985379449338e-01
2.933700164359238638e-01
3.002637333668502911e-02
9.044501484848803674e-01
8.589129593447613065e-01
7.570446911387898048e-01
7.017871681569934905e-01
6.677465996101278334e-01
6.447329776196887297e-01
6.282839565599687148e-01
6.161620408414628658e-01
6.070826436564731310e-01
6.004714505997099661e-01
5.955356961129819604e-01
5.920621475297079828e-01
5.897886836312120629e-01
5.885155646443864796e-01
5.880882060064506200e-01
5.883836273563936015e-01
5.893025308128542195e-01
5.907641738020811273e-01
5.927028648716493597e-01
5.950654605469606340e-01
5.978095009144833716e-01
6.009017627139410234e-01
6.043170905523288505e-01
6.080374161089037166e-01
6.120509055540950261e-01
6.163511943507041790e-01
6.209366804009438523e-01
6.258098535783849226e-01
6.309766432964427629e-01
6.364457662025078122e-01
6.422280523319137124e-01
6.483357163376418653e-01
6.547815093238692485e-01
6.615775998338672137e-01
6.687337553799110879e-01
6.762533220013994262e-01
6.841198917479729413e-01
6.922173929722237329e-01
6.970035165562060708e-01
7.114783072342434345e-01
7.206663661949369581e-01
7.305166806674617819e-01
7.407969048732216955e-01
7.514382230222357295e-01
7.623859430741616316e-01
7.735784161689422955e-01
7.849398353120520255e-01
7.963763106727275165e-01
8.076230825609447272e-01
8.189186363269717051e-01
8.296885762960978239e-01
8.397708052165572257e-01
8.487922458881264065e-01
8.562342666524394019e-01
8.611881060516042297e-01
8.621379633921995023e-01
8.562787860272549345e-01
8.374308313649563296e-01
7.965388393864705208e-01
6.971499008844281864e-01
4.808074543338073381e-01
1.451426348361341268e-01
3.698297671943468010e-03
1.497008225961100336e-01
8.199025831023489148e-04
3.740544631537840586e-02
3.689369409477931128e-01
7.487330523103221669e-01
9.110898349622016390e-01
9.626706605077655077e-01
9.750942081132270012e-01
9.728422269069962880e-01
9.642309061252865021e-01
9.523821714880154055e-01
9.386180805567991836e-01
9.235807637393902425e-01
9.076352755986285548e-01
8.910264510989033271e-01
8.739439809481520660e-01
8.565512494751896799e-01
8.389988927136868835e-01
8.214332434555785545e-01
8.040049815720829995e-01
7.868833157593448924e-01
7.702882002942387230e-01
7.545783761867564943e-01
7.405563475882167568e-01
7.310393705557460819e-01
7.501530204210892228e-01
6.427869179305727432e-01
6.525986349227148597e-01
6.441147793362075324e-01
6.330375629710770502e-01
6.214831770528830290e-01
6.100626160420268285e-01
5.990168318763211541e-01
5.884545391334079500e-01
5.784267476086131232e-01
5.689532203751557216e-01
5.600341861411932687e-01
5.516556013855971052e-01
5.437913484467223890e-01
5.364035571937251223e-01
5.294410379832344971e-01
5.228327092717354185e-01
5.164271608344195297e-01
5.095359347929044880e-01
5.044107233149601743e-01
4.982403377750679874e-01
4.917145852489682722e-01
4.845197071250767484e-01
4.761911580728176996e-01
4.660254615368798481e-01
4.528974541777404106e-01
4.348787828123054089e-01
4.083605264445762661e-01
3.657690040968543665e-01
2.887348033242469469e-01
1.295080543665217965e-01
1.461547660313842201e-01
1.005542863249377916e+00
8.744276766969322212e-01
7.846942889549080036e-01
7.303046313798270406e-01
7.030725799124251107e-01
6.802713638142845465e-01
6.610983728578110341e-01
6.421466484321053381e-01
6.204040061247634297e-01
6.041193378852904861e-01
5.720844013239680947e-01
5.303488119264876399e-01
4.765658323029941523e-01
4.106449346467972994e-01
3.381448790098625645e-01
2.686570447354383329e-01
2.636685149233948255e-01
2.175657093140397069e-01
2.073527284812583527e-01
1.908681985712279983e-01
2.974017931212090127e-01
3.040023061346480149e-01
3.319667999837673800e-01
3.641150528592356772e-01
3.999946137423216475e-01
4.116364277264800142e-01
4.519712402325838929e-01
4.837533414131402476e-01
5.144737473864356980e-01
5.450020361924651224e-01
5.757502401264942282e-01
6.069736458788932421e-01
6.387693476258954339e-01
6.706952524523503989e-01
7.046472548496129917e-01
7.363096465703261595e-01
7.582954188681556573e-01
6.692153520824151158e-01
8.765189814919799316e-01
9.041155203678178376e-01
9.362723623092739089e-01
9.681588457321494978e-01
9.979564469954188555e-01
1.024375770304043698e+00
1.046259075473831457e+00
1.062498457358435067e+00
1.072010248506388930e+00
1.073435124262413165e+00
1.070094334257390090e+00
1.053896506850920956e+00
1.028415111252049874e+00
9.977564169994329601e-01
9.561333393656055168e-01
9.070233016168484097e-01
