3.041561888012221382e-01
3.632422945895226185e-01
4.105373532025983763e-01
4.492427705478049260e-01
4.817002744039157736e-01
5.095730465435577283e-01
5.340437120129557513e-01
5.559627667628566083e-01
5.759505525055450548e-01
5.944658900649892885e-01
6.118423149076618328e-01
6.283675541161898304e-01
6.442114738379939309e-01
6.595331288525539959e-01
6.744468148443537592e-01
6.890385383614964221e-01
7.033718327427748163e-01
7.174920679918668220e-01
7.314297166574594833e-01
7.452029089870891854e-01
7.588190157370456879e-01
7.722773970772103258e-01
7.855691737349496107e-01
7.986794220438327985e-01
8.115878421476319104e-01
8.242696964790339198e-01
8.366966711863800255e-01
8.488377044868267163e-01
8.606597986739753514e-01
8.721288246651129894e-01
8.832103221177487473e-01
8.938702932292162950e-01
9.040759841928821539e-01
9.137966449042476125e-01
9.230042549344551484e-01
9.316742020640632616e-01
9.397858988426117666e-01
9.473233227157193959e-01
9.542754662124792731e-01
9.606366854207065709e-01
9.664069373557987452e-01
9.715918996500296778e-01
9.762029690087616896e-01
9.802571378113824618e-01
9.837767507635395425e-01
9.867891452946422337e-01
9.893261800677440876e-01
9.914236551070984005e-01
9.931206241036724114e-01
9.944585935477020522e-01
9.954805920758470483e-01
9.962300589529849981e-01
9.967465822776160334e-01
9.970803440224225156e-01
9.972565943327154070e-01
9.973077176106195374e-01
9.972481824317402932e-01
9.970901147531446851e-01
9.968071966630120961e-01
9.963383537433440074e-01
9.955737363770275072e-01
9.943128690882572229e-01
9.922088401445559036e-01
9.886597206230463009e-01
9.825921326856938975e-01
9.719961245613520928e-01
9.528319613700126922e-01
9.161856810092016135e-01
8.401354279564974270e-01
6.666757996664668395e-01
3.182129795994045329e-01
1.661087704021757816e-01
4.852477042887093917e-01
8.227490506542607385e-01
9.417034035567261041e-01
9.802945997328695871e-01
9.857735729661061264e-01
9.697295764689483066e-01
9.344649635338700966e-01
8.794768767419881561e-01
8.041021013842816201e-01
7.093193980973451218e-01
5.990674057998270907e-01
4.806044940664451204e-01
3.634134665794762076e-01
2.568896661651291491e-01
1.679450746620161639e-01
9.975236755244475118e-02
5.199471394012176312e-02
2.206065405596873211e-02
6.368887542280657170e-03
1.322849212221976611e-03
3.800831622522090041e-03
1.130706025014102320e-02
2.194293665958709991e-02
3.430914795464815731e-02
4.739564255134205012e-02
6.048274551529989052e-02
7.306029013101669745e-02
8.476476747531996869e-02
9.533199448678733590e-02
1.045622083004744129e-01
1.122947184266960829e-01
1.183897900819076560e-01
1.227160658140762084e-01
1.251424765136504025e-01
1.255342480238403613e-01
1.237533286504935853e-01
1.196644346972267486e-01
1.131490488452494975e-01
1.041312215255695561e-01
9.262095380408880141e-02
7.878305975164465180e-02
6.303926573706880587e-02
4.621705819194336928e-02
2.972917828358047701e-02
1.576313659642009091e-02
7.397814479862343390e-03
8.489407849756634011e-03
2.315239924570961644e-02
5.475943224572919765e-02
1.046852740173391527e-01
1.713586491765344555e-01
2.502246646412596420e-01
3.348057270063750090e-01
4.184438157886218868e-01
4.960583431323131731e-01
5.592943969920864955e-01
6.189545975660271093e-01
6.656338430212104251e-01
7.025730816798765321e-01
7.317019658962766737e-01
7.539743173627055928e-01
7.706979989962360333e-01
7.828678801468409443e-01
7.912832859470270153e-01
7.965249504384771528e-01
7.992473507931641130e-01
7.997152628179854394e-01
7.982533377224649840e-01
7.951197834772725237e-01
7.905149162614250047e-01
7.846029544518441368e-01
7.775226454803516596e-01
7.693992304623760159e-01
7.603982839707351671e-01
7.498692696525810497e-01
7.393619315013967297e-01
7.279084041837479147e-01
7.157753098704350281e-01
7.030398921522611477e-01
6.897625195461704051e-01
6.759970619732972308e-01
6.617930760138033275e-01
6.471966229749992472e-01
6.322507478197819664e-01
6.169958853158490353e-01
6.014703015667890451e-01
5.857106388248942697e-01
5.697526242652347639e-01
5.536320104202242520e-01
5.373858325162358396e-01
5.210540973291990507e-01
5.046820638471277709e-01
4.883233461833124678e-01
4.720441779046263830e-01
4.559293485740114615e-01
4.400906009301467914e-01
4.246787391434619363e-01
4.099014922191595578e-01
3.960505874717328290e-01
3.835440898026164502e-01
3.729950389049829229e-01
3.653272895111212004e-01
3.619796555070468602e-01
3.652813093366606978e-01
3.791645369969929291e-01
4.105059104871007225e-01
4.712525529314182116e-01
5.783521861998850433e-01
7.290873689584078665e-01
8.113410519569368429e-01
6.944366479831277639e-01
5.234934284729584331e-01
4.199404611599570902e-01
3.788683130550884459e-01
3.733640163768337517e-01
3.891683881926297772e-01
4.215089260700698448e-01
4.654043606363706953e-01
5.165889475781931806e-01
5.714996582107726431e-01
6.271074617619892821e-01
6.809383780704800770e-01
7.310246205800181585e-01
7.728405874467650927e-01
8.149534695632212333e-01
8.493627851820485519e-01
8.781705716631156289e-01
9.020099575109628010e-01
