5.284193951430701253e-01
5.644472034039084152e-01
5.983033843111051908e-01
6.302127518792940419e-01
6.603983238142465684e-01
6.882631963772504191e-01
7.155940760035697235e-01
7.411491855353895541e-01
7.653150141919358163e-01
7.881597212462018165e-01
8.096824421912647285e-01
8.300326281694271335e-01
8.491092128681526630e-01
8.669630187226671225e-01
8.836026301359808377e-01
8.990346052581131842e-01
9.132653559491367146e-01
9.263026192962797722e-01
9.381565623760770301e-01
9.488401700657463911e-01
9.583662137374023837e-01
9.666475014948469058e-01
9.741876304698396938e-01
9.804196971851625309e-01
9.856548210690936340e-01
9.899222745708432525e-01
9.932707829911208153e-01
9.957555965982769486e-01
9.974365705847059171e-01
9.983772986351751033e-01
9.986444667859273316e-01
9.983073059945867245e-01
9.974371384258060580e-01
9.961070407421317441e-01
9.943916584606605769e-01
9.923672139080323973e-01
9.901117617235385415e-01
9.877057637050855599e-01
9.852330830254351079e-01
9.827825419760504166e-01
9.804502553538871901e-01
9.783430539493337408e-01
9.765834594829914117e-01
9.753168568790393511e-01
9.747216378552384652e-01
9.750226972866401498e-01
9.765057379632735568e-01
9.795154957117738759e-01
9.843522123987142880e-01
9.906132209388799348e-01
9.930973110577870910e-01
9.490252558817338091e-01
4.702680067661661467e-01
1.536369055956227359e-01
4.554675976161217110e-01
6.593655079440404743e-01
7.298443159465393126e-01
7.660736056273090844e-01
7.876520643293974944e-01
8.017891681234720069e-01
8.117378471819512997e-01
8.191708742898847762e-01
8.250331976954677904e-01
8.298982174559175196e-01
8.341342516769597593e-01
8.379892913431525869e-01
8.416372011227308825e-01
8.452040213091480680e-01
8.485674035101659074e-01
8.524722426494668603e-01
8.561729238106324802e-01
8.602950344571170804e-01
8.645728507839973709e-01
8.691391111775664813e-01
8.740389980801840375e-01
8.793174064205353524e-01
8.850224456327463463e-01
8.912075330502665649e-01
8.979330909067251287e-01
9.052675498344000538e-01
9.132865905708368315e-01
9.220680338664962727e-01
9.316762885921047177e-01
9.421218712019369113e-01
9.532605901835067286e-01
9.645427475450875088e-01
9.743768229791764934e-01
9.784737530906737479e-01
9.655207596351919053e-01
9.069310715096635667e-01
7.439077387459426260e-01
4.349475224047796296e-01
1.286890948953911817e-01
8.457443753125890029e-03
4.025685449355635367e-03
1.110175087782949016e-02
1.965976322970890405e-03
2.103597662370976229e-02
1.832044663922464678e-01
4.961935883777120471e-01
7.579787748652070389e-01
8.935903228728995229e-01
9.525821541548485927e-01
9.775538003782712204e-01
9.883665365529522573e-01
9.932565738326445404e-01
9.956227948698882502e-01
9.968890298548064299e-01
9.976517282735699599e-01
9.981499579764256946e-01
9.984653221056015715e-01
9.986103985131734584e-01
9.985695280568973597e-01
9.983191428834173875e-01
9.978410693455457281e-01
9.971411291106596630e-01
9.963133653274576229e-01
9.960376609873624609e-01
9.826721284498485254e-01
9.877062218466565735e-01
9.856915692445770150e-01
9.827744010080347037e-01
9.792778478726598124e-01
9.752697283177248488e-01
9.707697414954333803e-01
9.657839868935542693e-01
9.603140675752375177e-01
9.543601770344009028e-01
9.479225068951860900e-01
9.410027546106896068e-01
9.336090431883675711e-01
9.257895230853304680e-01
9.111109871062877952e-01
9.079847742847692027e-01
8.986527974152684894e-01
8.887114786232526153e-01
8.782042986120077721e-01
8.671202015037069444e-01
8.554335756593911544e-01
8.431082234612813364e-01
8.300967450448459850e-01
8.163390941550516811e-01
8.017497563686404316e-01
7.862463525842693368e-01
7.696951086436104594e-01
7.519416994578480562e-01
7.327884274002511855e-01
7.119835640935292531e-01
6.892051629937364643e-01
6.640391455507304030e-01
6.359497756039859118e-01
6.042402625859795151e-01
5.680016261742805161e-01
5.260508314891538806e-01
4.768696545421006183e-01
4.185897220981504296e-01
3.490628991810270088e-01
2.669026604181795048e-01
1.731448533188375549e-01
7.747772665295489525e-02
9.073003475323268216e-03
2.365982434124882725e-02
1.691602940313083336e-01
4.095517573236310827e-01
6.424808907133799929e-01
8.068207666271184353e-01
9.034343087098011260e-01
9.540676824914117171e-01
9.776124282419714762e-01
9.860924205178702717e-01
9.864469136304289121e-01
9.825709798723389898e-01
9.766484613703899642e-01
9.699140435850586162e-01
9.630733534065167856e-01
9.565342251902893000e-01
9.505357663375471056e-01
9.452219715699317071e-01
9.406849275630976281e-01
9.369910001429339053e-01
9.341964204933647098e-01
9.323502386798488972e-01
9.314381903600597035e-01
9.303898632287391779e-01
9.208859674510432303e-01
9.364684389692066180e-01
9.418052625472916883e-01
9.449857617876854521e-01
9.205332500038811983e-01
4.990323243348539495e-01
3.801986080610726959e-01
7.006369939537507863e-01
7.907758869386947165e-01
8.314986211738644162e-01
8.558457465399144093e-01
8.741357541139509468e-01
8.908348590940093903e-01
9.092573147946431122e-01
9.296599733515182873e-01
1.975456131732699905e-01
