8.460718251266898804e-01
8.522455637851558130e-01
8.598834260626517789e-01
8.684630403599422621e-01
8.775379015961002338e-01
8.867366829463748656e-01
8.957606879687260992e-01
9.043798677250378670e-01
9.124277838396646079e-01
9.197958517383476584e-01
9.264271502028069705e-01
9.323100349385026187e-01
9.374717455833019297e-01
9.419721472780134830e-01
9.458976985236479118e-01
9.493556843059728356e-01
9.524686933310577697e-01
9.553692438488514682e-01
9.581943625304494283e-01
9.610797761319702648e-01
9.641531540799586075e-01
9.675254868303575506e-01
9.712791054446138217e-01
9.754498781394552731e-01
9.799994732760983762e-01
9.847707586627698628e-01
9.894145726046724709e-01
9.932679147785412610e-01
9.951502812684387411e-01
9.930253895371943251e-01
9.834554944687369238e-01
9.607884721159238861e-01
9.161891433038902299e-01
8.373022991666639880e-01
7.110446520172802876e-01
5.338435617234490449e-01
3.283275790079002165e-01
1.457755827937675663e-01
3.340708519460386383e-02
3.167615167907230337e-05
2.309665750978099827e-02
7.509416982152569697e-02
1.370973021394818470e-01
1.992015864308194495e-01
2.571932047769166507e-01
3.097704575164024199e-01
3.569377861666089835e-01
3.992052093665222623e-01
4.372221224704871401e-01
4.716229946974098697e-01
5.029708289812147015e-01
5.317435366436047417e-01
5.583380836913440781e-01
5.830802341378366060e-01
6.062361073237283460e-01
6.280224677730520400e-01
6.486163118458564414e-01
6.681603324379994380e-01
6.867722980299110214e-01
7.045473109932914868e-01
7.215628559828390909e-01
7.378818699326410435e-01
7.535553319992072119e-01
7.686243710699359744e-01
7.831219880242877851e-01
7.970744727670617813e-01
8.105025794216264012e-01
8.234225094725836636e-01
8.358467417855781623e-01
8.477847398108694366e-01
8.592435594458441850e-01
8.702283756247386481e-01
8.807429414328175055e-01
8.907899901796169084e-01
9.003715882386840175e-01
9.094894444274098655e-01
9.181451801452151784e-01
9.263405633097134828e-01
9.340777082192039948e-01
9.413592426912354982e-01
9.481884429324827224e-01
9.545693350089243800e-01
9.605067578070881629e-01
9.660063698739790317e-01
9.710745337128761090e-01
9.757177522910108758e-01
9.799389392423291101e-01
9.835039954678482799e-01
9.872577771755091103e-01
9.902933864196498126e-01
9.929686052657619166e-01
9.952873726862383474e-01
9.972607042763634855e-01
9.989006901399327676e-01
1.000219371401060986e+00
1.001228029082837923e+00
1.001936325915654180e+00
1.002351015267985979e+00
1.002473812190070479e+00
1.002297646457585234e+00
1.001799630983810419e+00
1.000926879177499229e+00
9.995653109383120238e-01
9.974631315518185382e-01
9.940139441701625334e-01
9.875032315595038135e-01
9.714904872935548052e-01
9.051001133539038346e-01
1.417647515706848826e-01
8.643886219729149945e-01
9.661299863277577060e-01
9.834809961362457331e-01
9.886447044096972059e-01
9.904502361353079154e-01
9.910185229646882865e-01
9.910584704733542694e-01
9.908673877859162094e-01
9.905880758279254072e-01
9.902965528976542808e-01
9.900355167998554640e-01
9.898285057330596937e-01
9.896861389655446928e-01
9.896086897688881612e-01
9.895867129120423655e-01
9.896004395772022288e-01
9.896181980222905628e-01
9.895938774432742058e-01
9.894632902621005588e-01
9.891391426571201073e-01
9.885041584911347101e-01
9.874016865256700637e-01
9.856228055642233254e-01
9.828883496160772948e-01
9.788218480898259743e-01
9.728456236149963798e-01
9.646244058018682566e-01
9.528669351668181964e-01
9.365286751737095239e-01
9.140183733190713200e-01
8.832617040563262023e-01
8.416516287727617840e-01
7.861260194786678923e-01
7.135505018622653184e-01
6.216703899764501884e-01
5.108504622263666528e-01
3.863367712896852435e-01
2.596532497292970976e-01
1.468412194719603270e-01
6.275123191471218553e-02
1.467147151832794323e-02
2.407755326971383375e-04
1.057859766178007553e-02
3.512462142395753745e-02
6.490134308730176327e-02
9.356321465500630485e-02
1.171215316658393568e-01
1.332635991581158641e-01
1.407433433308488691e-01
1.389966707303093574e-01
1.280028622779662562e-01
1.083904257093687151e-01
8.179261516203248372e-02
5.142698977858263520e-02
2.272577233899771010e-02
3.520982837222708453e-03
2.945758131941682116e-03
2.848626164961822610e-02
8.217933255054536701e-02
1.587621537693998941e-01
2.477756887051368040e-01
3.381070199758647310e-01
4.215849240993504443e-01
4.940021756390823859e-01
5.543035153356117295e-01
6.032764489693087651e-01
6.425056087906415581e-01
6.735287703101209278e-01
6.985143725388385239e-01
7.183466269202584131e-01
7.342859858185514232e-01
7.472445784160709481e-01
7.572744044829546883e-01
7.663657400523735674e-01
7.737947791996805380e-01
7.800834630451178864e-01
7.854494231435115159e-01
7.900187314837797681e-01
7.938485464286425541e-01
7.969375595374341703e-01
7.992333501744754987e-01
8.006384743213762478e-01
8.010160781341554292e-01
8.001955439668393399e-01
7.979785475401115491e-01
7.941458105284382452e-01
7.884646414634611800e-01
7.806934507215466112e-01
7.706242764297572823e-01
7.580140955541525560e-01
7.426921240345373265e-01
