1.039030611987745489e+00
1.040649930352236963e+00
1.038415968949857104e+00
1.032883709794937932e+00
1.024521705291173479e+00
1.013644491514655854e+00
1.000297458255146488e+00
9.840278301188480903e-01
9.633672353154490997e-01
9.345186224753144755e-01
8.876078995757240575e-01
7.948485198647626815e-01
5.772880920067080535e-01
1.633117867024115599e-01
9.445204929558466411e-02
4.278424189809978406e-01
6.317604166026921098e-01
7.231838327965828261e-01
7.763640281820499700e-01
8.048561027568770232e-01
8.230996337637933591e-01
8.360265717171121436e-01
8.461218985155047889e-01
8.547596685234913894e-01
8.627672256736844680e-01
8.706884327301727122e-01
8.789160981343995260e-01
8.877615931824724971e-01
8.974908382082831260e-01
9.083373490299216924e-01
9.204929609627483522e-01
9.340662769370096097e-01
9.489828835284814801e-01
9.647709535724083851e-01
9.801174408976903729e-01
9.917591791441099369e-01
9.935983098236847999e-01
9.720737285327594179e-01
9.045821112841962996e-01
7.629747037162603052e-01
5.412885588835727457e-01
2.946001624957762521e-01
1.094983898944517503e-01
1.980858424609912086e-02
6.758500916237077279e-04
1.669406117078055599e-02
4.483429628412573253e-02
7.374475410729072755e-02
9.853696462438886472e-02
1.172119240894498871e-01
1.288015763916048051e-01
1.324330552270489569e-01
1.267899466842678791e-01
1.097408254484403128e-01
7.848523854907585307e-02
3.330101899256150688e-02
5.259043291588354728e-03
1.833261795954161111e-01
7.255964329202742036e-01
9.554210057199555850e-01
9.041052935360998077e-01
8.316569426258659803e-01
7.796407349900706940e-01
7.452214870192676033e-01
7.228664199073198127e-01
7.086907867381354587e-01
7.002115743098482614e-01
6.958351995618666797e-01
6.945122314186521484e-01
6.955303765969083063e-01
6.983914040422396496e-01
7.027365842218999958e-01
7.083003207326014072e-01
7.148805171687007132e-01
7.223191370443088344e-01
7.304891364587916547e-01
7.392854824186628759e-01
7.486188534643928305e-01
7.584111411527341140e-01
7.685921863630265083e-01
7.790973785876629254e-01
7.898658662385567020e-01
8.008391948470203747e-01
8.119602085228254662e-01
8.231719553083762797e-01
8.344157402793340728e-01
8.456226282930265903e-01
8.565594951822156355e-01
8.680535335836139232e-01
8.788276796724876494e-01
8.894283395216785459e-01
8.997511168815273130e-01
9.097358307552761980e-01
9.193293432406842713e-01
9.284820747870708990e-01
9.371476983145654582e-01
9.452834879388113398e-01
9.528509176623523036e-01
9.598166709676199115e-01
9.661577126559063311e-01
9.717465363815809276e-01
9.767994757037471443e-01
9.811188888979182066e-01
9.847435797212399367e-01
9.876771510874122750e-01
9.899277669704016347e-01
9.915095459040385029e-01
9.924425897119083517e-01
9.927527274815666214e-01
9.924711259708502986e-01
9.916338044177454014e-01
9.902810639084171918e-01
9.884568228717611760e-01
9.862078227228211480e-01
9.835826158743288250e-01
9.806301430811704689e-01
9.773974789723159917e-01
9.739257907598372066e-01
9.702421803421161783e-01
9.663410810261723327e-01
9.621352057922754053e-01
9.572972840340038259e-01
9.505522667062892284e-01
9.334372454571470135e-01
5.707207186446457969e-01
9.646995940886229359e-01
9.606852530483434016e-01
9.583170956048476796e-01
9.570766101577669049e-01
9.558769023401411102e-01
9.521085539719915669e-01
9.340599162115219567e-01
5.867627832001071075e-01
1.060332181411640429e+00
1.010677543940035727e+00
9.323788785669617774e-01
7.220197061421236295e-01
3.293981864660616710e-01
3.853253871276395709e-02
4.290905483206634147e-02
1.577010751656419685e-01
2.640968616540639302e-01
3.429152130399792386e-01
3.993125691478502937e-01
4.400477226479159176e-01
4.700758043824744825e-01
4.926870074985351122e-01
5.100646691671508748e-01
5.236779437987709729e-01
5.345365548823105550e-01
5.433476835857212750e-01
5.506121551459012275e-01
5.566817322892920750e-01
5.617801215725727326e-01
5.656693847483944548e-01
5.701417474331545998e-01
5.730314456809487700e-01
5.751797337550531575e-01
5.762779331074971978e-01
5.758125012696360123e-01
5.728147763018297534e-01
5.653337635137681838e-01
5.489481826758251248e-01
5.113943774216331839e-01
4.036902586784425484e-01
2.979174093317728603e-02
1.007334230791103291e+00
8.628842140094022950e-01
8.154609957358081029e-01
7.968987350667663394e-01
7.899979423537607515e-01
7.888786461766349456e-01
7.909710259432245483e-01
7.949388618444268584e-01
7.999788420916202902e-01
8.054189933603701501e-01
8.115875804337754351e-01
8.172168739767672330e-01
8.225136248808011530e-01
8.271817767472218197e-01
8.312901769919091022e-01
8.343256453063687683e-01
8.363359337241113023e-01
8.372082501269774157e-01
8.368766826295989114e-01
8.353148117885532686e-01
8.325381847736513796e-01
8.286063202008858708e-01
8.236217926679914036e-01
8.177232454181859733e-01
8.110664289870263000e-01
8.037808640761554546e-01
7.958737365158035093e-01
7.870102259095616004e-01
7.759768788498295766e-01
7.592465815054281197e-01
7.267479599162753878e-01
6.489110996202031023e-01
4.520046176332743748e-01
1.341546976142479197e-01
