9.876561853647090050e-01
9.883086924926728356e-01
9.889534616389804578e-01
9.895893135454908451e-01
9.902151810866668402e-01
9.908300826893606805e-01
9.914330981627740291e-01
9.920233470869909143e-01
9.925999698195520082e-01
9.931621111113352329e-01
9.937089062698127861e-01
9.942394697648880841e-01
9.947528861448527993e-01
9.952482031077808378e-01
9.957244265613774958e-01
9.961805174994265988e-01
9.966153905201643459e-01
9.970279138166892041e-01
9.974169104759885718e-01
9.977811609309386043e-01
9.981194064221171613e-01
9.984303533368689143e-01
9.987126783059010471e-01
9.989650339506500609e-01
9.991860551871809548e-01
9.993743660045344424e-01
9.995285866474009628e-01
9.996473411437324375e-01
9.997292651285492049e-01
9.997730139241797209e-01
9.997772708456623691e-01
9.997407557073325624e-01
9.996622335140232796e-01
9.995405233244445409e-01
9.993745072805699792e-01
9.991631397997328135e-01
9.989054569303411624e-01
9.986005858734438023e-01
9.982477546754467967e-01
9.978463020976815478e-01
9.973956876700372787e-01
9.968955019356804392e-01
9.963454768944748352e-01
9.957454966523314743e-01
9.950956082828659177e-01
9.943960329082106586e-01
9.936471770041759299e-01
9.928496439349955294e-01
9.920042457220623611e-01
9.911120150511211202e-01
9.901742175212834285e-01
9.891923641406894507e-01
9.881682240723833610e-01
9.871038376360802280e-01
9.860015295716703099e-01
9.848639225723938573e-01
9.836939510970600375e-01
9.824948754732005796e-01
9.812702963057086114e-01
9.800241692080577938e-01
9.787608198763568801e-01
9.774849595292209870e-01
9.762017007383082534e-01
9.749165736761370438e-01
9.736355428066508777e-01
9.723650240416471524e-01
9.711119023781789039e-01
9.698835500198943471e-01
9.686878449633904431e-01
9.675331899981324257e-01
9.664285320181943417e-01
9.653833814713650430e-01
9.644078316658641903e-01
9.635125775034654172e-01
9.627089329938126605e-01
9.620088466018559270e-01
9.614249130524074038e-01
9.609703796144437593e-01
9.606591440364269374e-01
9.605057401036574127e-01
9.605253050850175445e-01
9.607335209117533470e-01
9.611465174643003540e-01
9.617807213638274177e-01
9.626526265341500688e-01
9.637784399027237159e-01
9.651736323867634582e-01
9.668520928072131815e-01
9.688251474720961376e-01
9.710999296443401096e-01
9.736770690737592826e-01
9.765472785133050282e-01
9.796863015969008437e-01
9.830473844197368249e-01
9.865499686880664365e-01
9.900625636425086640e-01
9.933765670512635371e-01
9.961659043566170046e-01
9.979243402600652679e-01
9.978676730980867715e-01
9.947813564221945626e-01
9.867861631217584861e-01
9.709907033734461734e-01
9.430201624028308194e-01
8.965159867299874463e-01
8.230351302902810806e-01
7.135458763926085801e-01
5.636745311134739866e-01
3.835802483436014931e-01
2.052014591297994794e-01
7.112646557551342841e-02
6.786363076482552180e-03
6.943966949912039853e-03
4.891394631530369269e-02
1.104676424779602872e-01
1.770864390849586079e-01
2.413142781013826732e-01
3.001010690654256630e-01
3.526770539288057171e-01
3.993014694932996433e-01
4.406219860547534450e-01
4.773752208108038575e-01
5.102593581804100165e-01
5.398884264957483081e-01
5.667831733685294582e-01
5.913770155881624691e-01
6.140271429708171746e-01
6.350264189410758098e-01
6.546143289503516538e-01
6.729864162523105930e-01
6.903021597433095513e-01
7.066914498309319059e-01
7.222598772859938343e-01
7.370930480500584858e-01
7.512601118793857946e-01
7.648166615872900032e-01
7.778071297298300157e-01
7.902667835045832367e-01
8.022233969798671094e-01
8.136986622779199818e-01
8.247093874320109430e-01
8.352685177164865804e-01
8.453860087498482612e-01
8.550695731168125313e-01
8.643253172537193052e-01
8.731582815717016111e-01
8.815728939919256213e-01
8.895733450246176011e-01
8.971638910582997450e-01
9.043490914886865850e-01
9.111339845776895707e-01
9.175242063771912315e-01
9.235260565769465302e-01
9.291465146417799970e-01
9.343932089911823891e-01
9.392743411370277906e-01
9.437985654985687756e-01
9.479748238855791875e-01
9.518121311297782494e-01
9.553193046686223600e-01
9.585046254286965217e-01
9.613754085540348049e-01
9.639374076433792071e-01
9.661943146395918225e-01
9.681463232302408572e-01
9.697891804104251667e-01
9.711119692844119022e-01
9.720941300129067875e-01
9.727007660145885470e-01
9.728750539800720132e-01
9.725254520627109045e-01
9.715031123064884477e-01
9.695597897157789413e-01
9.662642431475840787e-01
9.608228365745160593e-01
9.516556839972997173e-01
9.352645735699330887e-01
9.026856794697519781e-01
8.258445682241117858e-01
5.951183816127674220e-01
5.793111231580543724e-02
5.034378758536905973e-01
8.228558280843186745e-01
9.169529956160606954e-01
9.524593611623342060e-01
9.689596192459009050e-01
9.777690079095587850e-01
9.829370617190051895e-01
9.861734879875238002e-01
9.882931081740071733e-01
9.897215620269550485e-01
9.906977375892633830e-01
9.913637078374888389e-01
9.918081474690576549e-01
9.920887591245639570e-01
9.922445260084314933e-01
9.923027287257715212e-01
9.922831248830118467e-01
9.922005189520156643e-01
9.920663788791685977e-01
