1.000509713282194735e+00
9.973179809551253605e-01
9.946015443736265782e-01
9.923467263531924321e-01
9.905312492931008794e-01
9.891263303258811534e-01
9.880985292270605402e-01
9.874113550703449427e-01
9.870266420932920504e-01
9.869057084765049392e-01
9.870103139453142438e-01
9.873034334590514716e-01
9.877498649203999559e-01
9.883166889532646326e-01
9.889735984809623348e-01
9.896931151908471280e-01
9.904507090797458613e-01
9.912248362118480927e-01
9.919969086468488628e-01
9.927512092573845814e-01
9.934747628967652844e-01
9.941571741267983819e-01
9.947904404995039362e-01
9.953687492234460921e-01
9.958882639485179267e-01
9.963469073815510724e-01
9.967441445060682970e-01
9.970807703234476627e-01
9.973587052630875638e-01
9.975808007210594797e-01
9.977506565806117944e-01
9.978724520373173368e-01
9.979507905946011226e-01
9.979905597025543473e-01
9.979968051847950550e-01
9.979746203228798684e-01
9.979290492454515604e-01
9.978650040893881634e-01
9.977871952627394014e-01
9.977000740344051932e-01
9.976077866027046603e-01
9.975141387469236287e-01
9.974225701411787437e-01
9.973361374030770277e-01
9.972575049580800766e-01
9.971889428227328489e-01
9.971323304403333365e-01
9.970891657423935905e-01
9.970605786539987747e-01
9.970473483107414880e-01
9.970499233059869626e-01
9.970684443418914578e-01
9.971027687098797943e-01
9.971524960810836946e-01
9.972169951386302689e-01
9.972954306349328668e-01
9.973867905053096505e-01
9.974899127154850387e-01
9.976035115643829831e-01
9.977262032036255945e-01
9.978565301735795590e-01
9.979929847903146189e-01
9.981340312496164158e-01
9.982781263436518726e-01
9.984237387115779683e-01
9.985693665696477872e-01
9.987135538865903328e-01
9.988549049893421516e-01
9.989920976000563613e-01
9.991238943199740596e-01
9.992491525877266190e-01
9.993668331501963653e-01
9.994760070935588825e-01
9.995758614888996529e-01
9.996657037135054935e-01
9.997449645142029162e-01
9.998131998827852751e-01
9.998700918181958608e-01
9.999154480515622945e-01
9.999492008138651800e-01
9.999714047280466866e-01
9.999822339094343038e-01
9.999819783610837121e-01
9.999710397539512963e-01
9.999499266860818469e-01
9.999192495198145902e-01
9.998797149042838450e-01
9.998321201004272130e-01
9.997773472397132322e-01
9.997163576680517805e-01
9.996501865524499708e-01
9.995799379670520235e-01
9.995067807265504145e-01
9.994319453105107165e-01
9.993567223278594369e-01
9.992824631230246002e-01
9.992105833485013244e-01
9.991425706592658162e-01
9.990799981814588726e-01
9.990245461739208910e-01
9.989780355028541337e-01
9.989424784819906922e-01
9.989201558247289281e-01
9.989137338901388219e-01
9.989264459865837553e-01
9.989623790506484413e-01
9.990269406774338057e-01
9.991276494953773568e-01
9.992755382050819701e-01
9.994877980046832366e-01
9.997931569512534811e-01
1.000243958186971094e+00
1.000947177066916050e+00
1.002161003412380236e+00
1.004702765624646776e+00
1.012895337222449177e+00
9.479707398685719433e-01
9.871385105808597737e-01
9.918951018012363008e-01
9.937477723966874343e-01
9.947525277368138852e-01
9.953968959894050617e-01
9.958548785026147820e-01
9.962034459995409152e-01
9.964814137735902300e-01
9.967100722970189119e-01
9.969017257278335320e-01
9.970636744424632436e-01
9.972002499429484246e-01
9.973139334345568763e-01
9.974060095388945779e-01
9.974769694019260946e-01
9.975267717912733589e-01
9.975550203059516674e-01
9.975610892667244878e-01
9.975442172530717411e-01
9.975035796949054401e-01
9.974383475656730669e-01
9.973477366161891400e-01
9.972310499836435360e-01
9.970877159894337982e-01
9.969173222728727746e-01
9.967196469597560116e-01
9.964946872532153277e-01
9.962426856123204333e-01
9.959641535201998463e-01
9.956598927180230207e-01
9.953310136839941258e-01
9.949789510571933615e-01
9.946054756416946585e-01
9.942127025730348455e-01
9.938030951845054917e-01
9.933794640753603744e-01
9.929449608554168361e-01
9.925030660210500955e-01
9.920575704087224445e-01
9.916125496718344312e-01
9.911723312388837082e-01
9.907414532363599813e-01
9.903246148989740538e-01
9.899266180470693843e-01
9.895522992862119116e-01
9.892064526805536273e-01
9.888937427715606132e-01
9.886186079595871146e-01
9.883851544398640776e-01
9.881970410891862677e-01
9.880573559375199766e-01
9.879684851305642335e-01
9.879319756001492259e-01
9.879483930048555962e-01
9.880171768907878294e-01
9.881364954458616845e-01
9.883031026833783983e-01
9.885122013877424285e-01
9.887573156828706189e-01
9.890301776376290155e-01
9.893206328934547322e-01
9.896165708765395363e-01
9.899038857273247949e-01
9.901664746252391014e-01
9.903862806846714939e-01
9.905433880224218113e-01
9.906161769126506922e-01
9.905815471123025073e-01
9.904152174072989867e-01
9.900921091357306469e-01
9.895868208098544949e-01
9.888741998871213301e-01
9.879300160996045133e-01
9.867317383683295029e-01
9.852594139534633921e-01
9.834966437554388818e-01
9.814316410087829956e-01
9.790583510488922725e-01
9.763775957428133534e-01
9.733981845778727493e-01
9.701378996386474940e-01
9.666242024819569068e-01
9.628944035593988149e-01
