8.071113694570564157e-01
7.705972231641519121e-01
6.526315721731933417e-01
4.343920016499885906e-01
1.915165277132692412e-01
4.043180194528778887e-02
-7.989311129997981155e-04
1.978092370088560883e-02
6.264881602358900181e-02
1.091067579950130428e-01
1.522365045695963648e-01
1.900766977977468852e-01
2.225065812991723901e-01
2.500139494140352636e-01
2.732473399370801692e-01
2.929475020806749930e-01
3.065056312228201518e-01
3.221176319896529305e-01
3.336581505206562825e-01
3.432110220367614040e-01
3.511674427827904954e-01
3.578263024214174970e-01
3.634460480342114330e-01
3.682615090247902123e-01
3.725539185380470908e-01
3.759732957096320605e-01
3.795375588254182309e-01
3.828726894158115956e-01
3.862628075631300839e-01
3.897404346600563119e-01
3.934515833221296499e-01
3.974958476046451250e-01
4.019648875043441705e-01
4.069436366225062662e-01
4.125117459430437949e-01
4.187450223856056253e-01
4.257168118719358851e-01
4.334990924574096960e-01
4.421620813292378438e-01
4.517636856061978401e-01
4.621166603256210981e-01
4.747101796460339584e-01
4.876813264198914255e-01
5.021581807486239502e-01
5.182289125405692420e-01
5.358822095148041420e-01
5.556175150379587535e-01
5.775641206862417443e-01
6.020973825782021116e-01
6.296773914596532906e-01
6.608929078136573931e-01
6.964943604873148342e-01
7.374080248279190064e-01
7.846620280430969263e-01
8.389842341913804624e-01
8.992444029984619780e-01
9.569200810634443943e-01
9.779532070428007540e-01
8.621086729001870008e-01
4.938185481885498107e-01
1.080881670091620450e-01
5.170752732603162627e-04
5.679142800319147283e-02
1.488146767650982139e-01
2.362901549700126003e-01
3.121332431990375134e-01
3.772956300719164102e-01
4.339828478918213439e-01
4.841354631883749149e-01
5.292082469419371327e-01
5.702330917569887747e-01
6.079181900020234064e-01
6.427289430819250748e-01
6.749420437753604896e-01
7.046700401806157421e-01
7.318409614972116728e-01
7.560635333300403937e-01
7.760275530577350755e-01
7.855384339741121602e-01
6.072683421058496789e-01
8.833258202277413096e-01
8.841649995265494777e-01
8.935642971897878040e-01
9.035925910635471681e-01
9.126769701156695058e-01
9.203104143324445374e-01
9.262708138385267187e-01
9.304002785780669527e-01
9.324562516817777036e-01
9.305118730101380464e-01
9.303782304329565322e-01
9.236065211194951496e-01
9.099493583251944129e-01
8.935343625826071001e-01
8.609141090051860568e-01
8.085514821647172834e-01
7.255372068251725315e-01
6.003289574956550689e-01
4.308478961513042549e-01
2.423375530546169609e-01
8.837975090223351704e-02
1.057918365942255891e-02
4.977546644058070124e-03
4.100819465088525323e-02
9.169491854222776295e-02
1.424309542749532809e-01
1.874891652642334261e-01
2.255486623980944849e-01
2.570585867550313486e-01
2.830200989887079466e-01
3.044969995069126134e-01
3.224419308894944103e-01
3.376741109477230385e-01
3.508667120058318045e-01
3.625873670796997961e-01
3.733201321050504951e-01
3.834919984290907080e-01
3.934977325096897238e-01
4.037252802416514963e-01
4.145856453134210695e-01
4.265563220203267836e-01
4.402710853562059601e-01
4.569234383566035951e-01
4.607255510500818940e-01
4.969802502991917392e-01
5.292695313617543640e-01
5.739646300575287352e-01
6.432212505294782057e-01
7.688327040715625671e-01
8.130527391121458169e-01
8.879893454993117996e-02
3.812543244834248335e-01
5.527949116075628888e-01
7.081093043754292937e-01
8.611844579491538809e-01
9.005478210718721455e-01
6.038283151096940360e-01
2.123364797366791290e-01
3.873149986644788129e-02
6.781030709160473357e-04
8.666020232259893583e-03
2.927775055609355831e-02
5.197248327259166439e-02
7.363532798937559576e-02
9.351374054681681203e-02
1.117607361034231445e-01
1.284168906122589993e-01
1.438861757036300204e-01
1.584071676267294337e-01
1.722115903604636289e-01
1.854869816395998128e-01
1.983902306388067305e-01
2.110508734548200427e-01
2.235755631489230177e-01
2.360518580320590531e-01
2.485512451327795136e-01
2.611314806391529242e-01
2.738383612095391939e-01
2.867070334549092769e-01
2.997629307593311920e-01
3.130224055374976055e-01
3.264931017027225546e-01
3.401740807934226507e-01
3.540556571886582793e-01
3.681187521133775786e-01
3.823331071819633942e-01
3.966517530927719526e-01
4.109876371549873730e-01
4.250267423331295924e-01
3.646768017924661986e-01
4.541725142324306019e-01
4.693115898327007707e-01
4.831710436360015515e-01
4.966971628308533004e-01
5.097287996775137220e-01
5.220946583933167018e-01
5.335907002262205712e-01
5.439596763711465055e-01
5.528639830142862976e-01
5.598442849467083482e-01
5.642515851827489826e-01
5.649893842793388687e-01
5.613710380070935368e-01
5.505253756679945321e-01
5.296830160697265644e-01
4.941336041776739907e-01
4.371570952097422191e-01
3.506947779886804284e-01
2.308283741476798434e-01
9.540106778148955968e-02
8.308504730418180342e-03
5.019651841331426723e-02
2.207251527635629429e-01
4.503701740925447616e-01
7.052314022188943543e-01
1.049393920109041201e+00
4.513947489152596304e-02
1.371150690979172915e-01
3.707973437340875145e-01
4.970830258983251482e-01
