6.413922611315870936e-01
6.586858334248510971e-01
6.745196470414998036e-01
6.891572058253300215e-01
7.028592211397015621e-01
7.158741856859829333e-01
7.284307175356353747e-01
7.407315647779222356e-01
7.529491578235185667e-01
7.652225992376608943e-01
7.776559843275320238e-01
7.903179473606933847e-01
8.032423272580596629e-01
8.164298425381089075e-01
8.298506583381215496e-01
8.434477190703174587e-01
8.571407095565296563e-01
8.708304962919289904e-01
8.844038891526819768e-01
8.977385494226601814e-01
9.107078329060726007e-01
9.231851696515507300e-01
9.350459623253549735e-01
9.461055090863705885e-01
9.565949885393637553e-01
9.660159964054797488e-01
9.745279836465654544e-01
9.822783757574945485e-01
9.863684451517533702e-01
9.929290107254407083e-01
9.973074340473471189e-01
1.000562474893313514e+00
1.002803887353708401e+00
1.004106506905272811e+00
1.004554553579179110e+00
1.004297138202781658e+00
1.002104539481643020e+00
9.995334273997654728e-01
9.999803981507732198e-01
9.971014425023152494e-01
9.941345968240571374e-01
9.910057120158924926e-01
9.877743886521598293e-01
9.845204671149083708e-01
9.813260409647753812e-01
9.782711650609053899e-01
9.754325408152376697e-01
9.728829741764912775e-01
9.706903640674821032e-01
9.689134852167680112e-01
9.675846263467831054e-01
9.666348710782670661e-01
9.655059722815464429e-01
9.600271069217517494e-01
8.406281661321914900e-01
1.010420212728590394e+00
7.202117442331409380e-01
9.033580781855335973e-01
9.311581500825267810e-01
9.428621307253370887e-01
9.502253239205147306e-01
9.559811675735659930e-01
9.610113865293385960e-01
9.643326855166648448e-01
9.711449362170330168e-01
9.755849856232928774e-01
9.800113227634736912e-01
9.842433443302570639e-01
9.881330575909476055e-01
9.914953163104650580e-01
9.940926597048674873e-01
9.956224858664972643e-01
9.957015214671983694e-01
9.938464183482104142e-01
9.894500785755534489e-01
9.817539586495979131e-01
9.698177288288103437e-01
9.524887847166938482e-01
9.283209050661579420e-01
8.959992778978456140e-01
8.534253204711583773e-01
7.989895206459431964e-01
7.312260348258791121e-01
6.494641410853951857e-01
5.544971882719684775e-01
4.493095815770541956e-01
3.395430974801922352e-01
2.332531994458211799e-01
1.396376189376596355e-01
6.694134878084266604e-02
2.038366274875422213e-02
1.074994342738170650e-03
6.527960192831389931e-03
3.179994076034577122e-02
7.126245632462771540e-02
1.196812528624141558e-01
1.728996460759541220e-01
2.286714756962769657e-01
2.609059578165663362e-01
3.246692568706228132e-01
3.725499336079547974e-01
4.176013260931895621e-01
3.789611782519843874e-01
4.440413733806354846e-01
4.641742414008838136e-01
4.190162925047642983e-01
2.601965385583503432e-01
5.682907555893859097e-01
4.574273623085338691e-01
8.926743338658119642e-01
9.394818910292154213e-01
9.365711672683830757e-01
9.378363900001494002e-01
9.429224070596737839e-01
9.499265031727740505e-01
9.576353316558031681e-01
9.653330732435650985e-01
9.725932848951546195e-01
9.791581405679999905e-01
9.848715343800152899e-01
9.896411599847796392e-01
9.934161803026396731e-01
9.961734799266367402e-01
9.979087129594590433e-01
9.986299489991580236e-01
9.983524256742368763e-01
9.970929899434722854e-01
9.948620600066672148e-01
9.916482707558034182e-01
9.873822226617435804e-01
9.818334103258041790e-01
9.742464305128011315e-01
9.615809040547383946e-01
9.234346025277807568e-01
3.324249047123339351e-01
8.378105712666481519e-01
9.159942253003121593e-01
9.224822106315885284e-01
9.189271500305570273e-01
9.123337309567525200e-01
9.044073303789897933e-01
8.957532367058093081e-01
8.866454415694660085e-01
8.772313674062451883e-01
8.676001249367745194e-01
8.578084933784163590e-01
8.478899475866689128e-01
8.378374779827556518e-01
8.251435163268440176e-01
8.170116956863344715e-01
8.069107402125371697e-01
7.962995877472472950e-01
7.853118268181238371e-01
7.738020371760520044e-01
7.615285235436386468e-01
7.481252964980172893e-01
7.330355611355180434e-01
7.153966268908188431e-01
6.938133477699016671e-01
6.659253703625621634e-01
6.274760257173778166e-01
5.701752626962662829e-01
4.765009097539961713e-01
3.090872622834207051e-01
4.800831681126871420e-02
2.341266168284251992e-01
8.136226270492830093e-01
9.710599517708450312e-01
9.903112871039769782e-01
9.780957031998087636e-01
9.751833402941360029e-01
9.685195068385609174e-01
9.641098253314562827e-01
9.619174286725584722e-01
9.616506576909424897e-01
9.630179976273064435e-01
9.657645846717164417e-01
9.696501193915906258e-01
9.743563713864248355e-01
9.785877422782028878e-01
9.851802939813413262e-01
9.855400780920051673e-01
9.817880669104913638e-01
9.429467546519478827e-01
8.291308981153693303e-01
4.631185227782446678e-01
3.610100754508428073e-02
1.033272105728794549e-01
2.718522233069747829e-01
4.680355780424594880e-01
5.608295550211528369e-01
6.178121514136397652e-01
6.549698638923419081e-01
6.805605738191269349e-01
6.992568013730952048e-01
7.139525768880197187e-01
7.266132759568744159e-01
7.386970690233362058e-01
7.513731788803550415e-01
7.656373323326312041e-01
