9.923156322633702731e-01
9.924774064105391647e-01
9.926768458847927690e-01
9.929115948620038656e-01
9.931786473114578850e-01
9.934745115920498026e-01
9.937953553622227432e-01
9.941371313175048074e-01
9.944956845980800209e-01
9.948668429514766487e-01
9.952464909055438458e-01
9.956306293100066762e-01
9.960154216621296408e-01
9.963972286434056302e-01
9.967726322741640166e-01
9.971384510487371067e-01
9.974917473472731944e-01
9.978298283415492076e-01
9.981502415246280568e-01
9.984507658980270595e-01
9.987293997553476910e-01
9.989843459028336925e-01
9.992139950631525602e-01
9.994169081169621549e-01
9.995917977500887730e-01
9.997375099924384889e-01
9.998530060596436675e-01
9.999373448388335639e-01
9.999896662977858508e-01
1.000009176039779790e+00
9.999951311766586137e-01
9.999468276480171225e-01
9.998635890770621870e-01
9.997447572186666243e-01
9.995896840287095131e-01
9.993977253585485387e-01
9.991682362600275980e-01
9.989005678690637824e-01
9.985940658242390411e-01
9.982480701661420319e-01
9.978619166562932019e-01
9.974349394488456477e-01
9.969664750453224311e-01
9.964558674606638355e-01
9.959024745279614343e-01
9.953056752707594157e-01
9.946648782721566606e-01
9.939795309726381367e-01
9.932491298307192240e-01
9.924732312838240311e-01
9.916514634489581592e-01
9.907835385072290002e-01
9.898692657178119747e-01
9.889085650114755044e-01
9.879014811157282860e-01
9.868481981669763314e-01
9.857490547672119741e-01
9.846045594451443561e-01
9.834154064838135367e-01
9.821824920779232970e-01
9.809069307858034881e-01
9.795900722416469586e-01
9.782335180937508090e-01
9.768391391347265307e-01
9.754090925878906582e-01
9.739458395124326318e-01
9.724521622848604219e-01
9.709311821077263316e-01
9.693863764837316044e-01
9.678215965730340153e-01
9.662410843148629969e-01
9.646494891304769892e-01
9.630518839065149717e-01
9.614537797303701616e-01
9.598611383924817719e-01
9.582803806926871726e-01
9.567183863358361684e-01
9.551824755276321355e-01
9.536803463242271572e-01
9.522198888935492489e-01
9.508085821995567732e-01
9.494509572786240525e-01
9.481296852539059516e-01
9.411679060148241405e-01
9.460415578717283891e-01
9.450207423458648615e-01
9.441453015845048258e-01
9.434108828527170143e-01
9.428277452670361658e-01
9.424094675915889452e-01
9.421710977509386575e-01
9.421286542761985183e-01
9.422989336522942239e-01
9.426993974022219724e-01
9.433480686797729442e-01
9.442634054670632215e-01
9.454641250431217170e-01
9.469689512108930840e-01
9.487962459424948980e-01
9.509634702796293526e-01
9.534863928284446066e-01
9.563779229600639642e-01
9.596463813363980133e-01
9.632929183789212813e-01
9.673076278276138140e-01
9.716636367295449217e-01
9.763080143586934101e-01
9.811476066325380829e-01
9.860266491483117290e-01
9.906908460431429475e-01
9.947288152052611299e-01
9.974751420694819570e-01
9.978476564815895733e-01
9.940719343754623738e-01
9.832163017903717828e-01
9.604301624448382535e-01
9.178129244078575555e-01
8.432147268969509835e-01
7.208156413670054885e-01
5.392172749961522404e-01
3.145021189434769604e-01
1.117327918925007518e-01
8.054975710623664756e-03
1.803097481849400691e-02
9.724574576538505544e-02
1.988857023950442726e-01
2.976609561495308642e-01
3.846613805364108574e-01
4.586254152082816504e-01
5.209696084780754965e-01
5.737037731840269883e-01
6.186898210156347444e-01
6.574744387300024417e-01
6.912721800579209042e-01
7.210231114942319275e-01
7.474506994553634653e-01
7.711123478496270112e-01
7.924394889782333529e-01
8.117682618410688722e-01
8.293626623308330004e-01
8.454319505564956705e-01
8.601437601837516045e-01
8.736340089183439739e-01
8.860144240032172824e-01
8.973782791653703850e-01
9.078047795869849113e-01
9.173624159155885360e-01
9.261115253596773345e-01
9.341062383802485325e-01
9.413959465990651143e-01
9.480263964020487766e-01
9.540404898383038068e-01
9.594788573481402016e-01
9.643802538803969426e-01
9.687818198866448016e-01
9.727192406857602114e-01
9.762268312084027011e-01
9.793375677723800132e-01
9.820830840383506510e-01
9.844936444583396451e-01
9.865981052094933146e-01
9.884238696598676155e-01
9.899968426689014223e-01
9.913413852009540506e-01
9.924802672617164534e-01
9.934346117506883678e-01
9.942238110582705124e-01
9.948653721427818120e-01
9.953745708036783046e-01
9.957635376442731667e-01
9.960382783665764350e-01
9.961852725315941681e-01
9.960602175447985651e-01
9.910263261870652096e-01
9.964570047277711007e-01
9.965274915240429632e-01
9.964105157280354064e-01
9.962197793447556959e-01
9.959568133599975281e-01
9.956088738197231836e-01
9.951532191765146695e-01
9.945539267317582421e-01
9.937553347935593751e-01
9.926707516241720652e-01
9.911626907794680585e-01
9.890068270562105690e-01
9.858228092139251775e-01
9.809330170688704831e-01
9.730519383334889083e-01
9.595381521207089204e-01
9.343825079648743204e-01
8.820559939096558333e-01
7.566368863733067274e-01
4.321390372863636586e-01
5.350680822469557757e-02
3.506481259218058311e-01
6.599052092058208530e-01
8.051431155401183037e-01
8.734491100120727047e-01
9.098667633824500944e-01
