2.874204238302118797e-01
3.074014867137405682e-01
3.258673517272871467e-01
3.430597720304781606e-01
3.591949435770064869e-01
3.744636205895601200e-01
3.890327262785032159e-01
4.030475646313216864e-01
4.166341695933226119e-01
4.299015613113303935e-01
4.429438045838203220e-01
4.558418310522300843e-01
4.686650207771684284e-01
4.814725554205095404e-01
4.943145624567473195e-01
5.072330721637421380e-01
5.202628090662073657e-01
5.334318383776187611e-01
5.467620865240131467e-01
5.602697534062989204e-01
5.739656328439785016e-01
5.878553567043595107e-01
6.019395775681162242e-01
6.162141043819552300e-01
6.306700053578645493e-01
6.452936923375689471e-01
6.600670009071980537e-01
6.749672807269548880e-01
6.899675110543400658e-01
7.050364583861372658e-01
7.201389021688745506e-01
7.352360095081766911e-01
7.502865565871801312e-01
7.651981295998702137e-01
7.800450306802568790e-01
7.946673569208899668e-01
8.090452908678888999e-01
8.231278416968731415e-01
8.368638054459770492e-01
8.502035581783197182e-01
8.631014354735899730e-01
8.755233713536130224e-01
8.875138149417030053e-01
8.979245530243864515e-01
9.089881654307159220e-01
9.187383588367039611e-01
9.289131536855040894e-01
9.374342238670840821e-01
9.454110079673150313e-01
9.527259635675259242e-01
9.593693581215345656e-01
9.653489882047823212e-01
9.706815442747203093e-01
9.753903584164437257e-01
9.795043032165846597e-01
9.830569273452740564e-01
9.860856227758684200e-01
9.886307709928916498e-01
9.907348544349547925e-01
9.924415272943678534e-01
9.937946362157887847e-01
9.948371714473874805e-01
9.956101132540983167e-01
9.961511154959673542e-01
9.964929349799067637e-01
9.966614658344132849e-01
9.966731631380788548e-01
9.965315231556763909e-01
9.962221010913837604e-01
9.957052430651888164e-01
9.949052015686735695e-01
9.936934382064953608e-01
9.918624081427567241e-01
9.890834289478112051e-01
9.848373336249831578e-01
9.782975171274863602e-01
9.681279754286981065e-01
9.521274703345742330e-01
9.265964837476167171e-01
8.852311846409040008e-01
8.173722033777301998e-01
7.062225387063614246e-01
5.318373809599205027e-01
2.954188585727596794e-01
7.449095814777133284e-02
2.269697018679148279e-03
9.606321681492366316e-02
2.544088934812876457e-01
4.029501149345830480e-01
5.212629088978903980e-01
6.116256048968738979e-01
6.807143586573630722e-01
7.349689633515305021e-01
7.782590294633033867e-01
8.138371229783696315e-01
8.439533750851008209e-01
8.668070072521688596e-01
8.906182965275670771e-01
9.103196045949931703e-01
9.276933932692391638e-01
9.430911421997902888e-01
9.566681157237564292e-01
9.683899240595793545e-01
9.785787878974011589e-01
9.865047890745161085e-01
9.921841187106056337e-01
9.951962577759422279e-01
9.950094286228753360e-01
9.909350765127417082e-01
9.820972307211456309e-01
9.674017496608623423e-01
9.455107132007033455e-01
9.148352676331197308e-01
8.735724213250869452e-01
8.198313589411356794e-01
7.519348341657696722e-01
6.692544795009245373e-01
5.658830120564266597e-01
4.575151267433655300e-01
3.403483350727459777e-01
2.257850738203462104e-01
1.255316353746242786e-01
5.071606734650378062e-02
8.760669453757082697e-03
1.372779412972219542e-03
2.478264979775889401e-02
7.178981555966915118e-02
1.342460499944672370e-01
2.048661767698744529e-01
2.780529486141485318e-01
3.499761000256310650e-01
4.182824976394481364e-01
4.816383566251489778e-01
5.395618671567993241e-01
5.918842305657744385e-01
6.387497285634399224e-01
6.804263254257398863e-01
7.172311054142687103e-01
7.494792857416631149e-01
7.774488445005803827e-01
8.013502788225032036e-01
8.212902928662656477e-01
8.372129046934987384e-01
8.487852920337638496e-01
8.551498533033526916e-01
8.543238533162708093e-01
8.415372378268959341e-01
8.037350453821702212e-01
6.967963514192674346e-01
3.492574812712486154e-01
1.813382185778490419e-01
7.749226541181217787e-01
9.261591337744082830e-01
9.674850584371248452e-01
9.798686294305011257e-01
9.815058238027225546e-01
9.512522404518968244e-01
7.522518147294567914e-01
1.079374870762170140e-02
4.367765979219224715e-01
6.882126228876714880e-01
7.765416970261387331e-01
8.151561895362536836e-01
8.341890328202306026e-01
8.437960413244178781e-01
8.481982774038183681e-01
8.494458263931201625e-01
8.477403704571297993e-01
8.466195672270173667e-01
8.112338334164981291e-01
8.355740198142873609e-01
8.312377816806608699e-01
8.257328861168583556e-01
8.195542709702575701e-01
8.128215309951688505e-01
8.055722849283000198e-01
7.978051493319734400e-01
7.894897843200660015e-01
7.805681139763110954e-01
7.709513044622301470e-01
7.605132749434709849e-01
7.490802246889574079e-01
7.364147806738363666e-01
7.221923304308253133e-01
7.059655586656692350e-01
6.871107444075470472e-01
6.647454206644989316e-01
6.376008650008176959e-01
6.038245414532571465e-01
5.606814448356529645e-01
5.041442742424429024e-01
4.285205465476976117e-01
3.269898727026528396e-01
1.965825483811255159e-01
5.751426626412301651e-02
1.008323435425154298e-02
8.750874857142081076e-02
3.131514867491956844e-01
5.271532849536001430e-01
6.705172291424383868e-01
