2.769624966325417992e-01
3.131449215636945560e-01
3.465615199786126754e-01
3.773337482978267321e-01
4.057032582542223764e-01
4.319781616710381411e-01
4.564955087201066353e-01
4.795951702201931011e-01
5.016018585323173129e-01
5.228130102679489077e-01
5.434909355301402734e-01
5.638581108904844319e-01
5.840948208727360091e-01
6.043385797199473108e-01
6.246849220292732818e-01
6.451892574749864551e-01
6.658695521694666386e-01
6.867096210669666467e-01
7.076626951696207701e-01
7.286534275006991690e-01
7.483418921661222356e-01
7.704137974550878676e-01
7.909106913873271694e-01
8.110016458376398951e-01
8.305522814460679637e-01
8.494329116480930919e-01
8.675201624338984008e-01
8.847001421354538930e-01
9.008713362877255326e-01
9.159469784170177764e-01
9.298568237903208633e-01
9.425483039872091240e-01
9.539870702025816662e-01
9.641569573392203552e-01
9.730594214742227521e-01
9.807125203383556533e-01
9.871495206993669003e-01
9.924172323291882147e-01
9.965742093840557203e-01
9.996892052444904531e-01
1.001843199368371407e+00
1.003057743196913210e+00
1.003530907035437236e+00
1.003272111916114095e+00
1.002381124644781796e+00
1.000944311825767041e+00
9.990446169003166510e-01
9.967613295934986128e-01
9.941694565152680019e-01
9.913391882806684707e-01
9.883355235974182751e-01
9.852180492230484532e-01
9.820408606749377878e-01
9.788526044854675146e-01
9.756966212100713909e-01
9.726111658229581458e-01
9.696296713268136580e-01
9.667809710975560078e-01
9.640891094502761494e-01
9.615696782032345791e-01
9.589803956594964429e-01
9.572437168219583015e-01
9.553753508605100642e-01
9.537757639377005825e-01
9.524624212982772953e-01
9.514835420353777717e-01
9.509695196936042150e-01
9.515548965323152864e-01
9.257532584441411361e-01
9.474370493224549827e-01
9.492678111727225199e-01
9.496695469924492095e-01
9.616416708386960055e-01
9.164781937816017798e-01
9.393856674523651806e-01
9.437123992584601773e-01
9.462194949336479866e-01
9.482893037769849487e-01
9.502702594910104050e-01
9.522884246465371794e-01
9.543978083005145718e-01
9.566227181172317628e-01
9.589727624228179259e-01
9.614488757572411393e-01
9.640457790295275942e-01
9.667527424608080011e-01
9.695533413536675527e-01
9.724244249899625103e-01
9.753342810570326815e-01
9.782398062807227124e-01
9.810823126386843951e-01
9.837813526989694912e-01
9.862255726146763601e-01
9.882589979076339404e-01
9.896601573109510275e-01
9.901097581476058229e-01
9.891397152232672685e-01
9.860512545745533375e-01
9.797808355719059836e-01
9.686762351126451120e-01
9.501056155094121936e-01
9.186980804079747376e-01
8.722611106592323971e-01
7.957554315900304820e-01
6.774005663091698937e-01
5.054620040826739436e-01
2.903931331221740741e-01
9.347353777294335753e-02
3.802982373497573038e-03
5.020538754607774962e-02
2.359686058712325840e-01
2.121590917276452715e-01
3.509130975280548848e-01
4.451267188811325326e-01
5.152335944594594874e-01
5.651238311302975159e-01
5.983291050991400573e-01
6.161908611400467306e-01
6.178760252061288316e-01
5.994972279992314412e-01
5.520049695175415216e-01
4.573394942434964028e-01
2.884546709382794782e-01
6.764516527318849282e-02
6.989139525654881890e-02
4.077534609534588794e-01
6.794841451207923599e-01
8.157705014689047296e-01
8.821271184318205671e-01
9.165111426979558606e-01
9.354261685382840863e-01
9.461409140950058916e-01
9.519764694151541251e-01
9.537138427257920714e-01
9.605507469095423412e-01
9.585070258105330421e-01
9.569526064126191445e-01
9.547763084184729410e-01
9.519670880220131304e-01
9.485874497754608337e-01
9.447007562818006132e-01
9.403630048089227644e-01
9.356233769401430811e-01
9.305258724208435028e-01
9.251107005574932263e-01
9.194152640394531728e-01
9.134747938902257891e-01
9.073227202595715024e-01
9.009908493799856366e-01
8.945093984385130703e-01
8.879069249559677912e-01
8.812101761592756599e-01
8.744438759260042549e-01
8.676304612015540707e-01
8.607897755240444537e-01
8.539387237499806993e-01
8.470908885179623260e-01
8.402561042673157843e-01
8.334399761274862151e-01
8.266433111122021282e-01
8.198613709839199792e-01
8.130826426484157876e-01
8.062857613235884235e-01
7.994245469191482156e-01
7.922131211980554255e-01
7.858860138010268503e-01
7.786611738697295504e-01
7.712979367094153771e-01
7.636649784767903792e-01
7.556640266125302929e-01
7.471858536628461778e-01
7.380990710386454712e-01
7.278448263186646505e-01
7.169352786309005632e-01
7.051485209590179215e-01
6.916428775958204378e-01
6.762135023287574320e-01
6.583783787734336368e-01
6.374726726900553642e-01
6.125825051944767674e-01
5.824255926020616148e-01
5.451586393216337756e-01
4.974140462538299556e-01
4.367376030032996681e-01
3.574461416330822483e-01
2.502978454296875266e-01
1.192346505250637123e-01
1.017325302507295602e-02
9.128030700329560487e-02
4.374421755016115743e-01
7.530010114886710459e-01
8.987354137202210325e-01
9.447720589330289576e-01
9.505260746547534723e-01
9.420353193278191428e-01
9.296094403348422741e-01
9.174056872682241348e-01
9.072042842087814085e-01
8.998523426002270620e-01
8.958311081308497625e-01
