9.994027365108391070e-01
9.994015173678958419e-01
9.994004397701059528e-01
9.993995091082190640e-01
9.993987302112384841e-01
9.993981073348866540e-01
9.993976441636460706e-01
9.993973438238368256e-01
9.993972089049510954e-01
9.993972414872495103e-01
9.993974431736910580e-01
9.993978151246181163e-01
9.993983580938369249e-01
9.993990724652282998e-01
9.993999582886236022e-01
9.994010153146847264e-01
9.994022430280958824e-01
9.994036406783628479e-01
9.994052073087659194e-01
9.994069417823153723e-01
9.994088428054088702e-01
9.994109089488713016e-01
9.994131386663523964e-01
9.994155303102831844e-01
9.994180821456517538e-01
9.994207923614285560e-01
9.994236590801507392e-01
9.994266803654513476e-01
9.994298542281524478e-01
9.994331786307804055e-01
9.994366514908568089e-01
9.994402706828027227e-01
9.994440340393595523e-01
9.994479393517405885e-01
9.994519843694267269e-01
9.994561667991290754e-01
9.994604843037033781e-01
9.994649345003969731e-01
9.994695149591482641e-01
9.994742232005671134e-01
9.994790566940167098e-01
9.994840128555619874e-01
9.994890890460583766e-01
9.994942825694217436e-01
9.994995906707974109e-01
9.995050105351805936e-01
9.995105392860859084e-01
9.995161739844942161e-01
9.995219116279061566e-01
9.995277491498745226e-01
9.995336834194190612e-01
9.995397112411132934e-01
9.995458293550418816e-01
9.995520344371940924e-01
9.995583230999598445e-01
9.995646918929688152e-01
9.995711373040503389e-01
9.995776557603910373e-01
9.995842436299305911e-01
9.995908972228766398e-01
9.995976127933690059e-01
9.996043865413759555e-01
9.996112146146099997e-01
9.996180931106876111e-01
9.996250180792173312e-01
9.996319855242312702e-01
9.996389914064921500e-01
9.996460316459915285e-01
9.996531021244356996e-01
9.996601986878862478e-01
9.996673171494038224e-01
9.996744532915972092e-01
9.996816028694279765e-01
9.996887616129248588e-01
9.996959252298852627e-01
9.997030894086990083e-01
9.997102498209073929e-01
9.997174021241890252e-01
9.997245419649842813e-01
9.997316649811597289e-01
9.997387668048101084e-01
9.997458430649746042e-01
9.997528893902465352e-01
9.997599014113711657e-01
9.997668747639538722e-01
9.997738050909996677e-01
9.997806880454269685e-01
9.997875192926586330e-01
9.997942945129717485e-01
9.998010094040894469e-01
9.998076596833553875e-01
9.998142410902848276e-01
9.998207493887696362e-01
9.998271803692517778e-01
9.998335298510905300e-01
9.998397936846621370e-01
9.998459677533465539e-01
9.998520479757447843e-01
9.998580303076428644e-01
9.998639107438918039e-01
9.998696853204493973e-01
9.998753501160428936e-01
9.998809012541767238e-01
9.998863349046830384e-01
9.998916472856467230e-01
9.998968346647482131e-01
9.999018933611251159e-01
9.999068197468047314e-01
9.999116102481271362e-01
9.999162613472953876e-01
9.999207695837484255e-01
9.999251315553755459e-01
9.999293439200360734e-01
9.999334033966222890e-01
9.999373067663444026e-01
9.999410508739733361e-01
9.999446326289130882e-01
9.999480490062572224e-01
9.999512970480626262e-01
9.999543738642395763e-01
9.999572766336837226e-01
9.999600026053214741e-01
9.999625490991136401e-01
9.999649135071595474e-01
9.999670932946576052e-01
9.999690860010622684e-01
9.999708892411877104e-01
9.999725007063219318e-01
9.999739181654098141e-01
9.999751394663621840e-01
9.999761625373542184e-01
9.999769853882083392e-01
9.999776061121217197e-01
9.999780228870726040e-01
9.999782339776981388e-01
9.999782377373459541e-01
9.999780326099916294e-01
9.999776171327623420e-01
9.999769899383025296e-01
9.999761497576206137e-01
9.999750954231710898e-01
9.999738258720782813e-01
9.999723401498653574e-01
9.999706374145048704e-01
9.999687169407347476e-01
9.999665781250342000e-01
9.999642204908643084e-01
9.999616436946486830e-01
9.999588475322794823e-01
9.999558319463601741e-01
9.999525970343061676e-01
9.999491430573960171e-01
9.999454704509918024e-01
9.999415798363482377e-01
9.999374720339436751e-01
9.999331480793216542e-01
9.999286092418583349e-01
9.999238570473589771e-01
9.999188933061465834e-01
9.999137201483345727e-01
9.999083400695097934e-01
9.999027559913520324e-01
9.998969713441425711e-01
9.998909901822027324e-01
9.998848173502363768e-01
9.998784587305190596e-01
9.998719216225426809e-01
9.998652153483995608e-01
9.998583522586118599e-01
9.998513494884754271e-01
9.998442322083572753e-01
9.998370400895967292e-01
9.998298413979169741e-01
9.998227676326189028e-01
9.998161138309434870e-01
9.998107025935984993e-01
9.998091301416295318e-01
9.996713140685482557e-01
9.997585031112373732e-01
9.997578422239973284e-01
9.997516847179510613e-01
9.997439418012459278e-01
9.997354689682668161e-01
9.997265619481940924e-01
9.997173508767850381e-01
9.997079024563971794e-01
9.996982545992754154e-01
9.996884303878008637e-01
9.996784444161830319e-01
9.996683059292175155e-01
9.996580204741696285e-01
9.996475908065425298e-01
9.996370173988399221e-01
9.996262987290227553e-01
9.996154314437142308e-01
9.996044104514881790e-01
9.995932289798447057e-01
9.995818786187384841e-01
9.995703493666313610e-01
9.995586296927680969e-01
