1.218829202441485156e+94
9.964202462863092953e+93
8.162364507563601686e+93
6.699814626189013574e+93
5.510393069523801228e+93
4.541245935821715528e+93
3.750073725955534421e+93
3.102963411767537669e+93
2.572677373710760379e+93
2.137300640726433279e+93
1.779169594382087531e+93
1.484022142394032290e+93
1.240322442094501502e+93
1.038723421212988027e+93
8.716382607451269750e+92
7.328981800571280890e+92
6.174786885964782396e+92
5.212802432044014086e+92
4.409522080471511749e+92
3.737513359150353215e+92
3.174278148037293199e+92
2.701333607624311654e+92
2.303469712289615527e+92
1.968148481402371894e+92
1.685017081281966039e+92
1.445512580633730939e+92
1.242540593162950659e+92
1.070213578355522304e+92
9.236373868765698741e+91
7.987368812949122198e+91
6.921132545816583327e+91
6.009271013696931359e+91
5.228024441213596709e+91
4.557478362609888658e+91
3.980914031968858911e+91
3.484272764009532514e+91
3.055713544544599692e+91
2.685247110825602074e+91
2.364432822182078914e+91
2.086127165098122787e+91
1.844274782035023564e+91
1.633734572564238245e+91
1.450134763636924820e+91
1.289751942927174917e+91
1.149409943179432744e+91
1.026395194961963263e+91
9.183857614260158408e+90
8.233917563827872248e+90
7.397052468647231177e+90
6.658580692628694846e+90
6.005862577406467664e+90
5.428000053716168561e+90
4.915582612325566420e+90
4.460472174384745276e+90
4.055620647221679529e+90
3.694914982044526806e+90
3.373045404036211655e+90
3.085393193603108751e+90
2.827934985973795701e+90
2.597161045634706948e+90
2.390005379774621753e+90
2.203785894721106218e+90
2.036153083212329470e+90
1.885045967648896137e+90
1.748654223116656259e+90
1.625385570532771103e+90
1.513837670017460038e+90
1.412773862083859251e+90
1.321102203072708384e+90
1.237857324524310026e+90
1.162184716475074916e+90
1.093327093940511119e+90
1.030612556083135611e+90
9.734442900155395209e+89
9.212916072239833076e+89
8.736821311737115621e+89
8.301949806303036507e+89
7.904548153560691043e+89
7.541266296595740749e+89
7.209111953652908148e+89
6.905410694729907077e+89
6.627770935285341785e+89
6.374053217609893875e+89
6.142343236798259648e+89
5.930928141888944536e+89
5.738275706748287842e+89
5.563016019632659365e+89
5.403925387925846977e+89
5.259912195139591454e+89
5.130004482677207092e+89
5.013339059455394861e+89
4.909151969165976824e+89
4.816770168097387328e+89
4.735604286863817760e+89
4.665142367114836610e+89
4.604944480131171813e+89
4.554638148055010179e+89
4.513914501110574574e+89
4.482525115202675411e+89
4.460279484606516674e+89
4.447043093666619028e+89
4.442736060252310928e+89
4.447332331687050414e+89
4.460859421910697532e+89
4.483398686126455311e+89
4.515086136755245422e+89
4.556113812190393371e+89
4.606731717622561217e+89
4.667250365443787888e+89
4.738043951347948100e+89
4.819554211674312486e+89
4.912295017633936695e+89
5.016857773405580665e+89
5.133917697284050015e+89
5.264241079508937880e+89
5.408693625601545701e+89
5.568250012286915397e+89
5.744004803304987601e+89
5.937184895573282901e+89
6.149163692996831574e+89
6.381477235717126795e+89
6.635842548091742915e+89
6.914178509443250117e+89
7.218629598924003764e+89
7.551592920662620674e+89
7.915748978988350296e+89
8.314096747561335145e+89
8.749993662470665397e+89
9.227201269883453566e+89
9.749937376243079637e+89
1.032293568639313320e+90
1.095151407556007360e+90
1.164165282981688044e+90
1.240008441048416005e+90
1.323439655810294580e+90
1.415315085714983270e+90
1.516601924285065474e+90
1.628394135664618410e+90
1.751930615779869640e+90
1.888616179243736118e+90
2.040045842354861667e+90
2.208032955703692355e+90
2.394641838763324848e+90
2.602225686169150482e+90
2.833470655052012333e+90
3.091447209158557096e+90
3.379669993959626661e+90
3.702167753884903622e+90
4.063565086318469284e+90
4.469178166359203273e+90
4.925126983182799767e+90
5.438467117469069131e+90
6.017344676463052893e+90
6.671178710243596983e+90
7.410876284590993069e+90
8.249086414220466341e+90
9.200500302780683201e+90
1.028220683971080024e+91
1.151411412645238148e+91
1.291945001562795704e+91
1.452535733349811628e+91
1.636360272521623617e+91
1.847142204543897762e+91
2.089253007676096855e+91
2.367832829603082190e+91
2.688935167401469870e+91
3.059700439381558914e+91
3.488564529732162150e+91
3.985509728322212416e+91
4.562367139692327536e+91
5.233181669249667090e+91
6.014653205466939364e+91
6.926670719077942218e+91
7.992959839537268955e+91
9.241869227096574729e+91
1.070732696449675484e+92
1.243000553269044438e+92
1.445874307263880452e+92
1.685228002669241762e+92
1.968138447586288154e+92
2.303145727270971237e+92
2.700573034051372842e+92
3.172919943998841366e+92
3.735346778827536625e+92
4.406272104985035379e+92
5.208110982538637113e+92
6.168188593192135507e+92
7.319872744569765679e+92
8.703979972449107192e+92
1.037052419217319453e+93
1.238089491783197497e+93
1.481057504356934136e+93
1.775253744457792235e+93
2.132149698510909844e+93
2.565924221487068260e+93
3.094133206531226132e+93
3.738552107623129855e+93
4.526237708462157867e+93
5.490868438500099769e+93
6.674439156718985448e+93
