9.958981386591816420e-01
9.959099337439790700e-01
9.959229376101282893e-01
9.959371634894140790e-01
9.959526214642514530e-01
9.959693185327077591e-01
9.959872587151810119e-01
9.960064431919422034e-01
9.960268704622330382e-01
9.960485365170094196e-01
9.960714350188920596e-01
9.960955574837982995e-01
9.961208934601499809e-01
9.961474307022253338e-01
9.961751553349329491e-01
9.962040520084561868e-01
9.962341040413149607e-01
9.962652935508792273e-01
9.962976015716462630e-01
9.963310081604330737e-01
9.963654924893906584e-01
9.964010329270949207e-01
9.964376071082818864e-01
9.964751919930407986e-01
9.965137639164524108e-01
9.965532986292933160e-01
9.965937713309331869e-01
9.966351566950827356e-01
9.966774288895565714e-01
9.967205615907124283e-01
9.967645279934559399e-01
9.968093008172758118e-01
9.968548523097431335e-01
9.969011542471803988e-01
9.969481779338471572e-01
9.969958941995767931e-01
9.970442733969572258e-01
9.970932853978292654e-01
9.971428995899376257e-01
9.971930848737655673e-01
9.972438096600140245e-01
9.972950418677026807e-01
9.973467489233194261e-01
9.973988977610901419e-01
9.974514548242100487e-01
9.975043860676235941e-01
9.975576569619836187e-01
9.976112324990014102e-01
9.976650771981017130e-01
9.977191551146424864e-01
9.977734298491494069e-01
9.978278645583096296e-01
9.978824219668640527e-01
9.979370643809579722e-01
9.979917537025472241e-01
9.980464514450446689e-01
9.981011187499804205e-01
9.981557164046123143e-01
9.982102048605862032e-01
9.982645442533690794e-01
9.983186944225113102e-01
9.983726149327297739e-01
9.984262650955477714e-01
9.984796039916955523e-01
9.985325904938930908e-01
9.985851832903747116e-01
9.986373409086569675e-01
9.986890217398411984e-01
9.987401840631888739e-01
9.987907860710932839e-01
9.988407858942798256e-01
9.988901416271223077e-01
9.989388113533316238e-01
9.989867531717327997e-01
9.990339252220903354e-01
9.990802857111671376e-01
9.991257929385619629e-01
9.991704053230037186e-01
9.992140814283347883e-01
9.992567799894616076e-01
9.992984599384898692e-01
9.993390804306988562e-01
9.993786008703681167e-01
9.994169809364921164e-01
9.994541806085694979e-01
9.994901601920759271e-01
9.995248803438273599e-01
9.995583020972730326e-01
9.995903868874329579e-01
9.996210965758920430e-01
9.996503934752541953e-01
9.996782403737546341e-01
9.997046005593650531e-01
9.997294378436701878e-01
9.997527165857180709e-01
9.997744017153860074e-01
9.997944587563988295e-01
9.998128538493545880e-01
9.998295537742430961e-01
9.998445259726007617e-01
9.998577385695833764e-01
9.998691603953874241e-01
9.998787610067295661e-01
9.998865107075740610e-01
9.998923805699688749e-01
9.998963424540049383e-01
9.998983690279694692e-01
9.998984337878488171e-01
9.998965110764844733e-01
9.998925761026232761e-01
9.998866049595453998e-01
9.998785746432888866e-01
9.998684630710374943e-01
9.998562490989026941e-01
9.998419125398968488e-01
9.998254341819157176e-01
9.998067958057565985e-01
9.997859802035647947e-01
9.997629711981916856e-01
9.997377536633232920e-01
9.997103135456848477e-01
9.996806378898450696e-01
9.996487148672342782e-01
9.996145338117814472e-01
9.995780852655781201e-01
9.995393610411691387e-01
9.994983543108153512e-01
9.994550597419283866e-01
9.994094737148488949e-01
9.993615946951799334e-01
9.993114239147892208e-01
9.992589667208053861e-01
9.992042355240091656e-01
9.991472571257523638e-01
9.990880945316241712e-01
9.990269328829383122e-01
9.989646477455533802e-01
9.988462697712713334e-01
9.988222487744392586e-01
9.987531442059757181e-01
9.986805477895505101e-01
9.986053788998559000e-01
9.985278344072228141e-01
9.984479891900707171e-01
9.983658839848941202e-01
9.982815475137091221e-01
9.981950038911294731e-01
9.981062755995011582e-01
9.980153848492125945e-01
9.979223542653565815e-01
9.978272072634407630e-01
9.977299682693474558e-01
9.976306628562973122e-01
9.975293178350915779e-01
9.974259613163669602e-01
9.973206227559697767e-01
9.972133329891663678e-01
9.971041242571654362e-01
9.969930302283320778e-01
9.968800860149953369e-01
9.967653281867085990e-01
9.966487947803348568e-01
9.965305253069652869e-01
9.964105607555910904e-01
9.962889435934142446e-01
9.961657177625045101e-01
9.960409286723835853e-01
9.959146231884444811e-01
9.957868496151371929e-01
9.956576576743201290e-01
9.955270984775632659e-01
9.953952244924764159e-01
9.952620895023582825e-01
9.951277485587800564e-01
9.949922579270638057e-01
9.948556750240934443e-01
9.947180583485372152e-01
9.945794674035418614e-01
9.944399626121005475e-01
9.942996052255445028e-01
9.941584572261250585e-01
9.940165812244694532e-01
9.938740403536749923e-01
9.937308981619065174e-01
9.935872185059710926e-01
9.934430654488143331e-01
9.932985031648929874e-01
9.931535958574461143e-01
9.930084076933822779e-01
9.928630027612838083e-01
9.927174450600270150e-01
9.925717985254947084e-01
9.924261271044898525e-01
9.922804948858201524e-01
9.921349662991285623e-01
9.919896063936267661e-01
9.918444812090659868e-01
9.916996582525994253e-01
9.915552070949334995e-01
9.914112001005808139e-01
