3.528155283205756518e+02
2.889378745514592879e+02
2.371371604036229144e+02
1.950420818084001553e+02
1.607625711834529056e+02
1.327893969034194015e+02
1.099152119806238801e+02
9.117236982636518405e+01
7.578386799214153768e+01
6.312458696560889138e+01
5.269061517337010514e+01
4.407493519713390384e+01
3.694812195158131374e+01
3.104299580753192700e+01
2.614240129231231080e+01
2.206945961730172101e+01
1.867978207763743370e+01
1.585524000094224384e+01
1.349897207491043716e+01
1.153137673605273861e+01
9.886889866055028619e+00
8.511389434089942085e+00
7.360101365942917973e+00
6.395906700071156692e+00
5.587970479513026056e+00
4.910628975450231692e+00
4.342484644001555871e+00
3.865668386309861759e+00
3.465236767302267484e+00
3.128678284985469293e+00
2.845507912302509101e+00
2.606933227250018970e+00
2.405578717331754213e+00
2.235257459630932253e+00
2.090781471609033826e+00
1.967803705575497997e+00
1.862686005746579276e+00
1.772388427618442952e+00
1.694376188024684371e+00
1.626541213210842995e+00
1.567135815115727526e+00
1.514716479875522603e+00
1.468096118844355091e+00
1.426303428415684582e+00
1.388548244425230616e+00
1.354191970975678894e+00
1.322722321044321303e+00
1.293731734300165970e+00
1.266898941911479337e+00
1.241973233358622863e+00
1.218761050050503059e+00
1.197114587889981818e+00
1.176922138164497200e+00
1.158099935261129421e+00
1.140585312171320531e+00
1.124330991886507203e+00
1.109300365539425348e+00
1.095463627344901880e+00
1.082794652692460780e+00
1.071268519643502781e+00
1.060859586035513447e+00
1.051540044714284639e+00
1.043278888386520498e+00
1.036041223432243585e+00
1.029787878909873555e+00
1.024475263085373733e+00
1.020055425224350110e+00
1.016476285211066477e+00
1.013681997873824736e+00
1.011613422764904735e+00
1.010208673632020382e+00
1.009403724948638725e+00
1.009133055708984372e+00
1.009330313247387423e+00
1.009928982152666022e+00
1.010863045436002361e+00
1.012067626994820557e+00
1.013479606115910370e+00
1.015038196293410522e+00
1.016685482016530973e+00
1.018366908421989958e+00
1.020031719816521409e+00
1.021633344070577376e+00
1.023129720772268714e+00
1.024483571823098460e+00
1.025662613858596695e+00
1.026639712503218282e+00
1.027392979018270980e+00
1.027905810389110997e+00
1.028166874326387425e+00
1.028170041030754378e+00
1.027914263901890557e+00
1.027403411659467691e+00
1.026646054596660473e+00
1.025655207908130695e+00
1.024448035225755227e+00
1.023045515666231475e+00
1.021472077843055271e+00
1.019755204427009732e+00
1.017925010956381104e+00
1.016013802703553903e+00
1.014055613498825892e+00
1.012085730500203784e+00
1.010140208975687903e+00
1.008255381240991788e+00
1.006467363962693540e+00
1.004811568103766373e+00
1.003322215847360477e+00
1.002031868892991451e+00
1.000970972571437523e+00
1.000167420271814489e+00
9.996461427164392566e-01
9.994287266544757964e-01
9.995330675709305224e-01
9.999730610258281693e-01
1.000758337242727780e+00
1.001894043557407743e+00
1.003380679313549129e+00
1.005213987749538296e+00
1.007384909356546343e+00
1.009879601101953295e+00
1.012679525799354829e+00
1.015761615765309323e+00
1.019098514731174854e+00
1.022658901773840778e+00
1.026407900790586414e+00
1.030307578767899246e+00
1.034317535783740194e+00
1.038395589337015590e+00
1.042498555217916900e+00
1.046583126722677504e+00
1.050606853582860989e+00
1.054529221526355309e+00
1.058312832929779068e+00
1.061924688573000264e+00
1.065337570082298457e+00
1.068531522277671675e+00
1.071495434348129550e+00
1.074228718608709165e+00
1.076743085586382209e+00
1.079064414402237215e+00
1.081234717933313938e+00
1.083314203134549514e+00
1.085383428287408858e+00
1.087545560945582857e+00
1.089928743118218968e+00
1.092688573963322085e+00
1.096010725174954459e+00
1.100113710610829632e+00
1.105251839851216333e+00
1.111718395690586059e+00
1.119849088519358382e+00
1.130025856718277932e+00
1.142681102250320935e+00
1.158302475417166244e+00
1.177438353259762760e+00
1.200704193515007123e+00
1.228789991880197441e+00
1.262469126348694015e+00
1.302608940727651099e+00
1.350183502774279010e+00
1.406289073909165355e+00
1.472162951105341344e+00
1.549206492174928229e+00
1.639013319121283452e+00
1.743403917986180218e+00
1.864468126382848867e+00
2.004617333169687488e+00
2.166648621971075439e+00
2.353823588765745267e+00
2.569965174754685222e+00
2.819576605709093631e+00
3.107987451130751921e+00
3.441532952009343838e+00
3.827774167069859512e+00
4.275768218448837032e+00
4.796400061474896503e+00
5.402789861905027635e+00
6.110793367961542266e+00
6.939616778039017220e+00
7.912572735529900925e+00
9.058010493687799425e+00
1.041046131974671773e+01
1.201205027413114657e+01
1.391423814850895901e+01
1.617997326647764211e+01
1.888635292370412344e+01
2.212791959877125691e+01
2.602074914609627143e+01
3.070752884012352624e+01
3.636387475797240398e+01
4.320620362642488033e+01
5.150155786706606875e+01
6.157988924172022394e+01
7.384944281220982987e+01
8.881605740239540125e+01
1.071074224327681037e+02
1.295036182402592999e+02
1.569756364625101241e+02
1.907340531417345062e+02
