9.985842319986877325e-01
9.985787339465971302e-01
9.985735845908972896e-01
9.985687866274503000e-01
9.985643425550189134e-01
9.985602546835422588e-01
9.985565251407034770e-01
9.985531558772406946e-01
9.985501486708572294e-01
9.985475051290745307e-01
9.985452266910908037e-01
9.985433146287756578e-01
9.985417700469175761e-01
9.985405938830431705e-01
9.985397869065099075e-01
9.985393497174519517e-01
9.985392827454366849e-01
9.985395862476498241e-01
9.985402603074428063e-01
9.985413048323555918e-01
9.985427195524083643e-01
9.985445040184081078e-01
9.985466576002574035e-01
9.985491794853755820e-01
9.985520686773803334e-01
9.985553239947947413e-01
9.985589440700595176e-01
9.985629273485225887e-01
9.985672720878339126e-01
9.985719763574359975e-01
9.985770380383029998e-01
9.985824548226296393e-01
9.985882242141881360e-01
9.985943435283962666e-01
9.986008098928991217e-01
9.986076202480203001e-01
9.986147713477410148e-01
9.986222597605218798e-01
9.986300818704808568e-01
9.986382338785965151e-01
9.986467118041778557e-01
9.986555114863189253e-01
9.986646285855902416e-01
9.986740585858930874e-01
9.986837967962050033e-01
9.986938383526955398e-01
9.987041782208263552e-01
9.987148111975591158e-01
9.987257319136043643e-01
9.987369348359473875e-01
9.987484142701364975e-01
9.987601643630772408e-01
9.987721791055368392e-01
9.987844523349306280e-01
9.987969777380732994e-01
9.988097488541098912e-01
9.988227590774627629e-01
9.988360016607918945e-01
9.988494697181534709e-01
9.988631562281078402e-01
9.988770540369018569e-01
9.988911558618235320e-01
9.989054542944609816e-01
9.989199418041680989e-01
9.989346107414220910e-01
9.989494533414325916e-01
9.989644617276510763e-01
9.989796279154210534e-01
9.989949438156076056e-01
9.990104012383883569e-01
9.990259918970312292e-01
9.990417074116156870e-01
9.990575393129992321e-01
9.990734790467574733e-01
9.990895179770952206e-01
9.991056473909387670e-01
9.991218585018267762e-01
9.991381424542146172e-01
9.991544903275261236e-01
9.991708931402518701e-01
9.991873418542406293e-01
9.992038273790114777e-01
9.992203405759308987e-01
9.992368722625160071e-01
9.992534132168564565e-01
9.992699541819478615e-01
9.992864858700606367e-01
9.993029989672375102e-01
9.993194841376183968e-01
9.993359320280615909e-01
9.993523332724165709e-01
9.993686784962197978e-01
9.993849583211128484e-01
9.994011633692840846e-01
9.994172842681595670e-01
9.994333116548798079e-01
9.994492361807135739e-01
9.994650485157793307e-01
9.994807393535223294e-01
9.994962994151954661e-01
9.995117194545199979e-01
9.995269902620320668e-01
9.995421026698135814e-01
9.995570475557846724e-01
9.995718158484497851e-01
9.995863985310564637e-01
9.996007866463280100e-01
9.996149713008000148e-01
9.996289436691446761e-01
9.996426949986840782e-01
9.996562166137160643e-01
9.996694999197143217e-01
9.996825364078276710e-01
9.996953176589413737e-01
9.997078353479663670e-01
9.997200812480554477e-01
9.997320472346639120e-01
9.997437252895700066e-01
9.997551075050848945e-01
9.997661860878395146e-01
9.997769533627949290e-01
9.997874017770944644e-01
9.997975239038251472e-01
9.998073124458176641e-01
9.998167602392088460e-01
9.998258602571125087e-01
9.998346056131440784e-01
9.998429895648200949e-01
9.998510055169115285e-01
9.998586470247541325e-01
9.998659077974100251e-01
9.998727817007005969e-01
9.998792627604065064e-01
9.998853451649182267e-01
9.998910232681113008e-01
9.998962915921320027e-01
9.999011448297713267e-01
9.999055778471178657e-01
9.999095856857153075e-01
9.999131635648458305e-01
9.999163068836354196e-01
9.999190112228639737e-01
9.999212723468579034e-01
9.999230862051355917e-01
9.999244489338265929e-01
9.999253568571218054e-01
9.999258064883623787e-01
9.999257945311368356e-01
9.999253178801401631e-01
9.999243736218363932e-01
9.999229590350496855e-01
9.999210715912749681e-01
9.999187089548898788e-01
9.999158689832734481e-01
9.999125497265437534e-01
9.999087494273156684e-01
9.999044665202958537e-01
9.998996996315931973e-01
9.998944475780611185e-01
9.998887093663729742e-01
9.998824841919706774e-01
9.998757714380085426e-01
9.998685706741351487e-01
9.998608816551802780e-01
9.998527043198098818e-01
9.998440387891371905e-01
9.998348853652808677e-01
9.998252445301362146e-01
9.998151169437895502e-01
9.998045034434680511e-01
9.997934050422158103e-01
9.997818229279841207e-01
9.997697584627458500e-01
9.997572131817920038e-01
9.997441887934414018e-01
9.997306871788700366e-01
9.997167103922908193e-01
9.997022606615060258e-01
9.996873403887337473e-01
9.996719521518213636e-01
9.996560987058786818e-01
9.996397829850793837e-01
9.996230081048261829e-01
9.996057773640817379e-01
9.995880942478376774e-01
9.995699624293453711e-01
9.995513857722657658e-01
9.995323683318964036e-01
9.995129143557744955e-01
9.994930282824451284e-01
9.994727147384094845e-01
9.994519785319158078e-01
9.994308246428261766e-01
9.994092582073046405e-01
9.993872844953670675e-01
9.993649088795220070e-01
9.993421367914906428e-01
9.993189736637689835e-01
9.992954248511221049e-01
9.992714955266811527e-01
