9.998950665667913906e-01
9.998945866844878294e-01
9.998941341706628627e-01
9.998937092840602947e-01
9.998933122405400109e-01
9.998929432187049215e-01
9.998926023647841665e-01
9.998922897971576074e-01
9.998920056101847642e-01
9.998917498775613533e-01
9.998915226551884361e-01
9.998913239835143241e-01
9.998911538894502682e-01
9.998910123880044853e-01
9.998908994833575203e-01
9.998908151698310265e-01
9.998907594325606718e-01
9.998907322476764392e-01
9.998907335827630360e-01
9.998907633967010211e-01
9.998908216396061865e-01
9.998909082526925562e-01
9.998910231679228877e-01
9.998911663076327505e-01
9.998913375842131135e-01
9.998915368996579289e-01
9.998917641452191862e-01
9.998920192008688979e-01
9.998923019349772456e-01
9.998926122039211162e-01
9.998929498517757919e-01
9.998933147097898155e-01
9.998937065963579007e-01
9.998941253165947174e-01
9.998945706622298646e-01
9.998950424112769131e-01
9.998955403280761489e-01
9.998960641630625368e-01
9.998966136527801529e-01
9.998971885198095766e-01
9.998977884728329490e-01
9.998984132066138786e-01
9.998990624020954732e-01
9.998997357265794195e-01
9.999004328336990044e-01
9.999011533636802396e-01
9.999018969435081727e-01
9.999026631871235082e-01
9.999034516955631613e-01
9.999042620573325157e-01
9.999050938484471684e-01
9.999059466329091039e-01
9.999068199628409204e-01
9.999077133788143446e-01
9.999086264100915944e-01
9.999095585749747661e-01
9.999105093810938261e-01
9.999114783256837224e-01
9.999124648959520911e-01
9.999134685693606972e-01
9.999144888139170906e-01
9.999155250885807256e-01
9.999165768435002155e-01
9.999176435204283342e-01
9.999187245529292944e-01
9.999198193668358270e-01
9.999209273804958720e-01
9.999220480051500548e-01
9.999231806452152371e-01
9.999243246986607714e-01
9.999254795573768728e-01
9.999266446073589165e-01
9.999278192291614076e-01
9.999290027982224993e-01
9.999301946851498757e-01
9.999313942561321999e-01
9.999326008730861082e-01
9.999338138942204246e-01
9.999350326742478812e-01
9.999362565646636725e-01
9.999374849141393629e-01
9.999387170689105764e-01
9.999399523730255757e-01
9.999411901686283688e-01
9.999424297963935837e-01
9.999436705958107963e-01
9.999449119054707458e-01
9.999461530634905504e-01
9.999473934077088844e-01
9.999486322761662604e-01
9.999498690072439189e-01
9.999511029401670914e-01
9.999523334152481402e-01
9.999535597741365800e-01
9.999547813602938096e-01
9.999559975192628958e-01
9.999572075988598652e-01
9.999584109496695294e-01
9.999596069253068320e-01
9.999607948826731985e-01
9.999619741823934094e-01
9.999631441889620387e-01
9.999643042712471619e-01
9.999654538026283568e-01
9.999665921615169539e-01
9.999677187313937843e-01
9.999688329013562971e-01
9.999699340663564806e-01
9.999710216274053654e-01
9.999720949920183344e-01
9.999731535744862398e-01
9.999741967960450451e-01
9.999752240853959639e-01
9.999762348788213684e-01
9.999772286205301786e-01
9.999782047630333404e-01
9.999791627673413341e-01
9.999801021032167503e-01
9.999810222496301471e-01
9.999819226948664097e-01
9.999828029369036697e-01
9.999836624836697663e-01
9.999845008532968205e-01
9.999853175744596312e-01
9.999861121865399882e-01
9.999868842399751712e-01
9.999876332965167425e-01
9.999883589294735753e-01
9.999890607239225737e-01
9.999897382770267518e-01
9.999903911982357396e-01
9.999910191094621981e-01
9.999916216455360107e-01
9.999921984541552122e-01
9.999927491962036230e-01
9.999932735460532740e-01
9.999937711915642957e-01
9.999942418344702766e-01
9.999946851903865896e-01
9.999951009890400977e-01
9.999954889744522291e-01
9.999958489049428634e-01
9.999961805533289505e-01
9.999964837070158818e-01
9.999967581679749529e-01
9.999970037528949085e-01
9.999972202930893506e-01
9.999974076345462537e-01
9.999975656378745636e-01
9.999976941782012796e-01
9.999977931450754198e-01
9.999978624423030427e-01
9.999979019877218711e-01
9.999979117130811668e-01
9.999978915636090759e-01
9.999978414977437335e-01
9.999977614867884279e-01
9.999976515144016753e-01
9.999975115762035349e-01
9.999973416791715364e-01
9.999971418410383839e-01
9.999969120896726738e-01
9.999966524623969955e-01
9.999963630052109975e-01
9.999960437719986883e-01
9.999956948236996546e-01
9.999953162274068941e-01
9.999949080556325143e-01
9.999944703851709749e-01
9.999940032964307335e-01
9.999935068724199461e-01
9.999929811980350358e-01
9.999924263593088503e-01
9.999918424427242103e-01
9.999912295348428737e-01
9.999905877220228723e-01
9.999899170904137380e-01
9.999892177263208781e-01
9.999884897169858400e-01
9.999877331518377543e-01
9.999869481245543534e-01
9.999861347357047459e-01
9.999852930965204001e-01
9.999844233338481825e-01
9.999835255966355030e-01
9.999826000642054735e-01
9.999816469570502742e-01
9.999806665503915282e-01
9.999796591918947986e-01
9.999786253241804701e-01
9.999775655143883224e-01
9.999764804927724349e-01
9.999753712041589138e-01
9.999742388776310387e-01
9.999730851220856032e-01
9.999719120594037225e-01
9.999707225105213260e-01
9.999695202499377933e-01
9.999683103179113353e-01
9.999670992292079008e-01
