9.501512457142355927e-01
9.123359159281174691e-01
8.664363223601075914e-01
8.079817472888937147e-01
7.313858163635335030e-01
6.311520920602040619e-01
5.051286009976501123e-01
3.599042719620489383e-01
2.146560076784992666e-01
9.608997555772787191e-02
2.393564677091071166e-02
4.572337341522293838e-04
1.397431895129872675e-02
4.914668392914283562e-02
9.375161990450686655e-02
1.402032128239508457e-01
1.845458136855932518e-01
2.250634456258821525e-01
2.612484007172139466e-01
2.931802785717630977e-01
3.211900075967582535e-01
3.456907130281789975e-01
3.670983893252076080e-01
3.857983866164218512e-01
4.021338353262369769e-01
4.163915047427617644e-01
4.289005477508608943e-01
4.398048347629930355e-01
4.493442358442833462e-01
4.576924161121949108e-01
4.650048185363560571e-01
4.714198115738145733e-01
4.770610034545699207e-01
4.820392278476885450e-01
4.864541599945548800e-01
4.903956228633085668e-01
4.939446474811992061e-01
4.971743425900851943e-01
5.001506182215446072e-01
5.029327982405432662e-01
5.055741488929038630e-01
5.081223438915044577e-01
5.106198814108559025e-01
5.131044643136558614e-01
5.156093518027321521e-01
5.181636882984782533e-01
5.207928135337217546e-01
5.235185565124148566e-01
5.263595149936595163e-01
5.293313214584735027e-01
5.324468960272668028e-01
5.357166864719551391e-01
5.391488952644706290e-01
5.427496934941133944e-01
5.465234214420183756e-01
5.504727756043024112e-01
5.545989819895340567e-01
5.589019555700829311e-01
5.633804458304061402e-01
5.680321684194520326e-01
5.728539229699897151e-01
5.778416971791793255e-01
5.829907572217769562e-01
5.882957244170917699e-01
5.937506375882125598e-01
5.993489991021669905e-01
6.050837978454142174e-01
6.109474840694419928e-01
6.169317772300205727e-01
6.230263901419996753e-01
6.291814215005273603e-01
6.355552026530038034e-01
6.419327095510014569e-01
6.483927533648013997e-01
6.549208490856063269e-01
6.615067680008730466e-01
6.681435916016983390e-01
6.748457328940056232e-01
6.805370855529081497e-01
6.880102159647014659e-01
6.947130362378207691e-01
7.013635181539130681e-01
7.079655484641999008e-01
7.145058624933452451e-01
7.209675527177608068e-01
7.273317406893311521e-01
7.335777734145635387e-01
7.396823548209997545e-01
7.456055418683037450e-01
7.514225423583416053e-01
7.569527623340528422e-01
7.622530704320832351e-01
7.672827732273531653e-01
7.720076923954229953e-01
7.763919162140748842e-01
7.803967529327435759e-01
7.839801675211826026e-01
7.870962393962933623e-01
7.896945533079314794e-01
7.917194900891089127e-01
7.931093950992865738e-01
7.937956047494323375e-01
7.937013123924708813e-01
7.927402562147469745e-01
7.908152148432903150e-01
7.878163025410255260e-01
7.836190669385049157e-01
7.780824108499683200e-01
7.710463895493283593e-01
7.623299810737962368e-01
7.517289965997004941e-01
7.390143995978282199e-01
7.239314469768176608e-01
7.062002639567072082e-01
6.855187255258820000e-01
6.615688400962744797e-01
6.340281921613877270e-01
6.025883330007173466e-01
5.669821668343973942e-01
5.270220973093662220e-01
4.826495382471246987e-01
4.339937065035018304e-01
3.814325114867401778e-01
3.256394875196260141e-01
2.675849031067054629e-01
2.084239762488814263e-01
1.490877293942435844e-01
8.880423146273419555e-02
1.889118379621185229e-02
2.797326450978095402e-01
5.917383463635352003e-02
1.899167833573085426e-02
3.297249585545481386e-03
1.121111537397946828e-03
8.990260802626300410e-03
2.496882422592091796e-02
4.650285720484619023e-02
7.293578051199589574e-02
1.023432674043776441e-01
1.336953862479472732e-01
1.661202834945597895e-01
1.989605763417354178e-01
2.317488575458744593e-01
2.641755386069497558e-01
2.960571201393033536e-01
3.273079098344391369e-01
3.579163317583076154e-01
3.879259622563295262e-01
4.174209078333935286e-01
4.465149187898891925e-01
4.753435677674609505e-01
5.040587522525660225e-01
5.328239168853881047e-01
5.617754879155500980e-01
5.912851899432948199e-01
6.213158344342700756e-01
6.521880140635148981e-01
6.841150656782913897e-01
7.173205349919128393e-01
7.520177080302776762e-01
7.883740808207243544e-01
8.264336427318879075e-01
8.659479878588912660e-01
9.060106742983856654e-01
9.442664206023126949e-01
9.752223838638881537e-01
9.868417021470788919e-01
9.549246045139422323e-01
8.400237490897513037e-01
6.103546543266394897e-01
3.133872109782794846e-01
8.590940198604808675e-02
2.621443016269611737e-03
2.432747375466909681e-02
9.316063655411829791e-02
1.357780624893513421e-01
2.261596837507520441e-01
2.914632154829168154e-01
3.470185574721106891e-01
3.946415816882253291e-01
4.356190707107988058e-01
4.710380000113759125e-01
5.018098682583473913e-01
5.286967454363177277e-01
5.523428733935419332e-01
5.733043805131081694e-01
5.920739558950220971e-01
6.090999141715095488e-01
6.248000494442897956e-01
6.395708808297690950e-01
6.537927670584900985e-01
6.678309853774666571e-01
6.820316830143831055e-01
6.967056911133383545e-01
7.120439287711078924e-01
7.268742122404149297e-01
7.245751174168055808e-01
7.642750776627577070e-01
7.860823879015067517e-01
8.085922904130754540e-01
