1.005011085822242078e+00
1.004179093646818899e+00
1.003077662243990531e+00
1.001783688549619855e+00
1.000365361691422761e+00
9.988821314917681882e-01
9.973848877795844503e-01
9.959163040327088101e-01
9.945113048196754235e-01
9.931976220896486796e-01
9.919964105303449298e-01
9.909228969491996608e-01
9.899870429267654259e-01
9.891942038428590545e-01
9.885457707971232466e-01
9.880397849560296208e-01
9.876715164764792165e-01
9.874340024126743165e-01
9.873185399334170054e-01
9.873151327891021012e-01
9.874128903059822271e-01
9.876003792724090680e-01
9.878659299507862590e-01
9.881978981242113269e-01
9.885848855943742963e-01
9.890159219096552601e-01
9.894806103429525379e-01
9.899692412748242187e-01
9.904728761892784838e-01
9.909834054703048345e-01
9.914935831129653154e-01
9.919970413445337032e-01
9.924882880011429709e-01
9.929626893289132950e-01
9.934164406895140687e-01
9.938465274483847534e-01
9.942506781206597033e-01
9.946273116444052098e-01
9.949754804517035867e-01
9.952948108136129290e-01
9.955854417506659892e-01
9.958479636254863321e-01
9.960833573712122302e-01
9.962929351579917769e-01
9.964782831605809577e-01
9.966412069643831861e-01
9.967836800321350221e-01
9.969077955516069123e-01
9.970157218935800092e-01
9.971096618296668712e-01
9.971918155889660795e-01
9.972643477735695372e-01
9.973293580999346153e-01
9.973888558913177604e-01
9.974447382095407155e-01
9.974987714857754817e-01
9.975525764864175970e-01
9.976076164324897411e-01
9.976651880780854631e-01
9.977264155439966586e-01
9.977922466978291771e-01
9.978634518695864708e-01
9.979406246918491874e-01
9.980241848570191587e-01
9.981143825877719644e-01
9.982113046238031417e-01
9.983148815340218141e-01
9.984248961721717830e-01
9.985409931017237284e-01
9.986626888249416911e-01
9.987893826596048186e-01
9.989203681151148650e-01
9.990548446281197759e-01
9.991919295239647392e-01
9.993306700760155037e-01
9.994700555385436225e-01
9.996090290288396352e-01
9.997464991317944749e-01
9.998813510894657419e-01
1.000012457421198819e+00
1.000138687788660219e+00
1.000258917868604769e+00
1.000372036913556251e+00
1.000476953546389547e+00
1.000572599114902816e+00
1.000657927564941430e+00
1.000731910163401572e+00
1.000793522294938898e+00
1.000841717529034725e+00
1.000875380280027649e+00
1.000893240582230836e+00
1.000893717812213923e+00
1.000874621720111879e+00
1.000832541994788993e+00
1.000761482173069705e+00
1.000649383857358021e+00
1.000467464561693998e+00
1.000126096754220040e+00
9.991444642537520293e-01
9.246737646565698077e-01
1.002102228787071114e+00
1.001375094828850232e+00
1.001037918460117249e+00
1.000807803935563900e+00
1.000620487207818821e+00
1.000454563716659084e+00
1.000301703650183560e+00
1.000158715222950079e+00
1.000024792348347402e+00
9.999003684374137002e-01
9.997865576994606762e-01
9.996848303017167314e-01
9.995967752065670897e-01
9.995238759031841447e-01
9.994672469029479700e-01
9.994272790241404136e-01
9.994031258427865660e-01
9.993919301517611986e-01
9.993876285776727153e-01
9.993790650595266722e-01
9.993469510957252444e-01
9.992588555418119300e-01
9.990607307304003593e-01
9.986621444413026349e-01
9.979096236562884359e-01
9.965365209766940957e-01
9.940641583565721362e-01
9.895969577114446247e-01
9.813843839468476826e-01
9.659366189083327114e-01
9.363232487548184269e-01
8.756683932616305954e-01
7.382414066256017815e-01
4.345732173219362116e-01
4.585353412701569792e-02
9.796511770853896794e-02
3.780659252050173058e-01
5.719450982945271100e-01
6.841046044424379247e-01
7.511882108098784094e-01
7.938535830743406185e-01
8.225358303467033005e-01
8.426997597485197389e-01
8.573796221185198130e-01
8.683583854401455415e-01
8.767373342217700261e-01
8.832264160466257730e-01
8.883002889041935468e-01
8.922863271247281070e-01
8.954164230339696218e-01
8.978586513059757523e-01
8.997372804803528412e-01
9.011457995579592595e-01
9.021556241149203403e-01
9.028220537871218809e-01
9.031884362460107507e-01
9.032891336398422011e-01
9.031516723384112044e-01
9.027983245929341871e-01
9.022472875207195875e-01
9.015135713264382789e-01
9.006096735753434945e-01
8.995460928709715365e-01
8.983317193191502348e-01
8.969741280936913697e-01
8.954797946072768910e-01
8.938542441591358356e-01
8.921021447592911713e-01
8.902273486107095124e-01
8.882328850830952804e-01
8.861209055836101189e-01
8.838925781317824582e-01
8.815479260921383897e-01
8.790856003772459237e-01
8.765025654194384952e-01
8.737936617430374087e-01
8.709509711915239816e-01
8.679628268032784089e-01
8.648120986292188173e-01
8.614727958044410272e-01
8.579021091040780478e-01
8.540174496848258467e-01
8.496080491873482243e-01
8.437857821670490255e-01
8.261151198049618838e-01
8.386617611174703724e-01
8.344852481472426753e-01
8.288051028000257281e-01
8.226863082102845448e-01
8.160533962997887913e-01
8.087997217157879559e-01
8.008156349236399407e-01
7.919876209550136270e-01
7.822118109855937806e-01
7.704276103178051560e-01
7.588024757958042876e-01
7.451497488852772966e-01
7.298122645033642275e-01
7.126016157340063772e-01
6.932917596530598914e-01
