1.124241490914310360e+00
1.123471339201144614e+00
1.119538665244193876e+00
1.113039380743594098e+00
1.104530664111679217e+00
1.094525092733863447e+00
1.083486368287949198e+00
1.071826767972081429e+00
1.059906178129284671e+00
1.048032483967551665e+00
1.036463073488226083e+00
1.025407223655341316e+00
1.015029156766871665e+00
1.005451578535382806e+00
9.967595336820016527e-01
9.890044385123153425e-01
9.822081722663927872e-01
9.763671296692413293e-01
9.714561558767034199e-01
9.674323018596933110e-01
9.642383532105046617e-01
9.618060984427306837e-01
9.600593141848462464e-01
9.589164543420810594e-01
9.582930384476032737e-01
9.581037411681836424e-01
9.582641904075476225e-01
9.586924857906331532e-01
9.593104526459836912e-01
9.600446490515344156e-01
9.608271451911184480e-01
9.615960952913674697e-01
9.622961228755126939e-01
9.628785400687386309e-01
9.633014213094508449e-01
9.635295511293940907e-01
9.635342647345174205e-01
9.632931990007471690e-01
9.627899702472718646e-01
9.620137938034122316e-01
9.609590589791900950e-01
9.596248716099640141e-01
9.580145748916603088e-01
9.561352577656313523e-01
9.539972586524319009e-01
9.516136708646829589e-01
9.489998545232898319e-01
9.461729582172492270e-01
9.431514519067546454e-01
9.399546705473558195e-01
9.366023653995572129e-01
9.331142566371138924e-01
9.295095760745972768e-01
9.258065815498434104e-01
9.220220127874055871e-01
9.181704387802861467e-01
9.142634115634103997e-01
9.103082751949078677e-01
9.063063452438183676e-01
9.022498678073155309e-01
8.981162036997583087e-01
8.938499759727411842e-01
8.891728694724465587e-01
8.844751856185039118e-01
8.788084494423116233e-01
8.711591753909050384e-01
8.570107373152102692e-01
7.815232292979056306e-01
9.304932352097602388e-01
8.950892963888572584e-01
8.840542609043527955e-01
8.772935681130261676e-01
8.718364963459601658e-01
8.665770789004542118e-01
8.605705842488180490e-01
8.519962016878253053e-01
8.342598298093397702e-01
7.415134065268118579e-01
8.928512700292146054e-01
8.919326727427285828e-01
8.823176474541992720e-01
8.768319175223608930e-01
8.715526043880815754e-01
8.721882968423406712e-01
8.700014820513265468e-01
8.685153738936376433e-01
8.673884412689144563e-01
8.665135969766156743e-01
8.658328354358846290e-01
8.653085955974797461e-01
8.649142701079027828e-01
8.646299102468768538e-01
8.644399563039059098e-01
8.643319251448594587e-01
8.642956045262860654e-01
8.643225362076258911e-01
8.644056723539759179e-01
8.645391399167735580e-01
8.647180742071153281e-01
8.649384977185764489e-01
8.651972289405314154e-01
8.654918111725229402e-01
8.658204546485753772e-01
8.661819873948606308e-01
8.665758116306236936e-01
8.670018634377800737e-01
8.674605740278545918e-01
8.679528312983461058e-01
8.684799405125024352e-01
8.690435827612531527e-01
8.696457690255837703e-01
8.702887849801069775e-01
8.709751128046955282e-01
8.717072816746965769e-01
8.724874229768396772e-01
8.733149452812732916e-01
8.741647169580414323e-01
8.751696570619912352e-01
8.761899527765752982e-01
8.772669860706130418e-01
8.784119823386332682e-01
8.796279577708793207e-01
8.809172777489345796e-01
8.822819106079953233e-01
8.837233310342460513e-01
8.852423424799847895e-01
8.868387738341048099e-01
8.885108688352773010e-01
8.902538069182551750e-01
8.920552676985473717e-01
8.938775894636108443e-01
8.955372074528951121e-01
8.919162408775314077e-01
8.958164464987905529e-01
9.025357331066042876e-01
9.049973087140712469e-01
9.073676609798456694e-01
9.097694564903876513e-01
9.122118055284936800e-01
9.146901911981364375e-01
9.171968496339774068e-01
9.197227139879001756e-01
9.222579313867773632e-01
9.247920607193756970e-01
9.273141912163493927e-01
9.298130449298079858e-01
9.322770816395826721e-01
9.346946113120769839e-01
9.370539136859420415e-01
9.393433584152501847e-01
9.415514966054457924e-01
9.436669213993056360e-01
9.456722699812029065e-01
9.475906071110108408e-01
9.493691015808863876e-01
9.510210643274922271e-01
9.525381834491303268e-01
9.539148269352770715e-01
9.551468757988649250e-01
9.562316371869619136e-01
9.571678094698178318e-01
9.579554032950937659e-01
9.585955901232273701e-01
9.590904638024694284e-01
9.594427135092584713e-01
9.596552232694761653e-01
9.597305994787662664e-01
9.596704130409134947e-01
9.594730558737611936e-01
9.591269765477806741e-01
9.585931095771984545e-01
9.577652248181011130e-01
9.563663041687014976e-01
9.535733436629159065e-01
9.461726293603878180e-01
9.145794021475563973e-01
6.095480801092421075e-01
5.538501502956487688e-01
7.929936958216561305e-01
8.249009040536235959e-01
8.108693986089258177e-01
7.641962237016439730e-01
6.704668211122856158e-01
4.949114410378795959e-01
2.140963449214765557e-01
1.161789837930504200e-02
1.831486002057203522e-01
4.716432923478872663e-01
6.647127243202909375e-01
7.756019185083866674e-01
8.406252115181890305e-01
8.806863488151454034e-01
9.063528988983545753e-01
9.230349616139406077e-01
9.335959346649261859e-01
9.395711891842183361e-01
9.417224059605274755e-01
9.402109112150675019e-01
9.342876776679903683e-01
9.199920701795839539e-01
