9.962389952933657922e-01
9.967098742082688423e-01
9.971446818246628707e-01
9.975433767544228392e-01
9.979060955532726984e-01
9.982331701420944503e-01
9.985251452170872399e-01
9.987827951343850597e-01
9.990071396423657601e-01
9.991994576857345933e-01
9.993612983025874641e-01
9.994944873585086542e-01
9.996011284923532747e-01
9.996835961467271936e-01
9.997445178820824063e-01
9.997867422640771551e-01
9.998132873782503705e-01
9.998272633486851024e-01
9.998317599447076320e-01
9.998296872091332332e-01
9.998235526954288854e-01
9.998151528608215655e-01
9.998051477230570638e-01
9.997924760167887781e-01
9.997735512737839780e-01
9.997411552792678791e-01
9.996829109389946399e-01
9.995791668348519288e-01
9.994000533435789535e-01
9.991013642012858131e-01
9.986187614666143242e-01
9.978595716957573414e-01
9.966911013455048707e-01
9.949238998601503958e-01
9.922876734215978489e-01
9.883965264645085957e-01
9.826988354271356529e-01
9.744054372117714191e-01
9.623885024231280116e-01
9.450442793036489819e-01
9.201207464469611796e-01
8.845377358494846964e-01
8.342958112699093709e-01
7.647156518025941541e-01
6.714772122551241340e-01
5.530560024564629140e-01
4.145414411869375870e-01
2.706632040020853225e-01
1.435045347065639632e-01
5.309943660840594354e-02
7.600130550558983032e-03
1.821751251567083930e-03
2.356613271037439478e-02
6.050819714738027433e-02
1.035244506331393366e-01
1.470178993972607040e-01
1.880356495343151191e-01
2.252832980606864766e-01
2.583969741832564115e-01
2.874879664465403994e-01
3.128827015242396925e-01
3.349834326952066399e-01
3.541980477573565267e-01
3.709076188625365367e-01
3.854537850497322671e-01
3.981361154981572503e-01
4.092141739138779877e-01
4.189115249720498646e-01
4.274202878434215092e-01
4.349055699543432629e-01
4.415095032675468989e-01
4.473548985416305745e-01
4.525414613212813686e-01
4.571777856645574678e-01
4.613297522369060322e-01
4.650717572410574263e-01
4.684657275263797716e-01
4.715661991929471775e-01
4.744214362448270772e-01
4.770743132282601051e-01
4.795630480998834821e-01
4.819218162236491021e-01
4.841812665798592707e-01
4.863689566901433503e-01
4.885097195949520410e-01
4.906259737642802432e-01
4.927379848560726194e-01
4.948640866454706022e-01
4.970208671556474722e-01
4.992233249699384867e-01
5.014849998485521043e-01
5.038180810770432894e-01
5.062334964062739084e-01
5.087409839843664017e-01
5.113491493096110618e-01
5.140655089353820539e-01
5.168965224232120459e-01
5.198476138593771667e-01
5.229231841187086394e-01
5.261266149787735547e-01
5.294602661686826917e-01
5.329254665164013804e-01
5.365225006471832092e-01
5.402505935158146144e-01
5.441078975876797452e-01
5.480914964798712097e-01
5.521974795839985628e-01
5.564214127164748280e-01
5.607612933920753662e-01
5.651634340076148177e-01
5.697011407239448433e-01
5.743130786420849176e-01
5.789947004980090517e-01
5.837338491399073348e-01
5.885163675640401326e-01
5.933265888447982750e-01
5.981474778076911747e-01
6.029609675671171454e-01
6.076925374197346130e-01
6.124756594170107649e-01
6.171399343737337118e-01
6.217070930301991094e-01
6.261523494923929567e-01
6.304490007078570324e-01
6.345688940860527705e-01
6.384824841488784264e-01
6.421588300582364850e-01
6.455655684148166040e-01
6.486688650897880493e-01
6.514333443064207474e-01
6.538219918216545690e-01
6.557960287426398693e-01
6.573147526118767736e-01
6.583353427632772092e-01
6.588126275812132837e-01
6.586988122194549211e-01
6.579431666287274272e-01
6.564916755014402749e-01
6.542866541063753205e-01
6.512663371457558803e-01
6.473644519661861940e-01
6.425097930176004724e-01
6.366258217907642125e-01
6.296303260839097860e-01
6.214351849723854793e-01
6.119463019961960404e-01
6.010637896185972995e-01
5.886825137070303970e-01
5.746931382302062907e-01
5.589838476855187865e-01
5.414429671881668682e-01
5.219627452668720302e-01
5.004446071652497441e-01
4.768062177334340124e-01
4.509906979381647640e-01
4.229782952380629624e-01
3.928006845641316414e-01
3.605578347145055873e-01
3.264369736845649794e-01
2.907325985995345419e-01
2.538657506544163001e-01
2.163988386967748700e-01
1.790392377663524159e-01
1.426580216113841615e-01
1.082336538446517366e-01
7.684165353186203640e-02
4.958661449124653064e-02
2.752820305974906442e-02
1.159763339216974935e-02
2.516573444740538481e-03
7.314465603571767465e-04
6.374524572108095609e-03
1.925856754430234005e-02
3.890524510214952297e-02
6.460117542809303004e-02
9.547112016317967076e-02
1.305571290086010583e-01
1.688981156787751903e-01
2.094495438828445633e-01
2.512592098293239262e-01
2.941499571621908338e-01
3.370621025328905396e-01
3.795667152006009792e-01
4.212935425130119316e-01
4.619463250006465294e-01
5.013786990862016957e-01
5.393965196959769060e-01
5.759419210314511428e-01
6.109809648094156609e-01
6.445069835933221469e-01
6.765346271339905959e-01
7.070919741814216675e-01
7.362139515928993738e-01
7.639367293755112698e-01
7.902927540309037102e-01
8.153060731845515052e-01
8.389875780862834365e-01
8.613297398240316038e-01
8.823003266239110021e-01
9.018344406774533306e-01
