7.083341572322902069e-01
7.257079233609026181e-01
7.408899877958398106e-01
7.540666618063576188e-01
7.654515357635123252e-01
7.752652949540274063e-01
7.837982812238422081e-01
7.912219451722789509e-01
7.978018985290744602e-01
8.037564939159448363e-01
8.092897150873022971e-01
8.145860528552060220e-01
8.198098818864375525e-01
8.250096316815456188e-01
8.305196420694449522e-01
8.362309526800342230e-01
8.422572738165476913e-01
8.486359449497723473e-01
8.553797108925074166e-01
8.624796629554505323e-01
8.699076302517153580e-01
8.776188362692611822e-01
8.855550717837447072e-01
8.936492619180371744e-01
9.018372953376105894e-01
9.101801725109497365e-01
9.175961708670622441e-01
9.256205512540215397e-01
9.332094440200190411e-01
9.404095553868949686e-01
9.471577106710660221e-01
9.533875358228801611e-01
9.590462152373618876e-01
9.535285973560179151e-01
9.681910090954641834e-01
9.717314109236597774e-01
9.744202193714520677e-01
9.761931627895981123e-01
9.769442183784682321e-01
9.765150928276296050e-01
9.746632438759701422e-01
9.701694766151618410e-01
9.649555138324988901e-01
9.555575022413994590e-01
9.412547044008335861e-01
9.195098768575544756e-01
8.861209365218400968e-01
8.341474659848203688e-01
7.525110047346721398e-01
6.256393491965684950e-01
4.403135249721327193e-01
2.139309262169003523e-01
3.519469440549197192e-02
1.385802971285868442e-02
1.430604519534070529e-01
3.294507684132594316e-01
5.094510839950606718e-01
6.652446144928979566e-01
7.971689179310155193e-01
9.039868742796498546e-01
9.711681612452394141e-01
9.545304688476744515e-01
7.913495113565250927e-01
4.910328133698423914e-01
2.036820158153004878e-01
4.625051537379069877e-02
9.564584452226273029e-04
1.241560232061642358e-02
4.507156527631961396e-02
8.229898256355765163e-02
1.187259569233667378e-01
1.514570317095924323e-01
1.803471213915261717e-01
2.056070989066539068e-01
2.276980284863781012e-01
2.470696617799643668e-01
2.641348151305243919e-01
2.792479701148342097e-01
2.927045785726674065e-01
3.047465062205615971e-01
3.155688012462928849e-01
3.253258800197448286e-01
3.341363813022713569e-01
3.420863578888188594e-01
3.492305291961527725e-01
3.555911316853739290e-01
3.611534410276514562e-01
3.658560811131538193e-01
3.695721766979849221e-01
3.720726020489485419e-01
3.729500904413513007e-01
3.714457878914604883e-01
3.659871910721395616e-01
3.526326510859827956e-01
3.172595704019714469e-01
1.355892881795644489e-01
6.140952388240862314e-01
4.628619497378820280e-01
4.094370859183614764e-01
3.528091228811734981e-01
2.508144409958645848e-01
1.150434093454215101e-01
2.589054823244955200e-02
9.063276645076817628e-01
8.357945851581689567e-01
7.733617721835019942e-01
7.407023773135883449e-01
7.236226300303266745e-01
7.152757120451054274e-01
7.123073559334116567e-01
7.129213219955747860e-01
7.160765552610847129e-01
7.211292901106358677e-01
7.276589171020011459e-01
7.353269205703878431e-01
7.440858985299906303e-01
7.536478185662307538e-01
7.639393588717169337e-01
7.748922148016332834e-01
7.864717133973302410e-01
7.987084867124332188e-01
8.118006760902679586e-01
8.265925078655969038e-01
8.492764016754917877e-01
8.071790732373151922e-01
8.480358049081032634e-01
8.647672951823807130e-01
8.793598421569935875e-01
8.957383443701080195e-01
8.973766884702968349e-01
9.126302511271804363e-01
9.251886122164081350e-01
9.361753535722904251e-01
9.464521757636132904e-01
9.559757004581999063e-01
9.647014226698026329e-01
9.725785432914226813e-01
9.795567476257713846e-01
9.855903735104657448e-01
9.906410426714047368e-01
9.946794727746061104e-01
9.976867838950311818e-01
9.996554367049239609e-01
1.000589867889962958e+00
1.000506861182306251e+00
9.994356849995182923e-01
9.974180293233886330e-01
9.945077806237645479e-01
9.907706836145332430e-01
9.862839578185625955e-01
9.811359929605585339e-01
9.754264863196424606e-01
9.692688680300077797e-01
9.628147982169759089e-01
9.554053986774729834e-01
9.490330507549514794e-01
9.422414348510184112e-01
9.354108216185781366e-01
9.265024108635488975e-01
9.271172520497757974e-01
9.210866675358920785e-01
9.167550024560700006e-01
9.131382459021620823e-01
9.093780311304682229e-01
9.033479860244679749e-01
8.898741153446680929e-01
8.580975258888062784e-01
7.934777846211112928e-01
6.998444476811784831e-01
6.034538742683823731e-01
5.359415551173276615e-01
5.255307059742486686e-01
5.428139227069010975e-01
5.665841061168909176e-01
5.909694742975106774e-01
6.163076076547415738e-01
6.461225401512972200e-01
6.884742920815619671e-01
7.717242164862470055e-01
1.008887765146331716e+00
7.755022509995580793e-02
3.688689486424736041e-01
4.554004568899049921e-01
4.954048746856218877e-01
5.189228286707304738e-01
5.347147463368606690e-01
5.462127249886248315e-01
5.550151142282239158e-01
5.619501965447967207e-01
5.674762741261455412e-01
5.718565417894846403e-01
5.752448759891582997e-01
5.777317297671539231e-01
5.793665462493643448e-01
5.800467514041196537e-01
5.803770045594072169e-01
5.797406020792923442e-01
5.784574468098999667e-01
5.766036040753013125e-01
5.742820393361366405e-01
