9.530178543172562744e-01
9.614692199709665710e-01
9.694569070474359229e-01
9.768639784657284775e-01
9.836089295309373703e-01
9.896409373418458832e-01
9.949353185856427695e-01
9.994892567982142095e-01
1.003317842282350325e+00
1.006450452604919610e+00
1.008927488756043545e+00
1.010797471448144469e+00
1.012114493444672192e+00
1.012936017020991564e+00
1.013321000458204946e+00
1.013328333650779456e+00
1.013015560272095827e+00
1.012437862306977188e+00
1.011647281953102828e+00
1.010692155744323140e+00
1.009616736096767164e+00
1.008460976137766529e+00
1.007260454426463170e+00
1.006046416692138568e+00
1.004845911471424991e+00
1.003681994546707701e+00
1.002573971463039282e+00
1.001537634137310118e+00
1.000585417935783150e+00
9.997263394263120606e-01
9.989654230153153236e-01
9.983019576409387641e-01
9.977249743609261090e-01
9.972016392856430933e-01
9.966456448291570736e-01
9.958206326998922941e-01
9.939885899546027082e-01
9.882925701816464015e-01
9.656890559945083830e-01
9.252066807393635184e-01
9.199024974396186050e-01
8.101974659063480022e-01
1.663675247110989741e-01
5.800279266786790844e-01
8.202314530768938239e-01
8.881132916335313654e-01
9.158523872308234060e-01
9.298832278021302855e-01
9.378830189577599397e-01
9.427554022132360600e-01
9.458092612746040739e-01
9.477122118835432651e-01
9.488375255254268836e-01
9.494093518905215578e-01
9.495703122149757869e-01
9.494156802170309328e-01
9.490118537824493439e-01
9.484068928064737225e-01
9.476368059692152901e-01
9.467294437777256100e-01
9.457069856403463870e-01
9.445875707356884421e-01
9.433863909703154027e-01
9.421164367842305154e-01
9.407890136677325987e-01
9.394141042131520791e-01
9.380006243615084394e-01
9.365566061802369502e-01
9.350893290773689692e-01
9.336054145482254318e-01
9.321108950153612627e-01
9.306112642473692853e-01
9.291115147215273096e-01
9.276161658092223483e-01
9.261292856079751390e-01
9.246545084840940287e-01
9.231950498357215373e-01
9.217537191787437134e-01
9.203329323526278083e-01
9.189347234153598665e-01
9.175607566218780820e-01
9.162123387454189638e-01
9.148904318943270608e-01
9.135956668883804532e-01
9.123283571775068213e-01
9.110885131966908190e-01
9.098758569247933359e-01
9.086898361759131459e-01
9.075296375806508609e-01
9.063941955645745674e-01
9.052821888322631905e-01
9.041919898110922782e-01
9.031213623409493074e-01
9.020643963779900742e-01
8.985456653976321428e-01
9.000191461956705830e-01
8.990138078382335918e-01
8.980160394465875884e-01
8.970250617801537318e-01
8.960381999364440686e-01
8.950524123408351018e-01
8.940643315519307688e-01
8.930701517723665939e-01
8.920654073298539544e-01
8.910445710558226873e-01
8.900002988815415295e-01
8.889219114444839587e-01
8.877920474119547212e-01
8.865782875187465661e-01
8.852079740907818906e-01
8.834669924268107044e-01
8.802833730226472531e-01
7.983117893515087049e-01
8.861278399050462884e-01
8.829768841435597926e-01
8.808817636565052789e-01
8.780530478477195366e-01
7.892934471052454048e-01
8.748599473822186168e-01
8.752924777585124883e-01
8.741925330463318211e-01
8.728795330382974615e-01
8.714971151807084926e-01
8.700865440596394773e-01
8.686808441143435422e-01
8.673358875782479771e-01
8.661763623943683488e-01
8.655360178906795765e-01
8.666104239163496814e-01
8.782637701147927300e-01
8.137764617487599494e-01
8.386406022396430959e-01
8.397403827754023053e-01
8.377948519912790104e-01
8.345377313642730055e-01
8.303311395328829558e-01
8.252186211942643679e-01
8.191157487700657658e-01
8.118585341519347631e-01
8.032203124429072583e-01
7.929449627586414584e-01
7.809441223730597681e-01
7.692269148095591813e-01
7.010303570037552667e-01
7.058614538537631988e-01
6.734736488560002510e-01
6.279759033157550352e-01
5.663465624905301699e-01
4.833514551895498612e-01
3.730451901345497312e-01
2.347346595191063257e-01
9.738454350172805196e-02
4.495787398900785020e-02
1.642362613250538950e-01
4.013433206563714606e-01
6.128683530127544410e-01
7.554365769045151557e-01
8.432532902050836610e-01
8.968214479642246939e-01
9.301284408832649619e-01
9.513956392125526573e-01
9.653238914516587554e-01
9.746287314183161854e-01
9.809112621845073043e-01
9.851309950382011182e-01
9.878572289572177256e-01
9.893857891592686693e-01
9.897242094271117008e-01
9.882215961578677543e-01
9.808172506861750906e-01
9.078582610007962517e-01
8.960792671219290906e-01
9.784072207326102166e-01
9.856175144549157441e-01
9.867382264865446340e-01
9.863529737917225981e-01
9.853774769849407145e-01
9.841137237925018377e-01
9.827038576804324466e-01
9.812375810025201206e-01
9.797851741370775525e-01
9.784089593468455748e-01
9.771662647489892661e-01
9.761061038359341024e-01
9.752538808995036002e-01
9.745542991901725571e-01
9.735901687982321251e-01
9.618777295650735581e-01
8.982784701654100701e-01
9.442690773270718818e-01
9.707734468799448235e-01
9.781734008170359651e-01
9.833854041539540347e-01
9.884740719874873793e-01
9.939297627666898727e-01
9.998910619547726197e-01
1.006366489542182441e+00
1.013280379832133926e+00
1.020405991556938341e+00
1.024353494255781039e+00
