9.989754633457464950e-01
9.989737530038592661e-01
9.989723248129636080e-01
9.989711786612676114e-01
9.989703143924142381e-01
9.989697318084975741e-01
9.989694306696345061e-01
9.989694106911098936e-01
9.989696715384148717e-01
9.989702128208622911e-01
9.989710340841937430e-01
9.989721348024902525e-01
9.989735143697671127e-01
9.989751720916243416e-01
9.989771071768542843e-01
9.989793187295537003e-01
9.989818057416951502e-01
9.989845670859757165e-01
9.989876015097717277e-01
9.989909076292619039e-01
9.989944839245336050e-01
9.989983287353365604e-01
9.990024402574320117e-01
9.990068165395986632e-01
9.990114554814150116e-01
9.990163548314755504e-01
9.990215121863267322e-01
9.990269249897029136e-01
9.990325905324529687e-01
9.990385059528203993e-01
9.990446682371503240e-01
9.990510742207310280e-01
9.990577205893957924e-01
9.990646038809620766e-01
9.990717204872203716e-01
9.990790666558493349e-01
9.990866384928512867e-01
9.990944319648541461e-01
9.991024429017242303e-01
9.991106669991879352e-01
9.991190998216615826e-01
9.991277368050293095e-01
9.991365732595626215e-01
9.991456043729717296e-01
9.991548252132588237e-01
9.991642307318704397e-01
9.991738157667504616e-01
9.991835750454440834e-01
9.991935031881332696e-01
9.992035947109283445e-01
9.992138440287833268e-01
9.992242454588936562e-01
9.992347932237228836e-01
9.992454814542285346e-01
9.992563041930178080e-01
9.992672553975900929e-01
9.992783289435581695e-01
9.992895186278308861e-01
9.993008181719228444e-01
9.993122212251736025e-01
9.993237213680095099e-01
9.993353121152964702e-01
9.993469869195952260e-01
9.993587391745675230e-01
9.993705622182071924e-01
9.993824493363585582e-01
9.993943937660267895e-01
9.994063886988345802e-01
9.994184272844268691e-01
9.994305026339970199e-01
9.994426078237789168e-01
9.994547358984547936e-01
9.994668798747794458e-01
9.994790327451503753e-01
9.994911874811377439e-01
9.995033370371491088e-01
9.995154743538886555e-01
9.995275923622102265e-01
9.995396839866630412e-01
9.995517421490976995e-01
9.995637597724347234e-01
9.995757297844019007e-01
9.995876451211700431e-01
9.995994987310261592e-01
9.996112835782023920e-01
9.996229926465680649e-01
9.996346189433241713e-01
9.996461555028263168e-01
9.996575953902063771e-01
9.996689317052510626e-01
9.996801575859407540e-01
9.996912662123672577e-01
9.997022508103442506e-01
9.997131046550459255e-01
9.997238210748479181e-01
9.997343934549415279e-01
9.997448152408652255e-01
9.997550799423027268e-01
9.997651811366379260e-01
9.997751124724740812e-01
9.997848676733099849e-01
9.997944405408938362e-01
9.998038249589071835e-01
9.998130148962325325e-01
9.998220044105885496e-01
9.998307876516258075e-01
9.998393588645101415e-01
9.998477123931143185e-01
9.998558426831908319e-01
9.998637442856638247e-01
9.998714118597481493e-01
9.998788401759010069e-01
9.998860241190444809e-01
9.998929586913483103e-01
9.998996390151818625e-01
9.999060603359993804e-01
9.999122180250232805e-01
9.999181075818717179e-01
9.999237246373520183e-01
9.999290649557938115e-01
9.999341244375984372e-01
9.999388991215933942e-01
9.999433851872672196e-01
9.999475789570304585e-01
9.999514768982029622e-01
9.999550756250892292e-01
9.999583719008856564e-01
9.999613626394409094e-01
9.999640449069300274e-01
9.999664159234853411e-01
9.999684730646520858e-01
9.999702138626790360e-01
9.999716360079853317e-01
9.999727373500368888e-01
9.999735158984373040e-01
9.999739698239350494e-01
9.999740974589943487e-01
9.999738972986302876e-01
9.999733680007724113e-01
9.999725083867363473e-01
9.999713174415314487e-01
9.999697943138849965e-01
9.999679383163759816e-01
9.999657489253335196e-01
9.999632257805581848e-01
9.999603686851116224e-01
9.999571776047964100e-01
9.999536526677138548e-01
9.999497941636408260e-01
9.999456025433360873e-01
9.999410784178185407e-01
9.999362225575494367e-01
9.999310358915727281e-01
9.999255195067804358e-01
9.999196746468979047e-01
9.999135027117140861e-01
9.999070052563373556e-01
9.999001839903536304e-01
9.998930407773076734e-01
9.998855776341236679e-01
9.998777967306935466e-01
9.998697003897357716e-01
9.998612910868115433e-01
9.998525714505398510e-01
9.998435442631111725e-01
9.998342124610872794e-01
9.998245791364730461e-01
9.998146475383079546e-01
9.998044210742360605e-01
9.997939033128460107e-01
9.997830979860224954e-01
9.997720089918753494e-01
9.997606403978399614e-01
9.997489964439961740e-01
9.997370815467411242e-01
9.997249003023853664e-01
9.997124574907780836e-01
9.996997580787407855e-01
9.996868072230475910e-01
9.996736102727636908e-01
9.996601727706971863e-01
9.996465004533385823e-01
9.996325992491242873e-01
9.996184752743362267e-01
9.996041348261118786e-01
9.995895843716506857e-01
9.995748305330948158e-01
9.995598800666404271e-01
9.995447398353481949e-01
9.995294167737449609e-01
9.995139178433611882e-01
9.994982499770632689e-01
9.994824200105674183e-01
9.994664345991356447e-01
9.994503001167716061e-01
9.994340225357188912e-01
9.994176072829665802e-01
9.994010590708219954e-01
9.993843816974705696e-01
9.993675778140628241e-01
