1.011784687543146433e+00
1.006854829947050334e+00
1.002235392067178710e+00
9.980064242054128565e-01
9.942242063218849069e-01
9.909241547454943344e-01
9.881236803438694372e-01
9.858249396135007059e-01
9.840174349250889740e-01
9.826804327368902081e-01
9.817851791809224515e-01
9.812969012313941253e-01
9.811765888809651504e-01
9.813825595613112629e-01
9.818718106252886102e-01
9.826011692232069494e-01
9.835282515008715309e-01
9.846122448632236290e-01
9.858145282071908433e-01
9.870991456392307350e-01
9.884331493626842269e-01
9.897868272276838519e-01
9.911338299651424322e-01
9.924512124386112299e-01
9.937194024038634721e-01
9.949221093115753201e-01
9.960461846676723630e-01
9.970814444094568962e-01
9.980204626942715818e-01
9.988583454502060199e-01
9.995924910253872753e-01
1.000222344304928512e+00
1.000749149754500023e+00
1.001175707999147235e+00
1.001506139765885761e+00
1.001745660303920094e+00
1.001900366753181393e+00
1.001977040353906778e+00
1.001982964879836180e+00
1.001925762227593886e+00
1.001813245704307853e+00
1.001653291217174724e+00
1.001453726279190493e+00
1.001222236496500217e+00
1.000966288988263564e+00
1.000693072001735295e+00
1.000409449809563256e+00
1.000121931801822184e+00
9.998366544900992858e-01
9.995593748984759053e-01
9.992954734838954689e-01
9.990499642486470044e-01
9.988275089817060248e-01
9.986324314537399216e-01
9.984687256558786306e-01
9.983400494459170327e-01
9.982496906339830556e-01
9.982004855869851534e-01
9.981946591304508010e-01
9.982335358920928492e-01
9.983170419925553318e-01
9.984428626120148698e-01
9.986050277691039812e-01
9.987915319145913573e-01
9.989802862642803705e-01
9.991321207954650951e-01
9.991784084732909799e-01
9.989985417296157744e-01
9.983774710925219509e-01
9.969221825936848136e-01
9.938888643206115203e-01
9.878033916489701305e-01
9.755717132591578133e-01
9.502752687728289738e-01
8.956494982871631150e-01
7.720620306588374948e-01
4.956787588849322912e-01
9.313528769422189935e-02
5.044678307807618639e-02
3.027834032141514253e-01
5.048881759736231212e-01
6.269925978307461234e-01
7.011096323673378095e-01
7.484279060823042506e-01
7.801715505575573806e-01
8.023433095636461898e-01
8.183151976088876012e-01
8.300842726437730468e-01
8.388918971962909810e-01
8.455431348690803928e-01
8.505796909049023746e-01
8.543779412476552038e-01
8.572068455726118419e-01
8.592634451526331985e-01
8.606953465805968762e-01
8.616153870241028967e-01
8.621114592030734158e-01
8.622532620752316745e-01
8.620970597400278157e-01
8.616891371067343375e-01
8.610684137288856510e-01
8.602685556417869472e-01
8.593198864792224168e-01
8.582514592809843412e-01
8.570938964368763902e-01
8.558843271804059682e-01
8.546769615888781813e-01
8.535706908860790643e-01
8.528005628084599499e-01
8.531777638818850429e-01
8.606189948087248354e-01
8.262739270313291806e-01
8.360795510596441549e-01
8.363819308778916994e-01
8.352890081528739907e-01
8.337008006327554233e-01
8.318613564567837182e-01
8.298638037112988641e-01
8.277508052547866146e-01
8.255440604604412647e-01
8.232552711439906634e-01
8.208910231527543067e-01
8.184553507066495426e-01
8.159510173507844577e-01
8.133773895395083331e-01
8.107026539829056411e-01
8.075616477668775550e-01
8.010772458245160044e-01
7.978290043597647818e-01
7.960069730743799532e-01
7.932079637122818605e-01
7.899403700235978487e-01
7.863654994832599554e-01
7.825291548930412011e-01
7.784388399658711544e-01
7.740861053524741298e-01
7.694541122386534537e-01
7.645204907140659145e-01
7.592584335277804408e-01
7.536370190618937315e-01
7.476211386046979213e-01
7.411711787444075217e-01
7.342425184145048300e-01
7.267848584231114684e-01
7.187413795739173716e-01
7.100477122311827927e-01
7.006306906267638634e-01
6.904068573690276267e-01
6.792806768693845365e-01
6.671424110692143472e-01
6.538656082424577631e-01
6.393041585440087937e-01
6.232888835670249428e-01
6.056236608246411413e-01
5.860811544069629564e-01
5.643983594165109530e-01
5.402724217634707893e-01
5.133576571469822269e-01
4.832655223230673536e-01
4.495707646317795292e-01
4.118295685496818348e-01
3.696200326787247858e-01
3.226230378207948779e-01
2.707743964690424998e-01
2.145392755177813748e-01
1.553877334467049787e-01
9.657758173795576162e-02
4.434093807821021943e-02
9.414318811767345696e-03
8.305707956550414245e-03
6.243323231269894830e-02
1.915282611653552070e-01
3.979115838800566518e-01
6.454710364843689874e-01
8.514389588889508254e-01
9.149181751447186262e-01
7.844522916706604398e-01
5.163436921138502278e-01
2.435782877848703953e-01
6.914783924877149213e-02
1.158839801121225657e-02
3.757226489900648836e-02
1.071900063653409285e-01
1.925483896135118667e-01
2.782993801978250747e-01
3.573600404370280703e-01
4.271756311637648351e-01
4.874041597533646519e-01
5.386656962252760472e-01
5.819180790351011767e-01
6.181663023316638084e-01
6.483404073906062770e-01
6.732551156627979427e-01
6.936073056447006335e-01
7.099895665506095188e-01
7.229084220621539991e-01
7.327960736848047052e-01
7.399730422242847272e-01
7.442782437700622422e-01
7.433239919825703756e-01
