1.010019435035692359e+00
1.011091832531727519e+00
1.011566572103163475e+00
1.011535501054889430e+00
1.011086553907891039e+00
1.010302365170913097e+00
1.009259276979357134e+00
1.008026684693236419e+00
1.006666667747711630e+00
1.005233857530934971e+00
1.003775498664928545e+00
1.002331664658654642e+00
1.000935593390569478e+00
9.996141121852630818e-01
9.983881263201090928e-01
9.972731485977298638e-01
9.962798511208704744e-01
9.954146235989719260e-01
9.946801253958514888e-01
9.940758210975163545e-01
9.935984916522594412e-01
9.932427151211116190e-01
9.930013127955393815e-01
9.928657579088325802e-01
9.928265454087245034e-01
9.928735222909390590e-01
9.929961788396544087e-01
9.931839017990793383e-01
9.934261910325281608e-01
9.937128416277061227e-01
9.940340936987317466e-01
9.943807523314052155e-01
9.947442802348086532e-01
9.951168657092877012e-01
9.954914685354468995e-01
9.958618463361768036e-01
9.962225638777971737e-01
9.965689876613372800e-01
9.968972680219133631e-01
9.972043108053992855e-01
9.974877405350202064e-01
9.977458568187543841e-01
9.979775855860747447e-01
9.981824265819185804e-01
9.983603983888178490e-01
9.985119820985680628e-01
9.986380646106666203e-01
9.987398824004642961e-01
9.988189664739242080e-01
9.988770891097069615e-01
9.989162128815906039e-01
9.989384423581717520e-01
9.989459787871416419e-01
9.989410779939696949e-01
9.989260116536977652e-01
9.989030320332147328e-01
9.988743402469081323e-01
9.988420580219796729e-01
9.988082029298560593e-01
9.987746670058740284e-01
9.987431986517789628e-01
9.987153876923936524e-01
9.986926534393165689e-01
9.986762356008419550e-01
9.986671878661017576e-01
9.986663739851094901e-01
9.986744661609664453e-01
9.986919455694193148e-01
9.987191048204567823e-01
9.987560521790201928e-01
9.988027173648295065e-01
9.988588587559908971e-01
9.989240718268864727e-01
9.989977986564043677e-01
9.990793383495604196e-01
9.991678582226590777e-01
9.992624056086716333e-01
9.993619201476872105e-01
9.994652464326621022e-01
9.995711468884670436e-01
9.996783147680152748e-01
9.997853871543544990e-01
9.998909578624468608e-01
9.999935901381515890e-01
1.000091829054356563e+00
1.000184213504596187e+00
1.000269287693948961e+00
1.000345612023389563e+00
1.000411773256706605e+00
1.000466393849060331e+00
1.000508140298906667e+00
1.000535730362612563e+00
1.000547938935726355e+00
1.000543602357601758e+00
1.000521620827422353e+00
1.000480958521241526e+00
1.000420640859409627e+00
1.000339748169219112e+00
1.000237404684439557e+00
1.000112761371233949e+00
9.999649703784188048e-01
9.997931478321379073e-01
9.995963199789928977e-01
9.993733448715577117e-01
9.991227970637760469e-01
9.988427945576415778e-01
9.985307323970723514e-01
9.981828593254036264e-01
9.977935785176532679e-01
9.973542370469413720e-01
9.968509066449945388e-01
9.962600149999697452e-01
9.955389282388250605e-01
9.946030545708383075e-01
9.932599626671158033e-01
9.909641163536692110e-01
9.853633232699507971e-01
9.375644714581423678e-01
1.010869894744911512e+00
1.003270527425245584e+00
1.000439916011623742e+00
9.988966118077009515e-01
9.978623546576728121e-01
9.970831930777031005e-01
9.964530109231284349e-01
9.959201727039522778e-01
9.954568669549789250e-01
9.950469970319447688e-01
9.946807278418923204e-01
9.943517749436817654e-01
9.940559476636171565e-01
9.937903145536608474e-01
9.935526989323881786e-01
9.933413595222032599e-01
9.931547800145867910e-01
9.929915255947510122e-01
9.928501423657658531e-01
9.927290854218157046e-01
9.926266669051152514e-01
9.925410186755369013e-01
9.924700662221472847e-01
9.924115116950311677e-01
9.923628247340383624e-01
9.923212402896479656e-01
9.922837629739912346e-01
9.922471777070861476e-01
9.922080665715354852e-01
9.921628318839479377e-01
9.921077255446848486e-01
9.920388847514384212e-01
9.919523741602741529e-01
9.918442345545139815e-01
9.917105380392670089e-01
9.915474497181854252e-01
9.913512957292678340e-01
9.911186374199704163e-01
9.908463513252220300e-01
9.905317144775366289e-01
9.901724944248216920e-01
9.897670431574256966e-01
9.893143939532034192e-01
9.888143599362871905e-01
9.882676329130355430e-01
9.876758807980464683e-01
9.870418416758128810e-01
9.863694122611894599e-01
9.856637282276826673e-01
9.849312335707530730e-01
9.841797358673467500e-01
9.834184439925109933e-01
9.826579845613879760e-01
9.819103930957033821e-01
9.811890756734438224e-01
9.805087366259855886e-01
9.798852677109819442e-01
9.793355941296690848e-01
9.788774727940060538e-01
9.785292384024389944e-01
9.783094931773780312e-01
9.782367365771666989e-01
9.783289319465663381e-01
9.786030079373474466e-01
9.790742936393685980e-01
9.797558877297037894e-01
9.806579635827176178e-01
9.817870141785364213e-01
9.831450427594542463e-01
9.847287074049133615e-01
9.865284297789851387e-01
9.885274796319019064e-01
9.907010455071855182e-01
9.930152929205307011e-01
9.954263732250819841e-01
9.978792093835119337e-01
1.000305819740967550e+00
1.002628037078584278e+00
1.004764247994203163e+00
1.006604305214671813e+00
1.008020709355982092e+00
1.008870801281053886e+00
