1.024299326144497480e+00
1.021943371205847217e+00
1.018964791350150945e+00
1.015556751401107460e+00
1.011889101652825085e+00
1.008108492890801289e+00
1.004339031577844210e+00
1.000683349951628331e+00
9.972239825064039831e-01
9.940249558967549914e-01
9.911335136213531571e-01
9.885819098787541614e-01
9.863892187309809545e-01
9.845631151872173970e-01
9.831015940731435698e-01
9.819946006431210517e-01
9.812255538918588371e-01
9.807727495113890415e-01
9.806106345009976133e-01
9.807109496534271997e-01
9.810437396042656077e-01
9.815782329133705408e-01
9.822835968393431871e-01
9.831295731372494684e-01
9.840870024308636665e-01
9.851282455466089383e-01
9.862275107092802751e-01
9.873610957403842203e-01
9.885075544211175957e-01
9.896477960208999169e-01
9.907651266945293189e-01
9.918452410413449716e-01
9.928761716343349475e-01
9.938482037830159710e-01
9.947537622189337458e-01
9.955872757973268650e-01
9.963450257123815934e-01
9.970249821330732232e-01
9.976266335954888653e-01
9.981508129386686967e-01
9.985995230524626898e-01
9.989757652191948445e-01
9.992833723801604062e-01
9.995268492431016449e-01
9.997112207685392438e-01
9.998418902324284208e-01
9.999245077558985839e-01
9.999648499223303677e-01
9.999687108632381305e-01
9.999418049875127279e-01
9.998896813492251789e-01
9.998176494989362562e-01
9.997307165351014824e-01
9.996335349692954120e-01
9.995303609344752260e-01
9.994250222007574624e-01
9.993208954143424361e-01
9.992208919414390378e-01
9.991274516784881543e-01
9.990425441802630591e-01
9.989676764583921287e-01
9.989039068123004572e-01
9.988518640711617769e-01
9.988117716494414600e-01
9.987834758469751328e-01
9.987664778593502435e-01
9.987599690014485887e-01
9.987628686898399888e-01
9.987738647742933074e-01
9.987914558575545776e-01
9.988139952934574906e-01
9.988397366077502726e-01
9.988668801433951971e-01
9.988936207909776543e-01
9.989181967268337958e-01
9.989389391443059818e-01
9.989543230244608552e-01
9.989630190498060003e-01
9.989639468059685612e-01
9.989563294329770748e-01
9.989397498501159101e-01
9.989142085424443929e-01
9.988801825829805026e-01
9.988386849277691715e-01
9.987913218014838890e-01
9.987403437143256291e-01
9.986886814377857746e-01
9.986399504517703418e-01
9.985983927394815884e-01
9.985686969586186068e-01
9.985555838692452557e-01
9.985629357141742046e-01
9.985920247896384883e-01
9.986379160955468626e-01
9.986820358533627928e-01
9.986763115569456950e-01
9.985076725066704961e-01
9.979132806987870419e-01
9.962599376282280650e-01
9.919003468303180249e-01
9.799795039443606193e-01
9.431955905303841536e-01
8.014375730325884462e-01
2.237328882843523936e-01
2.211679793897909085e-01
6.342518001184912491e-01
7.835234547093672397e-01
8.461353767032779860e-01
8.780174386137183928e-01
8.964922070188792169e-01
9.081610414279520649e-01
9.159856730402405889e-01
9.214667449248341580e-01
9.254392395949477823e-01
9.284044436239951015e-01
9.306837909032360523e-01
9.324957375136255777e-01
9.339913399995939391e-01
9.352319539278944882e-01
9.363049891368067090e-01
9.380329268869684878e-01
9.400403388011052686e-01
9.428279020954830614e-01
9.475552099721787913e-01
9.579481226866143340e-01
9.996971075817226993e-01
8.033523303738446808e-01
8.955769189748937764e-01
9.097560050577253588e-01
9.153363262683137380e-01
9.182257469747153733e-01
9.199249111627078035e-01
9.209900857017977449e-01
9.216741066295809359e-01
9.221073664046619545e-01
9.223628162647882212e-01
9.224833583634918233e-01
9.224948057386004319e-01
9.224125850328031007e-01
9.222454616733294364e-01
9.219977403334976840e-01
9.216706370841435403e-01
9.212631792895003002e-01
9.207728253108432570e-01
9.201959123832998966e-01
9.195279961431411797e-01
9.187641201320624340e-01
9.178990389391261662e-01
9.169274097489036324e-01
9.158439614468617540e-01
9.146436467005878423e-01
9.133217797738493182e-01
9.118741607155006479e-01
9.102971845864054057e-01
9.085879321043422996e-01
9.067442348258423213e-01
9.047647024249247938e-01
9.026486887994422670e-01
9.003961501957329361e-01
8.980072916967295482e-01
8.954817440990877619e-01
8.928165289881153655e-01
8.900002234802163459e-01
8.869913341888376879e-01
8.835892645149028279e-01
8.759427582111757316e-01
8.798919590884419772e-01
8.759148920525656745e-01
8.724089538005754818e-01
8.689568156635366636e-01
8.654865599573891011e-01
8.619748194396398278e-01
8.584081172001798432e-01
8.547727571651332346e-01
8.510504944637059532e-01
8.472156682113007875e-01
8.432326231640709935e-01
8.390529905596356697e-01
8.346126062200841522e-01
8.298278973336834508e-01
8.245915646281537503e-01
8.187673496666648676e-01
8.121836106260831301e-01
8.046253238702516519e-01
7.958239527686329362e-01
7.854442922901758717e-01
7.730665735140249684e-01
7.581576743362709037e-01
7.382065238091084503e-01
7.173462511789784335e-01
6.860145041484031481e-01
6.608628997804448790e-01
6.203406558030251094e-01
5.707045340427523428e-01
5.101250316475052227e-01
4.368232630049276310e-01
3.499861928618281937e-01
2.514204156077088359e-01
1.485208140840982571e-01
5.795201092826883504e-02
