9.927815915994996354e-01
9.927886091583465467e-01
9.927975770597933236e-01
9.928084908399232855e-01
9.928213480652003931e-01
9.928361477038706306e-01
9.928528895597550363e-01
9.928715737695076315e-01
9.928922003623105175e-01
9.929147688800575855e-01
9.929392780549036734e-01
9.929657255403578908e-01
9.929941076917904175e-01
9.930244193919534057e-01
9.930566539166598705e-01
9.930908028365086349e-01
9.931268559499374371e-01
9.931648012432501282e-01
9.932046248742707473e-01
9.932463111750801099e-01
9.932898426711189721e-01
9.933352001133622933e-01
9.933823625207099939e-01
9.934313072302893843e-01
9.934820099536357807e-01
9.935344448366888459e-01
9.935885845222752755e-01
9.936444002134536824e-01
9.937018617370066975e-01
9.937609376059429733e-01
9.938215950804233367e-01
9.938838002262925242e-01
9.939475179715370201e-01
9.940127121594753978e-01
9.940793455992993355e-01
9.941473801132791888e-01
9.942167765812913727e-01
9.942874949820609265e-01
9.943594944317790674e-01
9.944327332198751312e-01
9.945071688424231837e-01
9.945827580331091378e-01
9.946594567921904773e-01
9.947372204136768481e-01
9.948160035106382582e-01
9.948957600393704137e-01
9.949764433222657578e-01
9.950580060697422624e-01
9.951404004013099103e-01
9.952235778663138799e-01
9.953074894639012404e-01
9.953920856632166858e-01
9.954773164231341953e-01
9.955631312122632526e-01
9.956494790290008057e-01
9.957363084219927885e-01
9.958235675109088358e-01
9.959112040076359973e-01
9.959991652381072758e-01
9.960873981646126696e-01
9.961758494087474824e-01
9.962644652751201368e-01
9.963531917756046630e-01
9.964419746544453949e-01
9.965307594138744784e-01
9.966194913406878353e-01
9.967081155333368248e-01
9.967965769298076095e-01
9.968848203361221350e-01
9.969727904555960585e-01
9.970604319186667786e-01
9.971476893132393826e-01
9.972345072157935419e-01
9.973208302229389366e-01
9.974066029834650626e-01
9.974917702309459289e-01
9.975762768165357119e-01
9.976600677425774277e-01
9.977430881962044973e-01
9.978252835833241186e-01
9.979065995629919916e-01
9.979869820820017612e-01
9.980663774095362983e-01
9.981447321719785215e-01
9.982219933880082108e-01
9.982981085035882440e-01
9.983730254269818083e-01
9.984466925638887380e-01
9.985190588523069621e-01
9.985900737975648145e-01
9.986596875068719514e-01
9.987278507240866521e-01
9.987945148639704174e-01
9.988596320462205247e-01
9.989231551294385225e-01
9.989850377445531615e-01
9.990452343278310998e-01
9.991037001537403928e-01
9.991603913672180148e-01
9.992152650154050297e-01
9.992682790791015401e-01
9.993193925033664327e-01
9.993685652279539200e-01
9.994157582167249032e-01
9.994609334868802542e-01
9.995040541369988318e-01
9.995450843749544845e-01
9.995839895447583556e-01
9.996207361526839863e-01
9.996552918928083287e-01
9.996876256716704656e-01
9.997177076319551103e-01
9.997455091757525558e-01
9.997710029865272130e-01
9.997941630505051691e-01
9.998149646771832266e-01
9.998333845188147606e-01
9.998494005890424807e-01
9.998629922808555115e-01
9.998741403833129038e-01
9.998828270976549693e-01
9.998890360524086418e-01
9.998927523176593946e-01
9.998939624185267938e-01
9.998926543476707174e-01
9.998888175771964981e-01
9.998824430697060839e-01
9.998735232886157842e-01
9.998620522078019990e-01
9.998480253207168156e-01
9.998314396488754419e-01
9.998122937498249430e-01
9.997905877249851914e-01
9.997663232267310907e-01
9.997395034655768287e-01
9.997101332172768640e-01
9.996782188296097216e-01
9.996437682297069083e-01
9.996067909312463806e-01
9.995672980422741771e-01
9.995253022735350878e-01
9.994808179473173571e-01
9.994338610073659757e-01
9.993844490296994731e-01
9.993326012345227216e-01
9.992783384996521967e-01
9.992216833752621818e-01
9.991626601004345298e-01
9.991012946214852253e-01
9.990376146122073031e-01
9.989716494963082338e-01
9.989034304719557333e-01
9.988329905386702512e-01
9.987603645266741603e-01
9.986855891283574760e-01
9.986087029323135189e-01
9.985297464596177841e-01
9.984487622020981057e-01
9.983657946627327862e-01
9.982808903975163295e-01
9.981940980586087031e-01
9.981054684383323661e-01
9.980150545133108508e-01
9.979229114880568963e-01
9.978290968371842373e-01
9.977336703452930333e-01
9.976366941433049140e-01
9.975382327402376736e-01
9.974383530483718063e-01
9.973371244011086656e-01
9.972346185609375357e-01
9.971309097163235657e-01
9.970260744651682216e-01
9.969201917829119131e-01
9.968133429734586937e-01
9.967056116006536293e-01
9.965970833986137478e-01
9.964878461593145165e-01
9.963779895961376587e-01
9.962676051827442647e-01
9.961567859674619330e-01
9.960456263640423691e-01
9.959342219215429060e-01
9.958226690773921419e-01
9.957110649001487124e-01
9.955995068309726470e-01
9.954880924367990325e-01
9.953769191917160031e-01
9.952660843093140697e-01
9.951556846541095291e-01
9.950458167691623723e-01
9.949365770655517194e-01
9.948280622317199340e-01
9.947203699346568451e-01
9.946135999016588736e-01
9.945078554929029924e-01
9.944032458996345802e-01
9.942998891344315693e-01
9.941979160169048813e-01
9.940974754058952145e-01
