9.989259256477815985e-01
9.989245147667126234e-01
9.989233912594495113e-01
9.989225555487037944e-01
9.989220081421116282e-01
9.989217495910410749e-01
9.989217804524546107e-01
9.989221012543971767e-01
9.989227124649248113e-01
9.989236144646802540e-01
9.989248075229738566e-01
9.989262917772062655e-01
9.989280672154600138e-01
9.989301336621879690e-01
9.989324907664232089e-01
9.989351379926604269e-01
9.989380746139699951e-01
9.989412997068156663e-01
9.989448121480831722e-01
9.989486106131600929e-01
9.989526935755802528e-01
9.989570593077203853e-01
9.989617058823453410e-01
9.989666311748693905e-01
9.989718328663772517e-01
9.989773084469403264e-01
9.989830552194273183e-01
9.989890703033774688e-01
9.989953506392393878e-01
9.990018929926084423e-01
9.990086939585723913e-01
9.990157499657846829e-01
9.990230572809765119e-01
9.990306120129256451e-01
9.990384101166309705e-01
9.990464473971168990e-01
9.990547195134172886e-01
9.990632219821592441e-01
9.990719501812067582e-01
9.990808993530578830e-01
9.990900646082478964e-01
9.990994409285127720e-01
9.991090231699331081e-01
9.991188060660645132e-01
9.991287842307381428e-01
9.991389521610737345e-01
9.991493042403228886e-01
9.991598347406592806e-01
9.991705378259007064e-01
9.991814075543972162e-01
9.991924378815745245e-01
9.992036226629235074e-01
9.992149556566034541e-01
9.992264305262893442e-01
9.992380408439214268e-01
9.992497800926066764e-01
9.992616416694901638e-01
9.992736188886339743e-01
9.992857049840689898e-01
9.992978931127656228e-01
9.993101763577100227e-01
9.993225477311040716e-01
9.993350001774961022e-01
9.993475265771225580e-01
9.993601197491145394e-01
9.993727724550030000e-01
9.993854774020857201e-01
9.993982272469746908e-01
9.994110145991054184e-01
9.994238320244195339e-01
9.994366720490528433e-01
9.994495271629396660e-01
9.994623898236983939e-01
9.994752524604590960e-01
9.994881074776958974e-01
9.995009472592052413e-01
9.995137641719011867e-01
9.995265505700219322e-01
9.995392987990485700e-01
9.995520011996943399e-01
9.995646501120702965e-01
9.995772378798231106e-01
9.995897568541995959e-01
9.996021993981283327e-01
9.996145578904924722e-01
9.996268247302255716e-01
9.996389923404661593e-01
9.996510531728015625e-01
9.996629997113152255e-01
9.996748244769143588e-01
9.996865200312807787e-01
9.996980789812103252e-01
9.997094939826478566e-01
9.997207577447329019e-01
9.997318630340396028e-01
9.997428026785829536e-01
9.997535695717469917e-01
9.997641566764210452e-01
9.997745570289610084e-01
9.997847637430277157e-01
9.997947700135999538e-01
9.998045691206609575e-01
9.998141544331838881e-01
9.998235194126841030e-01
9.998326576171511215e-01
9.998415627043834020e-01
9.998502284358228298e-01
9.998586486799917461e-01
9.998668174158326094e-01
9.998747287362402814e-01
9.998823768513211974e-01
9.998897560915159799e-01
9.998968609109682992e-01
9.999036858904104541e-01
9.999102257402310290e-01
9.999164753034456288e-01
9.999224295584525635e-01
9.999280836217080415e-01
9.999334327505620124e-01
9.999384723456270496e-01
9.999431979533267567e-01
9.999476052682484406e-01
9.999516901353914244e-01
9.999554485523802771e-01
9.999588766714569976e-01
9.999619708015173858e-01
9.999647274099859873e-01
9.999671431245550357e-01
9.999692147348482330e-01
9.999709391940302394e-01
9.999723136202575136e-01
9.999733352979969236e-01
9.999740016795255482e-01
9.999743103858697024e-01
9.999742592080008707e-01
9.999738461079614726e-01
9.999730692196069359e-01
9.999719268496755076e-01
9.999704174784007638e-01
9.999685397603357284e-01
9.999662925250361045e-01
9.999636747775721979e-01
9.999606856991790638e-01
9.999573246477893029e-01
9.999535911584661596e-01
9.999494849439747313e-01
9.999450058951687703e-01
9.999401540815020528e-01
9.999349297515294221e-01
9.999293333333346689e-01
9.999233654351045164e-01
9.999170268456315513e-01
9.999103185349008660e-01
9.999032416548225832e-01
9.998957975397571030e-01
9.998879877073139077e-01
9.998798138591479256e-01
9.998712778817099300e-01
9.998623818471538138e-01
9.998531280141549349e-01
9.998435188287093656e-01
9.998335569250008659e-01
9.998232451261330755e-01
9.998125864447082733e-01
9.998015840832643608e-01
9.997902414344501665e-01
9.997785620808427032e-01
9.997665497945045221e-01
9.997542085356151409e-01
9.997415424508945270e-01
9.997285558708030040e-01
9.997152533060128521e-01
9.997016394425679575e-01
9.996877191355785230e-01
9.996734974014629405e-01
9.996589794081250924e-01
9.996441704630220082e-01
9.996290759987489505e-01
9.996137015558325123e-01
9.995980527623775647e-01
9.995821353103606643e-01
9.995659549279920508e-01
9.995495173480253293e-01
9.995328282716565704e-01
9.995158933277524804e-01
9.994987180270665794e-01
9.994813077116077027e-01
9.994636674986903113e-01
9.994458022203492886e-01
9.994277163578381140e-01
9.994094139723256331e-01
9.993908986321718979e-01
9.993721733382417982e-01
9.993532404490048648e-01
9.993341016074087646e-01
9.993147576727910986e-01
9.992952086612992835e-01
9.992754536999606252e-01
9.992554909999115109e-01
9.992353178569988170e-01
