9.670210512314326712e-01
9.606830726844184376e-01
9.531667537471436580e-01
9.450521761528621889e-01
9.368470276756156734e-01
9.289835995842877781e-01
9.218179803844278597e-01
9.156311343507066436e-01
9.106315775695059678e-01
9.069593837770950628e-01
9.046912671051031696e-01
9.038464987318253208e-01
9.043934189212295971e-01
9.062563039534063947e-01
9.093223368666991657e-01
9.134484076365928518e-01
9.184674248189833579e-01
9.241937431067991371e-01
9.304271753278605672e-01
9.369548208092550734e-01
9.435495383834398009e-01
9.499632935836163083e-01
9.559144111744531935e-01
9.609662494416715273e-01
9.648337496686271164e-01
9.666559353269064125e-01
9.653719585597896335e-01
9.592499188446746983e-01
9.464117266444436183e-01
8.056952862380565294e-01
8.379305972506385647e-01
7.275286481243440351e-01
5.360603812246004241e-01
2.727886807009207715e-01
5.234716696393709734e-02
1.454752328047227358e-02
6.927716278662764127e-02
1.900532778740365025e-01
2.926269347060933557e-01
3.704066025964233289e-01
4.258331026598413116e-01
4.676213236589136235e-01
4.967746273301097970e-01
5.171600357136540982e-01
5.317695478861969027e-01
5.415929833903887491e-01
5.479412067797390096e-01
5.516649391883585718e-01
5.533940632978688878e-01
5.536043002965265192e-01
5.526600294790054990e-01
5.508432787884599557e-01
5.483737162893271844e-01
5.454225467414813844e-01
5.421220999271683105e-01
5.385721517089914201e-01
5.348434329253006769e-01
5.309781668124944343e-01
5.269865441045916699e-01
5.228361392141475106e-01
5.184265179909044452e-01
5.135273750894934208e-01
5.076098112178060173e-01
4.992819016118166808e-01
4.835793737896193489e-01
4.215280211011876443e-01
6.451386605883860925e-01
5.528150442527338670e-01
5.356427567917692034e-01
5.281004655406751347e-01
5.238280171905191906e-01
5.211501748923338395e-01
5.194295503858393781e-01
5.183653575428905924e-01
5.177902736023923813e-01
5.175942596510564320e-01
5.176875821340926054e-01
5.179732384903813491e-01
5.183081399341836759e-01
5.184096844689338734e-01
5.175291164146426093e-01
5.119091579392313074e-01
4.451741786611697060e-01
5.569727633563912317e-01
5.471133821013208776e-01
5.466115673342544223e-01
5.483585255238784262e-01
5.511273702882959480e-01
5.545328397305817614e-01
5.584119928312036851e-01
5.626681751936567499e-01
5.670733263903801058e-01
5.728900508531863389e-01
5.780873088939521010e-01
5.838792403189196900e-01
5.908744925621466360e-01
5.925900754161351758e-01
5.997486831994953693e-01
6.041084831554497381e-01
6.153163916870717509e-01
6.222889107732776370e-01
6.288330167366231738e-01
6.332081312155644071e-01
5.860096126419378493e-01
6.690408220345657186e-01
6.725935266557537817e-01
6.801799517780091620e-01
6.888615789695812230e-01
6.980784263360657604e-01
7.076295223234880805e-01
7.174099313106161446e-01
7.273614593199236866e-01
7.372711314395269389e-01
7.473149510650017868e-01
7.572113280967587290e-01
7.670726638097737915e-01
7.766541555869191926e-01
7.858896439898330755e-01
7.946553229431979615e-01
8.028002650994465750e-01
8.101386793199026881e-01
8.164359862610702789e-01
8.213864285071992288e-01
8.245765292336556529e-01
8.254238661782277164e-01
8.230713809408140014e-01
8.161989905066940887e-01
8.026768101554790924e-01
7.789099825013922063e-01
7.386028337389863863e-01
6.707845000662543411e-01
5.447639125969248042e-01
3.623570381146524744e-01
1.230960810124485105e-01
3.710610620818664308e-03
1.346661391010303133e-01
3.490721471834098977e-01
5.133854168876621493e-01
6.181347957961487172e-01
6.827951170547719162e-01
7.228707595160395183e-01
7.477233118532299327e-01
7.627856606098512016e-01
7.712530332524074606e-01
7.750249567994602629e-01
7.751517757259757113e-01
7.718422661028661036e-01
7.627590578573784086e-01
7.459205208625855343e-01
5.721612995156649673e-01
7.986398865200362573e-01
7.858075686526376780e-01
7.798263283133448631e-01
7.776225451812496248e-01
7.791012583385921175e-01
7.855935706346471870e-01
8.001576499744079696e-01
8.294366683584337707e-01
8.885804805709600629e-01
9.820709205420855570e-01
1.317178332913698235e-01
2.043197937126950414e-01
3.709264496032930736e-01
4.388967914418444582e-01
4.718085617468279480e-01
4.893127710993328550e-01
4.988190964843237096e-01
5.035046089577900341e-01
5.033870852063913048e-01
5.070837617054350099e-01
5.077965415491469958e-01
5.055555554991714162e-01
5.019681300553044956e-01
4.932870340569969203e-01
4.836475687550961799e-01
4.997969272121902118e-01
4.938534069174417285e-01
4.863523605831792107e-01
4.731141014400089273e-01
4.234178640310085062e-01
6.099220616999465605e-01
5.264481009511171594e-01
5.110107746359718872e-01
5.036479102989966927e-01
4.991877976917720727e-01
4.849851484595316675e-01
4.913353599866318033e-01
4.894706254670727619e-01
4.879079163007271625e-01
4.868117264788896503e-01
4.862307748671612084e-01
4.862835928805243624e-01
4.870402639285384416e-01
4.886118173824668953e-01
4.910470521707918645e-01
4.948046033752819262e-01
4.996628044526429391e-01
5.059446381448108321e-01
5.138144652989853345e-01
5.234428162932510675e-01
