9.909647795873085530e-01
9.915666091360367806e-01
9.921751722149895203e-01
9.927843307050079336e-01
9.933885053636061224e-01
9.939826841417198633e-01
9.945624158085349942e-01
9.951237919381291652e-01
9.956634199725187262e-01
9.961783897450615655e-01
9.966662355335461632e-01
9.971248954137889031e-01
9.975526694097081037e-01
9.979481776814211891e-01
9.983103197635518899e-01
9.986382356613516809e-01
9.989312694288460248e-01
9.991889356939215316e-01
9.994108894581107405e-01
9.995968993788078016e-01
9.997468246440934792e-01
9.998605954664087081e-01
9.999381971543506165e-01
9.999796576686974525e-01
9.999850385271042974e-01
9.999544288911991208e-01
9.998879426488949118e-01
9.997857182909162255e-01
9.996479213746954917e-01
9.994747493677512695e-01
9.992664386667552412e-01
9.990232735965992594e-01
9.987455972057358577e-01
9.984338236863722349e-01
9.980884522655557589e-01
9.977100824290573433e-01
9.972994303595497101e-01
9.968573464883668800e-01
9.963848340807486270e-01
9.958830687932445080e-01
9.953534191620322380e-01
9.947974679994884273e-01
9.942170346951826332e-01
9.936141984345858713e-01
9.929913223642529152e-01
9.923510787464855376e-01
9.916964751560197744e-01
9.910308817775697054e-01
9.903580598623049625e-01
9.896821913922669856e-01
9.890079099784204741e-01
9.883403329791827785e-01
9.876850947587062501e-01
9.870483809033900879e-01
9.864369630606004691e-01
9.858582338374258791e-01
9.853202408659519351e-01
9.848317186619520713e-01
9.844021162107142731e-01
9.840416172123666039e-01
9.837611484733872480e-01
9.835723698364982059e-01
9.834876359974479287e-01
9.835199161139973612e-01
9.836826505879249227e-01
9.839895147616553039e-01
9.844540449216813149e-01
9.850890604726038058e-01
9.859057835576723328e-01
9.869125076097391425e-01
9.881125894700729662e-01
9.895014198649885184e-01
9.910618380945575012e-01
9.927571557044837514e-01
9.945204691177339518e-01
9.962381533771756947e-01
9.977241401026440970e-01
9.986794687613244070e-01
9.986281550015321251e-01
9.968149322003431179e-01
9.920421841614164293e-01
9.824128085986473247e-01
9.649385271526574881e-01
9.349934107179239673e-01
8.857174302830450596e-01
8.078979200947022932e-01
6.918585099288407925e-01
5.340506883975760788e-01
3.487406332639375606e-01
1.737827945722389689e-01
5.245454971828860530e-02
2.716559824140134510e-03
1.136781432206689438e-02
5.348339608632699665e-02
1.087756502964050409e-01
1.654713021754024016e-01
2.181371738272076810e-01
2.648862216806349146e-01
3.055214705169291833e-01
3.405423193692001527e-01
3.706691380153205873e-01
3.966353572655302862e-01
4.191076347119330192e-01
4.386649769898540718e-01
4.558071485075194662e-01
4.709977052553578902e-01
4.849846821977751299e-01
4.926979440787077613e-01
5.055835555935745962e-01
5.154784427903115196e-01
5.243326299818261704e-01
5.324051792128754457e-01
5.398408449079628024e-01
5.467481353082845885e-01
5.532154166222955638e-01
5.593169029243022505e-01
5.651158380177132567e-01
5.706665612858604630e-01
5.760159941606983747e-01
5.812047593530146328e-01
5.862680138376342720e-01
5.912359195478994467e-01
5.961326267810017621e-01
6.008832393340194367e-01
6.058459440584685884e-01
6.106631999545890643e-01
6.154913737727318868e-01
6.203387071705163125e-01
6.252141206834678222e-01
6.301248757573467696e-01
6.350763652895988765e-01
6.400721328871832316e-01
6.451139296760536324e-01
6.502017745238238833e-01
6.553340106658518405e-01
6.605073580503613151e-01
6.657169623852720042e-01
6.709564422439904252e-01
6.762179355401678471e-01
6.814921464789064354e-01
6.867683938177264746e-01
6.920346609580227959e-01
6.972776480481165384e-01
7.024828259163262700e-01
7.076344912720780034e-01
7.127158222172527147e-01
7.177089327023874477e-01
7.225949241487025221e-01
7.273539320397081065e-01
7.319651648711054115e-01
7.364069324368353042e-01
7.406566600239310461e-01
7.446908846889731537e-01
7.484852293897704678e-01
7.520143503401153229e-01
7.552518525327277521e-01
7.581701679179357889e-01
7.607403902144579400e-01
7.629320597383860703e-01
7.647128909358471560e-01
7.660484344603074591e-01
7.669016646027543294e-01
7.672324816032997097e-01
7.669971167387787947e-01
7.661474258095475331e-01
7.646300527345353260e-01
7.623854348612620901e-01
7.593465785030243387e-01
7.554372209317561371e-01
7.505637548328051301e-01
7.441915061760375760e-01
7.375688473026240644e-01
7.292073264246157205e-01
7.194013171793163242e-01
7.079888694984733943e-01
6.947789183126168444e-01
6.795526588235353271e-01
6.620615051662473993e-01
6.420255502748032361e-01
6.191337040199712538e-01
5.930469648888216927e-01
5.634070077309906166e-01
5.298532853150235145e-01
4.920528540216740909e-01
4.497456090853872990e-01
4.027587843625578534e-01
3.516873895670775685e-01
2.967071724538861699e-01
2.391129951359704797e-01
1.810203244600707972e-01
1.253801397194412859e-01
7.599167791714593612e-02
3.713824140921456740e-02
1.290172463563591179e-02
6.297989243458210554e-03
1.854360990970317993e-02
4.877403277880326682e-02
9.432654149245262021e-02
1.514235112417833540e-01
2.159512741733525254e-01
