9.800039919409588851e-01
9.807149350185953018e-01
9.808133796923904635e-01
9.803412062107507152e-01
9.793527137273482230e-01
9.779114584106659569e-01
9.760874300364341671e-01
9.739545779076932419e-01
9.715886857666864440e-01
9.690655861399550819e-01
9.664596971089152166e-01
9.638428586293300571e-01
9.612834410458993561e-01
9.588456951367223535e-01
9.565893106662239909e-01
9.545691487826039046e-01
9.528351124105339798e-01
9.514321177862615775e-01
9.504001291419235109e-01
9.497742168974503407e-01
9.495845971239840200e-01
9.498566059389895733e-01
9.506105561751445610e-01
9.518614141911295734e-01
9.536182208058576748e-01
9.558831603288489021e-01
9.586501531888454997e-01
9.619028075177007420e-01
9.656115088401099333e-01
9.697293488175880993e-01
9.741864859560562806e-01
9.788823833496209659e-01
9.836751691969689571e-01
9.883671034359067242e-01
9.926848024972326767e-01
9.962524870302648106e-01
9.985561367420936474e-01
9.988962367186796643e-01
9.963271929232581092e-01
9.895833618322262826e-01
9.769967070634164585e-01
9.564224099357991893e-01
9.252108276623383087e-01
8.803012930275477821e-01
8.185622906939770127e-01
7.375351777874826764e-01
6.366752520617954270e-01
5.189001484026145583e-01
3.917219492769322686e-01
2.668200023685042277e-01
1.573812955532232771e-01
7.412543464193557807e-02
2.226923641107971669e-02
1.081916546403484348e-03
5.691769994737351686e-03
2.956804273662137078e-02
6.640819685955628993e-02
1.110715531760010921e-01
1.597877207123884757e-01
2.099925250992151493e-01
2.600453988805070393e-01
3.089568261000920080e-01
3.561713262684102488e-01
4.014109095877848032e-01
4.445695541059592748e-01
4.856488174505184663e-01
5.247412438705971738e-01
5.622835670553562037e-01
5.941969331657575015e-01
6.288888089687713068e-01
6.604571957185074726e-01
6.901604980027057357e-01
7.181440021455930411e-01
7.444774351181404626e-01
7.692108493701640404e-01
7.923860409570882002e-01
8.140408448561247123e-01
8.342115371681823044e-01
8.529344773473379604e-01
8.702473048413632561e-01
8.861897981476499764e-01
9.008044466333776645e-01
9.141367699709825878e-01
9.262354172196040070e-01
9.371520781692749269e-01
9.469412404060719712e-01
9.556598255883703708e-01
9.633667373676031431e-01
9.701223512909276092e-01
9.759879740797320347e-01
9.810252961310236275e-01
9.852958571987576741e-01
9.888605412129274352e-01
9.917791122956124417e-01
9.941098003932551386e-01
9.959089416801595318e-01
9.972306760734590547e-01
9.981267018658882550e-01
9.986460856299977928e-01
9.988351241537161140e-01
9.987372541889809607e-01
9.983930051791904958e-01
9.978399898232485077e-01
9.971129272704111202e-01
9.962436938722022406e-01
9.952613966880912155e-01
9.941924653132954148e-01
9.930607580244269483e-01
9.918876786937583789e-01
9.906923013560694491e-01
9.894914995823936854e-01
9.883000767346485915e-01
9.871308563699163763e-01
9.859950955354961355e-01
9.849020549025276905e-01
9.838595936381268059e-01
9.828742143298708767e-01
9.819511007900233457e-01
9.810942772060354811e-01
9.803067286331357266e-01
9.795905182603447114e-01
9.789469019512359038e-01
9.783764398246446170e-01
9.778791040068881557e-01
9.774543803750507243e-01
9.771013593538229181e-01
9.768188048939506762e-01
9.766051772772491590e-01
9.764585518531699870e-01
9.763762797512203218e-01
9.763538942599747639e-01
9.763810366723313372e-01
9.764156591775838834e-01
9.746113975508832183e-01
9.770104914656077000e-01
9.770763149433688843e-01
9.769942703869983758e-01
9.763266753798377495e-01
9.737682574049345563e-01
9.640206454463341457e-01
9.130695602414705681e-01
3.526334109246924697e-01
6.513479892733888832e-01
8.750482152666040347e-01
9.216794883499054292e-01
9.391720514267665187e-01
9.478851456825044819e-01
9.529873034479720006e-01
9.563070655532212028e-01
9.586376085338940145e-01
9.603745906140083166e-01
9.617369940108824178e-01
9.628564706516334892e-01
9.638178928925199562e-01
9.646794601084618392e-01
9.654833922906250754e-01
9.662619508584981975e-01
9.670409946699438652e-01
9.678421722109851189e-01
9.686843336611427047e-01
9.695844921073384359e-01
9.705585342698681561e-01
9.716218168911242570e-01
9.727897580935422894e-01
9.740785325803889005e-01
9.755060044943658637e-01
9.770930895335536714e-01
9.788658148113442703e-01
9.808588919753821189e-01
9.831206699489256629e-01
9.857228614220581164e-01
9.887755767127286433e-01
9.924515739026841254e-01
9.970089627098894791e-01
1.002661003257576677e+00
1.007283364256859937e+00
9.478069930171078017e-01
4.222084893175937492e-01
8.673272701978392840e-01
9.254964433798399392e-01
9.456072639726161855e-01
9.554336170207845536e-01
9.609613737419462343e-01
9.641523706671235594e-01
9.657992977874837459e-01
9.662541059624736306e-01
9.656696322373775621e-01
9.640940950998342363e-01
9.615116291641410129e-01
9.578595419430014912e-01
9.530335380250956057e-01
9.468848530068186831e-01
9.392092395950817352e-01
9.297211797744276973e-01
9.179648185095989898e-01
9.016958474965823811e-01
8.881916601340356099e-01
8.663387363251610074e-01
8.397356796829296144e-01
8.065574975791123258e-01
