9.892038434208539899e-01
9.895597859408626906e-01
9.898831737683521093e-01
9.901751308664992202e-01
9.904374174024328514e-01
9.906722650258332763e-01
9.908822329478638169e-01
9.910700840166944969e-01
9.912386796831058611e-01
9.913908925384634641e-01
9.915295349734740693e-01
9.916573024330318509e-01
9.917767297217886524e-01
9.918901588323658647e-01
9.919997168167216106e-01
9.921073022935682495e-01
9.922145792720196145e-01
9.923229770709030007e-01
9.924336952194776629e-01
9.925477123319960127e-01
9.926657980585005259e-01
9.927885273185236281e-01
9.929162961264867970e-01
9.930493384132708101e-01
9.931877433382557685e-01
9.933314726680556594e-01
9.934803778740427527e-01
9.936342166679343890e-01
9.937926687559976990e-01
9.939553506452805109e-01
9.941218293823135266e-01
9.942916351448658485e-01
9.944642726426695667e-01
9.946392313105859584e-01
9.948159943034134978e-01
9.949940463199140606e-01
9.951728803005038815e-01
9.953520030539844132e-01
9.955309398789036202e-01
9.957092382507684025e-01
9.958864706509303888e-01
9.960622366147353635e-01
9.962361640774352045e-01
9.964079100953253665e-01
9.965771610174158912e-01
9.967436321808643696e-01
9.969070671991046018e-01
9.970672369081703401e-01
9.972239380321183955e-01
9.973769916243119260e-01
9.975262413358387814e-01
9.976715515589469341e-01
9.978128054872325015e-01
9.979499031310801183e-01
9.980827593216590188e-01
9.982113017331059046e-01
9.983354689482388800e-01
9.984552085895028739e-01
9.985704755337069249e-01
9.986812302253212925e-01
9.987874371007261498e-01
9.988890631329582215e-01
9.989860765037600343e-01
9.990784454082175525e-01
9.991661369945253890e-01
9.992491164406591686e-01
9.993273461672437241e-01
9.994007851853788926e-01
9.994693885766543495e-01
9.995331071018592750e-01
9.995918869339207591e-01
9.996456695099262824e-01
9.996943914970364276e-01
9.997379848660354895e-01
9.997763770662854155e-01
9.998094912958322977e-01
9.998372468596554707e-01
9.998595596101172989e-01
9.998763424621992524e-01
9.998875059773079110e-01
9.998929590093046382e-01
9.998926094061784120e-01
9.998863647611252459e-01
9.998741332071753307e-01
9.998558242497350701e-01
9.998313496311479476e-01
9.998006242222006179e-01
9.997635669355696697e-01
9.997201016561311215e-01
9.996701581840589101e-01
9.996136731858837887e-01
9.995505911502045038e-01
9.994808653437564638e-01
9.994044587647015199e-01
9.993213450902282968e-01
9.992315096152410980e-01
9.991349501797915922e-01
9.990316780834519461e-01
9.989217189843485611e-01
9.988051137816259528e-01
9.986819194805931499e-01
9.985522100394920164e-01
9.984160771985662874e-01
9.982736312912432464e-01
9.981250020393700462e-01
9.979703393335989103e-01
9.978098140026914198e-01
9.976436185746350160e-01
9.974719680348023143e-01
9.972951005874998165e-01
9.971132784282682460e-01
9.969267885363837234e-01
9.967359434995585188e-01
9.965410823839430110e-01
9.963425716668848908e-01
9.961408062521855955e-01
9.959362105917202168e-01
9.957292399421091567e-01
9.955203817906065344e-01
9.953101574901249693e-01
9.950991241519202557e-01
9.948878768526723260e-01
9.946770512238416462e-01
9.944673265039244425e-01
9.942594291492004022e-01
9.940541371172934015e-01
9.938522849591157060e-01
9.936547698810154206e-01
9.934625589701602255e-01
9.932766978133245050e-01
9.930983207834382931e-01
9.929286633207479174e-01
9.927690765975519804e-01
9.926210450256572893e-01
9.924862071480997638e-01
9.923663805432608731e-01
9.922635914580106853e-01
9.921801099627907128e-01
9.921184914542819921e-01
9.920816252713036132e-01
9.920727909275979250e-01
9.920957218068851002e-01
9.921546747331210225e-01
9.922545008957902590e-01
9.924007077642089669e-01
9.925994900522876474e-01
9.928576847682398787e-01
9.931825589010935262e-01
9.935812423321571663e-01
9.940594143988660258e-01
9.946184013347227904e-01
9.952487966395763275e-01
9.959161519436958709e-01
9.965275331791957347e-01
9.968483321698038413e-01
9.962764930413309239e-01
9.931515779911804787e-01
9.822563998919614514e-01
9.434361589306240470e-01
7.765824869327010438e-01
1.326721017579525486e-01
3.250309754354605563e-01
6.794143427974057570e-01
8.033711568517684087e-01
8.571902482797634226e-01
8.854771621890359379e-01
9.023086527623065400e-01
9.131809201741535320e-01
9.206083739581281122e-01
9.258828910614604890e-01
9.297289938246253715e-01
9.325817226963359907e-01
9.347170054309823506e-01
9.363179307769238235e-01
9.375107038112903135e-01
9.383852246565178579e-01
9.390073900333943957e-01
9.394266633490219176e-01
9.396805573123241384e-01
9.397946169445323683e-01
9.396527329701941378e-01
9.397399991751076431e-01
9.396041987112826455e-01
9.393997071543930266e-01
9.391492240066634523e-01
9.388639794375175374e-01
9.385532820352504579e-01
9.382251142179577341e-01
9.378862589093867053e-01
9.375423226904661123e-01
9.371977025674574913e-01
9.368555093945020174e-01
9.365174545990241350e-01
9.361837049850294523e-01
9.358527097069156975e-01
9.355210033471771380e-01
9.351829892098297847e-01
9.348307073884578600e-01
9.344535928438826300e-01
9.340382296127882622e-01
