5.875355438666551855e-01
5.899651398802761015e-01
5.918254654167508511e-01
5.934796017181195316e-01
5.951725284642797043e-01
5.971032451381623751e-01
5.998100091863269867e-01
5.990422240894461847e-01
6.028387484613197955e-01
6.057706586456241826e-01
6.087810131368063260e-01
6.119199843774464354e-01
6.151708994134343911e-01
6.185033884616567557e-01
6.218848913529053668e-01
6.252847445443356911e-01
6.286760358841412266e-01
6.320365020521782062e-01
6.353489051718768099e-01
6.386010838510954857e-01
6.417857865010547780e-01
6.449003560170701865e-01
6.479463143414314619e-01
6.509288827799825095e-01
6.538564652473169980e-01
6.567401151334236742e-01
6.595930013145883120e-01
6.624298842551004096e-01
6.652666078551048301e-01
6.681196015911650132e-01
6.710053382753770057e-01
6.739392179361012314e-01
6.768233050951605323e-01
6.800306478671515054e-01
6.832044371592069787e-01
6.864857785137905566e-01
6.898841219498667021e-01
6.934077459301208890e-01
6.970629219791710796e-01
7.008536589989254884e-01
7.047815400703816291e-01
7.088455934737478703e-01
7.130421837901881332e-01
7.173649169941385129e-01
7.218045553911450751e-01
7.263489387709947120e-01
7.309829082500696185e-01
7.356882292968882631e-01
7.404435105886525426e-01
7.452241159783242752e-01
7.500020686791127877e-01
7.547459514354815102e-01
7.594208178469653570e-01
7.639881580167654507e-01
7.684060331299026325e-01
7.726296880193292971e-01
7.766135281453099282e-01
7.803171989700802280e-01
7.837227730997339270e-01
7.866504011954281728e-01
7.742509657806564416e-01
7.874195595403180592e-01
7.889342231455364063e-01
7.889221656662425142e-01
7.876310914360631354e-01
7.849368647815180289e-01
7.806076016765749470e-01
7.743317220453572736e-01
7.657103087249669260e-01
7.542372486363919659e-01
7.392716747824582546e-01
7.200048378695023121e-01
6.954258749175362686e-01
6.643016360396838405e-01
6.250915580553232376e-01
5.763464880463885498e-01
5.164749778666536395e-01
4.446593007471904002e-01
3.616431027332122072e-01
2.710015700846941100e-01
1.801619292661939264e-01
1.000419596985352710e-01
4.232986573245042100e-02
1.439898002137010233e-02
1.910237004856459031e-02
4.930485618580904283e-02
9.626962350633515297e-02
1.509257055585524199e-01
2.064304399174192450e-01
2.586128630414187279e-01
3.054505341770257787e-01
3.463193152385039553e-01
3.813744781563742081e-01
4.111423182449611136e-01
4.362891427760042240e-01
4.575557560573915161e-01
4.746221830956384724e-01
4.898911309924793844e-01
5.025178800031218085e-01
5.130731152904890457e-01
5.223428387270258044e-01
5.299964734382799358e-01
5.366236879928640846e-01
5.424075667017447255e-01
5.475357324930616443e-01
5.521790273853453002e-01
5.564945212088702187e-01
5.606301704265552743e-01
5.647297408804429208e-01
5.689380365618378343e-01
5.734067564371939651e-01
5.783014689602816727e-01
5.838104088074365094e-01
5.901561375423722833e-01
5.976116626805924037e-01
6.065235361203109576e-01
6.173460477453770467e-01
6.306935129060817768e-01
6.474236101283908917e-01
6.687840250321308577e-01
6.968701807960251404e-01
7.306938772161474249e-01
7.803215139480302875e-01
8.443590453960398978e-01
9.173628751024538452e-01
9.350047313837885898e-01
6.735377822053133512e-01
2.265936742160827577e-01
6.718940630273273094e-04
3.423114850854067776e-02
8.797408437071527199e-02
1.341239118090923055e-01
1.698364083062293417e-01
1.969715983913397639e-01
2.176100033645862741e-01
2.333549297407280509e-01
2.453520412568502562e-01
2.544068827828013246e-01
2.610854002145864272e-01
2.657851249015999451e-01
2.687831087526699192e-01
2.702676850611331338e-01
2.703588050840779466e-01
2.691122217761935942e-01
2.666439870205616902e-01
2.627949975305034491e-01
2.575985102649386294e-01
2.509702262050363397e-01
2.428025897645138265e-01
2.329633366437560138e-01
2.212989537407491492e-01
2.076420744821759201e-01
1.918232240473245198e-01
1.736637732078792351e-01
1.535699823902433869e-01
1.307324988799372090e-01
1.061553949791707724e-01
8.056417608072959091e-02
5.553441022988725440e-02
3.372284625928877178e-02
1.915929270544654284e-02
1.726533711804336194e-02
3.420006775574260111e-02
7.521548860521164170e-02
1.423375375912752927e-01
2.326612891929401294e-01
3.386571984038843630e-01
4.504288212119917922e-01
5.584541520041322871e-01
6.555762826296731571e-01
7.378626650683250965e-01
8.041847347553030545e-01
8.566192255124536192e-01
8.962861249427875876e-01
9.259873082657000820e-01
9.478308810422577668e-01
9.634926532384833209e-01
9.741528581198155567e-01
9.804543471293967194e-01
9.823778260810239749e-01
9.788883338831428915e-01
9.670262328798342466e-01
9.394907080970015256e-01
8.767051208812853824e-01
6.816124731529389358e-01
6.991153991924993205e-01
3.812305919081260819e-01
1.215899871249413039e-01
5.440543164920242508e-02
1.190031385224302740e-01
2.163844750239841963e-01
2.999633442719648047e-01
3.588761926204077635e-01
3.896603631353199870e-01
3.560295433654542263e-01
4.704281307212332952e-01
5.472772919032554695e-01
5.528194017929738413e-01
5.598888523796458072e-01
5.682004912394739149e-01
