1.000277091770594096e+00
1.010034872604153033e+00
1.018269650943276039e+00
1.025018839682348970e+00
1.030343820746761008e+00
1.034324567942765283e+00
1.037054867687026594e+00
1.038638116167391212e+00
1.039183664273387153e+00
1.038803676116161867e+00
1.037610462826714874e+00
1.035714250264289094e+00
1.033221336930503886e+00
1.030232596355599828e+00
1.026842275959420903e+00
1.023137041126872537e+00
1.019195207773257117e+00
1.015086097010419630e+00
1.010869428088685851e+00
1.006594633889257073e+00
1.002299923680517013e+00
9.980108032045628130e-01
9.937375321350910840e-01
9.894705119826022743e-01
9.851714946114519256e-01
9.807557829280429962e-01
9.760531330667784333e-01
9.707114867188084695e-01
9.639172149344085172e-01
9.533420379975060532e-01
9.287701299341243333e-01
7.019099026142010533e-01
1.039214920247539364e+00
1.005431871143255051e+00
9.831293472506699160e-01
9.834471318903292847e-01
9.805364716383722090e-01
9.783389190818969627e-01
9.768122932899481192e-01
9.758764649038216277e-01
9.755491975461099141e-01
9.760112095112962738e-01
9.778313269761974569e-01
9.829707299717670432e-01
1.000023180283918345e+00
8.887847413166810595e-01
9.430620607688668944e-01
9.514865916782707655e-01
9.545361908819026686e-01
9.559047242517382248e-01
9.565255713015402561e-01
9.567391697661653538e-01
9.566968629103008714e-01
9.564748512806428016e-01
9.561149772921039292e-01
9.556418087902643910e-01
9.550706439949852022e-01
9.544115885776278674e-01
9.536717677676895821e-01
9.528565854752621966e-01
9.519704666446474617e-01
9.510173053814678923e-01
9.500007386749229621e-01
9.489243132555517102e-01
9.477915851913908396e-01
9.466061762550828096e-01
9.453718020871981764e-01
9.440922817972327019e-01
9.427715353252539288e-01
9.414135727843705448e-01
9.400224786309751002e-01
9.386023925836034509e-01
9.371574885545008726e-01
9.356919523495117463e-01
9.342099584297179904e-01
9.327156454845669797e-01
9.312130897103295668e-01
9.297062729873315501e-01
9.281990391440709809e-01
9.266950206465125461e-01
9.251974837469574275e-01
9.237089075772381142e-01
9.222294223710004735e-01
9.207470893855939087e-01
9.188328053594840839e-01
9.180797914944782701e-01
9.166543017564880991e-01
9.152934846050393425e-01
9.139729560709534129e-01
9.126901738789264806e-01
9.114456439070625082e-01
9.102405296688207414e-01
9.090760754881594963e-01
9.079534105392987886e-01
9.068734619690539400e-01
9.058369048539683943e-01
9.048441248245824298e-01
9.038951834607719116e-01
9.029897813355293179e-01
9.021272151577423015e-01
9.013063257236291204e-01
9.005254329252618817e-01
8.997822530184476086e-01
8.990737916241697825e-01
8.983962032552764709e-01
8.977446039971719305e-01
8.971128174152833701e-01
8.964930231665885207e-01
8.958752601508821467e-01
8.952467055918232886e-01
8.945905966932378162e-01
8.938845582719664451e-01
8.930978938874737372e-01
8.921869594262417102e-01
8.910867267680346870e-01
8.896940745858901156e-01
8.878309556101557920e-01
8.851506424160069386e-01
8.808447891761660431e-01
8.723790971882673384e-01
8.452646442826582396e-01
4.573298750663473689e-01
9.013625627486014924e-01
8.916854895695511818e-01
8.802147016712233984e-01
8.613076201351763661e-01
8.357095142549160194e-01
8.008306321561317054e-01
6.938452316690340016e-01
5.164393028923740525e-01
4.179931225043936882e-01
9.091508132485408566e-01
9.537195821822562758e-01
9.576998689420693767e-01
9.569121785307485029e-01
9.553100324462430182e-01
9.540317104021268646e-01
9.531543793016524768e-01
9.525639908930930710e-01
9.524152788817157322e-01
9.525265362702661776e-01
9.527737826453644976e-01
9.531796110385177823e-01
9.537160270507514248e-01
9.543593140754612625e-01
9.550902384296524605e-01
9.558931937446817351e-01
9.567554983945906200e-01
9.576669253731305842e-01
9.586195031347777284e-01
9.596077726181008183e-01
9.606302860847993896e-01
9.616964119768223185e-01
9.628754525362823724e-01
9.563638344913577560e-01
9.643962128570555681e-01
9.655961648819829657e-01
9.667074259519995438e-01
9.677988712900954527e-01
9.688841818005932138e-01
9.699681137048137280e-01
9.710531739018484210e-01
9.721412720010557118e-01
9.732342468803714119e-01
9.743340511186511232e-01
9.754428068028565546e-01
9.765628032883275633e-01
9.776964634750013872e-01
9.788462894855740615e-01
9.800147924332986982e-01
9.812044083399996675e-01
9.824174011334360079e-01
9.836557532022828232e-01
9.849210438738769113e-01
9.862143162239943583e-01
9.875359326747107369e-01
9.888854196158651799e-01
9.902613000921240971e-01
9.916609093405674979e-01
9.930801737900166737e-01
9.945132847839919243e-01
9.959520042788395644e-01
9.973834016562477256e-01
9.987784003817733458e-01
9.999756719174812680e-01
9.897776728206145735e-01
1.002476007417548276e+00
1.004256947885980855e+00
1.005662734950878878e+00
1.007116010233580772e+00
1.008288906986801292e+00
9.575200552344155236e-01
1.000480856462772516e+00
1.003337780919914657e+00
1.003859326829214638e+00
1.003501997665643408e+00
1.002522727892266818e+00
1.000974991839451711e+00
9.988547417354067814e-01
9.961367719844511637e-01
