7.048695854529104521e-01
5.858565476773133218e-01
4.433916067539527273e-01
2.927782018674900955e-01
1.580291641311077078e-01
6.107185964227070107e-02
1.058980885758475064e-02
8.244859453765365125e-04
1.891562580641104746e-02
5.226750066331057459e-02
9.178576102524368951e-02
1.319961348558617853e-01
1.700478883928158713e-01
2.046993128006669993e-01
2.355978053128162386e-01
2.628402473881651935e-01
2.867259008111195384e-01
3.076253868910304723e-01
3.259151035123486473e-01
3.419470082342317974e-01
3.560368638406418151e-01
3.684617411013070276e-01
3.794618785010761552e-01
3.892443487618926778e-01
3.979872455818884713e-01
4.058437749806820261e-01
4.129459869212601109e-01
4.194080634843676547e-01
4.253291710912299739e-01
4.307959313519681421e-01
4.358845956155194545e-01
4.406630448487600105e-01
4.451928120331946626e-01
4.495315175167822752e-01
4.537366634718641989e-01
4.578735752022355388e-01
4.620377853838358306e-01
4.664446055219160781e-01
4.720886862500960901e-01
4.382231311136580709e-01
4.729389930803666875e-01
4.782976180881304828e-01
4.827322524085226330e-01
4.869872307577428616e-01
4.912326620023287349e-01
4.955360481940090933e-01
4.999339457545054488e-01
5.044504178074193934e-01
5.091033188057709769e-01
5.139068569327309710e-01
5.188727785162483563e-01
5.240109660485064991e-01
5.293297576887103784e-01
5.348361217331019102e-01
5.405357492459693658e-01
5.464330971061692743e-01
5.525313991027114291e-01
5.588326553971307842e-01
5.653376068426426704e-01
5.720456985829076579e-01
5.789550362193975896e-01
5.860623372172937273e-01
5.933628798933773263e-01
6.008504521723629921e-01
6.085173022351780814e-01
6.163540931683917368e-01
6.243498637231464921e-01
6.324919972811983149e-01
6.407662010813560682e-01
6.491564976635626483e-01
6.576452303190907234e-01
6.662130840739175497e-01
6.748391233533858058e-01
6.835008469444778800e-01
6.921742601333477074e-01
7.008339628449338221e-01
7.094532510306257311e-01
7.180042259482937173e-01
7.264579011581937529e-01
7.347842868866973909e-01
7.429524068677055837e-01
7.509301347108825464e-01
7.586835153712657709e-01
7.661743496908667295e-01
7.733499620355058779e-01
7.800716919439860675e-01
7.745358180891873667e-01
7.938909238581168815e-01
7.995612913437855074e-01
8.052427095178070759e-01
8.026845819573651397e-01
8.130162864377061815e-01
8.171337089512649143e-01
8.204806372324155994e-01
8.231496135708210593e-01
8.250949393386245445e-01
8.260872147481317374e-01
7.686755576374475485e-01
8.278794218418100703e-01
8.266202172028442874e-01
8.246097736798071454e-01
8.212885406190729709e-01
8.049079673612279384e-01
8.115026153429764078e-01
8.055571235888974169e-01
7.978664055840505309e-01
7.885445053772832669e-01
7.774635980018871351e-01
7.644153553280900182e-01
7.490073743891233482e-01
7.258576536957278558e-01
7.143618050474731529e-01
6.911680520545562256e-01
6.655628849964735361e-01
6.369460869403391623e-01
6.050958230841325669e-01
5.699047316283762932e-01
5.313744084950212665e-01
4.896402884537420785e-01
4.450024700198789152e-01
3.979536801092589116e-01
3.491969024677460398e-01
2.996450865778950146e-01
2.503963488439271412e-01
2.026811395691324458e-01
1.577830370174134189e-01
1.169411027165901812e-01
8.124684777592666718e-02
5.154862062698610525e-02
2.834756415394621212e-02
1.235793402092161090e-02
3.327323742413254657e-03
1.280940186046005368e-04
2.976662981356668815e-03
1.111274937461959218e-02
2.379461143568921758e-02
4.028634810797070143e-02
5.989168157533041048e-02
8.198073970071638461e-02
1.060067147166608853e-01
1.315159141850164859e-01
1.581615265142380655e-01
1.857721409980572780e-01
2.137343689110740019e-01
2.395809141334144521e-01
2.691320510283654599e-01
2.985633620829313273e-01
3.296302858727453433e-01
3.321911165517477671e-01
3.772305957985006564e-01
4.082453094766764767e-01
4.380232516169237367e-01
4.677171410484500247e-01
4.976728495233360694e-01
5.281135356979073103e-01
5.592494983463482949e-01
5.913110151297797934e-01
6.245642539872439114e-01
6.593215291905536457e-01
6.959457763671932362e-01
7.348407536941217177e-01
7.764020690966159099e-01
8.208623057398561906e-01
8.678500314388727377e-01
9.151665012772604024e-01
9.554210989614138061e-01
9.672164388826144377e-01
8.972854554543684413e-01
6.615281093561240500e-01
2.906429611463751117e-01
4.189486933011208475e-02
9.984094270014761199e-03
8.202846215600211044e-02
1.748330106941137219e-01
2.592404260049987474e-01
3.278848831758063298e-01
3.645833923265113796e-01
4.836664347180097967e-01
5.145720550135431948e-01
5.500659531969057658e-01
5.835057556719496219e-01
6.141639662464640770e-01
6.422248853890659692e-01
6.679981723819740091e-01
6.917749090280828073e-01
7.138016925027804715e-01
7.342827247740341123e-01
7.533907184348738184e-01
7.712877397528260515e-01
7.881877761457328768e-01
8.046502895641675090e-01
8.100684219908393935e-01
8.286467016615182146e-01
8.417111365318757921e-01
8.533704514598243751e-01
8.639366880326817544e-01
8.734803540005106059e-01
8.820159587058271633e-01
8.895347622073548344e-01
8.960135902000514463e-01
