9.972729240899218528e-01
9.965926952815752360e-01
9.959796978990310690e-01
9.954410094573564738e-01
9.949836372472273816e-01
9.946147286748278082e-01
9.943416811681858869e-01
9.941721277256851952e-01
9.941137644013143815e-01
9.941739711884183262e-01
9.943591555397330861e-01
9.946737145669484192e-01
9.951184623045071787e-01
9.956882937666650113e-01
9.963687446108883128e-01
9.971309333023909982e-01
9.979241092954201919e-01
9.986646253227183800e-01
9.992195264999916837e-01
9.993819868978972565e-01
9.988343608456851097e-01
9.970924498072913922e-01
9.934215646560142776e-01
9.867113096625506063e-01
9.752933066938522799e-01
9.566898987916974129e-01
9.273080901225609907e-01
8.821795588553087430e-01
8.150641481129489163e-01
7.196332800991250833e-01
5.927856548606207365e-01
4.402678582932307294e-01
2.810560862376841329e-01
1.431521198396074890e-01
4.942439421766655488e-02
5.938283396059353646e-03
3.446329205598638087e-03
2.717808588846782822e-02
6.420241809063921556e-02
1.058559991364646097e-01
1.472303894660285939e-01
1.859252776459618117e-01
2.209955964578242116e-01
2.522641304059881628e-01
2.799230262046673023e-01
3.043183993146355015e-01
3.258401252454889985e-01
3.448689044807463633e-01
3.617533941732295477e-01
3.768025839090228257e-01
3.902855427790682397e-01
4.024344424111102048e-01
4.134487772239594516e-01
4.234997662184918910e-01
4.327344736834926042e-01
4.412794685066395717e-01
4.492439812917450315e-01
4.567225833718737138e-01
4.637974383152957403e-01
4.705401838429082995e-01
4.770135003067198509e-01
4.832724162540871782e-01
4.893653947679523220e-01
4.953352375058693302e-01
5.012198372178447991e-01
5.070528042001583025e-01
5.128639876521848828e-01
5.186799091838824038e-01
5.245241226799625123e-01
5.304175122745699023e-01
5.363785382579590033e-01
5.424234393017820510e-01
5.485663985363619100e-01
5.548196811192143141e-01
5.611937533578829074e-01
5.676974034624611143e-01
5.743379266230872471e-01
5.811216778379352244e-01
5.880577802563820011e-01
5.948698423294161985e-01
6.023112151440863649e-01
6.096874421518656550e-01
6.172016191579097200e-01
6.248539120107043932e-01
6.326394025158580403e-01
6.405509852537942805e-01
6.485798160694582482e-01
6.567154478157111175e-01
6.649459075840229438e-01
6.732577727281027213e-01
6.816362698370979079e-01
6.900654200039137987e-01
6.985282711945020040e-01
7.070073104092268190e-01
7.154853025495627739e-01
7.239473328704864041e-01
7.323871175874998585e-01
7.408349250396220054e-01
7.496175205707726885e-01
7.541347891456442465e-01
7.640269021682080108e-01
7.720220543666630464e-01
7.796688789207872894e-01
7.870483739367498677e-01
7.941618929692111362e-01
8.009947812886014651e-01
8.075276531351085474e-01
8.137395130655996622e-01
8.196088367963686450e-01
8.251139653865310342e-01
8.302332023062770627e-01
8.349447449968921964e-01
8.392264991879317959e-01
8.430557931571505126e-01
8.464089959713684275e-01
8.492610373507557542e-01
8.515848230668739971e-01
8.533505370676512936e-01
8.545248191091857626e-01
8.550698042582834946e-01
8.549420081164607055e-01
8.540910390546098130e-01
8.524581163427936703e-01
8.499743712081665459e-01
8.465589072366446199e-01
8.421165982562544006e-01
8.365356076413847930e-01
8.296846255518168789e-01
8.214098440627706221e-01
8.115317305797374869e-01
7.998417263683282874e-01
7.860991024270823635e-01
7.700283675631605096e-01
7.513178690611181931e-01
7.296205950200952417e-01
7.045587919805440524e-01
6.757359797710155158e-01
6.426422742980559821e-01
6.051902349233855283e-01
5.628253438221020311e-01
5.154709249265367887e-01
4.632154123708870919e-01
4.065062820554153911e-01
3.464779715648131919e-01
2.835486899847531883e-01
2.211917113737822405e-01
1.614925081818482100e-01
1.077153735054802858e-01
6.145971490920473790e-02
2.807367072487958193e-02
7.640286589030806375e-03
1.158763080923420462e-03
8.212371499004236797e-03
2.740310043025798170e-02
5.670731996848515921e-02
9.385662125122008759e-02
1.366766342734155315e-01
1.833877640768164508e-01
2.331093415449920492e-01
2.890717925828428791e-01
2.741761395120952405e-01
3.563458331461000772e-01
4.054691763667278570e-01
4.497647005414183163e-01
4.912426757037180458e-01
5.303828765660015820e-01
5.674076464536148556e-01
6.024802205558047463e-01
6.357476914869321094e-01
6.673498656920890948e-01
6.974193652043819691e-01
7.260795399550841189e-01
7.534419422140278266e-01
7.796036529577377028e-01
8.046442281099975835e-01
8.286217718415674893e-01
8.515674061492934932e-01
8.734770685438150162e-01
8.942990248727796798e-01
9.139145604286429414e-01
9.321022967996046571e-01
9.481748764141204600e-01
9.623583357798042304e-01
9.728589556079180189e-01
9.778755024514159677e-01
9.720380755823659902e-01
8.559632025440966352e-01
9.739913203479557691e-01
9.225410284123936044e-01
8.458896033519911484e-01
7.283950598609468807e-01
5.624587202925540597e-01
3.597403610569580579e-01
1.641383795092540010e-01
3.588649358924973082e-02
4.639283298481908582e-03
5.153303570258557093e-02
1.386318784912126956e-01
2.366265856101966158e-01
3.302723120432994319e-01
