1.006711130136266119e+00
1.007943237901476996e+00
1.008722717011439451e+00
1.009100900433538728e+00
1.009129183688230125e+00
1.008857672575665942e+00
1.008334110234379910e+00
1.007603056098035799e+00
1.006705289188251307e+00
1.005677408648828264e+00
1.004551605357010491e+00
1.003355579724980684e+00
1.002112582342596037e+00
1.000841555820878748e+00
9.995573580118988222e-01
9.982710486489285717e-01
9.969902233189753549e-01
9.957193805179053170e-01
9.944603093143774553e-01
9.932124868385039385e-01
9.919734764054223275e-01
9.907393185634192356e-01
9.895049087218994455e-01
9.882643562583447450e-01
9.870113211285209687e-01
9.857393250098870352e-01
9.844420349013039973e-01
9.831135178851542200e-01
9.817484664395812466e-01
9.803423942729252438e-01
9.788918031487041649e-01
9.773943215832452402e-01
9.758488166384763352e-01
9.742554803019508602e-01
9.726158921577227057e-01
9.709330602046493119e-01
9.692114417839701179e-01
9.674569466360913861e-01
9.656769241258656988e-01
9.638801366562248507e-01
9.620767212372745014e-01
9.602781410923245664e-01
9.584971290655875942e-01
9.567476244476256220e-01
9.550447046519591199e-01
9.534045129571941946e-01
9.518441832644779499e-01
9.503817625029400418e-01
9.490361309296597714e-01
9.478269200960288687e-01
9.467744276577920726e-01
9.458995274534407471e-01
9.452235723012466506e-01
9.447682856923702577e-01
9.445556368644971723e-01
9.446076914652419276e-01
9.449464269193449395e-01
9.455934973609100291e-01
9.465699270932022014e-01
9.478957032830256368e-01
9.495892269476785552e-01
9.516665647178600418e-01
9.541404200882970255e-01
9.570187085051471421e-01
9.603025705748472474e-01
9.639835841870272315e-01
9.680398276735215912e-01
9.724302843849707001e-01
9.770868370239165213e-01
9.819027365880633740e-01
9.867158847281267686e-01
9.912844521090933281e-01
9.952511526358733818e-01
9.980907762662335481e-01
9.990332925037143097e-01
9.969522432416357827e-01
9.902065893963015730e-01
9.764280279361637893e-01
9.522674034313645119e-01
9.131877173106328627e-01
8.536708224556643909e-01
7.273579270331309576e-01
6.452577874782727818e-01
4.978770756726030311e-01
3.347074498353003746e-01
1.821508858115749863e-01
6.858558903517016081e-02
9.787449692346756464e-03
3.118817025148632599e-03
3.428529113530984218e-02
8.724941568294132532e-02
1.497092110087704930e-01
2.140109756797929363e-01
2.760723165662915535e-01
3.340532998964738653e-01
3.873641367811692104e-01
4.360485686982623066e-01
4.804359001979044974e-01
5.209569635528111808e-01
5.580525726349322424e-01
5.921317466449039779e-01
6.235557345924155337e-01
6.526348657595396618e-01
6.796313752941703923e-01
7.047646723316697281e-01
7.282172851404882241e-01
7.501406452178838169e-01
7.706603505606676174e-01
7.898807884874294860e-01
8.078891134424520670e-01
8.247586253835529346e-01
8.405516113198538974e-01
8.553217120173182142e-01
8.691158622574078896e-01
8.819758114878970545e-01
8.939390493655207104e-01
9.050374838463254301e-01
9.152307230581099295e-01
9.248582252436454709e-01
9.335707795480033822e-01
9.415673059442296600e-01
9.488702708131717678e-01
9.555102197945486431e-01
9.615189498624048259e-01
9.669287050576279574e-01
9.717719397913088253e-01
9.760811718351932731e-01
9.798888466277775322e-01
9.832271994149897054e-01
9.861281159396559914e-01
9.886229955960914584e-01
9.907426212149849087e-01
9.925170390068904780e-01
9.939754513012100112e-01
9.951461237910917967e-01
9.960563081009238262e-01
9.967321796440795634e-01
9.971987898977059395e-01
9.974800312913147948e-01
9.975986116962510808e-01
9.975760335928972600e-01
9.974325694531962494e-01
9.971872174571154712e-01
9.968576044498995703e-01
9.964597588682907459e-01
9.960075488067871019e-01
9.955111528548932220e-01
9.949721774740534208e-01
9.943633471392924195e-01
9.934916652045565622e-01
9.885822443625162936e-01
9.903533824281181008e-01
9.925992227369917487e-01
9.924402038844734042e-01
9.921731527072106260e-01
9.919223614801958577e-01
9.917035629311170553e-01
9.915060411641021254e-01
9.912967335532573143e-01
9.910074975547057408e-01
9.905042941467270268e-01
9.895182698417045453e-01
9.874811627797357438e-01
9.830883715286051761e-01
9.729582316600280389e-01
9.466020293196023561e-01
8.608719121081569448e-01
5.210580706164489317e-01
2.583242069308203104e-01
3.996462130874649521e-01
6.693501644651264071e-01
8.051297907807460907e-01
8.660093017575569707e-01
8.979000803688625965e-01
9.169262275506505633e-01
9.294001456106689707e-01
9.381647298398948509e-01
9.446523418818225659e-01
9.496495228619512563e-01
9.536176685343479287e-01
9.568411046367670814e-01
9.594980231203761312e-01
9.616008555017883097e-01
9.636717025632320910e-01
9.652549705449607886e-01
9.665963243121549198e-01
9.677248586680452513e-01
9.686501317822584500e-01
9.694602222190011886e-01
9.700894244456288451e-01
9.705934033033644104e-01
9.709887987156889944e-01
9.712945831013027886e-01
9.715314516454182092e-01
9.717220494124897412e-01
9.718911806704972900e-01
9.720658868783623729e-01
9.722753598525831764e-01
9.725506627301977458e-01
9.729242231355460513e-01
