9.698878533322886630e-01
9.697139583370548710e-01
9.699323911650332697e-01
9.704795132698598170e-01
9.712950210704279774e-01
9.723227214745260305e-01
9.735110701484311901e-01
9.748135066111509595e-01
9.761886179177257095e-01
9.776001601367055871e-01
9.790169641395815026e-01
9.804127494947049160e-01
9.817658675689266978e-01
9.830589923369460470e-01
9.842787749243304685e-01
9.854154755919589670e-01
9.864625847237606937e-01
9.874164424187251710e-01
9.882758645156675126e-01
9.890417812917873253e-01
9.897168936736551181e-01
9.903053505686756353e-01
9.908124498604350405e-01
9.912443646999701263e-01
9.916078959547038885e-01
9.919102510347308499e-01
9.921588487909054344e-01
9.923611497564477357e-01
9.925245106738994627e-01
9.926560619979521993e-01
9.927626068842163587e-01
9.928505400516525192e-01
9.929257848363579608e-01
9.929937467235696591e-01
9.930592816519729915e-01
9.931266774166523925e-01
9.931996465540835484e-01
9.932813291640710807e-01
9.933743042103795329e-01
9.934806079350417818e-01
9.936017581218987704e-01
9.937387830468636940e-01
9.938922540559903540e-01
9.940623208136348810e-01
9.942487483611068821e-01
9.944509552210074599e-01
9.946680518699407836e-01
9.948988789846126002e-01
9.951420449404799751e-01
9.953959621084108589e-01
9.956588815505142964e-01
9.959289257634060810e-01
9.962041191488407721e-01
9.964824159114247237e-01
9.967617250821139141e-01
9.970399323429088856e-01
9.973149182725810080e-01
9.975845725349042903e-01
9.978468033714334995e-01
9.980995415124893633e-01
9.983407372405807001e-01
9.985683487615193421e-01
9.987803191506077205e-01
9.989745377673266979e-01
9.991487798723017733e-01
9.993006147303693520e-01
9.994272668562499407e-01
9.995254056748144045e-01
9.995908228086757275e-01
9.996179279298950116e-01
9.995989426960035784e-01
9.995225753317099615e-01
9.993717678410070082e-01
9.991197149794368570e-01
9.987224982748078572e-01
9.981046887788866950e-01
9.971292742251681718e-01
9.955294715075747591e-01
9.927371870813165300e-01
9.873887133978810349e-01
9.756118487215337254e-01
9.433244409666893260e-01
8.175550249768451794e-01
3.672502264105754755e-01
6.968051526849164956e-01
8.697862259430059195e-01
9.065413111995922479e-01
8.827816697455850292e-01
8.145904758703335080e-01
9.010063127580274500e-01
9.509223962903404770e-01
9.678067874509246327e-01
9.751092546328070654e-01
9.789047904456659177e-01
9.811019972141523660e-01
9.824481827457883787e-01
9.832883445193282279e-01
9.838023164152308597e-01
9.840928106247265328e-01
9.842227719486540405e-01
9.842329728820148338e-01
9.841510218478779493e-01
9.839962977962616320e-01
9.837828081757092891e-01
9.835209230637013134e-01
9.832184696880528207e-01
9.828814470020776906e-01
9.825145061072773078e-01
9.821212817096643954e-01
9.817046261425428355e-01
9.812667780962159858e-01
9.808094866492530484e-01
9.803341041183734061e-01
9.798416567890794182e-01
9.793328997217179976e-01
9.788083599386510070e-01
9.782683710315407399e-01
9.777131013625766087e-01
9.771425774322392011e-01
9.765567035610854818e-01
9.759552787301106758e-01
9.753380112019818249e-01
9.747045313824912460e-01
9.740544032588007717e-01
9.733871346568691019e-01
9.727021864878270252e-01
9.719989810939891894e-01
9.712769097572032662e-01
9.705353393912824478e-01
9.697736184035968821e-01
9.689910816764456536e-01
9.681870545850833620e-01
9.673608559334786472e-01
9.665117996474257289e-01
9.656391950172902305e-01
9.647423452190380111e-01
9.638205437573565959e-01
9.628730683538185842e-01
9.618991716177394125e-01
9.608980675470265576e-01
9.598689124200645573e-01
9.588107777917002084e-01
9.577226117471852040e-01
9.566031815360536150e-01
9.554509844401931629e-01
9.542640998071891811e-01
9.530399214911827732e-01
9.517746193741744021e-01
9.504618998950344899e-01
9.490896058354751919e-01
9.476277329122926307e-01
9.459641306087840373e-01
9.429306887036214002e-01
9.439830134572616549e-01
9.424887945865868533e-01
9.407384693009702703e-01
9.389863547034291713e-01
9.371868212582352697e-01
9.353161507813599895e-01
9.333568033596648661e-01
9.312921371468891873e-01
9.291042600350237768e-01
9.267728034349604904e-01
9.242739450174322080e-01
9.215794224225007936e-01
9.186554008971582475e-01
9.154610869243687832e-01
9.119469715389308950e-01
9.080525552634602926e-01
9.037033515988983634e-01
8.988068804173504622e-01
8.932472318620741092e-01
8.868775808490682033e-01
8.795097215758689302e-01
8.708992044285777112e-01
8.607238864924163790e-01
8.485524785380814672e-01
8.337977213607578042e-01
8.156457989390492047e-01
7.929492195893851347e-01
7.640653184989856239e-01
7.266216655126305213e-01
6.772139508161145738e-01
6.111654275029916317e-01
5.229102802234970593e-01
4.000023975176171809e-01
2.754924745720541135e-01
1.555692433428830512e-01
1.046729878657347845e-01
1.647214182465325250e-01
3.185273223042075497e-01
4.981372996854628310e-01
6.541849628920297643e-01
7.646524627863562351e-01
8.376594462599180613e-01
8.848541225869551718e-01
9.154346702328987062e-01
9.354701392700845997e-01
9.487318311772031665e-01
9.574153915359598921e-01
