1.085276347160328836e+00
1.073242609521112723e+00
1.024287404060282514e+00
9.062020557300429768e-01
6.874352528876789270e-01
3.947044000394471230e-01
1.442053654539265373e-01
2.194560118685413841e-02
4.814572554580344790e-03
3.625675796488055103e-02
8.076754534774802097e-02
1.236617994913843804e-01
1.605220223612678632e-01
1.908991796399302499e-01
2.156189488177621127e-01
2.357719007522196542e-01
2.523745486239325486e-01
2.662817964799542581e-01
2.781593018669648587e-01
2.884943939553297754e-01
2.978314073360741054e-01
3.064254096167469132e-01
3.145487440166063187e-01
3.224597268208813650e-01
3.297478497944340003e-01
3.374382837661499268e-01
3.451390667267378864e-01
3.529747608391365921e-01
3.610115628108717667e-01
3.693035633728629641e-01
3.778973409173073672e-01
3.868354236585432315e-01
3.961589052948187306e-01
4.059096748460288007e-01
4.161325213576279602e-01
4.268773791484265501e-01
4.382021560130127669e-01
4.501771686745714152e-01
4.628942403645193160e-01
4.764923800576152391e-01
4.912687155349773072e-01
5.087784312641550066e-01
5.141234162911693106e-01
4.910692206384264513e-01
5.561121702978467640e-01
5.771529386361101688e-01
5.998767879965932748e-01
6.247778105304994112e-01
6.523183438308790549e-01
6.830306531941913173e-01
7.175080548457349883e-01
7.567002642463596107e-01
8.010278614420194288e-01
8.509256519866708057e-01
9.048468992584709492e-01
9.549427768563825136e-01
9.734351705444266312e-01
8.827157442779043350e-01
5.631470195279865143e-01
1.677848455592781118e-01
3.473377878948062051e-03
4.102242328842330837e-02
1.370922723829959000e-01
2.341145221247064867e-01
3.195255422386690247e-01
3.931723646534069361e-01
4.572854096681218117e-01
5.140389458357484953e-01
5.651074946802600030e-01
6.116920429534175030e-01
6.546293308636023101e-01
6.944962975630019075e-01
7.316842863415364828e-01
7.659528978404461785e-01
7.996244197531287012e-01
8.306707429619539784e-01
8.605361040810155515e-01
8.735381852592393193e-01
9.770559509586643765e-01
7.917734233110780284e-01
8.933736050534502038e-01
9.218324183398181049e-01
9.397335141118859925e-01
9.529378421212051364e-01
9.630493218558902058e-01
9.709380745313834771e-01
9.751114777377547504e-01
9.797502722149548093e-01
9.821662946620584034e-01
9.829501661361559339e-01
9.818313978376911333e-01
9.785970002742192531e-01
9.725272125987201033e-01
9.606434378492202386e-01
9.395814648367294408e-01
9.027371989559254128e-01
8.396312820188643888e-01
7.362806331096145573e-01
5.817489235974775408e-01
3.856169498520224947e-01
1.927305967538289200e-01
5.906646852709911133e-02
4.212482348514905335e-03
7.767747344230599947e-03
4.080543212605074882e-02
8.298440065578686908e-02
1.247162876007625459e-01
1.622337103121547774e-01
1.946626694653943723e-01
2.222876175527980502e-01
2.458670233398742855e-01
2.660960134519312348e-01
2.835737890371901049e-01
2.993706015832500733e-01
3.135411277028817278e-01
3.267242726071271086e-01
3.393270380249762685e-01
3.517224347431175402e-01
3.642657816076730337e-01
3.773118361864774561e-01
3.912257768018544968e-01
4.062504719501794925e-01
4.261984580413565871e-01
4.359407799280757279e-01
4.659397424233736595e-01
4.930974839568539325e-01
5.261695167674597107e-01
5.672511485257712982e-01
6.192668123275559822e-01
6.859165978577170808e-01
7.701864501681036090e-01
8.660065389124724788e-01
9.262495284971014042e-01
8.093322013027760553e-01
4.511900882625545783e-01
1.418910098305600775e-01
2.015375393396398943e-02
6.058782218607385636e-04
1.683276213805477012e-02
4.296399393746552775e-02
7.062968602606804758e-02
9.504981394917957904e-02
1.188933415968892876e-01
1.407007545128472481e-01
1.609311451232218193e-01
1.799874683066307046e-01
1.982153909885621401e-01
2.159544543779766679e-01
2.335789470750053998e-01
2.518453378821252087e-01
2.660641423527712601e-01
2.869365775612059410e-01
3.078158121608188802e-01
3.314062083388852331e-01
3.603874391721725856e-01
4.015368188059563193e-01
4.809559792431472025e-01
8.315432344361660677e-01
1.187257407665098241e-01
2.698261997639879728e-01
3.288977408415719728e-01
3.670801638145839152e-01
3.979139026299658433e-01
4.256234051968214582e-01
4.519318207143463439e-01
4.776483228152714755e-01
5.032523881578236935e-01
5.307834084306449762e-01
5.484647512092618582e-01
5.731860906072678841e-01
6.015937417309971114e-01
6.253188435776968479e-01
6.477558876174336344e-01
6.681935945591114256e-01
6.856050785122599356e-01
6.983904934327034297e-01
7.037553569727361680e-01
6.959544365882729400e-01
6.600017693833675203e-01
5.390986403589319576e-01
4.598470722775082481e-02
1.052438472108811585e+00
1.009306916704054036e+00
9.528619659352386417e-01
9.173563187911049077e-01
9.769669859067928730e-01
3.734838127779537831e-01
3.756144078656509233e-01
2.116453748988774697e-01
5.716872061193904730e-02
9.785167303423928395e-05
4.533875897672221683e-02
1.322031983221642337e-01
2.156891123615320982e-01
2.801075654625702627e-01
3.252550304815640669e-01
3.553253039541136027e-01
3.747996945298098237e-01
3.874369608417718158e-01
3.962376338004106602e-01
