9.891747571141719098e-01
9.874683407243785016e-01
9.852419334138058371e-01
9.825686934775865744e-01
9.795247171124032981e-01
9.761868321344605581e-01
9.726308340030551669e-01
9.689301271622754452e-01
9.651547106148843369e-01
9.613703819515405646e-01
9.576378362877875361e-01
9.540106546013156219e-01
9.505283880439310273e-01
9.471859830404434355e-01
9.437291938360166110e-01
9.344761411450122068e-01
9.404807829051401447e-01
9.403681984192366894e-01
9.401833315758274523e-01
9.414965644005786061e-01
9.452745198973917518e-01
9.536376801543294812e-01
9.716724578174263938e-01
9.604024830318697026e-01
5.516984307186343361e-01
7.953090998114418220e-01
8.382314739368256218e-01
8.542751468711857754e-01
8.620211639125301417e-01
8.661990244711844644e-01
8.685404915602890075e-01
8.698234123836714460e-01
8.704474602804205263e-01
8.706411100980802065e-01
8.705534213234957797e-01
8.703190602501575945e-01
8.702572968065388492e-01
8.471654340098899727e-01
8.667039649713863536e-01
8.662447905736729847e-01
8.653927974713739868e-01
8.643932832928463705e-01
8.633051825782988020e-01
8.621551814492095511e-01
8.609610318518404748e-01
8.597381124253045126e-01
8.585025139488297041e-01
8.572737328366526466e-01
8.560786636323683974e-01
8.549595553649889101e-01
8.539930497155878708e-01
8.533447815473789166e-01
8.534682939729578699e-01
8.559895599826810031e-01
7.342936512030817653e-01
8.333408957028110020e-01
8.372063271143785901e-01
8.375793694679645185e-01
8.370821825674407135e-01
8.362559975804070289e-01
8.352837027623603028e-01
8.342447267432537839e-01
8.331791867059281653e-01
8.321092374183075568e-01
8.310475254729680072e-01
8.300009238781582699e-01
8.289722577604946574e-01
8.279610337503630069e-01
8.269635507639659933e-01
8.259724550374372143e-01
8.249755194005037318e-01
8.239529067399847806e-01
8.228707294041436304e-01
8.216635541310193247e-01
8.201743618650548795e-01
8.178466277610043633e-01
8.095029699077027630e-01
8.249915895652757403e-01
8.205887390600586917e-01
8.181081467544334407e-01
8.159843190517177547e-01
8.137847862941902655e-01
8.113206719157928237e-01
8.084585652445419601e-01
8.051096355127405069e-01
8.015070045511958341e-01
7.776888532929385756e-01
7.849996621174902822e-01
7.762472107845086455e-01
7.636866606370307231e-01
7.460940988189885825e-01
7.207681281230918779e-01
6.826231720494863042e-01
6.215216504140672615e-01
5.158546444357227090e-01
3.219856982676419510e-01
4.108689846030100928e-02
2.029594982134773629e-01
7.034713098091672778e-01
9.012164683354723094e-01
9.588722751222260587e-01
9.756054665744087195e-01
9.797681281536920750e-01
9.798960731217665199e-01
9.788438657562150702e-01
9.776320334365864451e-01
9.766263207822899473e-01
9.759421078224228552e-01
9.755958691316025666e-01
9.755656117165011354e-01
9.758159552321402641e-01
9.763086596311305598e-01
9.770069166118484638e-01
9.778769090857117874e-01
9.788881751239614237e-01
9.800134689786598186e-01
9.812284367887844638e-01
9.825112549919661209e-01
9.838423053538773999e-01
9.852039377349269822e-01
9.865803928273040313e-01
9.879580617418405319e-01
9.893266398440038190e-01
9.906833643723351734e-01
9.920522323396454567e-01
9.936091543014475835e-01
9.925254044826199440e-01
9.946450918389569962e-01
9.956625301289594443e-01
9.928306539391832386e-01
9.976553070150206981e-01
9.981591891495585900e-01
9.985508178509977517e-01
9.987799572632555245e-01
9.988229307099257825e-01
9.986592336417641214e-01
9.982676660707014982e-01
9.976249414371606283e-01
9.967046444074028066e-01
9.954760002788866080e-01
9.939021212321093035e-01
9.919372690776864232e-01
9.895222562827895585e-01
9.865760264002830793e-01
9.829783041154777079e-01
9.785267178833658708e-01
9.727921497340024093e-01
9.642091262421176312e-01
9.194062520591199661e-01
9.505230231782487715e-01
9.305092911162753389e-01
8.819492236367981741e-01
5.239916342996063792e-01
9.726887909182105885e-01
9.679000428788847588e-01
9.505204735199427324e-01
9.334210328444327853e-01
9.017703057251084120e-01
8.957414379192838449e-01
8.747929812816576112e-01
8.482138404547459043e-01
8.146922639686902112e-01
7.708134662178519614e-01
7.104216023192305718e-01
6.228590574384861300e-01
4.892579022314110793e-01
2.839045456060398931e-01
4.488958815301105632e-02
1.100211121465888425e-01
5.477078268378419157e-01
8.295168884448825830e-01
9.245715392258287979e-01
9.106785562205932383e-01
3.119509147036843566e-01
1.086468539893821639e+00
1.051800736382444867e+00
1.027973333424691882e+00
1.010430596627411193e+00
9.489992801728244221e-01
9.636846930189127969e-01
9.417328103119971816e-01
9.021589410822093980e-01
7.612315601486877581e-01
4.279034294101847213e-01
8.842193760292244020e-01
8.517904285097424033e-01
8.543101836627718937e-01
7.795070544858965222e-01
5.760597224133782168e-01
5.541835349216347323e-02
3.720279842743873244e-01
8.136006274971331331e-01
8.980078168689961116e-01
9.218675769655616525e-01
9.296635214560703409e-01
9.319820989124489863e-01
9.321253015552232180e-01
9.312984238234403023e-01
9.299700176050749167e-01
9.283094278759170814e-01
