9.905229879031894891e-01
9.918634174541537396e-01
9.931179485001224716e-01
9.942701551341235344e-01
9.953091508734497328e-01
9.962288021175195185e-01
9.970269837127710977e-01
9.977048854018366608e-01
9.982663749227252969e-01
9.987174210287820264e-01
9.990655776630341656e-01
9.993195288889421546e-01
9.994886929013155896e-01
9.995828824690192738e-01
9.996120184496634087e-01
9.995858925278636731e-01
9.995139750234136589e-01
9.994052634636180210e-01
9.992681675864244495e-01
9.991104265092198844e-01
9.989390539457621010e-01
9.987603075560964605e-01
9.985796787590435208e-01
9.984018996090038289e-01
9.982309636271240461e-01
9.980701577716111217e-01
9.979221030271187010e-01
9.977888013806148759e-01
9.976716872290267712e-01
9.975716815258764969e-01
9.974892472206198235e-01
9.974244447715745476e-01
9.973769867227990638e-01
9.973462905227744590e-01
9.973315289341597722e-01
9.973316775334621909e-01
9.973455589337600902e-01
9.973718834780600506e-01
9.974092862521896086e-01
9.974563603502070164e-01
9.975116863978096271e-01
9.975738583977229457e-01
9.976415060100245480e-01
9.977133134182994967e-01
9.977880349618343248e-01
9.978645077367825911e-01
9.979416613834676264e-01
9.980185252869788748e-01
9.980942334224671697e-01
9.981680270773432007e-01
9.982392556786332527e-01
9.983073759493275023e-01
9.983719496077839706e-01
9.984326398158752669e-01
9.984892065695413210e-01
9.985415012138083579e-01
9.985894602513643026e-01
9.986330986008763455e-01
9.986725024483584789e-01
9.987078218214116010e-01
9.987392630038667285e-01
9.987670808959200341e-01
9.987915714126193167e-01
9.988130640029105889e-01
9.988319143600348227e-01
9.988484973849102166e-01
9.988632004539194087e-01
9.988764170346418059e-01
9.988885406846753634e-01
9.988999594618112043e-01
9.989110507669153316e-01
9.989221766350540044e-01
9.989336794855107060e-01
9.989458783359229654e-01
9.989590654820689197e-01
9.989735036411973024e-01
9.989894235531381339e-01
9.990070220317647243e-01
9.990264604555872952e-01
9.990478636854823735e-01
9.990713193956212157e-01
9.990968778021255270e-01
9.991245517728872816e-01
9.991543173015471346e-01
9.991861143278422119e-01
9.992198478857260424e-01
9.992553895608142778e-01
9.992925792384426131e-01
9.993312271231040711e-01
9.993711160108741387e-01
9.994120037952860525e-01
9.994536261886532991e-01
9.994956996394475102e-01
9.995379244274829045e-01
9.995799879186251236e-01
9.996215679602039605e-01
9.996623363989026734e-01
9.997019627031721312e-01
9.997401176712685800e-01
9.997764772066201067e-01
9.998107261421276259e-01
9.998425620940211145e-01
9.998716993267995345e-01
9.998978726089662317e-01
9.999208410404077929e-01
9.999403918300038274e-01
9.999563440035031947e-01
9.999685520190749743e-01
9.999769092685077965e-01
9.999813514411096671e-01
9.999818597260853315e-01
9.999784638286257632e-01
9.999712447747322042e-01
9.999603374775607456e-01
9.999459330389335321e-01
9.999282807579075172e-01
9.999076898179115602e-01
9.998845306237853503e-01
9.998592357598853342e-01
9.998323005397047325e-01
9.998042831190764312e-01
9.997758041448723265e-01
9.997475459131447417e-01
9.997202510127939368e-01
9.996947204338085813e-01
9.996718111241001958e-01
9.996524329845050127e-01
9.996375452998479405e-01
9.996281526149566332e-01
9.996253000789205867e-01
9.996300682998866538e-01
9.996435677787803842e-01
9.996669330250566032e-01
9.997013165037237359e-01
9.997478826288888065e-01
9.998078021076125532e-01
9.998822470641909321e-01
9.999723875568476972e-01
1.000079390360657960e+00
1.000204421282884004e+00
1.000348652867720345e+00
1.000513280264355487e+00
1.000699549485942308e+00
1.000908804652281159e+00
1.001142564772503629e+00
1.001402647477632080e+00
1.001691369391553010e+00
1.002011875727422119e+00
1.002368696378407087e+00
1.002768717623246042e+00
1.003222959066226050e+00
1.003750014513885125e+00
1.004383202716171430e+00
1.005186732602349808e+00
1.006295460613174431e+00
1.008006810902105865e+00
1.010173471434363535e+00
6.837990184288217366e-01
9.801841937723934084e-01
9.883760984375390413e-01
9.545050816869093957e-01
1.005406251364377335e+00
1.005114234928837780e+00
1.004905543369642773e+00
1.004923705071563589e+00
1.004993692734116539e+00
1.005050622646858516e+00
1.005066310588188516e+00
1.005025824795034772e+00
1.004919656450960819e+00
1.004740842467353401e+00
1.004483852216398576e+00
1.004144172559296333e+00
1.003718196049046885e+00
1.003203252572496762e+00
1.002597714949537089e+00
1.001901146173575841e+00
1.001114472173183723e+00
1.000240171371672648e+00
9.992824759160032766e-01
9.982475815467674041e-01
9.971438651229616035e-01
9.959821124849830287e-01
9.947757682762922160e-01
9.935412442052358184e-01
9.922984003421068122e-01
9.910716023151593390e-01
9.898930607256776204e-01
9.888141856702613586e-01
9.856725443862022207e-01
9.864700605864445970e-01
9.858136828275800845e-01
9.852887602106895626e-01
9.849890797637232964e-01
9.849678969522325245e-01
9.852722790080524762e-01
9.859474047794148932e-01
9.870368610715394286e-01
9.885819007140040915e-01
9.906202457099310132e-01
