1.060068605315953372e+00
1.058546876130224135e+00
1.052284907140492054e+00
1.040586753444107782e+00
1.020544492634677836e+00
9.813563126236078960e-01
8.747923071727569111e-01
4.877032641842817817e-01
2.249497441539967946e-01
5.669465105029245500e-01
7.955822043660712994e-01
8.577598191905314584e-01
8.779163883253916500e-01
8.839679129542774572e-01
8.843297855544656194e-01
8.822551940042553387e-01
8.792223137880635919e-01
8.759769211583560145e-01
8.729236134484932297e-01
8.701616941430334595e-01
8.681283409994448030e-01
8.666213726153866315e-01
8.657563060483457473e-01
8.655601203847874681e-01
8.660517873318936966e-01
8.672501707852908748e-01
8.691786136143186958e-01
8.718680020431274214e-01
8.753590300235550847e-01
8.796983522208611239e-01
8.849559121042932519e-01
8.911967221219462276e-01
8.984993350734857831e-01
9.069408989011766842e-01
9.165901488141177111e-01
9.274397497017685676e-01
9.395100735582814222e-01
9.522804563900896246e-01
9.660908595110834218e-01
9.791083918397063268e-01
9.896413199322278142e-01
9.940679530088228910e-01
9.860544939029481926e-01
9.554256287376388102e-01
8.883793244920138443e-01
7.725720368913174818e-01
6.100072163307356243e-01
4.287662373359347745e-01
2.723335319773857455e-01
1.715036778247094607e-01
1.398313785506940521e-01
2.352263531830815213e-01
6.369637190849359865e-01
8.259656021590568997e-01
6.056760599127934963e-01
5.005643972593252222e-01
4.680547421335632952e-01
4.629586556255446128e-01
4.695246403593686946e-01
4.815446379234510355e-01
4.962564857828979936e-01
5.123280688404414640e-01
5.290851404520942047e-01
5.461784356807292129e-01
5.634268413235927753e-01
5.807384316632167032e-01
5.980686693815336907e-01
6.153974300520819174e-01
6.327160173672060628e-01
6.500196859261091475e-01
6.673033064430254901e-01
6.845589233750961622e-01
7.017747897384774003e-01
7.189395864061655095e-01
7.359651495280109534e-01
7.529444560188086610e-01
7.697599420359469979e-01
7.863858009557073148e-01
8.027778027015778362e-01
8.188860677978156977e-01
8.346564217480446635e-01
8.500312112686899679e-01
8.649501148652695148e-01
8.793510318843750229e-01
8.931711131267900949e-01
9.063483542865583553e-01
9.188075305665646120e-01
9.305180896953244574e-01
9.414027951526804383e-01
9.514144934053132552e-01
9.605075237618638795e-01
9.686423201047912324e-01
9.757860925870319724e-01
9.819078703969073008e-01
9.870293732890448313e-01
9.910877319761349780e-01
9.941144509242109129e-01
9.961166170433389810e-01
9.971085563637280824e-01
9.971347396753794667e-01
9.962062151602848470e-01
9.943730263395930136e-01
9.916793311931282329e-01
9.881733764931985853e-01
9.839054398375399746e-01
9.789258901606929797e-01
9.732828685756877984e-01
9.670193040154130282e-01
9.601687497861117748e-01
9.527469314990073546e-01
9.447552043180976744e-01
9.361332142437938098e-01
9.267566027082917435e-01
9.163464023447636109e-01
9.042968829512739726e-01
8.891776027064191013e-01
8.669486590275331528e-01
8.214136908487073008e-01
6.047480482003619873e-01
7.426452934766137881e-01
9.348148252324700591e-01
9.207141818937085720e-01
9.106514927163382733e-01
9.071446277322050555e-01
9.194666029771575433e-01
3.017246641764869675e-01
8.143990563150971251e-01
8.322330383774524387e-01
8.350693964009316961e-01
8.347819551891808576e-01
8.337510905025506958e-01
8.328080407524421913e-01
8.323648057303646430e-01
8.326989062372646133e-01
8.340547028569111898e-01
8.366971180070628122e-01
8.407502507996125196e-01
8.470440644024453958e-01
8.557202326905568590e-01
8.675149192224463901e-01
8.832541319749231956e-01
9.034996036364159044e-01
9.269721261576973070e-01
9.414839545601909609e-01
8.770599698185954640e-01
5.232894386448518897e-01
9.563186279863788997e-02
9.329912026509136480e-02
2.447668838565327798e-01
3.575679079685881723e-01
4.313238814954444278e-01
4.813867960188287776e-01
5.171978242234978040e-01
5.435630682365536481e-01
5.568041432824447634e-01
5.954111188152755307e-01
6.070472062831031579e-01
6.206159734295166874e-01
6.337217483726741429e-01
6.463561870915035534e-01
6.586821459613764196e-01
6.708559020857451927e-01
6.829837845603350388e-01
6.951937777507404270e-01
7.075206257135460142e-01
7.200077936847885107e-01
7.326708929587538721e-01
7.455049435296751126e-01
7.584861351929463869e-01
7.715730192997756198e-01
7.847074995297886879e-01
7.978155097703930609e-01
8.107665440970931447e-01
8.235784912633281607e-01
8.360244581261322416e-01
8.480171857363714150e-01
8.594475652568349666e-01
8.698732883753024225e-01
8.798017253624351719e-01
8.886083731704471633e-01
8.962694703777773775e-01
9.026733839327262254e-01
9.077200507539414653e-01
9.113304542128443098e-01
9.134522137528746644e-01
9.140635797232633530e-01
9.131751048746816757e-01
9.108270072879943724e-01
9.070695929102366994e-01
9.019727198440440352e-01
8.954905106231841883e-01
8.873685077999923232e-01
8.767262596524583174e-01
8.609911465818952392e-01
8.326300556353734006e-01
7.687658037754857565e-01
6.152657437191565437e-01
2.005322446254460544e-01
1.929066825201291302e-01
3.992487560704894300e-01
