5.416965297892021303e-01
5.737313261891234806e-01
6.041309184084965311e-01
6.330395761089644413e-01
6.605819647815026618e-01
6.868630336716655682e-01
7.119686853964477535e-01
7.359674280680067460e-01
7.589172726927367885e-01
7.806189292209217978e-01
8.016818197348003494e-01
8.216004765170186186e-01
8.405142243438757932e-01
8.584181101092956956e-01
8.752977259599550308e-01
8.911344392924176461e-01
9.059080208013797764e-01
9.195988146835081256e-01
9.321896747272591099e-01
9.436676938099085588e-01
9.540257675446173202e-01
9.632642331041484374e-01
9.713941108335293340e-01
9.784619588296035175e-01
9.841337510630606689e-01
9.891539260636009745e-01
9.930498028553877976e-01
9.959689142469818623e-01
9.979706140224288147e-01
9.991138702567876617e-01
9.994609864966822466e-01
9.990774874985363097e-01
9.980314167952341053e-01
9.963925779865692167e-01
9.942320683225578382e-01
9.916242927270171315e-01
9.884684321822003739e-01
9.852870264647047849e-01
9.817330221163954596e-01
9.779928596341673774e-01
9.741320898067777900e-01
9.702119352452612810e-01
9.662911592997418531e-01
9.624265964135541029e-01
9.586736598511016449e-01
9.550870188986366749e-01
9.517215373384875221e-01
9.486335780043219090e-01
9.458828306815457720e-01
9.435349151359124775e-01
9.416651738235806146e-01
9.403643538293613435e-01
9.397473895808275968e-01
9.399674388968141114e-01
9.412390652542248493e-01
9.438775138609590831e-01
9.483647983280640847e-01
9.554438310635159359e-01
9.660717457625085380e-01
9.788827409424559756e-01
9.390595336904482560e-01
4.702446346057316262e-01
5.433378260324194242e-01
5.670151257850913895e-01
7.444127490754536280e-01
7.992073099906390476e-01
8.263142819917238535e-01
8.432626447404459880e-01
8.554758499380087367e-01
8.650604014338754144e-01
8.733422832328764374e-01
8.813286280506039683e-01
8.884531180978049170e-01
8.954245986523347023e-01
9.023719235577907227e-01
9.093945155095649602e-01
9.165557804928905483e-01
9.238553723257419970e-01
9.291329685749972755e-01
9.399251110800260767e-01
9.478970077789815596e-01
9.561280429624471333e-01
9.643899625265345277e-01
9.723862328623060769e-01
9.795914579253118815e-01
9.850451377671938236e-01
9.869642002824783322e-01
9.819821718761139184e-01
9.636560418423212315e-01
9.197184439097622066e-01
8.282682570594546156e-01
6.588588946926976497e-01
4.019255182785111402e-01
1.375198908775252804e-01
7.693557004498082635e-03
3.669927293890107300e-02
1.367245327360774310e-01
2.406018746948193898e-01
3.254224763470265347e-01
3.882562106886751629e-01
4.313216919523912840e-01
4.569156956733664288e-01
4.660141283810260160e-01
4.578415069555887840e-01
4.295916143960569200e-01
3.764432422000947853e-01
2.936630965067108523e-01
1.868083305543253303e-01
9.549730795443590881e-02
8.986118806110240942e-02
1.984026473448561034e-01
3.930268852321850970e-01
5.918334382341786659e-01
7.327671824870206629e-01
8.180785840254330976e-01
8.681069814976281052e-01
8.978571593200316281e-01
9.159040697474406523e-01
9.269247411991855534e-01
9.335098302630314704e-01
9.371396204710283895e-01
9.386912567718392886e-01
9.387035108259047522e-01
9.375190018096419831e-01
9.353630976667653973e-01
9.323891108442594611e-01
9.287049701048456507e-01
9.243893887296369405e-01
9.195018973224211578e-01
9.140891857358193207e-01
9.081891325368923740e-01
9.018331736442498636e-01
8.950462971367896259e-01
8.878303605312606317e-01
8.722251885049954190e-01
8.725444997700619876e-01
8.363426282762702613e-01
8.548010117956118536e-01
8.461730143531677184e-01
8.370108142231340587e-01
8.275082453608224586e-01
8.177014274916564185e-01
8.075972126252172201e-01
7.972246489053341767e-01
7.865665194973251451e-01
7.756262432829599263e-01
7.643979285278589275e-01
7.528710160891985970e-01
7.410298458788203702e-01
7.288529470398875665e-01
7.163121344568235127e-01
7.033713926614639789e-01
6.899855033582300567e-01
6.760983546777046271e-01
6.616408506275154311e-01
6.465283155476240218e-01
6.306572593602853827e-01
6.139013345102195540e-01
5.961062758169571874e-01
5.770835749277366533e-01
5.566026153323514469e-01
5.343810151106751505e-01
5.100730685461111191e-01
4.832566132288832472e-01
4.534197468621593563e-01
4.199513843762470722e-01
3.821454190792835659e-01
3.392408952818951606e-01
2.905474546674339242e-01
2.357593245674206861e-01
1.756572062663620259e-01
1.135170885323952966e-01
5.749015379545206750e-02
2.328727124856805678e-02
3.371971885663679197e-02
1.093347050142286919e-01
2.515537141761062245e-01
4.338802932285417135e-01
6.140259670188313867e-01
7.591129856873469750e-01
8.594989271462403213e-01
9.220144446912627023e-01
9.580338048568159959e-01
9.772575022669828249e-01
9.864272535080671478e-01
9.898543615675161611e-01
9.902054053595511496e-01
9.890933626426574587e-01
9.874101063728695227e-01
9.853441672660874229e-01
9.816666022637149380e-01
9.698190079581109346e-01
9.119110608792514450e-01
4.726997584131032437e-01
2.104746392630615637e-01
7.003008344166172794e-01
8.824104520079200098e-01
9.969342381420863708e-01
2.802041860572861975e-01
6.706456700023897266e-01
