1.006047511737891087e+00
1.003602020512974313e+00
1.001103178831225238e+00
9.986300389238754738e-01
9.962471092859485067e-01
9.940054631050937450e-01
9.919439547601440754e-01
9.900904937441081799e-01
9.884633346691568123e-01
9.870723502469797017e-01
9.859202613579431951e-01
9.850038045873309445e-01
9.843148229903618818e-01
9.838412704159679167e-01
9.835681235524599275e-01
9.834781990277740027e-01
9.835528754735466395e-01
9.837727225179166979e-01
9.841180402702311980e-01
9.845693140628314355e-01
9.851075900768498927e-01
9.857147780560807648e-01
9.863738876446953574e-01
9.870692050218248248e-01
9.877864164794668556e-01
9.885126854360548609e-01
9.892366891249567695e-01
9.899486208688044186e-01
9.906401634695500835e-01
9.913044388281673225e-01
9.919359384704776739e-01
9.925304392119533858e-01
9.930849077528562940e-01
9.935973975616396725e-01
9.940669409909056453e-01
9.944934391741750979e-01
9.948775518829043873e-01
9.952205891778234115e-01
9.955244063738256655e-01
9.957913035486042341e-01
9.960239305658045161e-01
9.962251983503001007e-01
9.963981969473517664e-01
9.965461207160104529e-01
9.966722008493568152e-01
9.967796452793392659e-01
9.968715859079646524e-01
9.969510330103703577e-01
9.970208365752211144e-01
9.970836542834197180e-01
9.971419257738562969e-01
9.971978528064652236e-01
9.972533849016910201e-01
9.973102100157271721e-01
9.973697497960987146e-01
9.974331589541199916e-01
9.975013282862570385e-01
9.975748908747229526e-01
9.976542309972279421e-01
9.977394952740036294e-01
9.978306055765010507e-01
9.979272732132093982e-01
9.980290138907821351e-01
9.981351629211606680e-01
9.982448901003356800e-01
9.983572136186312784e-01
9.984710122639890439e-01
9.985850350404407161e-01
9.986979071241331996e-01
9.988081307980193335e-01
9.989140796081449336e-01
9.990139834222806492e-01
9.991059012738967571e-01
9.991876777343642324e-01
9.992568769173512111e-01
9.993106858400898629e-01
9.993457753751574524e-01
9.993581018474829714e-01
9.993426245420505838e-01
9.992929025123018505e-01
9.992005156822076906e-01
9.990542262470968327e-01
9.988387498424656785e-01
9.985329296972477175e-01
9.981069792044375832e-01
9.975182388436775183e-01
9.967045059296337772e-01
9.955732907481377181e-01
9.939840265307371414e-01
9.917176714525188785e-01
9.884228721109854510e-01
9.835166366486969292e-01
9.759923504255999527e-01
9.640287590348316504e-01
9.441470530794138227e-01
9.092913617330918852e-01
8.443288182771162553e-01
7.164671683776684397e-01
4.685808092026177984e-01
1.171313449933230055e-01
2.209576721689537893e-02
2.620113233938654584e-01
4.934450691283816526e-01
6.383252673860420057e-01
7.256123856724612242e-01
7.804128565094944348e-01
8.166111480905081654e-01
8.416282860182388026e-01
8.595774207215858276e-01
8.728533836426987103e-01
8.829195411427898099e-01
8.907106792090601077e-01
8.968490036191552051e-01
9.017658364511872415e-01
9.057742215772994765e-01
9.091161398757418022e-01
9.119990131445536719e-01
9.146356792805676594e-01
9.173159684595915131e-01
9.206091758454156837e-01
9.262527033901710727e-01
9.453556216110656774e-01
8.506490313653520818e-01
8.977578970793204105e-01
9.048012339889054401e-01
9.074743587158728975e-01
9.087118860746398186e-01
9.092579743959986471e-01
9.093913832820106347e-01
9.092413635240939040e-01
9.088764507158996198e-01
9.083363275071915099e-01
9.076452802012145993e-01
9.068185980531399126e-01
9.058659083705965509e-01
9.047930477103629521e-01
9.036031781778395278e-01
9.022974891621059479e-01
9.008756589541914162e-01
8.993361706888596263e-01
8.976765361228786766e-01
8.958934587334755895e-01
8.939829552131977053e-01
8.919404471502400122e-01
8.897608302294379712e-01
8.874385254533527778e-01
8.849675149960213316e-01
8.823413639844670531e-01
8.795532285278879758e-01
8.765958495465090428e-01
8.734615313037058515e-01
8.701421029589594403e-01
8.666288608966876694e-01
8.629124890164824313e-01
8.589829535701698493e-01
8.548293684806463899e-01
8.504398263546817383e-01
8.458011895879233855e-01
8.408988350332243789e-01
8.357163446371604909e-01
8.302351332194651823e-01
8.244340031435217764e-01
8.182886139707310491e-01
8.117708532724586812e-01
8.048480925561616317e-01
7.974823097199802424e-01
7.896290565713247611e-01
7.812362467535078903e-01
7.722427360066509427e-01
7.625766632505759368e-01
7.521535179185639963e-01
7.408738970451073103e-01
7.286209161424880287e-01
7.152572431927316510e-01
7.006217390425032443e-01
6.845257166944586080e-01
6.667488873970361940e-01
6.470351611688893723e-01
6.250886432124853620e-01
6.005704640092052182e-01
5.730975776547437839e-01
5.422454833515891748e-01
5.075581584860106021e-01
4.685706177931088789e-01
4.248528141391187951e-01
3.760885255676189587e-01
3.222097994650488517e-01
2.636163245282042156e-01
2.015184007535187338e-01
1.384486943936330816e-01
7.898880259136331627e-02
3.076505288763178511e-02
5.872003055252264341e-03
2.340139973999467646e-02
1.152829459578540577e-01
3.339302880422679864e-01
6.201770822578859255e-01
3.194923050692360933e-01
1.365912016090978405e-02
2.141437237431688748e-02
