1.069500037423299243e+00
1.074250945260696755e+00
1.075131290629733005e+00
1.072704532316514969e+00
1.067530276714194315e+00
1.060150559612937915e+00
1.051079468511763038e+00
1.040795750658414232e+00
1.029738073327233883e+00
1.018302635766109576e+00
1.006842878218243253e+00
9.956710957648975402e-01
9.850618497562418918e-01
9.752571883691296684e-01
9.664738589019141735e-01
9.589129471652779735e-01
9.527727548671547364e-01
9.482662597002320393e-01
9.456451174174698160e-01
9.452321500738183335e-01
9.474597988363635537e-01
9.528835221255214094e-01
9.619775669755921133e-01
9.735042010545494895e-01
9.721458918478559363e-01
8.113620812750600431e-01
3.175365898982406704e-02
2.895655392524725813e-01
5.275927475527493193e-01
6.293639415939398241e-01
6.813071196429990595e-01
7.117341658141670413e-01
7.312244273226221614e-01
7.444155859766443672e-01
7.528074495900011209e-01
7.609380286859901421e-01
7.657586493118911930e-01
7.692558278171245378e-01
7.717055038966208480e-01
7.733130673735030269e-01
7.742298877469457885e-01
7.745703644100050411e-01
7.744240159752969754e-01
7.738634496457460488e-01
7.729495814504299123e-01
7.717350708770880363e-01
7.702665890134356985e-01
7.685863153637324530e-01
7.667329187398909118e-01
7.647421901470835559e-01
7.626474399885889710e-01
7.604797359114024990e-01
7.582680338370192397e-01
7.560392387223402455e-01
7.538182206338405189e-01
7.516278040855746134e-01
7.494887431968261238e-01
7.474196913627820793e-01
7.454371713352347939e-01
7.435555495669936565e-01
7.417870171713457639e-01
7.401415787391149026e-01
7.386270494382553009e-01
7.372490602253416458e-01
7.360110705768381223e-01
7.349143878788019224e-01
7.339581924945233204e-01
7.331395676006512430e-01
7.324535332454018555e-01
7.318930849813146677e-01
7.314492394084183280e-01
7.311110933284143965e-01
7.308659131954469146e-01
7.306992959503347818e-01
7.305955077045478419e-01
7.305383051228693247e-01
7.305132594050653960e-01
7.305159219116119651e-01
7.305936284059386665e-01
7.313651305719068851e-01
7.283990737729985065e-01
7.287881770308171081e-01
7.283692453275939505e-01
7.276260946537999041e-01
7.265710041202305680e-01
7.251611139622140545e-01
7.233321890639596852e-01
7.210029185962406606e-01
7.180725428563654589e-01
7.144143737024439833e-01
7.098615897512995376e-01
7.041299454032085015e-01
6.970169590163095563e-01
6.885423128492810241e-01
6.773785547915520677e-01
6.628206687207822689e-01
6.430326946673587951e-01
6.141150944628495090e-01
5.657003700251537204e-01
4.572282350228188408e-01
4.472012685927050091e-02
9.283229957909879815e-01
7.637095706270019546e-01
6.866649942929118344e-01
6.290476756795351232e-01
5.741092065359802987e-01
5.150994333668232894e-01
4.480898272529808546e-01
3.705929225971248964e-01
2.820830941018371840e-01
1.860198242240549138e-01
9.317362250488206432e-02
2.406094194196382527e-02
4.562784620370002181e-03
5.058516032157842068e-02
1.531970106650560326e-01
2.836676668293861558e-01
4.132987575135866898e-01
5.257968273724197283e-01
6.165411540718722661e-01
6.871577537749832265e-01
7.413570893868035583e-01
7.829235628125197355e-01
8.150311955342937065e-01
8.401436546405537387e-01
8.601129940612004532e-01
8.763181494817700035e-01
8.897891702803490954e-01
9.013045467834244207e-01
9.114629039976918090e-01
9.207334915867448899e-01
9.294889981045314498e-01
9.380213060972519834e-01
9.465351229977781999e-01
9.550995888337650008e-01
9.634599182431332620e-01
9.662581688786219258e-01
9.790221299776221686e-01
9.790441213361631423e-01
9.644653256225058646e-01
9.180175122010634237e-01
8.007341988706527802e-01
5.651400966010717841e-01
2.503326834053610783e-01
4.072891609896018422e-02
1.400396233763910939e-02
7.799108249425841521e-02
1.559513175540686303e-01
2.221017623356716375e-01
2.726829328943827235e-01
3.097985460054448748e-01
3.362427058926346635e-01
3.540840226105360089e-01
3.648755309165658267e-01
3.704769751203427219e-01
3.722193788791237079e-01
3.707673036953112455e-01
3.665716979428131350e-01
3.599960325532038374e-01
3.513340469135864397e-01
3.408198908178562414e-01
3.286386354055996772e-01
3.149354818990732219e-01
2.998230116491714115e-01
2.833865685596944628e-01
2.656880461162048346e-01
2.467682798104007813e-01
2.266480410256600797e-01
2.053272716780763230e-01
1.827815655874577561e-01
1.589537448073579662e-01
1.337363828919654885e-01
1.069389510068473187e-01
7.824186955279727185e-02
4.726731214470681480e-02
1.541432853943067345e-02
1.850392003723598175e-02
4.324628261613859270e-01
1.984152977531035145e-01
8.678894501681283513e-02
3.943119638891361134e-02
1.465037645947928242e-02
3.269714357125018747e-03
3.007611951520706723e-03
1.348982629823712587e-02
3.480015220881561844e-02
6.688213435264471485e-02
1.092377872587472487e-01
1.607953780209169514e-01
2.199141416913165115e-01
2.845023586537671068e-01
3.522101797444392446e-01
4.206460350539370507e-01
4.875627724570452681e-01
5.505703960322463342e-01
6.095439610199930858e-01
6.617363840849045387e-01
7.068133292607300389e-01
7.442248079364736091e-01
7.736929654341649920e-01
