8.031716817068214054e-01
8.211121672873639143e-01
8.417672049012413504e-01
8.642007568401386397e-01
8.875708084763852534e-01
9.111268978296399590e-01
9.342032946145270023e-01
9.562080914829239608e-01
9.766082718973138066e-01
9.949105813651931696e-01
1.010637753094494995e+00
1.023299336839411655e+00
1.032356087758295793e+00
1.037176685449596736e+00
1.036985688915079473e+00
1.030802550498029602e+00
1.017374124269957658e+00
9.951091046016906638e-01
9.620350538027192533e-01
9.158210544302379796e-01
8.539446578873998162e-01
7.741257167065110911e-01
6.751711874635406563e-01
5.582921292898131993e-01
4.286402031982392558e-01
2.962396552278712125e-01
1.750632267427873479e-01
7.959737350093121222e-02
2.014687810975204080e-02
-3.224807311541213399e-04
1.406402231404809376e-02
5.497781374251029668e-02
1.131956939510071203e-01
1.807731632317013115e-01
2.518482171024666316e-01
3.225573084377100219e-01
3.905921787054044136e-01
4.547179033349225685e-01
5.143815847734638513e-01
5.694354255251175001e-01
6.199561384131455632e-01
6.661339849101173272e-01
7.082080069462212135e-01
7.464303357877843936e-01
7.810480596071813775e-01
8.122952798684722753e-01
8.403907949508256925e-01
8.655386623321889017e-01
8.879300284945197408e-01
9.077453168665313710e-01
9.251562899849360422e-01
9.403277567490269107e-01
9.534188445818879698e-01
9.645838400159585380e-01
9.739726445125939103e-01
9.817309100330554594e-01
9.879999186934811384e-01
9.929162527361335977e-01
9.966112472895407581e-01
9.992100388592185523e-01
1.000829193040997378e+00
1.001565616377998458e+00
1.001305761951038820e+00
1.001301127506530220e+00
1.000011548346815049e+00
9.983551909825152393e-01
9.963356475653238897e-01
9.940162271717264408e-01
9.914613067633957222e-01
9.887305839935534024e-01
9.858780097811133958e-01
9.829516517590723979e-01
9.799938361056756975e-01
9.770413990764599266e-01
9.741259905264330055e-01
9.712744043468461985e-01
9.685089223996956598e-01
9.658476635146888700e-01
9.633049316505518656e-01
9.608915588484698844e-01
9.586152396493246020e-01
9.564808544254281841e-01
9.544907796875324868e-01
9.526451839131099275e-01
9.509423078253430583e-01
9.493787283461917470e-01
9.479496056583798236e-01
9.466489129402015923e-01
9.454696483790396844e-01
9.444040290141114680e-01
9.434436657793634495e-01
9.425797187761079110e-01
9.418030312244151103e-01
9.411042396029728474e-01
9.404738559683493149e-01
9.399023159495631941e-01
9.393799809775533749e-01
9.388970844808275373e-01
9.384435661804616524e-01
9.380087878833485160e-01
9.375809800691894402e-01
9.371462613486051252e-01
9.366868232573599684e-01
9.361774088889104339e-01
9.355779690225017875e-01
9.348167410915202424e-01
9.337455083874144357e-01
9.319952724734260618e-01
9.283376385921083829e-01
9.154437460817240746e-01
4.417370394690662283e-01
9.372037670532381570e-01
9.405645517833781666e-01
9.399381723876124584e-01
9.393227451684336149e-01
9.388616900297568346e-01
9.385209961263066836e-01
9.382592458892908827e-01
9.380256982462240600e-01
9.377110312414518312e-01
9.368534227537730352e-01
9.262032614274169351e-01
9.409206258116352695e-01
9.407720338164472507e-01
9.409124095668466303e-01
9.412917253929659056e-01
9.418291667710004811e-01
9.424953158089849348e-01
9.432787303576514182e-01
9.441760970003827413e-01
9.451898803910869784e-01
9.463297070603082783e-01
9.476179471801362553e-01
9.491038146712195145e-01
9.508995251333202114e-01
9.532745196973283486e-01
9.564525724650972949e-01
5.747777682958852274e-01
9.330259766150839074e-01
9.439011021323034933e-01
9.473685570288788993e-01
9.491152145983590138e-01
9.500773956181225444e-01
9.505427343248415983e-01
9.507197379362372081e-01
9.512013379992154682e-01
9.565238239521418606e-01
9.157192034564274330e-01
9.290537133908781664e-01
9.250296249718426012e-01
9.168998780983191876e-01
9.048741691418915600e-01
8.878684889992342066e-01
8.638844340043284609e-01
8.296530017036121141e-01
7.798829381056503474e-01
7.061249615975160321e-01
5.958460646313432640e-01
4.353377508263339135e-01
2.289007374124764349e-01
4.539477642601476293e-02
1.030640363910408780e-02
1.410843189562824840e-01
3.240770001960924795e-01
4.789034004287004431e-01
5.903755629777160951e-01
6.670721409964517346e-01
7.196808399775413978e-01
7.561556498024869510e-01
7.817906861374992467e-01
8.000388737247607907e-01
8.131784325676276737e-01
8.227487634591863497e-01
8.298202258545893661e-01
8.351594595540040578e-01
8.393313940114804916e-01
8.427629215357741455e-01
8.457830544562768837e-01
8.486483787328563677e-01
8.515591132274620279e-01
8.546690330305827255e-01
8.580913007689900951e-01
8.619015197736843437e-01
8.661388754811070179e-01
8.708059458566096422e-01
8.758675524076010577e-01
8.812487838318079358e-01
8.868317497125607352e-01
8.924482309885701792e-01
8.978505267138426893e-01
9.024770051012034333e-01
8.947723568875003419e-01
9.073886686550496350e-01
9.122859828640731417e-01
9.129722237775601545e-01
9.111876965299794406e-01
9.066857497775137054e-01
8.990935990661690358e-01
8.882067187177916656e-01
8.646401678123434298e-01
