1.123510989784621161e+00
4.636343538967136468e-01
7.493164440948679728e-01
1.111702176789005625e+00
1.134161263630296457e+00
1.117406069848607464e+00
1.091823445841006324e+00
1.064060122276364373e+00
1.036671571266102099e+00
1.011035903293876270e+00
9.880173109596196435e-01
9.681999141663470976e-01
9.519666427733345371e-01
9.395421423808020256e-01
9.310137222236121168e-01
9.263376379728519572e-01
9.253295682143463097e-01
9.276335898843328653e-01
9.326594519316048215e-01
9.394725631892962836e-01
9.466154972385494304e-01
9.518381981154931948e-01
9.517296907188715904e-01
9.413094137631240477e-01
9.138111277681961742e-01
8.612274513014044341e-01
7.765233738127297336e-01
6.580166581321762465e-01
5.141345629906961534e-01
3.637320395249495908e-01
2.288731320018852211e-01
1.248759355435601903e-01
5.586988594372133132e-02
1.746209827303987425e-02
1.831927722791785529e-03
1.352897803520156051e-03
1.005757071383642752e-02
2.380817507801359992e-02
3.982251783006446333e-02
5.645276557468630052e-02
7.264218184617274310e-02
8.775202602543551167e-02
1.013688328115037729e-01
1.131693830306834958e-01
1.228013105814632772e-01
1.297332122602818938e-01
1.329871247325271344e-01
1.305126009134734699e-01
1.173754796198090561e-01
7.982949025720538494e-02
8.546846834848619012e-02
5.633842869180237800e-01
4.463733210925054928e-01
3.691519066444965413e-01
3.431320567081769801e-01
3.326901770440172101e-01
3.287538852281249313e-01
3.278773068785765799e-01
3.282539490054848796e-01
3.284447810789168920e-01
3.264958019746087015e-01
3.178190920324622804e-01
2.868132030966651924e-01
9.160508107334533467e-02
6.406904537429957136e-01
5.059914909731647592e-01
4.844382397708365540e-01
4.826440854731676722e-01
4.882430183062034246e-01
4.977089505621696275e-01
5.096569150608625254e-01
5.234306125216221517e-01
5.386747040828288036e-01
5.551736690884273573e-01
5.727811687275593533e-01
5.913854221395802302e-01
6.108910462781969031e-01
6.312105882307537108e-01
6.522698927043754091e-01
6.741180640401750468e-01
6.944343185117448636e-01
7.178524107519211883e-01
7.405725350695072651e-01
7.632565101631300086e-01
7.857798736538769147e-01
8.079672591413183946e-01
8.296262261366541546e-01
8.505565301926719668e-01
8.705564007315180763e-01
8.894286195520749727e-01
9.069868061677650584e-01
9.230617728794817678e-01
9.375076222989383590e-01
9.502071734905790379e-01
9.610762598168252069e-01
9.700664061625710044e-01
9.771653007358003240e-01
9.823941620695803012e-01
9.858000816832230839e-01
9.874380341826412000e-01
9.873244701627480469e-01
9.852829197634452862e-01
9.801420158960217899e-01
9.572395903194073075e-01
9.970880911808954750e-01
9.848608460792945829e-01
9.781407782652652427e-01
9.733145143076333827e-01
9.688929531823521346e-01
9.650687891541016583e-01
9.618913855193931273e-01
9.594108011258823954e-01
9.576315881732092583e-01
9.563629813123881718e-01
9.555392935174447100e-01
9.544893335960189518e-01
9.522898218988170571e-01
9.471689052161749167e-01
9.354937860365974966e-01
9.083861984940611034e-01
8.406482323171138304e-01
6.756592842023591006e-01
3.872643635523712602e-01
1.443576626965781262e-01
4.633379748651388075e-02
2.282581373590609683e-02
2.226523023634581488e-02
3.112552947876482193e-02
4.576403513927462807e-02
6.395564381263786624e-02
8.387265903505011777e-02
1.042830931247369780e-01
1.236278006685253283e-01
1.424336177848105900e-01
1.599730452186821639e-01
1.762655324104944188e-01
1.913823201681573716e-01
2.054402331048479358e-01
2.185754292301300694e-01
2.309202408147670305e-01
2.425249683476063123e-01
2.538881264499854851e-01
2.651029557565579009e-01
2.757236924205699879e-01
2.862335083998374663e-01
2.967028249566712739e-01
3.071935639930454265e-01
3.177350366287407524e-01
3.282904732060109576e-01
3.386830808912258406e-01
3.484062726042416180e-01
3.560496924113962236e-01
3.570458806357132420e-01
3.290867272025958523e-01
2.395306277241075199e-01
6.305102682041423545e-01
5.813334855195565476e-01
6.009963597818338554e-01
6.470833851707651352e-01
7.221339200366545530e-01
8.412176903135986095e-01
9.554407220506098142e-01
3.060237060412451249e-01
2.128191009645882467e-02
1.625385834597903312e-01
2.722023785502460935e-01
3.499813867893052377e-01
4.100720850444294352e-01
4.609485952241648143e-01
5.060728408963659497e-01
5.478299312084849992e-01
5.874564643881692305e-01
6.256265935182281357e-01
6.626642870198985458e-01
6.986545674019812857e-01
7.335057099715722728e-01
7.669869376258959814e-01
7.987544214452548808e-01
8.283728506926221202e-01
8.553369403056293452e-01
8.790954491422550143e-01
8.990788351647456267e-01
9.147301646041924306e-01
9.255369608787918922e-01
9.310611400478491229e-01
9.309557656121472125e-01
9.249639076479257982e-01
9.128681994122418430e-01
8.927299703902826788e-01
8.691905745308151632e-01
8.356826378386671417e-01
7.905138503272385320e-01
7.245199450346632153e-01
6.071767941213557229e-01
3.018086803350865654e-01
4.647809131874401367e-01
9.345455888133715749e-01
8.727043819010895653e-01
7.979061824971603878e-01
7.240461371279711678e-01
