6.905818604914985004e-01
6.889902463976383951e-01
6.878963946106162464e-01
6.872818932437675388e-01
6.871197329519409536e-01
6.873769897011516861e-01
6.880169598995954372e-01
6.890007976241319110e-01
6.902886688011041771e-01
6.918403813966789162e-01
6.936153381579162058e-01
6.955713922235432500e-01
6.976614631040558567e-01
6.998244830867206279e-01
7.019583932926026781e-01
7.038167126915113592e-01
7.043571786565533399e-01
6.731172603857206171e-01
7.209553752079056466e-01
7.206474932137713063e-01
7.227131329982396934e-01
7.255161796914040284e-01
7.251776954669769681e-01
7.303245207810548090e-01
7.334571718663711604e-01
7.365318240086303758e-01
7.396076705139901231e-01
7.426877872109989287e-01
7.457649810124169498e-01
7.488280401504735506e-01
7.518626751873892511e-01
7.548512829755932296e-01
7.577723246841382432e-01
7.605994847060049135e-01
7.633006085286659914e-01
7.658363319212642129e-01
7.681581917432978024e-01
7.702056608171909957e-01
7.719001248518063685e-01
7.731261038196333146e-01
7.736688511686261593e-01
7.738657341576611337e-01
7.733468417213743562e-01
7.715814370353616392e-01
7.684415359826872738e-01
7.635773750162669904e-01
7.565012206937556938e-01
7.466870155641447404e-01
7.319228725645094968e-01
7.128157845670910486e-01
6.860875587317333268e-01
6.488430198209891309e-01
5.965712347883300737e-01
5.228326618331412545e-01
4.197089010124719355e-01
2.823737555894765827e-01
1.255603348973851341e-01
1.189097351087071465e-02
3.161968984236969427e-02
1.857571563380747415e-01
3.766899955424479751e-01
5.342744929280636157e-01
6.458169869958293452e-01
7.210701063689642920e-01
7.715553675208230988e-01
8.056935965819281842e-01
8.289674002632936300e-01
8.448550481294756498e-01
8.555766923797974988e-01
8.625762270616889049e-01
8.668153628938193300e-01
8.689515213503089530e-01
8.694464727095722045e-01
8.686338138438985945e-01
8.667617211368273678e-01
8.640206110292319996e-01
8.605614269915780046e-01
8.565080110049403395e-01
8.519656965547183214e-01
8.470274768863155224e-01
8.417786286069203205e-01
8.363003630695501345e-01
8.306727571310125180e-01
8.249756914806297692e-01
8.192115150280017133e-01
8.138110825271019921e-01
8.085024321698400795e-01
8.035822783144315196e-01
7.992182086681892672e-01
7.956321260976924048e-01
7.931190532267073934e-01
7.920771590398499873e-01
7.929941707477123902e-01
7.960303644585038363e-01
7.930981960788825447e-01
8.211442294386034346e-01
8.608828136081299043e-01
9.039345669339922118e-01
9.137398991891821920e-01
4.347486552169806395e-01
8.082915461470947804e-03
1.574859753109700000e-01
2.647720239924348795e-01
3.206389615560276685e-01
3.492354774844004250e-01
3.624817957532283086e-01
3.662179211266207157e-01
3.635050023392323304e-01
3.551207079176372239e-01
3.428501732910921862e-01
3.268593077998265262e-01
3.073443106251843027e-01
2.843800474594536665e-01
2.579537387512758628e-01
2.278659114123218754e-01
1.936548211400534181e-01
1.552361326595760593e-01
1.136940683843487843e-01
7.147604443633995275e-02
3.306223873660267543e-02
6.230936562926882478e-03
2.964792555526143698e-03
3.811998431068011617e-02
1.233556856157756731e-01
2.571009061607641422e-01
4.193505397416559810e-01
5.804001653951090800e-01
7.168375219622841188e-01
8.194795388214195508e-01
8.903207425349402016e-01
9.361203350688322988e-01
9.640423466379676176e-01
9.799155875903632351e-01
9.879674263648695609e-01
9.910943766981473724e-01
9.912243925815061862e-01
9.896216578744053693e-01
9.871080916766694635e-01
9.842144859334880369e-01
9.812807054420504826e-01
9.785213249002520097e-01
9.760684853391822235e-01
9.739999121309034225e-01
9.723572948716635578e-01
9.711584198665257350e-01
9.704057386225920512e-01
9.700689214823324802e-01
9.701738191917581577e-01
9.706569222872521996e-01
9.715254160041593146e-01
9.727933937547412757e-01
9.743975439386601822e-01
9.762987505087153961e-01
9.784760691597094162e-01
9.809067878266094498e-01
9.835583865484029964e-01
9.863357308815342561e-01
9.877732490278230415e-01
9.940273422584973151e-01
9.979389807130804035e-01
1.002887783745995964e+00
1.008184208741086607e+00
1.007300305834410992e+00
5.419349488438851559e-01
9.431393943853436657e-01
9.747238999171464746e-01
9.852037220567950726e-01
9.903334540961188370e-01
9.930522065614338922e-01
9.941537649462336423e-01
9.934576032228301656e-01
9.842626370529847790e-01
9.546877560236389781e-01
9.813989513134004916e-01
9.780767503549530062e-01
9.699281419151291050e-01
9.566714917898347936e-01
9.346950696557472238e-01
8.937527261212987462e-01
7.991571487184733202e-01
5.438736941741780795e-01
5.015435304742723588e-01
3.563567266864053895e-01
8.544584847582439302e-01
9.525197372557987485e-01
9.740911636368422277e-01
9.786145682148312819e-01
9.781708499646062371e-01
9.765020674071530626e-01
9.753496204748375309e-01
9.759528888767350363e-01
9.791129687239406021e-01
9.789718903686416285e-01
8.429545753950362652e-01
8.996412422378975704e-02
6.017841628533291409e-01
7.251302028360931962e-01
7.669786809851051324e-01
7.849732092607172307e-01
7.933795289247675964e-01
