4.643836778548507863e+22
3.796289800724751057e+22
3.109676749080955453e+22
2.552373469292908039e+22
2.099161804093167501e+22
1.729895969206515322e+22
1.428453560800878631e+22
1.181909047582983507e+22
9.798814564697163956e+21
8.140186675303923319e+21
6.775890199803657716e+21
5.651573536694564028e+21
4.723275964652206424e+21
3.955378846534934200e+21
3.318972224025157173e+21
2.790550410173569040e+21
2.350968581305925370e+21
1.984606761685076673e+21
1.678698872624461644e+21
1.422793369584133734e+21
1.208318949595993342e+21
1.028234289991251657e+21
8.767450999591622410e+20
7.490751786513627873e+20
6.412808727974809436e+20
5.501004651282846843e+20
4.728317219520936673e+20
4.072321761788281487e+20
3.514377958823084032e+20
3.038965435179669914e+20
2.633140140861695590e+20
2.286088865281177354e+20
1.988763598588194652e+20
1.733580961981593354e+20
1.514174744368701440e+20
1.325191847884007834e+20
1.162123769021885317e+20
1.021167213936842670e+20
8.991086353449153331e+19
7.932284403484344320e+19
7.012213978181286298e+19
6.211304062820829594e+19
5.512912970147832627e+19
4.902867650972672819e+19
4.369078618368562790e+19
3.901217599092240384e+19
3.490447297195531059e+19
3.129194513348186112e+19
2.810959386461399040e+19
2.530154773818430259e+19
2.281970812922197197e+19
2.062260553107542835e+19
1.867443241219893658e+19
1.694422420057628058e+19
1.540516472860572672e+19
1.403399639716795187e+19
1.281051857052920422e+19
1.171716041113452339e+19
1.073861660542321050e+19
9.861536294417070080e+18
9.074257076252597248e+18
8.366577241996998656e+18
7.729560486581632000e+18
7.155368240984228864e+18
6.637115528208670720e+18
6.168746879412110336e+18
5.744929379328466944e+18
5.360960357146418176e+18
5.012687615271344128e+18
4.696440405863732224e+18
4.408969632170629632e+18
4.147395977758724608e+18
3.909164857792443904e+18
3.692007248204656128e+18
3.493905585812409856e+18
3.313064048761680896e+18
3.147882625606507008e+18
2.996934465570401280e+18
2.858946074097665536e+18
2.732779979159045632e+18
2.617419545747123712e+18
2.511955660978845696e+18
2.415575050190388736e+18
2.327550017372959744e+18
2.247229431366321664e+18
2.174030803468354560e+18
2.107433322934980864e+18
2.046971734850105856e+18
1.992230960308724480e+18
1.942841372365565696e+18
1.898474652800603136e+18
1.858840164922377728e+18
1.823681786422522368e+18
1.792775154066952704e+18
1.765925278756489472e+18
1.742964495496841984e+18
1.723750718072621312e+18
1.708165973028156416e+18
1.696115191733691136e+18
1.687525243243907072e+18
1.682344194134545920e+18
1.680540784842715136e+18
1.682104115117590528e+18
1.687043534127144448e+18
1.695388733685665536e+18
1.707190045896315904e+18
1.722518949407253760e+18
1.741468791366623232e+18
1.764155735351722240e+18
1.790719948718826752e+18
1.821327046373987072e+18
1.856169811827952384e+18
1.895470220460130816e+18
1.939481794953141760e+18
1.988492327567905536e+18
2.042827010377414656e+18
2.102852020922059008e+18
2.168978618520542720e+18
2.241667815192092672e+18
2.321435695076111872e+18
2.408859467806327296e+18
2.504584354487788032e+18
2.609331420293726720e+18
2.723906485344948224e+18
2.849210266112524800e+18
2.986249923478586880e+18
3.136152221153426944e+18
3.300178530724280320e+18
3.479741956775738880e+18
3.676426900553507840e+18
3.892011430027600896e+18
4.128492887279958528e+18
4.388117231757970944e+18
4.673412702786784256e+18
4.987228481133020160e+18
5.332779143729894400e+18
5.713695841283767296e+18
6.134085286293267456e+18
6.598597827762349056e+18
7.112506110238882816e+18
7.681796077604721664e+18
8.313272393534795776e+18
9.014680719781971968e+18
9.794849732558622720e+18
1.066385627952209920e+19
1.163321770170527130e+19
1.271611608704053453e+19
1.392766010764062925e+19
1.528519115282234778e+19
1.680864173799532954e+19
1.852095569035541709e+19
2.044858143762358272e+19
2.262205192011018240e+19
2.507666728729254707e+19
2.785329972218831667e+19
3.099934357807623373e+19
3.456983865181009510e+19
3.862880003507980698e+19
4.325079478556957901e+19
4.852281392104275968e+19
5.454649826048307200e+19
6.144078884568613683e+19
6.934508753736318157e+19
7.842303151618478899e+19
8.886700757219816243e+19
1.009035591706753434e+20
1.147998724857196872e+20
1.308715683245223608e+20
1.494920769090763817e+20
1.711039340501954724e+20
1.962324130979523789e+20
2.255020006460336701e+20
2.596563395993031803e+20
2.995824063030258565e+20
3.463398657414890127e+20
4.011967688541890150e+20
4.656730294893725614e+20
5.415934588924967649e+20
6.311525599035305492e+20
7.369938126973528965e+20
8.623068460904092795e+20
1.010946717563294319e+21
1.187580564909828866e+21
1.397868198216600388e+21
1.648684843395186950e+21
1.948396317584282616e+21
2.307199527336945910e+21
2.737544479331319284e+21
3.254658168233421963e+21
3.877195998271945834e+21
4.628053113288371208e+21
5.535376552100032938e+21
6.633830024307531579e+21
7.966176976351767036e+21
9.585265342162153767e+21
1.155652004997281664e+22
1.396107841662026043e+22
1.689974085635568304e+22
2.049795727163073652e+22
2.491213121093903791e+22
