8.245574179422672234e-01
8.114182876630484653e-01
7.901306084491097614e-01
7.549793053735011084e-01
7.220106759789690631e-01
6.487662813605358236e-01
5.390139835187677253e-01
3.648432282494867840e-01
1.236899715316331361e-01
9.255401799231047569e-03
2.868719194244125914e-01
6.160648659605078015e-01
7.917500835319969399e-01
8.712842404181770917e-01
9.070932843568653148e-01
9.231087094241903213e-01
9.296820176591029661e-01
9.314968811857938791e-01
9.307915468167885509e-01
9.286805114418822393e-01
9.257283879318686237e-01
9.222157163168090976e-01
9.182699896268642359e-01
9.139340829282877054e-01
9.092039473085060663e-01
9.040504062105080285e-01
8.984323047062754419e-01
8.923047074757710639e-01
8.856240779714085187e-01
8.783512781925373325e-01
8.704498923062108373e-01
8.597366324945682203e-01
8.524212986383439272e-01
8.428077205623039081e-01
8.322906083323518001e-01
8.211148783564068410e-01
8.093121971475184528e-01
7.969200879617887034e-01
7.839906949999199126e-01
7.705998977603109035e-01
7.568556058697910593e-01
7.428163379853447434e-01
7.290638628234398233e-01
7.165771854405429409e-01
7.084578553717316707e-01
7.199709318834174310e-01
4.185674174224595645e-01
5.828136222364294072e-01
5.810202533817030446e-01
5.660907514044998257e-01
5.463976494613319579e-01
5.236204457996301853e-01
4.980545638497522742e-01
4.694584032982385136e-01
4.372261318164605837e-01
4.003610070744584859e-01
3.573024947273327201e-01
3.067164021236867266e-01
2.573305998432843245e-01
1.836222118491766253e-01
1.005593742331845619e-01
2.233230200875090457e-02
1.235917498844105872e-02
2.109792998378175188e-01
5.994361184840714118e-01
6.154484556512573867e-01
1.015706430296472673e+00
9.905245120359095212e-01
9.361534861264095841e-01
8.340670625232361468e-01
9.402966429558032857e-01
8.660310376091415741e-01
8.274950350507841446e-01
7.981183947168993820e-01
7.737670806786326461e-01
7.529266047549607599e-01
7.344050579376111276e-01
7.179923618547807695e-01
7.027366647937459687e-01
6.882213350492649706e-01
6.739003417172130250e-01
6.591193540762161351e-01
6.430035924106813905e-01
6.242536738403644536e-01
6.007352305920933278e-01
5.685572426408531665e-01
5.197297244703178443e-01
4.340869969607996648e-01
2.646253888460373682e-01
4.981557816662745847e-04
7.825161592375237118e-01
9.859534812194329367e-01
9.440129944512533067e-01
9.060859747218327209e-01
8.809024239639152709e-01
8.644979792533673546e-01
8.538614879828730908e-01
8.471349353627075640e-01
8.431571001661065656e-01
8.411662248897477934e-01
8.406323712269659909e-01
8.411615527490804434e-01
8.424374748982935701e-01
8.441819142454922709e-01
8.461194597703826092e-01
8.478877071638540874e-01
8.492121932413341234e-01
8.500191961453894551e-01
8.490717302215946560e-01
8.455079784532284481e-01
8.374524372046854293e-01
8.211237893869282045e-01
7.877290107457474155e-01
7.124512538560112684e-01
5.081996130619066410e-01
3.274716490945192571e-02
4.769894064825759283e-01
7.604013940900492541e-01
3.681288722814017866e-01
1.063670395472828822e+00
9.640853775093910505e-01
1.004975608793045927e+00
9.999727767406012546e-01
9.933152316209974408e-01
9.855722527742598604e-01
9.763565944500026683e-01
9.651763409197141597e-01
9.514626144269259234e-01
9.345082652559562053e-01
9.133624806235826066e-01
8.866477702831278007e-01
8.521579790355786610e-01
8.047495260857001620e-01
7.430379834121149107e-01
6.643600601607353440e-01
5.423711264550734601e-01
3.623851971158962848e-01
1.294019880849511250e-01
7.032758384813687924e-03
2.894311131483954247e-01
5.632946301480412643e-01
8.150285296568628990e-01
9.206813769717755447e-01
9.609379880864465928e-01
9.720305134075144515e-01
9.695231272753979113e-01
9.602552446558035859e-01
9.439307322787148236e-01
9.328039627307731507e-01
9.167076199812834725e-01
9.045399502894518884e-01
8.880034927993565308e-01
8.722745340191480068e-01
8.567959450445791214e-01
8.415408686012733064e-01
8.265107679654573047e-01
8.117011148964289324e-01
7.970971657557656131e-01
7.826733418955924559e-01
7.683922467323843764e-01
7.542019487407479739e-01
7.400301108583487997e-01
7.250900956456253210e-01
6.954032490390871235e-01
6.968536025316353077e-01
6.813459163494196558e-01
6.644877650848325379e-01
6.440984909675684378e-01
5.804954711655083699e-01
6.246627830945364890e-01
5.899253910362929343e-01
5.454398671525488851e-01
4.563726892986819106e-01
9.936137048327106647e-02
8.719506791139185475e-01
7.387573032705386789e-01
6.802815092363236893e-01
6.452941788795703015e-01
6.138034130199219174e-01
5.987939848939151100e-01
5.783509319341225696e-01
5.581443256752289805e-01
5.367975998549640027e-01
5.100567004624352307e-01
4.876880323893610925e-01
4.545266123260623403e-01
4.123018833514351389e-01
3.557492374825192982e-01
2.775985576262637311e-01
1.718321066849816114e-01
5.369021652786498677e-02
-6.906601429461198434e-03
3.084141408078773794e-01
2.945490168978966428e-01
1.761863932517149511e-01
7.111907923797533559e-01
8.351315232402842792e-01
8.602798650099726663e-01
9.037404822924030023e-01
9.215724844042898489e-01
