9.987627962007010751e-01
9.987558399154869981e-01
9.987491572803950390e-01
9.987427527444970865e-01
9.987366305925157173e-01
9.987307949227322013e-01
9.987252496300250693e-01
9.987199983935882708e-01
9.987150446684678329e-01
9.987103916803893311e-01
9.987060424233580314e-01
9.987019996594221904e-01
9.986982659201916190e-01
9.986948435098956800e-01
9.986917345092128917e-01
9.986889407800790819e-01
9.986864639709385205e-01
9.986843055220213650e-01
9.986824666711829890e-01
9.986809484592508168e-01
9.986797517354739639e-01
9.986788771627245209e-01
9.986783252223090379e-01
9.986780962184496069e-01
9.986781902825095925e-01
9.986786073767218719e-01
9.986793472976531749e-01
9.986804096791083163e-01
9.986817939948828826e-01
9.986834995610869292e-01
9.986855255382194319e-01
9.986878709327073889e-01
9.986905345986779592e-01
9.986935152390323811e-01
9.986968114066634428e-01
9.987004215052087686e-01
9.987043437900200438e-01
9.987085763687340023e-01
9.987131172019461101e-01
9.987179641037234878e-01
9.987231147422068744e-01
9.987285666400740336e-01
9.987343171750822091e-01
9.987403635807350355e-01
9.987467029467204105e-01
9.987533322196958663e-01
9.987602482039947827e-01
9.987674475624465087e-01
9.987749268171948192e-01
9.987826823508159091e-01
9.987907104072020203e-01
9.987990070929583242e-01
9.988075683785364589e-01
9.988163900996894773e-01
9.988254679589004814e-01
9.988347975270316370e-01
9.988443742450308083e-01
9.988541934256869315e-01
9.988642502556007718e-01
9.988745397971607876e-01
9.988850569906155830e-01
9.988957966563650759e-01
9.989067534971647344e-01
9.989179221005989318e-01
9.989292969414258483e-01
9.989408723842672089e-01
9.989526426861508046e-01
9.989646019992657333e-01
9.989767443736913277e-01
9.989890637603128232e-01
9.990015540137362482e-01
9.990142088951531329e-01
9.990270220754878805e-01
9.990399871384748609e-01
9.990530975837649263e-01
9.990663468302044548e-01
9.990797282188760287e-01
9.990932350166303877e-01
9.991068604192858693e-01
9.991205975549291018e-01
9.991344394873981072e-01
9.991483792197343172e-01
9.991624096975922908e-01
9.991765238126490978e-01
9.991907144062509571e-01
9.992049742728631445e-01
9.992192961636127135e-01
9.992336727899351345e-01
9.992480968270232022e-01
9.992625609176015722e-01
9.992770576753082779e-01
9.992915796885282198e-01
9.993061195239029137e-01
9.993206697299045205e-01
9.993352228406063853e-01
9.993497713792671711e-01
9.993643078618335007e-01
9.993788248007263730e-01
9.993933147084331781e-01
9.994077701010288806e-01
9.994221835019384548e-01
9.994365474453291709e-01
9.994508544799191041e-01
9.994650971723524346e-01
9.994792681109783139e-01
9.994933599091078147e-01
9.995073652087966831e-01
9.995212766842589414e-01
9.995350870452713865e-01
9.995487890407678266e-01
9.995623754622433577e-01
9.995758391470573878e-01
9.995891729820389759e-01
9.996023699066635126e-01
9.996154229164690985e-01
9.996283250664175224e-01
9.996410694741185710e-01
9.996536493230369080e-01
9.996660578658799201e-01
9.996782884276458336e-01
9.996903344088663435e-01
9.997021892887381078e-01
9.997138466282092795e-01
9.997253000731277650e-01
9.997365433571944182e-01
9.997475703050633378e-01
9.997583748353502386e-01
9.997689509635656613e-01
9.997792928050459604e-01
9.997893945779231517e-01
9.997992506059759643e-01
9.998088553214590224e-01
9.998182032681535159e-01
9.998272891039337029e-01
9.998361076036760275e-01
9.998446536621392600e-01
9.998529222965303331e-01
9.998609086494616438e-01
9.998686079915086733e-01
9.998760157239920954e-01
9.998831273817072596e-01
9.998899386354691554e-01
9.998964452948598813e-01
9.999026433108356704e-01
9.999085287782636389e-01
9.999140979385640060e-01
9.999193471821652413e-01
9.999242730510257138e-01
9.999288722410868413e-01
9.999331416046228771e-01
9.999370781525690477e-01
9.999406790567453296e-01
9.999439416519757540e-01
9.999468634382173704e-01
9.999494420823268337e-01
9.999516754198749524e-01
9.999535614567586217e-01
9.999550983705056684e-01
9.999562845115236298e-01
9.999571184039393046e-01
9.999575987461691851e-01
9.999577244112435315e-01
9.999574944467068960e-01
9.999569080740858817e-01
9.999559646879077057e-01
9.999546638542474719e-01
9.999530053086568282e-01
9.999509889536921659e-01
9.999486148554344034e-01
9.999458832397607466e-01
9.999427944875453056e-01
9.999393491293456782e-01
9.999355478392323304e-01
9.999313914277706550e-01
9.999268808344194959e-01
9.999220171190511541e-01
9.999168014528483361e-01
9.999112351086254513e-01
9.999053194506634101e-01
9.998990559242733056e-01
9.998924460453814111e-01
9.998854913902130992e-01
9.998781935856945191e-01
9.998705543008735708e-01
9.998625752400364108e-01
9.998542581379936678e-01
9.998456047586402606e-01
9.998366168973193968e-01
9.998272963886269959e-01
9.998176451203573123e-01
9.998076650556635414e-01
9.997973582646377810e-01
9.997867269674970414e-01
9.997757735916126265e-01
9.997645008445350534e-01
9.997529118060619613e-01
9.997410100420168755e-01
9.997287997432500184e-01
9.997162858929410367e-01
9.997034744665094230e-01
