7.030695233052065305e+03
5.745268609356129673e+03
4.704481633959674582e+03
3.860218540964896874e+03
3.174105944868706956e+03
2.615484307036680548e+03
2.159811935898005231e+03
1.787406841810590095e+03
1.482452952456896810e+03
1.232213794515631662e+03
1.026410141448444165e+03
8.567294964846375933e+02
7.164450507579350642e+02
6.001277981862004935e+02
5.034315112056987118e+02
4.229133525130036446e+02
3.558453375535606256e+02
3.000115164362393330e+02
2.535439682829872652e+02
2.148399216345167702e+02
1.825373859433554742e+02
1.555024002458267773e+02
1.328059689854430019e+02
1.136927821514202179e+02
9.754936395667901650e+01
8.387617926420166725e+01
7.226488973117379544e+01
6.238033094364156028e+01
5.394632772240464647e+01
4.673449654319097846e+01
4.055534451974273225e+01
3.525109694179049313e+01
3.069223524992972685e+01
2.676335343995886618e+01
2.337639755837911792e+01
2.045225241339767663e+01
1.792506405076956710e+01
1.573906913311996902e+01
1.384688595225220098e+01
1.220812869309782833e+01
1.078826949245391198e+01
9.557700980121110135e+00
8.490962394007143033e+00
7.566099504093395822e+00
6.764134139570175286e+00
6.068623572527855892e+00
5.465293623701721337e+00
4.941732295415467213e+00
4.487133135092342684e+00
4.092079492803371465e+00
3.748362439540813718e+00
3.448826425579561761e+00
3.187237833106463913e+00
2.958172457494984364e+00
2.756918672485884070e+00
2.579393624451631784e+00
2.422070283682909331e+00
2.281913575259570504e+00
2.156324134630280387e+00
2.043088496143512955e+00
1.940334737853854685e+00
1.846492780885891305e+00
1.760258684794727690e+00
1.680562396707985240e+00
1.606538507791283266e+00
1.537499648440980193e+00
1.472912218841365695e+00
1.412374206091899120e+00
1.355594887533009052e+00
1.302376267124132569e+00
1.252596149216171684e+00
1.206192853372515250e+00
1.163151825777205550e+00
1.123495289827717070e+00
1.087280424131282786e+00
1.054645493378818966e+00
1.008228566696382611e+00
9.982732828923560620e-01
9.763596767567778167e-01
9.577284782626371840e-01
9.425538656787484371e-01
9.308113158445967539e-01
9.224172558567053093e-01
9.172452819611376373e-01
9.151297217634366543e-01
9.158674264543680277e-01
9.192198290757288559e-01
9.249157759240885790e-01
9.326552559554407429e-01
9.421140231468344561e-01
9.529490445997963466e-01
9.648046633132317806e-01
9.773193179176795642e-01
9.901325813261978581e-01
1.002892044455439668e+00
1.015258441474790496e+00
1.026897594835249894e+00
1.036869555018781197e+00
1.047401671498362941e+00
1.055420391166095984e+00
1.061943675007033683e+00
1.066830722347480664e+00
1.070033650009214687e+00
1.071565687600811057e+00
1.071495422387988006e+00
1.069939071470401348e+00
1.067030308368852598e+00
1.062460312222563985e+00
1.059326089487184985e+00
1.053830717795595895e+00
1.048406175344399616e+00
1.043174516825649212e+00
1.038438733211199283e+00
1.034511852643471119e+00
1.031689108928811605e+00
1.030232089473507751e+00
1.030355293390233129e+00
1.032213772391413542e+00
1.035891905519259470e+00
1.041394210293319134e+00
1.047891913652781559e+00
1.057414012249772606e+00
1.067493468775579935e+00
1.078484288676628156e+00
1.089936549977660762e+00
1.101335594466520851e+00
1.112143285143688543e+00
1.121920548907579196e+00
1.131841890134784867e+00
1.132219931528328338e+00
1.136039925990525612e+00
1.136408158445100458e+00
1.134239164176961134e+00
1.130287873868005777e+00
1.125715918198742171e+00
1.122180119220237637e+00
1.121836918814477224e+00
1.127274478003332581e+00
1.141338251825141370e+00
1.166624372251843678e+00
1.204228294003379052e+00
1.276832529421102258e+00
1.354541952588795395e+00
1.456825638994497130e+00
1.583421959452609329e+00
1.734850315559789191e+00
1.911413561269048378e+00
2.113262504711368450e+00
2.340606467202794416e+00
2.593957096110340199e+00
2.874365103439382896e+00
3.183615159565952979e+00
3.524216284059920934e+00
3.913312169656966599e+00
4.321967676847084938e+00
4.787315013002143793e+00
5.309482428875638149e+00
5.898767085672409927e+00
6.572561505705428964e+00
7.337145623960775964e+00
8.196499743870068855e+00
9.196377551471165646e+00
1.034980330686244088e+01
1.168312970885205715e+01
1.322737120684417178e+01
1.501860923568670358e+01
1.709881759213156016e+01
1.951692966340741364e+01
2.233034422180300282e+01
2.561677638561377535e+01
2.941549469825069352e+01
3.386198771255727991e+01
3.904888684552695111e+01
4.510523810491511654e+01
5.218413912363145357e+01
6.046793270201152382e+01
7.017446555260204377e+01
8.156472610425308289e+01
9.495219994412028086e+01
1.107143512699731502e+02
1.293067709509716678e+02
1.512810097418537225e+02
1.773214774916928604e+02
2.081653499188223009e+02
2.448874337876187042e+02
2.886479481534983051e+02
3.409167896459440499e+02
4.035021810890628444e+02
4.786645475569040968e+02
5.693110075545856716e+02
6.792849910585615589e+02
8.133936747348991503e+02
9.765743647152214635e+02
1.173943245582496957e+03
1.412633158499389310e+03
1.702228066918185505e+03
2.054785113157200158e+03
2.485437738204447214e+03
3.012886058838231293e+03
3.660244054242505172e+03
