4.895309644181801104e+128
4.001104770037914004e+128
3.276825246010958949e+128
2.689056017368872412e+128
2.211155372328629667e+128
1.821843943145988172e+128
1.504095035273318857e+128
1.244260454027105819e+128
1.031380683426384915e+128
8.566396178233498215e+127
7.129328263086427914e+127
5.945251338013068892e+127
4.967785838487396922e+127
4.159359537451258641e+127
3.489481892347773734e+127
2.933366189524311112e+127
2.470827558929538766e+127
2.085400163975900719e+127
1.763628806449385996e+127
1.494499552199459971e+127
1.268981344961389545e+127
1.079656370766275460e+127
9.204215046827045053e+126
7.862467797881486460e+126
6.729796721190577268e+126
5.771862558580095120e+126
4.960220765135451590e+126
4.271270148139927481e+126
3.685395481105105945e+126
3.186267198601482692e+126
2.760268492110747138e+126
2.396025894421050008e+126
2.084024057409869705e+126
1.816289130378066829e+126
1.586128119077546263e+126
1.387913996360332300e+126
1.216908261051727581e+126
1.069114194608622412e+126
9.411553197175132273e+125
8.301745797080335919e+125
7.337505797627290079e+125
6.498278977876375825e+125
5.766590146159213314e+125
5.127558540241520058e+125
4.568492821685039541e+125
4.078552090605635413e+125
3.648461741094553116e+125
3.270274936209342384e+125
2.937172086296968910e+125
2.643292031112785523e+125
2.383589707905249390e+125
2.153715977692706295e+125
1.949916015135282906e+125
1.768943272295648387e+125
1.607986526254834792e+125
1.464607933906417490e+125
1.336690359600877450e+125
1.222392525293239361e+125
1.120110768691915490e+125
1.028446391027031721e+125
9.461777394084708817e+124
8.722363048633308496e+124
8.056862309314342141e+124
7.457067226389996091e+124
6.915769253230763093e+124
6.426629093971207194e+124
5.984064531483594633e+124
5.583153626540165132e+124
5.219551074800508429e+124
4.889415841437772635e+124
4.589348474365295448e+124
4.316336734320112974e+124
4.067708380892852491e+124
3.841090123426820378e+124
3.634371889776342572e+124
3.445675688207073194e+124
3.273328441502758283e+124
3.115838260815145611e+124
2.971873702005046410e+124
2.840245611474731512e+124
2.719891223275155392e+124
2.609860216210054194e+124
2.509302479735502479e+124
2.417457371907414698e+124
2.333644282139324996e+124
2.257254336912710232e+124
2.187743108491122903e+124
2.124624205459823873e+124
2.067463640267790474e+124
2.015874882975340408e+124
1.969514522658777129e+124
1.928078468574932067e+124
1.891298632285418069e+124
1.858940040327848489e+124
1.830798333769159193e+124
1.806697617532792680e+124
1.786488627735647415e+124
1.770047190357191307e+124
1.757272948905430250e+124
1.748088342852150250e+124
1.742437822240225234e+124
1.740287287345607141e+124
1.741623745463270624e+124
1.746455179982049604e+124
1.754810629893792758e+124
1.766740480859314726e+124
1.782316971903505984e+124
1.801634924884028586e+124
1.824812707055853881e+124
1.851993440414734142e+124
1.883346475119263542e+124
1.919069148251311643e+124
1.959388853474540420e+124
2.004565451982044844e+124
2.054894060501356709e+124
2.110708258187851816e+124
2.172383761107045929e+124
2.240342620841073408e+124
2.315058012671645727e+124
2.397059689049848398e+124
2.486940185837100250e+124
2.585361882380623261e+124
2.693065032148905749e+124
2.810876898823374842e+124
2.939722153702874085e+124
3.080634714813400544e+124
3.234771236347309533e+124
3.403426490254197800e+124
3.588050920209345798e+124
3.790270693366232070e+124
4.011910627698006668e+124
4.255020434483803520e+124
4.521904787563058655e+124
4.815157815723318094e+124
5.137702714087580503e+124
5.492837287393028447e+124
5.884286375913369542e+124
6.316262277387941244e+124
6.793534470217976458e+124
7.321510170134067874e+124
7.906327521068997621e+124
8.554963539308909707e+124
9.275359307568570948e+124
1.007656536441595483e+125
1.096891076809243261e+125
1.196419994953806684e+125
1.307594222752288374e+125
1.431961976404680341e+125
1.571300082051184582e+125
1.727650647101206667e+125
1.903364048227978734e+125
2.101149393442876746e+125
2.324133839704296468e+125
2.575932417259375066e+125
2.860730336784697854e+125
3.183380147621291694e+125
3.549516589060200832e+125
3.965692550090624047e+125
4.439540247146610606e+125
4.979962572398874321e+125
5.597360588221826696e+125
6.303904388904016587e+125
7.113856067223429555e+125
8.043955373851814810e+125
9.113880917564025524e+125
1.034680251892070577e+126
1.177004371666559750e+126
1.341587758045168931e+126
1.532248408645964203e+126
1.753510359072206512e+126
2.010742866802034835e+126
2.310328612622944090e+126
2.659867279268229492e+126
3.068422325450282704e+126
3.546820580512986102e+126
4.108016527396451515e+126
4.767535928129285585e+126
5.544016914205010208e+126
6.459870986555000340e+126
7.542091765480884189e+126
8.823246075633464507e+126
1.034269039597247849e+127
1.214806629292852330e+127
1.429714175192878118e+127
1.686008204606423432e+127
1.992225484563983452e+127
2.358770084789120481e+127
2.798343478331786133e+127
3.326478414710163825e+127
3.962202685743667612e+127
4.728865740579052410e+127
5.655169797641685885e+127
6.776458168507240890e+127
8.136327622803063086e+127
9.788649652032069511e+127
1.180010855417065507e+128
1.425339381352014049e+128
1.725122217416950858e+128
2.092141354918901523e+128
2.542330765222274706e+128
