7.645075333029160447e+02
6.249241883449017223e+02
5.118889050863427315e+02
4.201896362317922353e+02
3.456668712085408970e+02
2.849952624000521837e+02
2.355117446129200403e+02
1.950800098328251408e+02
1.619834579442192535e+02
1.348404897463729810e+02
1.125373598097672811e+02
9.417485421993457351e+01
7.902587157262802009e+01
6.650161800745289042e+01
5.612461966369258448e+01
4.750714014668436391e+01
4.033389080197527221e+01
3.434815649040910301e+01
2.934064366994178741e+01
2.514050212110821647e+01
2.160808529341880657e+01
1.862910375385140682e+01
1.610989682171324233e+01
1.397360326461621582e+01
1.215705608698097784e+01
1.060826145233395934e+01
9.284349584440096947e+00
8.149907612284632563e+00
7.175621952667514236e+00
6.337171898295361316e+00
5.614327335580480138e+00
4.990212535594283239e+00
4.450705201202333150e+00
3.983945775324757577e+00
3.579936705626839633e+00
3.230215146803731230e+00
2.927585642757781770e+00
2.665901810853103182e+00
2.439888062998570639e+00
2.244994034238567249e+00
2.077275722067713826e+00
1.933298426440664075e+00
1.810057468345380505e+00
1.704913391376761123e+00
1.615538945923026271e+00
1.539875643912864245e+00
1.476098073051627546e+00
1.422584489081228032e+00
1.377892475743639045e+00
1.340738685228038740e+00
1.309981855569601228e+00
1.284608452636487375e+00
1.263720408735320877e+00
1.246524532144619002e+00
1.232323245869029416e+00
1.220506382774045662e+00
1.210543820570651130e+00
1.201978786053301773e+00
1.194421695264589411e+00
1.187544426348485338e+00
1.181074945929527109e+00
1.174792228853405840e+00
1.168521425814692760e+00
1.162129244295094788e+00
1.155519515684855669e+00
1.148628925533126344e+00
1.141422884263233017e+00
1.133891511626341497e+00
1.126045697919722199e+00
1.117913185378390128e+00
1.109534578159470541e+00
1.100959127761083733e+00
1.092240031048952842e+00
1.083428777950604216e+00
1.074567708801995591e+00
1.065679203113990559e+00
1.056748410988674891e+00
1.047693186120445263e+00
1.038307451600466447e+00
1.028146056740427472e+00
1.016270965449300290e+00
1.000637822823835510e+00
9.764422385675022298e-01
9.310521929674324682e-01
8.264663043882181093e-01
5.458695561732453960e-01
6.605059653546020704e-02
2.585780304725616707e-01
5.952815597358911415e-01
7.541194726546307514e-01
8.306134304276959757e-01
8.727221863330448803e-01
8.988440831973573131e-01
9.167275643641904503e-01
9.300113866594249545e-01
9.405663217207470561e-01
9.494358886449807411e-01
9.572684594301318350e-01
9.644021215274115599e-01
9.705498995308508015e-01
9.759248509582095776e-01
9.809127842801120822e-01
9.855196497846012704e-01
9.897046746585911325e-01
9.934332165509063284e-01
9.966735493325615813e-01
9.993954511123094298e-01
1.001570910814630011e+00
1.003175405994327862e+00
1.004189115373664620e+00
1.004597801599980356e+00
1.004393152611477547e+00
1.003572202798592494e+00
1.002134899738840401e+00
1.000077137671430805e+00
9.973701119146215488e-01
9.938854506223717689e-01
9.889837383549816563e-01
9.743026762234263671e-01
9.921149974942546912e-01
9.843615553819740072e-01
9.791497597708828105e-01
9.745292496016015882e-01
9.702432822754930575e-01
9.662956180015677132e-01
9.627613137772995655e-01
9.597425529048371207e-01
9.573537751148003538e-01
9.557150165399775910e-01
9.549480676186270500e-01
9.551737433782845343e-01
9.565096448552790065e-01
9.590681638141301812e-01
9.629546252855697430e-01
9.682655158594402067e-01
9.750867537015915909e-01
9.834919240177769639e-01
9.935403060438823264e-01
1.005274272925820167e+00
1.018715012902911221e+00
1.033853717113725201e+00
1.050629445409331009e+00
1.068860852627411484e+00
1.087964942598018236e+00
1.104939267541953152e+00
9.549247156091741351e-01
1.176641271837828517e+00
1.201001773440678821e+00
1.229706506284219625e+00
1.261129455940809718e+00
1.294942484632145785e+00
1.331152621226920463e+00
1.369925107871234671e+00
1.411549643912050067e+00
1.456444248094471927e+00
1.505173586302192890e+00
1.558475502032472759e+00
1.617294041124074822e+00
1.682818819549713574e+00
1.756531292974282010e+00
1.840258966256037576e+00
1.936239047386785650e+00
2.047193540111470256e+00
2.176417843111169148e+00
2.327881383351809941e+00
2.506309624999648378e+00
2.716976826752107499e+00
2.962111357408848455e+00
3.149601700171882790e+00
3.234970516645153005e+00
3.901940904022194179e+00
4.435128547181845349e+00
5.033060897113943000e+00
5.732521097773138230e+00
6.558143940531848237e+00
7.534934207352432800e+00
8.690967052080077693e+00
1.005864540730599899e+01
1.167574278866269033e+01
1.358657247564259940e+01
1.584351646887933107e+01
1.850924018867110377e+01
2.166012739832272871e+01
2.539172794160109348e+01
2.982707455508958461e+01
3.512800947814896801e+01
4.150748809927770111e+01
4.923783877709667678e+01
5.864993632263872314e+01
7.012538944458553658e+01
8.409383656132352769e+01
1.010478700934508254e+02
1.215768392500538653e+02
1.464113448272500477e+02
1.764712096072520353e+02
2.129158113000931962e+02
2.571997052159302939e+02
3.111333717146681010e+02
3.768544404661530507e+02
4.580115051077050907e+02
