9.929300086188026508e-01
9.941570778781626538e-01
9.952555822277668884e-01
9.962183743686602311e-01
9.970438659268241466e-01
9.977355557659685070e-01
9.983016672017169801e-01
9.987549192734700432e-01
9.991124617041146072e-01
9.993960094956757523e-01
9.996322199048163215e-01
9.998533567544611866e-01
1.000098268842895211e+00
1.000413623306607436e+00
1.000855038993144763e+00
1.001486815554193166e+00
1.002375876711134373e+00
1.003564981871330586e+00
1.004970208799388587e+00
1.005971632026787077e+00
1.003504419529395397e+00
9.801734207578305380e-01
7.867739631567446379e-01
1.210036268914338117e-02
5.911672497755116051e-01
7.812156038893922627e-01
8.455258646958903057e-01
8.747482425805856998e-01
8.903479440481483209e-01
8.994297426282247265e-01
9.049360110759320230e-01
9.082847187627645091e-01
9.102374900493362953e-01
9.112380968690022565e-01
9.115620350419105788e-01
9.113892690567833021e-01
9.108423968590151354e-01
9.100079420828396382e-01
9.089488528321405525e-01
9.077121591905623621e-01
9.063338387693885556e-01
9.048420067748438322e-01
9.032590652898163652e-01
9.016031861764022270e-01
8.998893557547644750e-01
8.981301243520111166e-01
8.963361527985629351e-01
8.945166165017743864e-01
8.926795078521744253e-01
8.908318648681945451e-01
8.889799454954538938e-01
8.871293612484922875e-01
8.852851799221884699e-01
8.834520042790777739e-01
8.816340315041170106e-01
8.798350964859360523e-01
8.780587003176975047e-01
8.763080233916248352e-01
8.745859193252305541e-01
8.728948800109839201e-01
8.712369490386278059e-01
8.696135283793572368e-01
8.680249316764178102e-01
8.664692315384560084e-01
8.649386448665618010e-01
8.634031329344802330e-01
8.614199369104996729e-01
8.577126229927102274e-01
8.603047505991479049e-01
8.587272866186229647e-01
8.574280155053523034e-01
8.561322288342207987e-01
8.552494037501349178e-01
8.541769296018140167e-01
8.531940768172103784e-01
8.522769086373579439e-01
8.514211211956093095e-01
8.506250939176817072e-01
8.498879126232895542e-01
8.492088690339196777e-01
8.485872797227217434e-01
8.480224060745671366e-01
8.475134155141306191e-01
8.470593644823015689e-01
8.466591977177796435e-01
8.463117661407320025e-01
8.460158738714748106e-01
8.457703795464879271e-01
8.455744101579588667e-01
8.454278315789633957e-01
8.453323760977582424e-01
8.452947367412607660e-01
8.453370884974663602e-01
8.455491488085323804e-01
8.467339490926698575e-01
8.429434292029124309e-01
8.443005250045674259e-01
8.446194639277713190e-01
8.415899235877692952e-01
8.445813346627210061e-01
8.446505180198217166e-01
8.446296449588180932e-01
8.445405000319031741e-01
8.443749176331744044e-01
8.441167942479752551e-01
8.437448428037083170e-01
8.432327075571631747e-01
8.425482373511484768e-01
8.416522198909789365e-01
8.404965620070252719e-01
8.390217665836727789e-01
8.371534396761082242e-01
8.347974067904639917e-01
8.318327811201584598e-01
8.281019446790457428e-01
8.233957647597944796e-01
8.174312689439330315e-01
8.098170539895982456e-01
7.999981492175813891e-01
7.871653784580571189e-01
7.701011751584668774e-01
7.468721154162273335e-01
7.140218612345506921e-01
6.673650493009675166e-01
5.969229013614266721e-01
4.873512817050152934e-01
3.177059781380233150e-01
9.949544275953854655e-02
2.021754041894630732e-02
2.909045896816324084e-01
6.162218194211471767e-01
8.031763862257074171e-01
8.948704070810964417e-01
9.411335533794932262e-01
9.679901425696461059e-01
9.459038019364226502e-01
9.777551537420501315e-01
9.845717584735987904e-01
9.882565543988269807e-01
9.902053902325838042e-01
9.924901920717457138e-01
9.935390047460999075e-01
9.943692853383249153e-01
9.950244619696982928e-01
9.955469090087355477e-01
9.959516225242278642e-01
9.961748333244337950e-01
9.857874923370065767e-01
9.971965237990484399e-01
9.972907435069300330e-01
9.973698485090652932e-01
9.973971569348129007e-01
9.973609311697739788e-01
9.972552173740116821e-01
9.970763200709010787e-01
9.968220804242680089e-01
9.964919394558856558e-01
9.960874598287590143e-01
9.956134416909180329e-01
9.950796276228220938e-01
9.944924983410666774e-01
9.933088709174580089e-01
9.854588676690376747e-01
9.903348418245045970e-01
9.899659374880874774e-01
9.891534515267046412e-01
9.881953535467957739e-01
9.871671896891505149e-01
9.861057288218307848e-01
9.850384279952961730e-01
9.839911987695448836e-01
9.829910872719130888e-01
9.820671156886994213e-01
9.812496718791967609e-01
9.805671840115349758e-01
9.800351923279319033e-01
9.796178095932578378e-01
9.790378152397489764e-01
9.751553771122923875e-01
9.870696457215013542e-01
9.842952526836700189e-01
9.818282858383652334e-01
9.721346721702965876e-01
9.342458976060949993e-01
7.822160817122405518e-01
2.291450521698408793e-01
1.100265281014101565e-01
4.494135325307184736e-01
6.191803632474843777e-01
7.007297672297182478e-01
7.448866893443226722e-01
7.710925813355296032e-01
7.875836784035121774e-01
7.982370868910854123e-01
8.033737366682937031e-01
8.084500455212049186e-01
8.123146237916717416e-01
8.139775437242539047e-01
8.145076475619242862e-01
8.141894219254772747e-01
