9.927568197961187391e-01
9.952206498244442479e-01
9.971229037051151378e-01
9.985178012301605399e-01
9.994623816199567079e-01
1.000014605763081432e+00
1.000231804264679836e+00
1.000169437712563392e+00
9.998801354036263023e-01
9.994129794106787479e-01
9.988130021197195729e-01
9.981208670679753148e-01
9.973727049283579449e-01
9.966000787037964104e-01
9.958300545225040601e-01
9.950853567890068918e-01
9.943845887863304034e-01
9.937425020946361043e-01
9.931703003613790992e-01
9.926759649951767406e-01
9.922645922514786720e-01
9.919387329159086164e-01
9.916987273703514738e-01
9.915430302451763156e-01
9.914685201227227962e-01
9.914707908662208080e-01
9.915444221152857063e-01
9.916832273201431347e-01
9.918804783945402992e-01
9.921291066599515762e-01
9.924218802436768350e-01
9.927515584904504919e-01
9.931110242628670148e-01
9.934933952464058970e-01
9.938921155556201814e-01
9.943010290610586610e-01
9.947144359354811449e-01
9.951271339553195983e-01
9.955344461001146561e-01
9.959322359710875983e-01
9.963169125080317823e-01
9.966854254238665112e-01
9.970352527045240887e-01
9.973643814400741103e-01
9.976712831647024382e-01
9.979548847924711863e-01
9.982145361413581330e-01
9.984499749454168738e-01
9.986612901628232342e-01
9.988488842989824423e-01
9.990134353773704179e-01
9.991558591109759302e-01
9.992772717489963874e-01
9.993789540034367924e-01
9.994623163931002363e-01
9.995288662822350290e-01
9.995801768350779382e-01
9.996178580575465489e-01
9.996435300521709921e-01
9.996587985719638247e-01
9.996652329231517919e-01
9.996643462360945698e-01
9.996575780957414059e-01
9.996462795007104996e-01
9.996317000995276203e-01
9.996149776371185958e-01
9.995971295302714665e-01
9.995790464809903852e-01
9.995614880278448355e-01
9.995450799298618572e-01
9.995303132730808393e-01
9.995175451877983397e-01
9.995070010640801916e-01
9.994987781532665982e-01
9.994928504453176599e-01
9.994890747149032251e-01
9.994871976325254703e-01
9.994868638426031016e-01
9.994876249144706293e-01
9.994889490795653142e-01
9.994902316744290749e-01
9.994908062162360940e-01
9.994899560456260712e-01
9.994869264803095676e-01
9.994809374321955708e-01
9.994711964501602486e-01
9.994569121618078755e-01
9.994373080989720215e-01
9.994116369037624459e-01
9.993791949262134100e-01
9.993393372377200601e-01
9.992914931009845292e-01
9.992351819510107980e-01
9.991700299574313160e-01
9.990957872503430925e-01
9.990123458977043791e-01
9.989197587175687731e-01
9.988182589817772294e-01
9.987082810004480615e-01
9.985904814407829955e-01
9.984657609732608963e-01
9.983352853578514319e-01
9.982005042154438179e-01
9.980631641615170802e-01
9.979253101451012187e-01
9.977892636495214740e-01
9.976575567832531855e-01
9.975327830196718537e-01
9.974172897550600547e-01
9.973125661822707100e-01
9.972180296385377840e-01
9.971285818278812219e-01
9.970295254165743026e-01
9.968854301880094582e-01
9.966137691505393414e-01
9.960144649167544939e-01
9.945431001869415866e-01
9.905222876708500435e-01
9.818437888082557352e-01
9.600015074616358168e-01
8.650742103016830775e-01
3.024908266884767105e-01
3.687067258702450001e-01
7.640630336034810455e-01
8.684854662344747567e-01
9.082363107409411329e-01
9.276575964611307734e-01
9.386591671861531649e-01
9.455018103589711842e-01
9.500304118903860617e-01
9.531575139528570828e-01
9.553807813616957967e-01
9.569926178970211694e-01
9.581751920127983269e-01
9.590474612788871811e-01
9.596901343933750272e-01
9.601597046927143886e-01
9.604967259474836982e-01
9.607308938089454964e-01
9.608842755349248366e-01
9.609734251011218253e-01
9.610108051953860642e-01
9.610057658727982899e-01
9.609652326368555153e-01
9.608942000558597929e-01
9.607960929432385333e-01
9.606730360794814017e-01
9.605260601373709628e-01
9.603552628621652154e-01
9.601599388797694701e-01
9.599386876893059029e-01
9.596895067847660554e-01
9.594098750315596114e-01
9.590968301329900747e-01
9.587470430865934201e-01
9.583568918383807977e-01
9.579225358145176950e-01
9.574399925943226641e-01
9.569052176481899208e-01
9.563141877719548711e-01
9.556629885885563613e-01
9.549479062435490828e-01
9.541655231836072559e-01
9.533128176702130308e-01
9.523872664396041410e-01
9.513869496727275221e-01
9.503106571867743213e-01
9.491579945080576008e-01
9.479294872445142017e-01
9.466266819691890877e-01
9.452522416857942478e-01
9.438100339471073852e-01
9.423052099496097567e-01
9.407442736533806471e-01
9.391351415651827406e-01
9.374871969875270272e-01
9.358113485031606116e-01
9.341201128614929905e-01
9.324277562715316270e-01
9.307505176620587406e-01
9.291066640495515561e-01
9.275134547169439081e-01
9.259459432665753109e-01
9.233076152370652823e-01
8.939614289203007269e-01
9.181392252834311707e-01
9.182811341337840938e-01
9.174833608310267730e-01
9.165318567863516286e-01
9.155714233014450310e-01
9.146391446690890215e-01
9.137401988667182007e-01
9.128705181000857927e-01
9.120376512845344008e-01
9.113135900100273190e-01
9.110419970987740923e-01
9.125922354420195060e-01
8.748833487099673123e-01
8.921075521386734319e-01
8.904997533349203742e-01
