6.384078926921499253e-01
8.768029551666566279e-01
9.280892904175068736e-01
9.471437697512694598e-01
9.571121809516434098e-01
9.627411546536221998e-01
9.655766643450416353e-01
9.662945132414231253e-01
9.652773272374352009e-01
9.627972261766619688e-01
9.590819972514436076e-01
9.543403948111255364e-01
9.487714372790309048e-01
9.425670763886014880e-01
9.359121553898174239e-01
9.289834507836288724e-01
9.219489107934996097e-01
9.149719952631044650e-01
9.081400811606996637e-01
9.016919247491377298e-01
8.956762590196835072e-01
8.902368369421816974e-01
8.854523921179496826e-01
8.814247350821519111e-01
8.782375261075415773e-01
8.759674843291985757e-01
8.746854128476421186e-01
8.744572373812861121e-01
8.753447406984634638e-01
8.774067400354010893e-01
8.806975043002887027e-01
8.852670736150698438e-01
8.911584507224736829e-01
8.984092309762702344e-01
9.068914807543053680e-01
9.168445232108659582e-01
9.279537282317484870e-01
9.400404262510387854e-01
9.527007823834636735e-01
9.652495929090509907e-01
9.766105294080967836e-01
9.851456175986128549e-01
9.864225122240837251e-01
9.013189051745007507e-01
1.975756127065238510e-01
3.360895372281293425e-01
3.363930001197805164e-01
2.160090382992591596e-01
9.520946189941328908e-02
2.121969218645308394e-02
1.883886820210600591e-03
2.269592858419930068e-02
6.557551809948354571e-02
1.174680430850585239e-01
1.709430851822643649e-01
2.223986946517358954e-01
2.704006211615964661e-01
3.146178357105304801e-01
3.552277500888729178e-01
3.926086711691178510e-01
4.271902349793267328e-01
4.593856744685086424e-01
4.895647272063025079e-01
5.180449819378164511e-01
5.450970960459365910e-01
5.709410027712290558e-01
5.957592001691538464e-01
6.196982910942299139e-01
6.428744306797163910e-01
6.653774269443669676e-01
6.872741951317112852e-01
7.086116549660549380e-01
7.294191718834340810e-01
7.497106415856733541e-01
7.694863080740026451e-01
7.887343933899038095e-01
8.074326048831245162e-01
8.255495739519975729e-01
8.430462695653306859e-01
8.598774222884031371e-01
8.759929987053901579e-01
8.913398421202094468e-01
9.058645518386387874e-01
9.194460419167445053e-01
9.321980307452341075e-01
9.439190792749811987e-01
9.546020215770978368e-01
9.642104868167080678e-01
9.727040041196457487e-01
9.800563680599064798e-01
9.862481959420356104e-01
9.912693284353962797e-01
9.951185381625938797e-01
9.978095743724896272e-01
9.993559982226699612e-01
9.997895391813124144e-01
9.991479677172752094e-01
9.974775645535611801e-01
9.948321032435580857e-01
9.912718242638308697e-01
9.868623184833298367e-01
9.816733305489769856e-01
9.757774842636919299e-01
9.692488945251430676e-01
9.621615415656397108e-01
9.545870614019303924e-01
9.465907826302806249e-01
9.382241129412444147e-01
9.294987512244711203e-01
9.202915030364308135e-01
9.096472199622824828e-01
8.298265949898060434e-01
9.083774544869589462e-01
9.020591426133648394e-01
8.272384316943203197e-01
8.613275887884461746e-01
8.565526226624607942e-01
8.496980115284681334e-01
8.424973045120885962e-01
8.353624159560288920e-01
8.284542219235179195e-01
8.218573731312133201e-01
8.156286954974324432e-01
8.098067689907711975e-01
8.044271139865692977e-01
7.995198159570032770e-01
7.951096001295439031e-01
7.912126485899015904e-01
7.878978360765626077e-01
7.851588397792510499e-01
7.830354950299617256e-01
7.815643773975540221e-01
7.807864475807575477e-01
7.807486670241007287e-01
7.815048289166115492e-01
7.831148678849857436e-01
7.856398048811924495e-01
7.891239537203044163e-01
7.935376131592367654e-01
7.985799571893348325e-01
8.028519959305446818e-01
7.983988917886847281e-01
5.326172365930974539e-01
9.309680251837519904e-01
9.331748614987429580e-01
9.487426121014547187e-01
8.695125031068532406e-01
2.864253722325423301e-01
6.089955815784039300e-02
2.917425859829944068e-01
4.223641599069785091e-01
4.993056877874373911e-01
5.564553616955409954e-01
5.957486705814403205e-01
6.249404192059619945e-01
6.480978176097377252e-01
6.674328037104949596e-01
6.842434169074963490e-01
6.993404380949408417e-01
7.132333489084297096e-01
7.263203814353123011e-01
7.388233756862119250e-01
7.509269677575161062e-01
7.627542897411908607e-01
7.744127870809397463e-01
7.859563555357783615e-01
7.974270117760265952e-01
8.088765537233117975e-01
8.202838117335508050e-01
8.316573077775082368e-01
8.429734294706328068e-01
8.541891349674620715e-01
8.652360346690460835e-01
8.760108525018346359e-01
8.863583102392590396e-01
8.960384437470600982e-01
9.046587810306854216e-01
9.115174250875948125e-01
9.151839553430616281e-01
9.121346258189634293e-01
8.907740035336442208e-01
7.883244652292388244e-01
6.406656695878532037e-02
8.215698204737585941e-01
9.472048526238104893e-01
9.557899638347158167e-01
9.301044713080214299e-01
8.187590068224613882e-01
7.017834305761284641e-01
5.774671578148425910e-01
3.990469029305378917e-02
4.253674814496175016e-01
8.011637331186722832e-01
9.285314453796591483e-01
9.747520507488945940e-01
9.912813742044661591e-01
9.942531014112100385e-01
9.897425429023866128e-01
9.804525624567574926e-01
9.677873434898605076e-01
