8.723755120224574394e+74
7.130473994307509909e+74
5.839920422242761386e+74
4.792572185804098092e+74
3.940970944652337152e+74
3.247209420888045999e+74
2.680955153312602430e+74
2.217893610259199252e+74
1.838499594205381501e+74
1.527066071426915067e+74
1.270935190888523280e+74
1.059888370779646230e+74
8.856617342170936970e+73
7.415604859340707713e+73
6.221515137925438976e+73
5.230179379615091042e+73
4.405627979139920787e+73
3.718517798442557562e+73
3.144870125120754436e+73
2.665056274522233594e+73
2.262980905242511476e+73
1.925423438625579577e+73
1.641506110813456561e+73
1.402263612183511672e+73
1.200294352052029395e+73
1.029477412788783768e+73
8.847424520880944625e+72
7.618823503385817505e+72
6.574004201551978550e+72
5.683856050661559460e+72
4.924103795257203613e+72
4.274470898349672555e+72
3.717992981122520660e+72
3.240453510342904380e+72
2.829919247280074305e+72
2.476357231308095786e+72
2.171318502385313439e+72
1.907676533419049087e+72
1.679410578945952326e+72
1.481425954575268074e+72
1.309404726495802358e+72
1.159681478667087195e+72
1.029139790771619417e+72
9.151258455156211546e+71
8.153762238368165392e+71
7.279574687447725086e+71
6.512154251665540966e+71
5.837327122323040700e+71
5.242929704449082605e+71
4.718507608556464071e+71
4.255061861461219012e+71
3.844834621627826386e+71
3.481127991236751638e+71
3.158150595352224439e+71
2.870887489202603246e+71
2.614989691394741391e+71
2.386680251123018569e+71
2.182674263663036984e+71
2.000110668838498205e+71
1.836494016797183064e+71
1.689644676608031315e+71
1.557656205862215942e+71
1.438858802351171547e+71
1.331787928107266154e+71
1.235157338145802769e+71
1.147835864994552895e+71
1.068827409953207325e+71
9.972536758119559091e+70
9.323392463290133854e+70
8.733986771708387779e+70
8.198253131510580772e+70
7.710815889180662382e+70
7.266906060493106500e+70
6.862288098022956670e+70
6.493196144519685351e+70
6.156278479656501972e+70
5.848549052623636347e+70
5.567345150884522753e+70
5.310290389522525371e+70
5.075262320188656738e+70
4.860364056379130988e+70
4.663899395474089234e+70
4.484350989462612236e+70
4.320361177707925242e+70
4.170715147773331728e+70
4.034326135558284043e+70
3.910222415123560090e+70
3.797535862009434004e+70
3.695491903087534612e+70
3.603400690941800928e+70
3.520649362692148731e+70
3.446695262119195494e+70
3.381060020218598735e+70
3.323324404249722356e+70
3.273123857412424025e+70
3.230144662953447032e+70
3.194120676077348187e+70
3.164830576078341180e+70
3.142095598895427982e+70
3.125777717600361939e+70
3.115778244828216228e+70
3.112036837366357160e+70
3.114530888815676855e+70
3.123275301766209679e+70
3.138322636264372164e+70
3.159763636659215906e+70
3.187728144210038937e+70
3.222386408309318226e+70
3.263950814896422680e+70
3.312678056614726497e+70
3.368871775770379988e+70
3.432885718230879818e+70
3.505127444102161046e+70
3.586062649684545438e+70
3.676220164834680962e+70
3.776197700730356737e+70
3.886668435342188339e+70
4.008388537953857553e+70
4.142205750062424170e+70
4.289069158363549391e+70
4.450040316645995608e+70
4.626305897742308687e+70
4.819192084761449110e+70
5.030180943428083101e+70
5.260929054860933481e+70
5.513288732201073857e+70
5.789332195014816588e+70
6.091379134998945718e+70
6.422028175262229853e+70
6.784192806604206701e+70
7.181142477990685474e+70
7.616549629257807992e+70
8.094543583233905781e+70
8.619772366418125310e+70
9.197473705768519034e+70
9.833556658972323244e+70
1.053469558274899237e+71
1.130843843536499411e+71
1.216333175356699734e+71
1.310906505115382243e+71
1.415663786788540573e+71
1.531855326833070897e+71
1.660904226731898178e+71
1.804432446344379343e+71
1.964291111913150450e+71
2.142595806581415956e+71
2.341767717245625268e+71
2.564581673915532116e+71
2.814222311875867109e+71
3.094349819352190637e+71
3.409177011970513274e+71
3.763559809722476636e+71
4.163103594013103413e+71
4.614288406189956477e+71
5.124616531690939580e+71
5.702786717499969491e+71
6.358900120241497486e+71
7.104704111026546815e+71
7.953881308126845575e+71
8.922392721117231269e+71
1.002888572528418175e+72
1.129517981948703592e+72
1.274684584145011117e+72
1.441389763403045280e+72
1.633161921080505880e+72
1.854155542958448460e+72
2.109270025862620259e+72
2.404292417426976453e+72
2.746069138481707406e+72
3.142712884069214351e+72
3.603852286660783760e+72
4.140933637408226512e+72
4.767586076258908403e+72
5.500064279135770913e+72
6.357785913102109323e+72
7.363985154726547286e+72
8.546508567514002950e+72
9.938785858473391108e+72
1.158101579105689031e+73
1.352161721555770206e+73
1.581900728328207641e+73
1.854378406776084847e+73
2.178140982079874968e+73
2.563551495782884725e+73
3.023197288507898045e+73
3.572393359238923011e+73
4.229805163939592481e+73
5.018220443651957175e+73
5.965507300010937645e+73
7.105805403668902248e+73
8.481009493727233533e+73
1.014261992916569576e+74
1.215405492223631267e+74
1.459354442338819697e+74
1.755775799575509299e+74
2.116636042685197173e+74
2.556774188599655150e+74
3.094623752858647236e+74
3.753123897083829581e+74
4.560871272261900158e+74
