4.009837044073085721e+00
3.454887596587463694e+00
2.993970491164398506e+00
2.610901586454784429e+00
2.292619101662559888e+00
2.028506251756058365e+00
1.809868290958288828e+00
1.629528746551848428e+00
1.481517581673894135e+00
1.360830185130812220e+00
1.263240859134256988e+00
1.185158177317286787e+00
1.123512457614144644e+00
1.075667824119693528e+00
1.039353062666061867e+00
1.012606817799045711e+00
9.937337201727595160e-01
9.812688399003897111e-01
9.739484849962636304e-01
9.706858451232556195e-01
9.705503509053838851e-01
9.727499026711721175e-01
9.766153388645244515e-01
9.815866785312912235e-01
9.872007960167404894e-01
9.930802785035763858e-01
9.989232854790610627e-01
1.004494279284526392e+00
1.009615531963192536e+00
1.014159339115181968e+00
1.018040889058173359e+00
1.021211747337990250e+00
1.023653924134196869e+00
1.025374496572732275e+00
1.026400760327801809e+00
1.026775885860864213e+00
1.026555054731799643e+00
1.025802051004300219e+00
1.024586282133608250e+00
1.022980203056130355e+00
1.021057116631101769e+00
1.018889323192058383e+00
1.016546591797963472e+00
1.014094925847704554e+00
1.011595596040504752e+00
1.009104414214789136e+00
1.006671222358348716e+00
1.004339572028371430e+00
1.002146570521449620e+00
1.000122871362528754e+00
9.982927880063015014e-01
9.966745110421951770e-01
9.952804106325274791e-01
9.941174073761410712e-01
9.931873962511333920e-01
9.924877097357813760e-01
9.920116076187979193e-01
9.917487823778567968e-01
9.916858703175482903e-01
9.918069599065307829e-01
9.920940899332324481e-01
9.925277312054092693e-01
9.930872465478357558e-01
9.937513248048748249e-01
9.944983854282679614e-01
9.953069510285220689e-01
9.961559859900542824e-01
9.970251999003795218e-01
9.978953151238151298e-01
9.987482983641008394e-01
9.995675565116522998e-01
1.000338097464041232e+00
1.001046656946877000e+00
1.001681792649558034e+00
1.002233947231933708e+00
1.002695481957199375e+00
1.003060682866421693e+00
1.003325741537027360e+00
1.003488712561498852e+00
1.003549449951083528e+00
1.003509524712552947e+00
1.003372125868326581e+00
1.003141947194274852e+00
1.002825061938589446e+00
1.002428787760344164e+00
1.001961544090236078e+00
1.001432704071347102e+00
1.000852443184194973e+00
1.000231586599238165e+00
9.995814572319080549e-01
9.989137263959331214e-01
9.982402688606991648e-01
9.975730240051731146e-01
9.969238646174599650e-01
9.963044746907050442e-01
9.957262372779103199e-01
9.952001330324286021e-01
9.947366493759962625e-01
9.943456991311424575e-01
9.940365456408142286e-01
9.938177283651207228e-01
9.936969777948794214e-01
9.936810996379228378e-01
9.937757926296767463e-01
9.939853363740643877e-01
9.943120344144477096e-01
9.947552014489663419e-01
9.953092970226137259e-01
9.959604337135706809e-01
9.966797059967383854e-01
9.974100743410344583e-01
9.980395792836211921e-01
9.983438808045012047e-01
9.978550056540556046e-01
9.955365744479609535e-01
9.888937837863656100e-01
9.711954343683546487e-01
9.213159043661618419e-01
7.615954363062334975e-01
2.758715347659185246e-01
6.477058945864383466e-02
4.622651483625045965e-01
6.778458048481020848e-01
7.772522114450343134e-01
8.293509801919664026e-01
8.599114489754772217e-01
8.793311010953069884e-01
8.923656015594251256e-01
9.014349781811267226e-01
9.078806895145320466e-01
9.124996090979291541e-01
9.157929521318926014e-01
9.180907150615708057e-01
9.196129420082337358e-01
9.205078113089097958e-01
9.209731148338641260e-01
9.210780889490495227e-01
9.208756350400115753e-01
9.204351470439625649e-01
9.198153377943973918e-01
9.190668747460096766e-01
9.182347976771374487e-01
9.173598060159566803e-01
9.164788793097979891e-01
9.156254353632410359e-01
9.148290835475839655e-01
9.141149184805006378e-01
9.135021345944694948e-01
9.130013828267765641e-01
9.126093308045311048e-01
9.122958613948032314e-01
9.119676654985676700e-01
9.113313257515155419e-01
9.090438173057535653e-01
8.722604803365455739e-01
9.251377639441948908e-01
9.220691570105108426e-01
9.220567679673649097e-01
9.228039720597213114e-01
9.237977009826486841e-01
9.247694050356413120e-01
9.266970041581246154e-01
9.277774669440574939e-01
9.287583946882518315e-01
9.295045642152720555e-01
9.299175378281041571e-01
9.299047980521106815e-01
9.293764698338570218e-01
9.282462637424124807e-01
9.264338492272685688e-01
9.238680735317074122e-01
9.204908697099762893e-01
9.162618114934749647e-01
9.111633091454045541e-01
9.052064522580410832e-01
8.984375080206369324e-01
8.909450822340138076e-01
8.828679476843046547e-01
8.744035418935677262e-01
8.658171350157745083e-01
8.574516701691078380e-01
8.497382845590565337e-01
8.432075326979496799e-01
8.385013560178404823e-01
8.363858806137217661e-01
8.377651831368962965e-01
8.436962540627332974e-01
8.554055255529338098e-01
8.743075555923578435e-01
9.020268685075187864e-01
9.404248597744340188e-01
9.916363816518242169e-01
1.058132420707771582e+00
1.142911804413462962e+00
1.251863015949541857e+00
1.374057387013327247e+00
1.534338288019212682e+00
1.727284462314970126e+00
1.959499600666182673e+00
2.237953933911054794e+00
