1.004065174341354894e+00
1.004644674039099961e+00
1.004786599769914357e+00
1.004579212795228660e+00
1.004103640930246177e+00
1.003433089829524505e+00
1.002632400191582285e+00
1.001757894101294566e+00
1.000857458494142316e+00
9.999708186838982549e-01
9.991299598920670988e-01
9.983596596312365179e-01
9.976780985396552781e-01
9.970975217670512425e-01
9.966249272272869053e-01
9.962627609307732612e-01
9.960096031652213577e-01
9.958608325054242316e-01
9.958092574995854873e-01
9.958457084074561205e-01
9.959595835720804757e-01
9.961393469034784953e-01
9.963729745617825317e-01
9.966483502674904349e-01
9.969536097595851354e-01
9.972774357856198923e-01
9.976093056627360900e-01
9.979396939075502182e-01
9.982602327109529883e-01
9.985638331353902108e-01
9.988447698406658359e-01
9.990987318899541281e-01
9.993228417331456725e-01
9.995156437700957186e-01
9.996770629084283932e-01
9.998083321515824906e-01
9.999118863479965480e-01
9.999912165864752733e-01
1.000050676024924368e+00
1.000095222709532772e+00
1.000130077463582845e+00
1.000160264100037999e+00
1.000189983354149881e+00
1.000221748416536993e+00
1.000255174648837064e+00
1.000285262422977439e+00
1.000299929472230787e+00
1.000276420456032156e+00
1.000176018192059813e+00
9.999361557471311279e-01
9.994585012906979093e-01
9.985907224611184629e-01
9.970982030348524150e-01
9.946195930706012156e-01
9.905960900877562869e-01
9.841578217753416125e-01
9.739405226588075948e-01
9.577918602740143061e-01
9.323157335793653688e-01
8.922264769074930157e-01
8.296564438614559833e-01
7.341924970407747164e-01
5.960075504280841763e-01
4.161817331251946306e-01
2.228870797716477337e-01
7.101609474445562398e-02
3.368225637387635592e-03
1.604858706261124909e-02
7.533901075154636473e-02
1.501189942179675940e-01
2.230990986852810776e-01
2.875145851504552486e-01
3.419460066426741052e-01
3.871133014523296390e-01
4.243692970456330871e-01
4.550961521554344746e-01
4.805038954698969134e-01
5.015900375717470272e-01
5.191564565772305295e-01
5.338418841355244693e-01
5.461545620796285361e-01
5.565002232995719389e-01
5.652045847620629226e-01
5.725309182315400092e-01
5.786936059228989793e-01
5.838685559757742505e-01
5.882012091733480608e-01
5.918127124549223961e-01
5.948046989375493920e-01
5.972630050360602239e-01
5.992605701490308912e-01
6.008596973149959997e-01
6.021137962115555853e-01
6.030686696209449638e-01
6.037633090258891500e-01
6.042299280917586835e-01
6.044921263287987845e-01
6.045559444928750858e-01
6.043546594524478177e-01
6.023474630361922433e-01
6.052885850010056856e-01
6.045734057483643786e-01
6.041170108343448808e-01
6.036947547163584726e-01
6.027314937975007947e-01
6.026461210390401391e-01
6.021723039324115012e-01
6.016769061493121296e-01
6.011750279213251558e-01
6.006731733459814704e-01
6.001755307401649420e-01
5.996848804613978956e-01
5.992028032510542390e-01
5.987297360049304018e-01
5.982649821914884924e-01
5.978067045573609573e-01
5.973519086762012487e-01
5.968964204101470106e-01
5.964348585417452719e-01
5.959606031462401088e-01
5.954657599569376236e-01
5.949411207783958933e-01
5.943761198332815354e-01
5.937587857468755725e-01
5.930756886529936489e-01
5.923118816219187233e-01
5.914508352294671756e-01
5.904743635531647383e-01
5.893625391019278181e-01
5.880935929883395197e-01
5.866437947105768158e-01
5.849873025686378458e-01
5.830959696122275382e-01
5.809390780052933190e-01
5.784829493754400920e-01
5.756903208372605718e-01
5.725192308656449347e-01
5.689207480218200219e-01
5.648335238025155025e-01
5.601676727319585547e-01
5.547399533308535746e-01
5.478165368408521863e-01
5.068501014287638551e-01
5.387824246146152296e-01
5.304576164805945293e-01
5.215639239171074859e-01
5.119393792036310842e-01
5.016684362050083390e-01
4.872829063111334125e-01
4.752723835535836994e-01
4.610349625852488975e-01
4.452025542899049615e-01
4.277319451334394285e-01
4.085177958889994465e-01
3.874449153544977098e-01
3.644050430537669194e-01
3.393108395512658970e-01
3.121131806023595412e-01
2.828243045215560469e-01
2.515485914858250904e-01
2.185221929070118030e-01
1.841616366054413256e-01
1.491193851626955724e-01
1.143406483727937711e-01
8.111033494908255481e-02
5.107242672166498187e-02
2.619830533406871872e-02
8.679684238560117851e-03
7.311666738872344253e-04
4.310841993976246081e-03
2.080189898823793862e-02
5.073072284321406694e-02
9.360703763107916520e-02
1.479443249937733573e-01
2.114317028328498160e-01
2.813842393494317418e-01
3.550294701451447987e-01
4.296035827171554300e-01
5.029149993865009716e-01
5.732162669700464619e-01
6.392340006094645588e-01
7.001045433470225454e-01
7.552820045898069878e-01
8.044434519961508601e-01
8.474050382276847593e-01
8.840551423941572784e-01
9.143061109299663869e-01
9.380643143629685543e-01
9.552078666147815200e-01
9.647044462703121548e-01
9.609721595790381432e-01
9.620766562770648456e-01
9.508966886405934016e-01
9.315438341267674449e-01
9.042126121406366401e-01
8.690147767744993423e-01
8.262247994827943698e-01
7.763652409987844560e-01
7.202521508451218413e-01
6.590058827862316226e-01
