1.349001114149217146e+248
1.102652526200899716e+248
9.031059558588391537e+247
7.411600589586425437e+247
6.094782484462392080e+247
5.022003097102337193e+247
4.146369429793797192e+247
3.430291189635043015e+247
2.843581740370334649e+247
2.361956928125225056e+247
1.965846415056561726e+247
1.639450875905557473e+247
1.369992944234380031e+247
1.147121092635330775e+247
9.624344280694006970e+246
8.091032439745265730e+246
6.815655295018141694e+246
5.752838285271015706e+246
4.865501260338515422e+246
4.123290174205946228e+246
3.501314426696704439e+246
2.979128625700583561e+246
2.539910120452300574e+246
2.169793589755782813e+246
1.857331825922188276e+246
1.593058079054352837e+246
1.369130264358887332e+246
1.179041258918163087e+246
1.017382637043907049e+246
8.796516821593135805e+245
7.620934999442072873e+245
6.615716457181309880e+245
5.754619507654396177e+245
5.015652519491184736e+245
4.380355478638025709e+245
3.833207632945255925e+245
3.361138341816651218e+245
2.953122531130566241e+245
2.599845609559932575e+245
2.293425498141198770e+245
2.027181689745438003e+245
1.795443092582506613e+245
1.593387904671902587e+245
1.416909980849664719e+245
1.262507143452117308e+245
1.127187695284920931e+245
1.008392053208762394e+245
9.039269604834536810e+244
8.119101782948187525e+244
7.307239197931789479e+244
6.589755881168749290e+244
5.954646252191048729e+244
5.391544803802762996e+244
4.891488740817984565e+244
4.446716706167209292e+244
4.050497867965554723e+244
3.696986584845293652e+244
3.381098649838258975e+244
3.098405763388853045e+244
2.845045426762908538e+244
2.617643897597944302e+244
2.413250224742672364e+244
2.229279693128575352e+244
2.063465271509680954e+244
1.913815875321149565e+244
1.778580440827151218e+244
1.656216961039467830e+244
1.545365763629738217e+244
1.444826420120875768e+244
1.353537767628230913e+244
1.270560601908953391e+244
1.195062665992935473e+244
1.126305614036973823e+244
1.063633676908049280e+244
1.006463795762031084e+244
9.542770235959244196e+243
9.066110234229585553e+243
8.630535160988290080e+243
8.232365516017051330e+243
7.868314952880323595e+243
7.535446357761398149e+243
7.231133340440366231e+243
6.953026444087523592e+243
6.699023475493754148e+243
6.467243438861180374e+243
6.256003626400268116e+243
6.063799479218033563e+243
5.889286884185266290e+243
5.731266617169698436e+243
5.588670682209656532e+243
5.460550329570102504e+243
5.346065565340079273e+243
5.244475990435779610e+243
5.155132829486937391e+243
5.077472029479062811e+243
5.011008325551713880e+243
4.955330186427440805e+243
4.910095565855130562e+243
4.875028398566550131e+243
4.849915790516419857e+243
4.834605863289923547e+243
4.829006222169132139e+243
4.833083026140456432e+243
4.846860646799541252e+243
4.870421911251533500e+243
4.903908932507916197e+243
4.947524538941343991e+243
5.001534322990345449e+243
5.066269338102329547e+243
5.142129482255158454e+243
5.229587616511878861e+243
5.329194477996653596e+243
5.441584458789045710e+243
5.567482335573429326e+243
5.707711049988979257e+243
5.863200656435410524e+243
6.034998573311153125e+243
6.224281295510987167e+243
6.432367750849131649e+243
6.660734511805452464e+243
6.911033106667650780e+243
7.185109712249683424e+243
7.485027553994201397e+243
7.813092389869813015e+243
8.171881513321779936e+243
8.564276778586183644e+243
8.993502230960294541e+243
9.463167016950324624e+243
9.977314356797840922e+243
1.054047748767801744e+244
1.115774363253534909e+244
1.183482722185770228e+244
1.257815379699422628e+244
1.339495626026330608e+244
1.429338541522663166e+244
1.528263706715113243e+244
1.637309833918467653e+244
1.757651631375072051e+244
1.890619264511289471e+244
2.037720842289961240e+244
2.200668431713349383e+244
2.381408192448386054e+244
2.582155329117103271e+244
2.805434684156506585e+244
3.054127943373239016e+244
3.331528603972147265e+244
3.641406066762978936e+244
3.988080467337665307e+244
4.376510163563118549e+244
4.812394159057288545e+244
5.302292176585023935e+244
5.853765616644682099e+244
6.475543263126173212e+244
7.177716352065403345e+244
7.971968528281766804e+244
8.871847311564853908e+244
9.893085018999410139e+244
1.105397869382322714e+245
1.237584053363507463e+245
1.388353266807502410e+245
1.560610299948719993e+245
1.757754230394023721e+245
1.983768703384494054e+245
2.243329744110748075e+245
2.541934696382242476e+245
2.886056655814437969e+245
3.283329713364956334e+245
3.742771488016188313e+245
4.275050855740190518e+245
4.892810539395615706e+245
5.611056389232475603e+245
6.447627855017823281e+245
7.423767451283354481e+245
8.564811101043718924e+245
9.901026303845945203e+245
1.146863135390925454e+246
1.331103663868026305e+246
1.548035876172682446e+246
1.803927034175558581e+246
2.106326345409410754e+246
2.464342357669369427e+246
2.888983456255514373e+246
3.393576482797808275e+246
3.994282220584089733e+246
4.710731177748541847e+246
5.566809003249891079e+246
6.591628318870432253e+246
7.820733162032927691e+246
9.297594145178028700e+246
1.107546753455559868e+247
1.321971061708856339e+247
1.581067009227701666e+247
1.894729125819896139e+247
2.275163533946875381e+247
2.737454286452149614e+247
3.300274568533151067e+247
3.986781312208762630e+247
4.825742409385624372e+247
5.852959383451869935e+247
7.113065982135308041e+247
