6.174229637157218065e-01
6.218259533476823142e-01
6.245289761613077584e-01
6.258291023176695278e-01
6.259983377900224522e-01
6.252832983859164528e-01
6.239052416044983396e-01
6.220605413137906270e-01
6.199217062801355427e-01
6.176392432651349740e-01
6.153456039253401011e-01
6.131680452652422675e-01
6.113222232783925847e-01
6.065847970011729595e-01
6.071397303394376888e-01
6.060457372416626631e-01
6.052050706511279410e-01
6.047024395329801960e-01
6.045609101368873972e-01
6.047913064881271783e-01
6.049159214983150790e-01
6.062340584183067982e-01
6.074997825272723251e-01
6.090692435566016361e-01
6.109279903787149246e-01
6.130550798528553447e-01
6.154279780738746153e-01
6.180237161324697581e-01
6.208194710941915551e-01
6.237929443072230962e-01
6.269226194792002493e-01
6.301879290757408381e-01
6.335693435866931456e-01
6.370483934632631406e-01
6.406076314192422627e-01
6.442305415247950862e-01
6.479014005448517910e-01
6.516050960844431694e-01
6.553269052229919733e-01
6.590522364055259041e-01
6.627663363852547285e-01
6.664539629491205153e-01
6.700990229736006887e-01
6.736841740078892693e-01
6.771903860103222206e-01
6.805964579995870123e-01
6.838784821308624418e-01
6.870092449522787748e-01
6.899575521884756535e-01
6.926874591504142975e-01
6.951573835523153777e-01
6.973190708513310465e-01
6.991163738818565454e-01
7.004837981711110606e-01
7.013447515187648529e-01
7.016094209019633210e-01
7.011721814643254724e-01
6.999084217847798550e-01
6.976706485887220754e-01
6.942837170115809808e-01
6.895390295042345130e-01
6.831875798928288557e-01
6.749318420432800503e-01
6.644168619423207467e-01
6.512220495771269269e-01
6.348601789524906946e-01
6.148341396920186108e-01
5.828605559210605636e-01
5.594518359676532437e-01
5.237024758197413865e-01
4.811001301057274415e-01
4.312533402067817989e-01
3.742036224179816628e-01
3.108608848018436510e-01
2.434290077995655832e-01
1.756955544879197362e-01
1.129198257050707116e-01
6.129093986243908804e-02
2.455952232538052143e-02
7.671270692418456771e-03
9.549146263016781641e-03
2.747311959727480671e-02
5.790944377924776842e-02
9.206644057297844186e-02
1.314641828206767338e-01
1.703464735857315171e-01
2.070296428863380445e-01
2.404835158858402433e-01
2.702623707803353814e-01
2.963048832806344790e-01
3.187754284749812483e-01
3.379555766872422429e-01
3.541757068071969550e-01
3.677747095846949921e-01
3.790779829928344058e-01
3.883868459377138316e-01
3.959758283954722957e-01
4.019624425540591628e-01
4.069108555209504652e-01
4.106867788356962090e-01
4.135596693665278267e-01
4.156822557190216205e-01
4.171900750466042140e-01
4.182052380765285404e-01
4.188392017547299395e-01
4.191953718110058569e-01
4.193717228207790026e-01
4.194635935911382729e-01
4.195668595888248364e-01
4.197817692227072128e-01
4.202178743652411619e-01
4.210007298560015099e-01
4.222814639896639854e-01
4.242510947342306160e-01
4.271629211926625258e-01
4.313691908095439453e-01
4.373842318553222697e-01
4.459995802377855756e-01
4.585087481369859996e-01
4.771841297906282975e-01
5.063981703022409908e-01
5.555968503855425178e-01
6.477993837477482586e-01
8.188037463669469718e-01
4.457356310748750716e-01
1.663530749249256258e-01
3.524235302584401847e-02
9.846317946176276481e-02
1.415346252406334548e-01
1.680878674254905336e-01
1.848459917005255970e-01
1.955121601549645038e-01
2.021916707276947278e-01
2.059587081059907898e-01
2.075555770877876849e-01
2.074119997375278024e-01
2.057168165546241212e-01
2.013266344745466008e-01
1.997378848443827348e-01
1.946258850411893004e-01
1.885873659711581607e-01
1.815648971012245871e-01
1.735447919838879471e-01
1.645162753159575553e-01
1.544707813062733137e-01
1.434074859095969268e-01
1.313417132326083758e-01
1.183162283779626012e-01
1.044161216245073076e-01
8.978815310217724832e-02
7.466527150844795568e-02
5.939631858337202086e-02
4.447893077674303780e-02
3.058729458324486311e-02
1.855209043130144619e-02
8.607949531109345895e-03
8.290936459826158539e-03
8.492338685003269702e-03
1.757283021060424347e-02
3.630419653729134027e-02
6.467801313930574003e-02
1.028657054199252213e-01
1.499894939437124708e-01
2.042291430612683811e-01
2.630693290680359286e-01
3.237001284475609642e-01
3.834530171434630819e-01
4.401434671371543539e-01
4.922456736094827368e-01
5.389001450349419908e-01
5.798067305128103976e-01
6.150685134781402885e-01
6.450371451760303909e-01
6.701867433559125509e-01
6.910242386465371700e-01
7.080329419364197463e-01
7.216417977657906269e-01
7.322125019945143753e-01
7.400381168076745064e-01
7.453486830328501789e-01
7.483210436353395778e-01
7.490915775865206738e-01
7.477721023527016397e-01
7.444718123236471197e-01
7.393350866146015665e-01
7.326295735953849420e-01
7.249972874340948614e-01
7.106082672659022048e-01
6.686384953776621787e-01
6.713711403281054091e-01
6.588673864309989581e-01
6.436604577051212583e-01
6.278660993229524534e-01
6.131858520520656608e-01
6.024275693115476171e-01
6.019839919211527057e-01
6.284392997245989987e-01
3.964599961812904083e-01
1.887509057437763982e-01
2.849939337706222098e-01
