1.004751331395816294e+00
1.010251624715746255e+00
1.014237116659344240e+00
1.016868784413455407e+00
1.018312864128517292e+00
1.018735831737370257e+00
1.018300353432380900e+00
1.017162103262855943e+00
1.015467347229961792e+00
1.013351196942790189e+00
1.010936440902796107e+00
1.008332867423613610e+00
1.005636999749413674e+00
1.002932170840118431e+00
1.000288872326190459e+00
9.977653191300420721e-01
9.954081780612999975e-01
9.932534152199652411e-01
9.913272232051819621e-01
9.896469948730718391e-01
9.882223156849389012e-01
9.870559515149538443e-01
9.861448131438190767e-01
9.854808825551225615e-01
9.850520895913766894e-01
9.848431305353887444e-01
9.848362227873054264e-01
9.850117920353176348e-01
9.853490901993932072e-01
9.858267439932748566e-01
9.864232352319847186e-01
9.871173150399351615e-01
9.878883549189234614e-01
9.887166382408131282e-01
9.895835961673319359e-01
9.904719922880701466e-01
9.913660604342355853e-01
9.922516001857666357e-01
9.931160345657682464e-01
9.939484343207839467e-01
9.947395130356780912e-01
9.954815971382736661e-01
9.961685746238786443e-01
9.967958260817486593e-01
9.973601413424278972e-01
9.978596247952067344e-01
9.982935921510841526e-01
9.986624611567566090e-01
9.989676385004231385e-01
9.992114048953711913e-01
9.993968000824028364e-01
9.995275092626070279e-01
9.996077522537082372e-01
9.996421764628987683e-01
9.996357545818131962e-01
9.995936877389952624e-01
9.995213146892283351e-01
9.994240274787590250e-01
9.993071938993519643e-01
9.991760869313587312e-01
9.990358212770427127e-01
9.988912969981725842e-01
9.987471501958549158e-01
9.986077106057571484e-01
9.984769659253898144e-01
9.983585326435513441e-01
9.982556331014332818e-01
9.981710784823752958e-01
9.981072573987512797e-01
9.980661297216570915e-01
9.980492252780162055e-01
9.980576470213233797e-01
9.980920782640126943e-01
9.981527935384668648e-01
9.982396726296619560e-01
9.983522172908166903e-01
9.984895701101840215e-01
9.986505349385434993e-01
9.988335982022255033e-01
9.990369503092341175e-01
9.992585061880392416e-01
9.994959237588095791e-01
9.997466187939474391e-01
1.000007774130447169e+00
1.000276340477975534e+00
1.000549025011980397e+00
1.000822262378156857e+00
1.001092160384552399e+00
1.001354409072687801e+00
1.001604136298507308e+00
1.001835684157830864e+00
1.002042266381618640e+00
1.002215443298303699e+00
1.002344310930526783e+00
1.002414230527539640e+00
1.002404797045645335e+00
1.002286503037944643e+00
1.002015073840166748e+00
1.001521441909057897e+00
1.000693072010360618e+00
9.993368908039260701e-01
9.970995545353019684e-01
9.932772912430931633e-01
9.862956303176245720e-01
9.719862961026316528e-01
9.360026261571920969e-01
8.010292942768104663e-01
8.007296885758381777e-02
8.072760626899876391e-01
9.733719775449078959e-01
9.997625861348041765e-01
9.998484432847279946e-01
9.832030466464642959e-01
9.380218224028522567e-01
8.249474410226464993e-01
5.519833691619323579e-01
1.170971662488373422e-01
4.017078929096361967e-02
2.939435054175389417e-01
5.006537944129351159e-01
6.255188704684443435e-01
7.013918560808204417e-01
7.499606883905773902e-01
7.826689650477018922e-01
8.056284439043853718e-01
8.222733656134060265e-01
8.346400372918414412e-01
8.439961818309131836e-01
8.511652080020876143e-01
8.567017719680951604e-01
8.609913312189707568e-01
8.643089940894987944e-01
8.668556126032026521e-01
8.687806498380811204e-01
8.701970900178764845e-01
8.711914106701589278e-01
8.718304047916809463e-01
8.721659434513977516e-01
8.722383618364212277e-01
8.720789070380727814e-01
8.717115351220441344e-01
8.711542499831711472e-01
8.704201152813693110e-01
8.695180305636736051e-01
8.684533358024196792e-01
8.672282902984064235e-01
8.658424592565842071e-01
8.642930324588591340e-01
8.625750931109084085e-01
8.606818503229971551e-01
8.586048452585005597e-01
8.563341383792847372e-01
8.538584831807369824e-01
8.511654901600301804e-01
8.482417833702798893e-01
8.450731506861783870e-01
8.416446877690915152e-01
8.379409346162997041e-01
8.339460024624693046e-01
8.296436876297865748e-01
8.250175676598698882e-01
8.200510736659918365e-01
8.147275312787735091e-01
8.090301607759082803e-01
8.029420249313639069e-01
7.964459107222446876e-01
7.895241282002365413e-01
7.821582064463294959e-01
7.743284624076196554e-01
7.660134133182290306e-01
7.571889969632528139e-01
7.478275557118009287e-01
7.378965291739103538e-01
7.273567852020037527e-01
7.161604976230981912e-01
7.042484480361568266e-01
6.915465823059226969e-01
6.779615797481158834e-01
6.633750761096087745e-01
6.476359865934597781e-01
6.305500380871071897e-01
6.118650125543485530e-01
5.912490583230575192e-01
5.682571415766566325e-01
5.422757954063812669e-01
5.124243901732257189e-01
4.773541172514724207e-01
4.346698645409626249e-01
3.771114794614029986e-01
3.160125895765171777e-01
2.169851130015801877e-01
8.177079383784041644e-02
1.932996705266305515e-01
6.537955648945692477e-01
5.778684121552986053e-01
4.627596840788189003e-01
3.672330362572900353e-01
2.849662336502335469e-01
2.117099025191769568e-01
1.465702931149313326e-01
