9.923706166873176304e-01
9.934419960724734100e-01
9.940733052188434060e-01
9.943273458088243144e-01
9.942705100352909886e-01
9.939555645312307952e-01
9.933553210012915358e-01
9.919351168608014913e-01
9.667800724854486161e-01
9.996013773109029277e-01
9.983642294872058232e-01
9.975515070457271483e-01
9.890141769932594418e-01
9.203081910070424199e-01
4.176686643397262144e-01
2.871785749499033980e-01
6.731962048674776655e-01
7.844329128390749029e-01
8.285666277366509069e-01
8.501863762968416838e-01
8.620192503346961743e-01
8.688435227946267325e-01
8.728111851596759285e-01
8.750214185066227390e-01
8.760891675197967077e-01
8.763826883393757150e-01
8.761342781000334146e-01
8.754965052455059293e-01
8.745728036218420876e-01
8.734350922477982504e-01
8.721344185692843087e-01
8.707076529898829520e-01
8.691818475347400375e-01
8.675771583273321763e-01
8.659088542978726766e-01
8.641887264268925950e-01
8.624260927163126533e-01
8.606285236319763943e-01
8.588023698262748917e-01
8.569531469855334871e-01
8.550858150284251780e-01
8.532049761760799322e-01
8.513150031152544317e-01
8.494200720884492739e-01
8.475237703279397961e-01
8.455713970912427380e-01
8.437559941286724152e-01
8.418841079061297750e-01
8.400302205207522688e-01
8.381979078283904316e-01
8.363913953854773542e-01
8.346149805904214958e-01
8.328729274379599312e-01
8.311694169117154196e-01
8.295085089284776059e-01
8.278941076470973659e-01
8.263299282438468785e-01
8.248194647056876772e-01
8.233659585505496148e-01
8.219723684409786513e-01
8.206413406219595919e-01
8.193751800463209278e-01
8.181758219708930024e-01
8.170448037190000123e-01
8.159832362061597566e-01
8.149917747120035694e-01
8.140705882383401093e-01
8.132193266033633794e-01
8.124370841444558122e-01
8.117223584623357580e-01
8.110730018675318398e-01
8.104861616845923100e-01
8.099582022507944012e-01
8.094845930241867382e-01
8.090597218496567988e-01
8.086764967508651702e-01
8.083250981302808613e-01
8.079854994468265161e-01
8.068979158414313346e-01
8.074803022150278675e-01
8.071364939994453147e-01
8.067577373232180937e-01
8.062389920468375770e-01
8.049738363540929198e-01
7.111231982853470912e-01
8.047727029420280731e-01
8.044866955786689200e-01
8.036992716907892520e-01
8.026822464548736269e-01
8.014426663323084288e-01
7.999760749794927461e-01
7.983181565637063049e-01
7.966365079441906083e-01
7.955368303339290792e-01
7.975318378737970004e-01
8.137989810087179476e-01
6.642267894539486406e-01
7.223216463779417174e-01
7.164363717494557360e-01
6.983353643336791539e-01
6.694441419340326771e-01
6.259152443065567617e-01
5.594746816291272795e-01
4.611857623283578955e-01
3.211344167609760936e-01
1.578610588782397295e-01
6.514452325563199753e-02
3.123750480722356504e-01
6.703727238186789616e-01
8.593252113308660345e-01
9.376839434969350684e-01
9.699999413695485906e-01
9.836359612088483306e-01
9.893413611831668453e-01
9.915487838837490076e-01
9.922014812734638589e-01
9.921942546876453273e-01
9.919515927339722650e-01
9.916757389579083926e-01
9.914596803269121184e-01
9.913412573413804552e-01
9.913301549767424836e-01
9.914218020602073578e-01
9.916046974420945626e-01
9.918643275788631142e-01
9.921852706692104729e-01
9.925523173877628391e-01
9.929510517558353122e-01
9.933681342509510515e-01
9.937914213186115342e-01
9.942099960773865819e-01
9.946141513824602320e-01
9.949953465054592883e-01
9.953461458054575495e-01
9.956601377225572369e-01
9.959318217294103048e-01
9.961564346709524953e-01
9.963296545778396185e-01
9.964470271913868915e-01
9.965025763153093630e-01
9.964831249523876666e-01
9.962465797259656419e-01
9.963238632949253937e-01
9.960134172281639442e-01
9.955449635138721165e-01
9.947946199231354480e-01
9.935205866300510502e-01
9.911124124577650463e-01
9.851994001495021358e-01
8.998604050668870258e-01
9.932894056693538642e-01
9.742761834515645258e-01
9.407087379606163813e-01
8.636742237510489639e-01
7.075041979380644053e-01
5.249894941363122403e-01
2.566308988863706952e-01
1.047390761910064610e-01
3.048699149082906845e-01
4.954771686390444518e-01
6.085636015334267013e-01
6.755262942547570759e-01
7.214324895288594108e-01
6.723244550392661889e-01
7.383752085296964029e-01
7.544911010926003136e-01
7.619919946784905473e-01
7.655327830998545080e-01
7.663535070649679648e-01
7.649448133567522401e-01
7.580216578937775118e-01
7.577561095768413635e-01
7.511343293338256233e-01
7.419441310641455845e-01
7.279881052189306478e-01
6.996794805557507990e-01
5.657532086478547217e-01
7.557488491207915438e-01
7.412177784768665401e-01
7.234734679435232962e-01
7.068548534330746369e-01
6.895438309616059858e-01
6.702663869151294085e-01
6.477547726461672095e-01
6.203476116793993356e-01
5.855360293604180422e-01
5.392849904734732247e-01
4.754250615187549656e-01
3.902751615077475478e-01
3.203213168287712409e-01
2.993140990105566668e-01
1.887479550876110523e-01
1.707948371795703635e-01
5.292494374995657669e-01
8.129543489959434321e-01
9.005304340973786514e-01
9.137198500995784567e-01
9.049938763094843575e-01
8.903050127796696689e-01
8.744605270063013913e-01
