1.027181665828609702e+00
1.026533276745354772e+00
1.025074729668419060e+00
1.022948679030025287e+00
1.020289421280876629e+00
1.017220934914924380e+00
1.013855523014645543e+00
1.010292980013330011e+00
1.006620207884670659e+00
1.002911211319892582e+00
9.992274063786725780e-01
9.956181823887239046e-01
9.921216623580306759e-01
9.887656126981479998e-01
9.855684585318129631e-01
9.825403661829389401e-01
9.796843595467522592e-01
9.769974418690617890e-01
9.744716989863670964e-01
9.720953642674385886e-01
9.698538293455286619e-01
9.677305882260579528e-01
9.657081055060370289e-01
9.637686022519827977e-01
9.618947555669270510e-01
9.600703100454991423e-01
9.582806011885028896e-01
9.565129924393651617e-01
9.547572288351093839e-01
9.530057113491255949e-01
9.512536968631249978e-01
9.494994293555124587e-01
9.477442083525993155e-01
9.459924009683005064e-01
9.442514039767798684e-01
9.425315623278990307e-01
9.408460503410636111e-01
9.392107215034518619e-01
9.376439323613043886e-01
9.361663454235195081e-01
9.348007152923708540e-01
9.335716613794758922e-01
9.325054295330337251e-01
9.316296436518096691e-01
9.309730468309244111e-01
9.305652296820369207e-01
9.304363410564576720e-01
9.306167732783668933e-01
9.311368098729270182e-01
9.320262182283414187e-01
9.333137620370415277e-01
9.350265978049111526e-01
9.371895048314352605e-01
9.398238768156265133e-01
9.429463725565220278e-01
9.465670784295133755e-01
9.506869692824214679e-01
9.552943560853198735e-01
9.603598609741619274e-01
9.658292365731501183e-01
9.716130050302960175e-01
9.775713683423167266e-01
9.834920360754694224e-01
9.890573821572452573e-01
9.937954749167604573e-01
9.970067865786117478e-01
9.976546489913956650e-01
9.942032540747341995e-01
9.843847709548871894e-01
9.648856613016845163e-01
9.309858493338052376e-01
8.763202638564597802e-01
7.932586287924868751e-01
6.749377303454385801e-01
5.198984816319511815e-01
3.005274479291614176e-01
1.840911078739265738e-01
6.021998466726751625e-02
4.012940759189156416e-03
1.056620316242328286e-02
5.996112746293190410e-02
1.312746701010848172e-01
2.096810631822180471e-01
2.868302628664736731e-01
3.588437159399080478e-01
4.243754114306255709e-01
4.833373450231883695e-01
5.361874042434020549e-01
5.835677744165417291e-01
6.261356665886195216e-01
6.644924139057808432e-01
6.991603067140110817e-01
7.305812440903326488e-01
7.591243339285405067e-01
7.850956974320022486e-01
8.085676426356557256e-01
8.303217059761230923e-01
8.499614841412723720e-01
8.678387636593999366e-01
8.840873717738678694e-01
8.988255456076390537e-01
9.121591138503069018e-01
9.241842159845942151e-01
9.349894215418825816e-01
9.446573341903462540e-01
9.532657757712419411e-01
9.608886348952968559e-01
9.675964522669499024e-01
9.734568034073529663e-01
9.785345293012521761e-01
9.828918566311906080e-01
9.865884415421943832e-01
9.896813641687912666e-01
9.922250953469046175e-01
9.942714519472549695e-01
9.958695530295459397e-01
9.970657854688820265e-01
9.979037847848448717e-01
9.984244345482327088e-01
9.986658858867842881e-01
9.986635971994294314e-01
9.984503931521001574e-01
9.980565413107015393e-01
9.975098443102269341e-01
9.968357452120845119e-01
9.960574436196845127e-01
9.951960201638654357e-01
9.942705671028368997e-01
9.932983229779039913e-01
9.922948095044917816e-01
9.912739691408590792e-01
9.902483020530081781e-01
9.892290014714465451e-01
9.882260866991907644e-01
9.872485332482102693e-01
9.863043996302996996e-01
9.854009497591686983e-01
9.845447668668318997e-01
9.837418444446602850e-01
9.829984553168192862e-01
9.823265986851579257e-01
9.817129841241212240e-01
9.811784857887703160e-01
9.807255696276377943e-01
9.803606755537781492e-01
9.800922798332136754e-01
9.799328431215825752e-01
9.799048238644075814e-01
9.800633913140404108e-01
9.806160234279779342e-01
9.730646693044130435e-01
9.792013968020079062e-01
9.801323323046187141e-01
9.808704196572353151e-01
9.816148060540759168e-01
9.823349699584319472e-01
9.828301309697448085e-01
9.824884336517398786e-01
9.793417419880684482e-01
9.656766270260456198e-01
8.981356724187707918e-01
4.126298721588869123e-01
3.790773868570334049e-01
7.683155012715157106e-01
8.677343194016965411e-01
9.054278104839031949e-01
9.243288112944981760e-01
9.355318272648431854e-01
9.429431353655876036e-01
9.482410626153683353e-01
9.522512439823619390e-01
9.554211756422293922e-01
9.580114801577332972e-01
9.601824676761644417e-01
9.620370063970060670e-01
9.636433536281528989e-01
9.650480718604107500e-01
9.662837250366967945e-01
9.673736807376025482e-01
9.683352354502463566e-01
9.691817299918766837e-01
9.699240349607136658e-01
9.705716292825743441e-01
9.711334057762982530e-01
9.716182850305578045e-01
9.720356866442323440e-01
9.723958863697553801e-01
9.727102740930666513e-01
9.729915181092184673e-01
9.732536341263580137e-01
9.735119517339866357e-01
9.737829657674660355e-01
9.740840539337857207e-01
9.744330331042898585e-01
9.748475098054517618e-01
9.753439419194492865e-01
9.759362257205819180e-01
9.766333005401213185e-01
9.774340375508776546e-01
9.783114542991340201e-01
