1.578337599834688663e+09
1.290471530896591902e+09
1.057232202490646720e+09
8.678914032389934063e+08
7.138929428123046160e+08
5.884006951563961506e+08
4.859430573345117569e+08
4.021327815767481923e+08
3.334458276016722322e+08
2.770465064630411863e+08
2.306489922589647770e+08
1.924074525951522589e+08
1.608287369405264258e+08
1.347028749000292420e+08
1.130476588811263293e+08
9.506438322636568546e+07
8.010243501239414513e+07
6.763091932156458497e+07
5.721588394278870523e+07
4.850200843369908631e+07
4.119785831581501663e+07
3.506399088211068511e+07
2.990334555234919488e+07
2.555346740171951801e+07
2.188020400538725406e+07
1.877258825901730731e+07
1.613867737961260602e+07
1.390216402703271993e+07
1.199961189170094021e+07
1.037819711664094031e+07
8.993860093945836648e+06
7.809790704358621500e+06
6.795184907459919341e+06
5.924222489826432429e+06
5.175225337858719751e+06
4.529963290678197518e+06
3.973080823108831421e+06
3.491622805939876009e+06
3.074641628693160135e+06
2.712871237105153501e+06
2.398456285088256001e+06
2.124726749179597013e+06
1.886010099044195144e+06
1.677474537254489725e+06
1.494997976189810317e+06
1.335058356139997486e+06
1.194641659819452092e+06
1.071164561461895471e+06
9.624090633019470843e+05
8.664667146393001312e+05
7.816901776165113552e+05
7.066505656918140594e+05
6.401016529985223897e+05
5.809571194474889198e+05
5.282852663129615830e+05
4.813051323645807570e+05
4.393594673760913429e+05
4.018755992147304933e+05
3.683420553491046303e+05
3.383021630887812935e+05
3.113520330550680519e+05
2.871369825200990890e+05
2.653464460067786858e+05
2.457085543593231705e+05
2.279850776510715077e+05
2.119669636693023494e+05
1.974704845256282715e+05
1.843339292434669042e+05
1.724147654355929990e+05
1.615871985876602703e+05
1.517400677421532164e+05
1.427750264972828445e+05
1.346049669061833119e+05
1.271526509530632029e+05
1.203495200830122049e+05
1.141346579787940427e+05
1.084538858707002801e+05
1.032589742747181153e+05
9.850697844066063408e+04
9.415916196157364175e+04
9.018211434727597225e+04
8.654469447747970116e+04
8.321969348290729977e+04
8.018268082465541374e+04
7.741178844328026753e+04
7.488743996201027767e+04
7.259210952846531291e+04
7.051010996429489751e+04
6.862740728288638638e+04
6.693145869674670394e+04
6.541107154141399224e+04
6.405628086676718522e+04
6.285824373293770623e+04
6.180914850990854029e+04
6.090213770363129152e+04
6.013124303257119027e+04
5.949133165424913750e+04
5.897806259407399193e+04
5.858785256016728817e+04
5.831785042677622550e+04
5.816591970079957537e+04
5.813062811174662056e+04
5.821124237489670486e+04
5.840771927388283802e+04
5.872061069562729244e+04
5.915396790504507226e+04
5.970423877573401114e+04
6.037889450722935726e+04
6.118079486608199659e+04
6.211462065060900204e+04
6.318605011403928802e+04
6.440178399972854095e+04
6.576961347556006513e+04
6.729850357048801379e+04
6.899868933011929039e+04
7.088178513769494020e+04
7.296090849519152835e+04
7.525082000646695087e+04
7.776808168209703581e+04
8.053123608743268414e+04
8.356100931210906128e+04
8.688054128628878971e+04
9.051564768136056955e+04
9.449511883789204876e+04
9.885106496239207627e+04
1.036193500237454282e+05
1.088394592743087414e+05
1.145563372311461426e+05
1.208201130666975805e+05
1.276861009113882319e+05
1.352167031610510603e+05
1.434818241341194662e+05
1.525599120156789722e+05
1.625391311445263855e+05
1.735187102222241519e+05
1.856104980124779977e+05
1.989407612175793329e+05
2.136522660216607910e+05
2.299066998748118349e+05
2.478875819993077603e+05
2.678115047384030186e+05
2.898871036456372240e+05
3.144149022984124604e+05
3.416915090964902192e+05
3.720689660547288950e+05
4.059499085832742276e+05
4.437956814580190112e+05
4.861356652150715818e+05
5.335781515236441046e+05
5.868230542547218502e+05
6.466767835584238637e+05
7.140696674457901390e+05
7.900763746924079023e+05
8.759398759046883788e+05
9.730995803696073126e+05
1.083224411618171027e+06
1.208251745678173145e+06
1.350433350645376137e+06
1.512389758108110400e+06
1.697174891563922167e+06
1.908353285746618407e+06
2.150092827382238116e+06
2.427276550135014579e+06
2.745637510826183949e+06
3.111921113143396564e+06
3.534079578829950653e+06
4.021503965112132952e+06
4.585300585155078210e+06
5.238621018154637888e+06
5.997057817288096063e+06
6.879120991086541675e+06
7.906811764942687005e+06
9.106289131293077022e+06
1.050917213422950171e+07
1.215216734147200920e+07
1.408031928206324950e+07
1.634712637103171460e+07
1.901687421281776205e+07
2.216688572984455153e+07
2.589031698579262570e+07
3.029958802907884866e+07
3.553059601175460219e+07
4.174789667462372780e+07
4.915108733343713731e+07
5.798266243652429432e+07
6.853775633230578899e+07
8.117629703071077168e+07
9.633766205798071623e+07
1.145594649425053895e+08
1.365005084169246554e+08
1.629695083127942383e+08
1.949609197553063631e+08
2.336997077301545441e+08
2.806973879508076310e+08
3.378222935493916869e+08
4.073878586229440570e+08
4.922635615482666492e+08
5.960149848195362091e+08
7.230804014355999231e+08
8.789942055754512548e+08
