9.906102714356161965e-01
9.907264996419428149e-01
9.908439618520769043e-01
9.909617218583003373e-01
9.910790710813568438e-01
9.911955016752683756e-01
9.913106800438434840e-01
9.914244213069830503e-01
9.915366651206964921e-01
9.916474531397106995e-01
9.917569083148545239e-01
9.918652161364067688e-01
9.919726078685147108e-01
9.920793457664864867e-01
9.921857102260366323e-01
9.922919887822244656e-01
9.923984668511073304e-01
9.925054200905514268e-01
9.926131082468734323e-01
9.927217703468018684e-01
9.928316210941728892e-01
9.929428483316408149e-01
9.930556114321286154e-01
9.931700404911061320e-01
9.932862361985447253e-01
9.934042702775804923e-01
9.935241863867794176e-01
9.936460013917123302e-01
9.937697069220013946e-01
9.938952711385420358e-01
9.940226406453516184e-01
9.941517424885342180e-01
9.942824861941510495e-01
9.944147658026672998e-01
9.945484618663146259e-01
9.946834433807263398e-01
9.948195696291501910e-01
9.949566919213419514e-01
9.950946552150097268e-01
9.952332996107097207e-01
9.953724617152281962e-01
9.955119758708081967e-01
9.956516752506456847e-01
9.957913928228521172e-01
9.959309621865278794e-01
9.960702182857952280e-01
9.962089980077292184e-01
9.963471406715496137e-01
9.964844884167158856e-01
9.966208864983114868e-01
9.967561834974805191e-01
9.968902314560520450e-01
9.970228859428083013e-01
9.971540060600841970e-01
9.972834543982281863e-01
9.974110969456254638e-01
9.975368029612955434e-01
9.976604448167736283e-01
9.977818978137470429e-01
9.979010399830251510e-01
9.980177518703742257e-01
9.981319163142082784e-01
9.982434182193236083e-01
9.983521443310486854e-01
9.984579830130144718e-01
9.985608240321602880e-01
9.986605583533905151e-01
9.987570779465443360e-01
9.988502756076166333e-01
9.989400447961872542e-01
9.990262794903448373e-01
9.991088740602490637e-01
9.991877231616292931e-01
9.992627216496203779e-01
9.993337645134973135e-01
9.994007468328618415e-01
9.994635637550174367e-01
9.995221104942988433e-01
9.995762823524719787e-01
9.996259747604087087e-01
9.996710833408312125e-01
9.997115039915814849e-01
9.997471329888898417e-01
9.997778671102759418e-01
9.998036037766849793e-01
9.998242412129385581e-01
9.998396786261032343e-01
9.998498164012009637e-01
9.998545563133193204e-01
9.998538017559459590e-01
9.998474579842266952e-01
9.998354323732318027e-01
9.998176346899028122e-01
9.997939773783339756e-01
9.997643758579354278e-01
9.997287488334298811e-01
9.996870186161849192e-01
9.996391114566554048e-01
9.995849578868435392e-01
9.995244930723828913e-01
9.994576571739560711e-01
9.993843957170222003e-01
9.993046599700183830e-01
9.992184073298681080e-01
9.991256017151770585e-01
9.990262139658038221e-01
9.989202222496279537e-01
9.988076124753455520e-01
9.986883787115321542e-01
9.985625236121720150e-01
9.984300588483457917e-01
9.982910055464628840e-01
9.981453947339095079e-01
9.979932677921119488e-01
9.978346769187318444e-01
9.976696856001432412e-01
9.974983690960554927e-01
9.973208149389590771e-01
9.971371234520371996e-01
9.969474082893650113e-01
9.967517970047857778e-01
9.965504316566445864e-01
9.963434694582892215e-01
9.961310834874050890e-01
9.959134634710420375e-01
9.956908166694965479e-01
9.954633688895623278e-01
9.952313656691481603e-01
9.949950736912608340e-01
9.947547825088426388e-01
9.945108066965241411e-01
9.942634885986787463e-01
9.940132019258636209e-01
9.937603565825635643e-01
9.935054053269261054e-01
9.932488532283394456e-01
9.929912715306834503e-01
9.927333187002969073e-01
9.924757736683779141e-01
9.922195907637740842e-01
9.919659954192187046e-01
9.917166618086536989e-01
9.914740692576281544e-01
9.912422919401122634e-01
9.910289962275308229e-01
9.908515394415028377e-01
9.907620243191573861e-01
9.910278556987071052e-01
9.843190701868776982e-01
9.887409578831196644e-01
9.888899283968287657e-01
9.888046792441936850e-01
9.886621107275009868e-01
9.885024293852019417e-01
9.883405107502603038e-01
9.881837414648014795e-01
9.880367134650882566e-01
9.879028452159904772e-01
9.877850546771034246e-01
9.876860820604709268e-01
9.876086661033934844e-01
9.875556534679688081e-01
9.875300757298198784e-01
9.875352099694966190e-01
9.875746305658625879e-01
9.876522553800693993e-01
9.877723866347097870e-01
9.879397442124047135e-01
9.881594859900824090e-01
9.884372053408129188e-01
9.887788888792172770e-01
9.891908059805704090e-01
9.896792822444275828e-01
9.902502759828432088e-01
9.909086191284860456e-01
9.916566812207655568e-01
9.924920276833040234e-01
9.934032921173826525e-01
9.943628024238370111e-01
9.953131380180074705e-01
9.961419527292871834e-01
9.966331893938785713e-01
9.963685281786233139e-01
9.945180642279848326e-01
9.893685379533789792e-01
9.771853820689770931e-01
9.492673140361624906e-01
8.839632096775728032e-01
7.273003967928135527e-01
3.902889000300423517e-01
2.861527033898164304e-02
9.622189004424039349e-02
3.365737844031055359e-01
5.111932526868369076e-01
6.190974056678987258e-01
6.871252262455043169e-01
7.321491707530976001e-01
7.633565426190568326e-01
7.858305645958924002e-01
8.025141790280346799e-01
