9.344266546217129266e-01
9.458396761113501139e-01
9.559287586558206096e-01
9.644002789745254045e-01
9.708432645620999057e-01
9.744520395424991488e-01
9.731175672513922015e-01
9.596794087563641495e-01
9.000563144528282988e-01
5.458294968831989280e-01
3.127920922150807526e-01
6.569573058957970391e-01
8.418592121121641902e-01
8.916984761910122792e-01
9.098039132274897689e-01
9.165928176752814460e-01
9.181404058194611029e-01
9.168817790456463834e-01
9.140031076400644272e-01
9.101702464216832045e-01
9.057994643728216611e-01
9.011731747021463068e-01
8.964950272996421443e-01
8.919185765085997364e-01
8.875634211087519709e-01
8.835249808445725384e-01
8.798808309361370039e-01
8.766945094765374868e-01
8.740226516458815542e-01
8.719084283934356305e-01
8.703939060070272626e-01
8.695157307224932186e-01
8.693080067212948236e-01
8.698034049270455537e-01
8.710340979348379920e-01
8.730324684150130299e-01
8.758315517166079811e-01
8.794646638934433547e-01
8.839621360336710199e-01
8.893583110375307133e-01
8.956903543538082824e-01
9.029695010307924319e-01
9.111957610942851282e-01
9.203421005236150920e-01
9.303256309204906982e-01
9.409727467543694823e-01
9.519601678911242537e-01
9.627232919322309401e-01
9.723229727789973742e-01
9.792826431764370954e-01
9.814956470768340102e-01
9.765783881687750689e-01
9.634631889731501975e-01
9.389162800350778770e-01
6.983323751229498777e-01
1.264775708284123501e-01
3.883560864431935631e-03
1.000907008993291887e-03
1.688148845897062544e-02
5.746470111234628503e-02
1.136613792739530476e-01
1.751777847084343975e-01
2.356586093905781165e-01
2.921485369671458221e-01
3.436931065897771975e-01
3.903342857358769735e-01
4.325362816259147314e-01
4.708919922121564960e-01
5.059873084966243217e-01
5.383465499716657554e-01
5.684166181068407431e-01
5.965681706123495687e-01
6.231033246440705886e-01
6.482650804519060062e-01
6.722464225186184361e-01
6.951983546456523833e-01
7.172367097843631578e-01
7.384478194072912061e-01
7.588932166154517267e-01
7.786050375229407461e-01
7.976311822159034559e-01
8.159553518762318047e-01
8.335811960336799720e-01
8.504943082361109408e-01
8.666719717113734456e-01
8.820850226610347233e-01
8.966995639540522589e-01
9.104785854819217317e-01
9.233835025008407804e-01
9.353756021022969769e-01
9.464173356567566753e-01
9.564730421040116282e-01
9.654987495453286606e-01
9.735316896840755518e-01
9.804657058785177792e-01
9.863287765272316099e-01
9.911113737606835894e-01
9.948143698853707528e-01
9.974468586293097072e-01
9.990258947137446999e-01
9.995758034572070905e-01
9.991317942509273520e-01
9.977288806200490523e-01
9.954146755275466996e-01
9.922395829234631481e-01
9.882595183909771430e-01
9.835329023368318824e-01
9.781209761317128937e-01
9.720858950119709574e-01
9.654892660535610016e-01
9.583900305764028182e-01
9.508431510713845070e-01
9.428936910509562175e-01
9.345725953300935140e-01
9.258844905058855046e-01
9.167841559911340532e-01
9.071207384943397178e-01
8.964829042658131186e-01
8.836579370293263791e-01
8.638777261202534863e-01
7.974269421704350824e-01
5.595615179181768761e-01
8.793350110224564808e-01
8.721946782578741120e-01
8.638168808049745406e-01
8.563693347312155701e-01
8.497995227584679290e-01
8.440319441567271097e-01
8.390515515276705250e-01
8.348956951090378276e-01
8.316532112599730464e-01
8.294787879304098555e-01
8.286305006931420358e-01
8.295532027934735542e-01
8.330723888305801017e-01
8.409050308706491617e-01
8.573061693040504583e-01
8.964991440261420586e-01
1.051522317813250895e+00
2.590647349066348415e-01
6.408324268745521080e-01
7.018382002588188229e-01
7.270341172085237336e-01
7.416636618426221128e-01
7.522196401397895915e-01
7.610030499624690359e-01
7.693000963029470451e-01
7.778698869862414877e-01
7.873475362050443849e-01
7.984147312097642502e-01
8.119620271265874933e-01
8.292966497581352181e-01
8.523556005294106175e-01
8.828681065411307927e-01
9.063100760616470408e-01
6.349284106009915885e-01
7.230787586475523332e-02
3.920657556303423497e-01
5.353979942525446400e-01
5.842758459644848967e-01
6.319839564549649680e-01
6.611828312693146525e-01
6.820417384845194331e-01
6.959952592176058550e-01
7.103957356797192535e-01
7.229008822775114806e-01
7.334676188614248638e-01
7.431968515896846261e-01
7.525788373607570358e-01
7.616109343827077716e-01
7.705165356448784308e-01
7.794106164684738713e-01
7.883836704566760112e-01
7.975073793918797671e-01
8.068378386543506586e-01
8.164171097946231193e-01
8.262735871794094633e-01
8.364214966701819520e-01
8.468600729765723978e-01
8.575733174679186499e-01
8.685454028286455630e-01
8.792638112449820964e-01
8.906577239361800347e-01
9.017682161872009328e-01
9.126172001721658544e-01
9.229718176694042819e-01
9.325008502773013408e-01
9.407316261003308977e-01
9.469527482683548492e-01
9.500099627998516150e-01
9.477962540630066046e-01
9.359270061680670105e-01
9.035377235126794693e-01
8.174331321354846303e-01
5.566609646411627699e-01
2.148826427433938452e-02
3.466580986802796360e-01
5.647805647261431305e-01
2.035594732493654913e-01
9.347268775614890890e-01
