8.761059344581394459e-01
9.018797389024812983e-01
9.257790977597892823e-01
9.474086124362753880e-01
9.664924878090686011e-01
9.828667878055821205e-01
9.964694105515548017e-01
1.007328421164810806e+00
1.015549385914390701e+00
1.021302336577486924e+00
1.024808958348282673e+00
1.026330539078033954e+00
1.026157137424180243e+00
1.024598297984691264e+00
1.021975371865037507e+00
1.018614782200086388e+00
1.014839328902334969e+00
1.010946798731186647e+00
1.007134460321542413e+00
1.003186867707771768e+00
9.969225055153084769e-01
9.735409815471358641e-01
7.935906097451022045e-01
5.726591181517483031e-01
7.038099700727746821e-01
4.443302318119414229e-01
7.272441289451891944e-01
8.078491533162742710e-01
8.395366968308393130e-01
8.559802154494271509e-01
8.662124279152308981e-01
8.735885963670494414e-01
8.796365683685161141e-01
8.851538011056079291e-01
8.905905815384008717e-01
8.962608234388694806e-01
9.023451985931920660e-01
9.089955540741977424e-01
9.165374721380612488e-01
9.228355005344617279e-01
9.319981788882552021e-01
9.412459386584596244e-01
9.509803183260813197e-01
9.610643141173531578e-01
9.711895352804721382e-01
9.808270988048202188e-01
9.891179716199102190e-01
9.947026721623684065e-01
9.954585168641626458e-01
9.883133570564021086e-01
9.686284271225988896e-01
9.303687860238011309e-01
8.664929680445025983e-01
7.710319597533425995e-01
6.431359737091073558e-01
4.916815206587668019e-01
3.360158705707808613e-01
1.992234633010592504e-01
9.764722568909003919e-02
3.531953956299414138e-02
6.351446724530238931e-03
7.348629204857895589e-04
8.698423669220254131e-03
2.239424355954078988e-02
3.583304285331512240e-02
4.414561638224970969e-02
4.312580035976398829e-02
3.281108335691213657e-02
5.479113676488017726e-02
3.032899574723803005e-01
4.867164228800121561e-01
6.698014953002155991e-01
8.634988205501266112e-01
8.196532023700116021e-01
7.713524488019731784e-01
7.456876599654910232e-01
7.351379348816701187e-01
7.336491951131887124e-01
7.380986514346721261e-01
7.461768700855909708e-01
7.567216247441125310e-01
7.689354622988813226e-01
7.822763109042729646e-01
7.963582026369716571e-01
8.108932008196634289e-01
8.256565929757549993e-01
8.404654708018385323e-01
8.551652919981628242e-01
8.696213700444497263e-01
8.837135047692104006e-01
8.973326703231532253e-01
9.103790771767241718e-01
9.227611353868102606e-01
9.343944138241667696e-01
9.452086000331030302e-01
9.551282698921781389e-01
9.640999078629637342e-01
9.720723850329653359e-01
9.740843857396256356e-01
9.848269078288790501e-01
9.896372046518900900e-01
9.933525274122777526e-01
9.960424217447920725e-01
9.960574649184300577e-01
9.976711802801335738e-01
9.971786231210343354e-01
9.956632239276718144e-01
9.932090218342651822e-01
9.898814390394504725e-01
9.857474664437251288e-01
9.808780686887901279e-01
9.753482213671572643e-01
9.692365548263180974e-01
9.626251189090607729e-01
9.555995540450391568e-01
9.482499830677850738e-01
9.406731091789682919e-01
9.329763785443534463e-01
9.252858405095436556e-01
9.177609104366092341e-01
9.106137826471804031e-01
9.042311246708928385e-01
8.991944651005698841e-01
8.967963970673616947e-01
9.002455186521367558e-01
9.205409389415167842e-01
1.034896153327673263e+00
4.262443822357515066e-01
6.959491391381608105e-01
7.248979251060283513e-01
7.253094557548759314e-01
7.138094784510837787e-01
6.922517533879469775e-01
6.565813295428978291e-01
5.932915504298316156e-01
4.601238871291572496e-01
2.280175927075012710e-01
5.125497718183749107e-01
6.178476993554777863e-01
9.332662606293529173e-01
9.357570886205148764e-01
9.136115104541917553e-01
8.957716585610928650e-01
8.827854096851639465e-01
8.735784714853415123e-01
8.672975386941427223e-01
8.634169926121091354e-01
8.616516228010260292e-01
8.618912630558906995e-01
8.641657628233549993e-01
8.686300157867536953e-01
8.755551373782106683e-01
8.852940435157867771e-01
8.981131993789893686e-01
9.134630783356644246e-01
9.268146422925441774e-01
9.154175849194633452e-01
7.896215439669350689e-01
4.742667943133426767e-01
2.346499266298217035e-01
5.451453732560196386e-01
4.168123952842076041e-01
4.785402905791138473e-01
5.305380900698765112e-01
5.695101941896580922e-01
5.994546676536222085e-01
6.235114472652623085e-01
6.437228232890855883e-01
6.613461529851130116e-01
6.767537410671363718e-01
6.789435641397448817e-01
7.103015901578262348e-01
7.248580802568007631e-01
7.399600227071738701e-01
7.559723701973914967e-01
7.749884005695663047e-01
7.065598230348655306e-01
7.927787463830333614e-01
8.123050606004635910e-01
8.300054689605798064e-01
8.474526841454473880e-01
8.648248281123170900e-01
8.820699422656903543e-01
8.990457967191630706e-01
9.155565100546682045e-01
9.313667380148081820e-01
9.462099208868429701e-01
9.597953200910330773e-01
9.718155728638945279e-01
9.819555321548223414e-01
9.899027776840508830e-01
9.953599889157400682e-01
9.980592371153800269e-01
9.977781385390017688e-01
9.943576985403038693e-01
9.877215584496196188e-01
9.778962028126937378e-01
9.650311868162730899e-01
9.494051581629505687e-01
9.315294782612554281e-01
