9.825710722863145730e-01
9.832423423328078282e-01
9.838541569189063196e-01
9.844102947068196219e-01
9.849154097451326972e-01
9.853747387860790630e-01
9.857938490443636237e-01
9.861784246502853790e-01
9.865340894774665692e-01
9.868662636285669976e-01
9.871800506124355223e-01
9.874801521162904772e-01
9.877708072455030353e-01
9.880557531498154189e-01
9.883382040609993702e-01
9.886208459202342480e-01
9.889058439571948300e-01
9.891948607891244416e-01
9.894890828276119432e-01
9.897892530032241787e-01
9.900957080420974554e-01
9.904084187451622778e-01
9.907270319281099580e-01
9.910509128756217478e-01
9.913791873447508340e-01
9.917107823170869807e-01
9.920444648488050410e-01
9.923788784986004030e-01
9.927125769285236601e-01
9.930440543687852895e-01
9.933717727166126998e-01
9.936941850996080516e-01
9.940097557767478831e-01
9.943169762701338232e-01
9.946143776217314381e-01
9.949005386414880858e-01
9.951740899571990262e-01
9.954337135787070245e-01
9.956781375426756453e-01
9.959061249861081988e-01
9.961164566833287104e-01
9.963079056278393297e-01
9.964792015858486840e-01
9.966289825921552659e-01
9.967557289476592919e-01
9.968576731669731572e-01
9.969326761138744830e-01
9.969780545997440901e-01
9.969903378993116849e-01
9.969649180599100546e-01
9.968955381860679088e-01
9.967735279808099813e-01
9.965866353118251197e-01
9.963171943802140440e-01
9.959391708262945730e-01
9.954132387204254195e-01
9.946782688388371430e-01
9.936359646812619184e-01
9.921216879247582998e-01
9.898456003791766822e-01
9.862648571690049160e-01
9.802796403401635716e-01
9.694223025618483591e-01
9.473523739174537495e-01
8.945638110584196445e-01
7.381259900649645989e-01
3.061564672517042562e-01
3.867066930936123859e-01
7.053895322566271497e-01
8.016575176492023447e-01
7.944862648257000615e-01
8.317113269328880731e-01
9.024623284799788703e-01
9.348794287717862028e-01
9.501601681779964226e-01
9.585900299664120716e-01
9.637791001701867533e-01
9.671991341146819465e-01
9.695477052004525254e-01
9.711960930635819000e-01
9.723598683249059516e-01
9.731727578569877579e-01
9.737221013122410174e-01
9.740673292323956955e-01
9.742502520217313222e-01
9.743011072939632422e-01
9.742422770613485827e-01
9.740906603178176582e-01
9.738592367740165345e-01
9.735581264044923522e-01
9.731953248889364527e-01
9.727772250291443212e-01
9.723089934379465227e-01
9.717948472686552819e-01
9.712382605802796220e-01
9.706421203090487282e-01
9.700088455740704108e-01
9.693404799121707605e-01
9.686387632491719746e-01
9.679051885045475423e-01
9.671410463956653381e-01
9.663474610670704790e-01
9.655254184987372978e-01
9.646757891581979605e-01
9.637993460055896966e-01
9.628967786940021423e-01
9.619687046107708861e-01
9.610156772530616953e-01
9.600381923170101528e-01
9.590366917901264054e-01
9.580115662661928821e-01
9.569631556461665189e-01
9.558917483439131058e-01
9.547975790767442295e-01
9.536808252902281291e-01
9.525416022376897995e-01
9.513799567091782983e-01
9.501958593800553521e-01
9.489891957242359011e-01
9.477597554091948817e-01
9.465072200602103747e-01
9.452311492434900542e-01
9.439309644719824366e-01
9.426059309770815631e-01
9.412551369065806917e-01
9.398774694934063367e-01
9.384715875688944831e-01
9.370358895373376296e-01
9.355684755250486262e-01
9.340671017610813198e-01
9.325291241363277139e-01
9.309514259274195291e-01
9.293303210428144334e-01
9.276614170632829781e-01
9.259394076549518626e-01
9.241577311931802319e-01
9.223079529522005826e-01
9.203785135005594364e-01
9.183518201418487958e-01
9.161961670596060481e-01
9.138366628682049742e-01
9.109910644659388046e-01
9.037593048843591825e-01
9.101816673882844322e-01
9.061873584161045381e-01
9.030727539677709803e-01
8.999959362828511278e-01
8.968037177241464653e-01
8.934315111673983845e-01
8.898347986375966245e-01
8.859731022068529915e-01
8.818043211520921743e-01
8.772818221822793472e-01
8.723522794878755260e-01
8.669535430807056020e-01
8.610121324418845701e-01
8.544399250016554426e-01
8.471291782095987655e-01
8.389431046654811652e-01
8.296876631539129576e-01
8.189123832397185998e-01
7.473620498669764078e-01
7.946425087541193477e-01
7.791509080924393649e-01
7.610701641038760679e-01
7.398700334763204101e-01
7.147745473636616387e-01
6.847710061023081218e-01
6.485340246180471002e-01
6.043258957178024859e-01
5.498649199591555403e-01
4.820750226387884307e-01
3.959381882319148449e-01
2.718663606031270219e-01
3.197473956974892784e-01
1.626380234982510997e-01
7.113937262259624472e-02
3.879089679497141341e-02
7.773421496652109519e-02
1.802618024884034831e-01
3.177532248317583297e-01
4.578571664177194522e-01
5.797139389101694240e-01
6.764130430051278342e-01
7.495756245070501755e-01
8.038784428354246447e-01
8.213392387513200887e-01
8.720991861199771655e-01
8.948504825364473891e-01
9.119877495865053030e-01
9.252697768034000569e-01
9.358143219590068229e-01
9.444040714663826108e-01
9.515984458418884628e-01
9.577974377118356752e-01
9.632745586642597058e-01
9.681510214797345304e-01
9.714602282174945591e-01
9.732445791002312108e-01
9.579024724416541625e-01
