9.919049945124289724e-01
9.925086373867253453e-01
9.930935792436756948e-01
9.936584472026762649e-01
9.942019620503137478e-01
9.947229454715718067e-01
9.952203268713241124e-01
9.956931499804507757e-01
9.961405794085201881e-01
9.965619072735313333e-01
9.969565600069466571e-01
9.973241053952303092e-01
9.976642598818203922e-01
9.979768961091423085e-01
9.982620506303973018e-01
9.985199316642343614e-01
9.987509266936712704e-01
9.989556096254348372e-01
9.991347471190866747e-01
9.992893035573101601e-01
9.994204439554608133e-01
9.995295338804525143e-01
9.996181351528834469e-01
9.996879957161978192e-01
9.997410315404247072e-01
9.997792977402271131e-01
9.998049451672850196e-01
9.998201574986453899e-01
9.998270621681992765e-01
9.998276062093305327e-01
9.998233849591616762e-01
9.998154072826118677e-01
9.998037750307101623e-01
9.997872461582518744e-01
9.997626392953774532e-01
9.997240211275338906e-01
9.996615945428185546e-01
9.995601719680150543e-01
9.993970699052923123e-01
9.991391903236238603e-01
9.987389516655030830e-01
9.981285809545876742e-01
9.972120552713532593e-01
9.958536511605919905e-01
9.938615752248251001e-01
9.909644425929559075e-01
9.867773660998230278e-01
9.807530637503057980e-01
9.721117588148066035e-01
9.597422324444940811e-01
9.420668678499720672e-01
9.168705155032697007e-01
8.811176904136832633e-01
8.308482713472267189e-01
7.613848887904806073e-01
6.683199078721664410e-01
5.499155685069697652e-01
4.110111048733101069e-01
2.663606131167637336e-01
1.386544976034028154e-01
4.885804734306803399e-02
5.592168829934723168e-03
3.304554266134968141e-03
2.899934569589395980e-02
6.966913777249168771e-02
1.158314652376227077e-01
1.617955940695461059e-01
2.046577467881653400e-01
2.432249781636844077e-01
2.772398293181521645e-01
3.069060109600063035e-01
3.326237676986587566e-01
3.548518620679004809e-01
3.740404938780049204e-01
3.906020663363249379e-01
4.049013033968586472e-01
4.172547486569635478e-01
4.279343972026112275e-01
4.371725956094139609e-01
4.451613401039654638e-01
4.521046995664261825e-01
4.581024072316339235e-01
4.633025213952814969e-01
4.678115353991821879e-01
4.717230915898947829e-01
4.751188435880874805e-01
4.780701934508423956e-01
4.806398232542564708e-01
4.828829844838242180e-01
4.848485755314058121e-01
4.865800416618671353e-01
4.881161277465853043e-01
4.894915091325915957e-01
4.907373215562839119e-01
4.918816072425938324e-01
4.929496912269553111e-01
4.939644994156103253e-01
4.949468278740848937e-01
4.959155712389460291e-01
4.968879169565579845e-01
4.978795113021175500e-01
4.989046030112376240e-01
4.999761714489331377e-01
5.011060503158593082e-01
5.023050708678653553e-01
5.035832936482692590e-01
5.049505891909319422e-01
5.064189816497173258e-01
5.080223579400526823e-01
5.092826809354772388e-01
5.113117128184099247e-01
5.132235318878045627e-01
5.152367014814288604e-01
5.173645055480519117e-01
5.196105661986409885e-01
5.219758381393785340e-01
5.244597654979007428e-01
5.270605725668482400e-01
5.297753442679711267e-01
5.326000386103150186e-01
5.355294714114757770e-01
5.385572845945121312e-01
5.416758913655574936e-01
5.448763341949891537e-01
5.481474202104292814e-01
5.513932932608723858e-01
5.548716382601351915e-01
5.582881103485706209e-01
5.617245088557321075e-01
5.651640649565462526e-01
5.685888866159432009e-01
5.719799912140181020e-01
5.753176603092645669e-01
5.785832057881580281e-01
5.817744088975398409e-01
5.844931629768335135e-01
5.875662716873071290e-01
5.902798222382996673e-01
5.927714411535786043e-01
5.950190256471774575e-01
5.969923912100033592e-01
5.986585456563300323e-01
5.999825333729056354e-01
6.009276100616101068e-01
6.014552428565632658e-01
6.015250421731436203e-01
6.010946553991790564e-01
6.001196331487413937e-01
5.985532734683082223e-01
5.963464484838151280e-01
5.934474188999556699e-01
5.898016437511705012e-01
5.853515956798885922e-01
5.800365958276120226e-01
5.737926873259167060e-01
5.665525726001130469e-01
5.582456475361690096e-01
5.487981753481238067e-01
5.381336550780624339e-01
5.261734544088928489e-01
5.128377941358334136e-01
4.980471922883177305e-01
4.817244991995254799e-01
4.637976797971963272e-01
4.442035239673144953e-01
4.228924863039249527e-01
3.998348668021793895e-01
3.750285347387155577e-01
3.485083556992398246e-01
3.203573884842413899e-01
2.907197523630354885e-01
2.598148020191923258e-01
2.279518675115971005e-01
1.955443136458298314e-01
1.631210708732429016e-01
1.313331610536098981e-01
1.009522266423441422e-01
7.285788466128428897e-02
4.801112711322564480e-02
2.741219349906645272e-02
1.204323486651746530e-02
2.795841649843935472e-03
7.375299761487318388e-04
5.577709009791894865e-03
1.837807799728491745e-02
3.796634161634225568e-02
6.546241477586854651e-02
9.941870868837100750e-02
1.390545984760858111e-01
1.833859464128180239e-01
2.313410166422890102e-01
2.819153948411750044e-01
3.340306402024088572e-01
3.867940325336072793e-01
4.394247292993389564e-01
4.912625397537262462e-01
5.417752440442689110e-01
5.905469750849144939e-01
6.372616352566339293e-01
6.816836609077894238e-01
