7.161760096078180204e-01
7.146180443377476710e-01
7.080570313872160959e-01
7.039763915260801586e-01
7.022692941112341769e-01
7.026412745941319482e-01
7.047750220227821938e-01
7.083612395837078912e-01
7.131094985099839523e-01
7.187534034913558578e-01
7.250532529304561935e-01
7.317972273256108107e-01
7.388015685293141122e-01
7.459100197421496548e-01
7.529927144331778344e-01
7.599446591810254947e-01
7.666839276001867765e-01
7.731496618211374239e-01
7.792999612170518065e-01
7.851097238456152816e-01
7.905684937788125533e-01
7.956783567944339941e-01
8.004519176073956466e-01
8.049103837859105104e-01
8.090817746091478746e-01
8.129992672745532944e-01
8.166996879532382181e-01
8.202221511228189321e-01
8.236068472839350729e-01
8.268939764927120128e-01
8.301228230154753529e-01
8.333309647042650425e-01
8.365536091629874882e-01
8.398230467306112557e-01
8.431682047790637347e-01
8.466142601499803133e-01
8.501820113924292155e-01
8.538749964184946251e-01
8.577538668471014205e-01
8.617793159608541087e-01
8.659702317608016786e-01
8.703291638894701254e-01
8.748532246490253739e-01
8.795356896010890768e-01
8.843660479517621020e-01
8.893296551209134426e-01
8.944061778712460997e-01
8.995668372831880921e-01
9.040932037053995840e-01
9.099862138477783358e-01
9.157641001453278307e-01
9.211667649396561020e-01
9.265907577307653797e-01
9.317822071722141608e-01
9.371455389983393003e-01
9.423722353335483026e-01
9.474891086509950044e-01
9.524808586123820753e-01
9.573323149710175617e-01
9.620327614324764021e-01
9.665793271260108011e-01
9.709826522840729890e-01
9.752787828156925798e-01
9.795583103202166741e-01
9.840517214481920849e-01
9.894443100211021136e-01
9.974656148552210055e-01
9.232914762743222870e-01
9.773562397052507622e-01
9.848661679785829515e-01
9.885510670114270315e-01
9.909631543726185043e-01
9.927000608760757627e-01
9.939836297845672242e-01
9.949236790169345701e-01
9.955882567373672831e-01
9.960277689374847920e-01
9.962846315949225318e-01
9.963974042025413036e-01
9.964024209642650121e-01
9.963340858797469224e-01
9.962246439596101899e-01
9.961049387938527566e-01
9.947394104202237353e-01
9.956186412239257377e-01
9.953957189189071020e-01
9.949379579755297520e-01
9.940129295960151712e-01
9.921340393160226201e-01
9.883681145323425232e-01
9.809258121918027484e-01
9.663224541209110008e-01
9.376453949879307581e-01
8.801011359126242883e-01
7.714509748952473878e-01
5.740777608541716148e-01
2.907871380744025402e-01
5.344756650713406582e-02
6.578838921072921973e-03
9.655397153798700449e-02
2.148293174646950798e-01
3.159537044812918971e-01
3.932867298214912100e-01
4.508567298631074860e-01
4.937292507088794635e-01
5.259240825695474797e-01
5.503220288701230478e-01
5.689387940333620053e-01
5.831871295744402994e-01
5.940675620230774223e-01
6.022973039260361983e-01
6.083955523128579124e-01
6.127396355841298048e-01
6.156017256497259282e-01
6.171721740851676685e-01
6.175728971384084609e-01
6.168621209009305106e-01
6.150294888710710062e-01
6.119766464792388838e-01
6.074689828640470468e-01
6.010138487791886197e-01
5.914874050659897353e-01
5.753879747887646889e-01
5.217131050758687660e-01
5.856872632309103599e-01
5.280338339516048585e-01
4.370762703734532018e-01
8.386843562797076379e-02
1.028820842100617972e+00
8.184700461670556537e-01
7.501991840145137980e-01
7.168731466809696862e-01
6.964400521890609097e-01
6.820437144915738603e-01
6.708635071547935924e-01
6.615053248728443025e-01
6.531744723661124796e-01
6.453545202670433190e-01
6.376488590122264544e-01
6.297546621079403995e-01
6.213208520407785818e-01
6.119924986275649959e-01
6.013321301020334575e-01
5.887742857611224512e-01
5.735514082396526714e-01
5.545785100530389311e-01
5.302644955209495636e-01
4.981911327293451208e-01
4.545199019372538340e-01
3.934937010578287153e-01
3.064289760266394880e-01
1.834571483793260571e-01
4.339125607751632974e-02
4.393264156453971503e-02
3.951302162735922385e-01
7.575081807007728596e-01
9.086143798704024999e-01
9.475263922851422382e-01
9.457933372180313825e-01
9.285894259040652354e-01
8.985224761958786610e-01
8.702266853885169962e-01
8.247410761677568258e-01
7.580146119853856668e-01
6.538405844779551224e-01
4.854651946843501764e-01
2.356003956759137319e-01
1.859548917312475735e-02
1.098938902179755761e-01
4.000012144542038350e-01
6.248708655817499791e-01
7.545276765342454617e-01
8.257831137115465570e-01
8.648747554470392895e-01
8.856104983044669199e-01
8.950202320611854168e-01
8.967169069703807560e-01
8.925073387552775461e-01
8.831108378487158017e-01
8.684026781742367751e-01
8.473072375318940752e-01
8.172286710740915838e-01
7.724987475323820130e-01
7.001806635825893466e-01
5.681962426023163815e-01
3.022102341469642961e-01
-9.460683627103556696e-04
4.668713194348634299e-01
8.183504976771647232e-01
7.084770153070210075e-01
8.982751536155999528e-01
9.285054746115413149e-01
9.393763998145076011e-01
9.458776660180272522e-01
9.519475512242144832e-01
9.589483668110806436e-01
9.673425221885086911e-01
9.771801993660385044e-01
9.882671136739076267e-01
1.000214850789270971e+00
