9.889100758856148587e-01
9.893835853104506750e-01
9.897958745988109097e-01
9.901510128399577670e-01
9.904538276349922343e-01
9.907096493852394214e-01
9.909240925084686902e-01
9.911028712609118996e-01
9.912516475368746693e-01
9.913759078359043464e-01
9.914808665070136140e-01
9.915713923797232487e-01
9.916519559558071295e-01
9.917265944480039286e-01
9.917988920997671265e-01
9.918719733943408556e-01
9.919485069497626650e-01
9.920307180945201475e-01
9.921204083199265389e-01
9.922189800022304107e-01
9.923274649812728887e-01
9.924465557656745318e-01
9.925766383076336519e-01
9.927178254514081868e-01
9.928699903077756739e-01
9.930327989407360390e-01
9.932057418744874022e-01
9.933881640360059384e-01
9.935792928445627004e-01
9.937782642419056289e-01
9.939841465290583100e-01
9.941959619364924006e-01
9.944127059069968189e-01
9.946333641117299784e-01
9.948569272564309340e-01
9.950824037612637785e-01
9.953088304204892323e-01
9.955352811629697429e-01
9.957608740469638953e-01
9.959847766291488602e-01
9.962062098520655384e-01
9.964244505946734387e-01
9.966388330295516962e-01
9.968487489266869561e-01
9.970536470383957184e-01
9.972530316946009998e-01
9.974464607296381624e-01
9.976335428545691775e-01
9.978139345806449345e-01
9.979873367915288451e-01
9.981534910527026794e-01
9.983121757394601836e-01
9.984632020551885700e-01
9.986064100051899040e-01
9.987416643828627150e-01
9.988688508184891957e-01
9.989878719338554092e-01
9.990986436398483495e-01
9.992010916085922734e-01
9.992951479460508990e-01
9.993807480866285786e-01
9.994578279269380472e-01
9.995263212118157270e-01
9.995861571828952297e-01
9.996372584965607100e-01
9.996795394164882387e-01
9.997129042833416968e-01
9.997372462634644963e-01
9.997524463771231273e-01
9.997583728070159603e-01
9.997548804878666484e-01
9.997418109792081120e-01
9.997189926262753934e-01
9.996862410167235424e-01
9.996433597467749843e-01
9.995901415181993599e-01
9.995263695984567542e-01
9.994518196936227339e-01
9.993662623064406558e-01
9.992694656882867843e-01
9.991611995471992858e-01
9.990412397555543667e-01
9.989093744294496036e-01
9.987654119581245160e-01
9.986091919010772200e-01
9.984406002472805408e-01
9.982595915459917535e-01
9.980662222744167700e-01
9.978607033566840867e-01
9.976434869060782917e-01
9.974154176150936690e-01
9.971780147237694347e-01
9.969340405490690893e-01
9.966887684365555167e-01
9.964532189549070162e-01
9.962541825220285752e-01
9.961765507692011967e-01
9.966990442164866959e-01
9.859813261799358353e-01
9.930600690272346487e-01
9.932201043490139769e-01
9.930012585085058463e-01
9.926650657646289844e-01
9.922700878015451309e-01
9.918368766555009097e-01
9.913745836655464272e-01
9.908879848204145135e-01
9.903799013067868806e-01
9.898521907403140530e-01
9.893062064157044366e-01
9.887430310936852207e-01
9.881636053697349098e-01
9.875688028021070153e-01
9.869594764273112997e-01
9.863364890981001221e-01
9.857007342847149411e-01
9.850531510611857389e-01
9.843947354531153993e-01
9.837265494697908785e-01
9.830497286541405311e-01
9.823654886969874767e-01
9.816751314870741929e-01
9.809800508618768955e-01
9.802817382578868921e-01
9.795817884181212687e-01
9.788819052907073992e-01
9.781839082385717088e-01
9.774897386745537986e-01
9.768014672361040596e-01
9.761213016173605483e-01
9.754515951832695153e-01
9.747948565003783372e-01
9.741537599310637896e-01
9.735311574511057442e-01
9.729300918674734788e-01
9.723538116291432498e-01
9.718057874412330266e-01
9.712897309112017430e-01
9.708096154702759994e-01
9.703696998269190077e-01
9.699745542139536214e-01
9.696290896850742191e-01
9.693385906922560302e-01
9.691087511200802140e-01
9.689457138516975876e-01
9.688561137670267387e-01
9.688471237869706876e-01
9.689265031196754308e-01
9.691026461403328129e-01
9.693846292024673739e-01
9.697822509077186348e-01
9.703060585944530692e-01
9.709673494698765062e-01
9.717781279777252257e-01
9.727509901441329099e-01
9.738988882557889637e-01
9.752347010354576184e-01
9.767704881880645562e-01
9.785162310325837831e-01
9.804777301685453361e-01
9.826531053562802542e-01
9.850269449036954672e-01
9.875604346421985591e-01
9.901744716178392247e-01
9.927202544227502479e-01
9.949269406163415708e-01
9.963061299543334304e-01
9.959726928180545613e-01
9.922990375906940441e-01
9.822313115590612931e-01
9.599230439993901021e-01
9.140968743754360748e-01
8.238169109488003850e-01
6.569396106680739367e-01
3.956603940966056387e-01
1.207083705255670575e-01
1.043918148170029647e-03
5.964153720446355861e-02
1.858422949215939868e-01
3.071924539363078965e-01
4.047711893388296622e-01
4.797453927212675939e-01
5.372415371294739783e-01
5.819123846815491552e-01
6.172293373226159785e-01
6.456442889764856252e-01
6.688407091524972703e-01
6.877734808955758838e-01
7.001751105113240836e-01
7.200573241013152881e-01
7.320839378971270017e-01
7.426777154153227922e-01
7.520665311487522153e-01
7.604271373500648412e-01
7.679029973423573407e-01
7.746055599929095870e-01
7.806188191806078258e-01
7.860036768579321542e-01
7.908013165584328874e-01
7.950354835214218374e-01
