9.857343404920841934e-01
9.861631018979206686e-01
9.866091571192703302e-01
9.870716735989237822e-01
9.875493690478869269e-01
9.880406033612246786e-01
9.885434618642945370e-01
9.890558296814651040e-01
9.895754572707873287e-01
9.901000173658172088e-01
9.906271537180428854e-01
9.911545221437008113e-01
9.916798244566805698e-01
9.922008359177393322e-01
9.927154268551013905e-01
9.932215791193961252e-01
9.937173980257274497e-01
9.942011204154620474e-01
9.946711194417960922e-01
9.951259066452458057e-01
9.955641318468204659e-01
9.959845813422943950e-01
9.963861748372480065e-01
9.967679615181223030e-01
9.971291156113490928e-01
9.974689317401661537e-01
9.977868203495251498e-01
9.980823034313796027e-01
9.983550107486260927e-01
9.986046767232031884e-01
9.988311381248339282e-01
9.990343326696932147e-01
9.992142986148068173e-01
9.993711754099662281e-01
9.995052054498542171e-01
9.996167369482659160e-01
9.997062279383452932e-01
9.997742513823091315e-01
9.998215013547686603e-01
9.998488002398918661e-01
9.998571068562814856e-01
9.998475253896975667e-01
9.998213149723795823e-01
9.997798996931693827e-01
9.997248787509702694e-01
9.996580363702931571e-01
9.995813509699772448e-01
9.994970029066745365e-01
9.994073798847916690e-01
9.993150788141388352e-01
9.992229024732548481e-01
9.991338487614705999e-01
9.990510895317709084e-01
9.989779349118385054e-01
9.989177775176537599e-01
9.988740088759194835e-01
9.988498974494030014e-01
9.988484135458718383e-01
9.988719805590211553e-01
9.989221236582669361e-01
9.989989750492730414e-01
9.991005775088915852e-01
9.992219023800789079e-01
9.993534604782166042e-01
9.994793280160859661e-01
9.995743246840095297e-01
9.995999515783876577e-01
9.994984975133451854e-01
9.991844129231706173e-01
9.985315661345749438e-01
9.973542335033295236e-01
9.953784697169361095e-01
9.921986113567323740e-01
9.872107481489225123e-01
9.795107028214330436e-01
9.677384349990780787e-01
9.498457048919899393e-01
9.227674572268423914e-01
8.820162523154226886e-01
8.213650083516241818e-01
7.331855987621418436e-01
6.107993878943366317e-01
4.547375632610374807e-01
2.820150395418006828e-01
1.283230580131477505e-01
3.030683296043688163e-02
3.130238650942260737e-04
2.352640809375263278e-02
7.574524973756563417e-02
1.378020595538156368e-01
1.988200292634927091e-01
2.540139543388236221e-01
3.019628172250597986e-01
3.428052949420817841e-01
3.772816047132807049e-01
4.062838774296445021e-01
4.306671416911656558e-01
4.511827706897612589e-01
4.684655447083981850e-01
4.830420335955725175e-01
4.953458618578628347e-01
5.057338201205400230e-01
5.145007158084855536e-01
5.218930583858562011e-01
5.281190061527403223e-01
5.333991560120373565e-01
5.382338688546219885e-01
5.400572518649393583e-01
5.434937348584518713e-01
5.459056634536200159e-01
5.477521572810150063e-01
5.491410623395798218e-01
5.501396697823479620e-01
5.508007415577563792e-01
5.511685753365028750e-01
5.512813669149454476e-01
5.511724878331228927e-01
5.508713249784187305e-01
5.504038943474477419e-01
5.497933159892769428e-01
5.490601931285035153e-01
5.482229201591934942e-01
5.472979353842055694e-01
5.462999295494666008e-01
5.452420182873778387e-01
5.441358846445336628e-01
5.429918965065060332e-01
5.418192027328897487e-01
5.406258110589973187e-01
5.394186502347845247e-01
5.382036184108692778e-01
5.369856194155285811e-01
5.357685882731928473e-01
5.345555070782920248e-01
5.333484121484586282e-01
5.321483932269175376e-01
5.309555853806998682e-01
5.297691541444555785e-01
5.285872743837631837e-01
5.274071032986032970e-01
5.262247479549487794e-01
5.250352277276294499e-01
5.238324320747755891e-01
5.226090741793480987e-01
5.213566412813297468e-01
5.200653432421430411e-01
5.187240628079247129e-01
5.173203168268670771e-01
5.158402577291575364e-01
5.142688211302254286e-01
5.125897779174628521e-01
5.105809999246542219e-01
5.087876322535790363e-01
5.066636174710300589e-01
5.043372011782865094e-01
5.017863688556095658e-01
4.989833945256560988e-01
4.958977725199151254e-01
4.924965821517592879e-01
4.887445323253106766e-01
4.846039443201253238e-01
4.800347279243672438e-01
4.749943703440627774e-01
4.694379497955929459e-01
4.633181850268174307e-01
4.565855337307177519e-01
4.491883558145996491e-01
4.410731615174633413e-01
4.321849694278099285e-01
4.224678056224607792e-01
4.118653825036646676e-01
4.003220044982321868e-01
3.877837575338116127e-01
3.742000498835071909e-01
3.595255830360045146e-01
3.437228417182229823e-01
3.267652004172619251e-01
3.086407471087424526e-01
2.893569194834953451e-01
2.689460291312968931e-01
2.474717070369570893e-01
2.250362286328478900e-01
2.017885532594417552e-01
1.779327146818123762e-01
1.537358543900858854e-01
1.295343700128449571e-01
1.057329569531761937e-01
8.275040834711420989e-02
6.175100298960405770e-02
4.247513101542591679e-02
2.601644385481189509e-02
1.310015733366610979e-02
4.405606890311617244e-03
5.633446614228672334e-04
2.102703902346892990e-03
9.406894337154048449e-03
2.267741287113286472e-02
4.191230414216273042e-02
6.690148837758963518e-02
9.723929849360529731e-02
