8.224444118403291260e-01
8.176589631513134782e-01
8.103757880702119332e-01
8.018437597756919999e-01
7.907990678276380914e-01
7.776481420346172957e-01
7.369947160220372551e-01
7.734599613971576693e-01
7.586242683600663561e-01
7.485906649127606061e-01
7.405010493001635830e-01
7.340073896215918436e-01
7.290614829304511435e-01
7.256596820121840041e-01
7.237871726682614248e-01
7.234027373924992732e-01
7.244345439042758628e-01
7.267788204277679798e-01
7.302977599774383988e-01
7.348127525442047503e-01
7.400839655228995673e-01
7.457457732163914610e-01
7.510539132478740720e-01
7.532723254661228829e-01
6.545676403029216939e-01
7.958797371893443495e-01
7.948264372196484073e-01
7.990443386389608493e-01
8.034934912323610234e-01
8.068983299371546014e-01
8.083712603898751681e-01
8.069055211435337549e-01
8.010818138036962521e-01
7.886487972529246937e-01
7.657069403822807097e-01
7.249421860144246166e-01
6.516363556814148694e-01
5.155973262243480626e-01
2.713946264518348195e-01
1.180146662306967575e-02
1.966557495291362256e-01
5.731051602988326277e-01
7.787685483438436806e-01
8.722734843209301037e-01
9.166070805332106053e-01
9.315636698557681061e-01
9.477122007629045219e-01
9.536499101281328272e-01
9.549363945239148777e-01
9.565067035619349012e-01
9.550791461166466823e-01
9.526083054550542606e-01
9.494455391920395559e-01
9.458209361078986355e-01
9.419078415089489065e-01
9.378467264066742137e-01
9.337579283838366440e-01
9.297492264228994774e-01
9.259206713622537555e-01
9.223678572364687467e-01
9.191841529455092585e-01
9.164617604657071537e-01
9.142900666907065599e-01
9.127451490909122001e-01
9.118463326456371920e-01
9.113819816557803266e-01
9.103169947316309685e-01
9.072935893211607761e-01
9.087670034263443108e-01
9.168097404890925839e-01
9.282642884601834954e-01
9.470464811805292538e-01
1.006750670275182946e+00
8.140705384639224107e-01
9.066581023092211700e-01
9.322235554077781261e-01
9.500016588298973996e-01
9.650437863671159633e-01
9.774965910377458878e-01
9.855290583312416031e-01
9.854017534064152262e-01
9.709924790600196198e-01
9.335350135629124635e-01
8.627638024589066035e-01
7.512251408749587300e-01
6.020066463466864359e-01
4.344607220594950969e-01
2.773326976004302780e-01
1.454276224074008417e-01
5.528843318190049955e-02
1.734100988494174933e-02
2.157755594549560108e-03
2.779884377724241903e-03
1.468570190396045923e-02
3.082206198837938657e-02
4.730551320778174362e-02
6.452112078818755814e-02
8.128413301864600982e-02
9.709078142615153173e-02
1.117331314630782418e-01
1.251557106733830194e-01
1.373814654893295295e-01
1.484704644064685497e-01
1.584963152042108969e-01
1.675324628133288141e-01
1.756439022799955729e-01
1.828815719772274029e-01
1.892775077461882893e-01
1.948389551620275384e-01
1.995388257713865687e-01
2.032967875457400708e-01
2.059330270801283391e-01
2.070095720862435984e-01
2.052856333247516929e-01
1.997076795212087419e-01
1.879631940521979960e-01
1.690221349129288342e-01
2.906769944243836057e-01
2.515166903199149151e-01
2.375133692733397694e-01
2.272047342526196390e-01
2.167160139326765600e-01
2.045027106694521923e-01
1.895366033859021138e-01
1.708950928493417065e-01
1.476724557780448588e-01
1.190943600147598008e-01
8.499957697296083026e-02
4.722087316724249417e-02
1.312386996168378277e-02
3.294250603278005545e-03
6.119512666994794681e-02
2.378426890032346863e-01
5.111947536797556424e-01
7.584699705466840802e-01
9.006597559886202475e-01
9.548897609943632903e-01
9.608273294080348359e-01
9.421621206004107130e-01
9.003720625732858363e-01
7.091269040580439054e-01
1.018919989144134286e+00
9.605917557748843150e-01
9.318587111672242962e-01
9.122637882184525537e-01
8.963658923955739599e-01
8.820490971889296539e-01
8.679876450543992927e-01
8.525425824387958817e-01
8.314385748597044046e-01
8.043963342093374269e-01
8.012775497926578616e-01
7.885351927997563681e-01
7.641341934649771295e-01
7.329271875838033745e-01
6.946653494486890734e-01
6.483694385951372929e-01
5.932332225757670496e-01
5.291270368726330720e-01
4.571044331862630927e-01
3.798742725772912832e-01
3.024041746358328009e-01
2.091853818334652171e-01
1.532464058423949615e-01
1.008008958004255329e-01
6.202172450440833484e-02
3.772968016260518781e-02
2.882698337623364887e-02
6.897898138406437230e-02
1.547492839325205483e-01
6.687126570958583371e-02
6.097224954661235874e-02
6.463095670699271766e-02
6.716589119526676643e-02
6.020401214427959641e-02
2.145181956121863451e-02
2.535404840672634830e-01
2.328207126014804618e-01
2.015971903125603204e-01
2.108553819881063274e-01
2.080598441434878820e-01
2.081322998906544042e-01
2.088421811566404107e-01
2.094698346212097717e-01
2.097383802084804572e-01
2.095647261378110471e-01
2.089733161657074123e-01
2.080726469555224389e-01
2.071151308036337235e-01
2.067717350889095862e-01
2.051017285609296470e-01
2.012713999279345800e-01
2.090699415790391591e-01
2.059094691457854787e-01
2.067889161225397454e-01
2.093126950828812782e-01
2.134537858036167357e-01
2.193638022914751184e-01
2.272547350482790884e-01
2.372887991478082048e-01
