9.877265097405398819e-01
9.876223689467897859e-01
9.875533966724534540e-01
9.875185455478637797e-01
9.875161924225647203e-01
9.875442842398092225e-01
9.876004656591501618e-01
9.876821890937641513e-01
9.877868081062434191e-01
9.879116553011013657e-01
9.880541059777736557e-01
9.882116288766056300e-01
9.883818253742746585e-01
9.885624584723773367e-01
9.887514728821262810e-01
9.889470074476195416e-01
9.891474010730215705e-01
9.893511932326175540e-01
9.895571200511323884e-01
9.897641068448495005e-01
9.899712579204146268e-01
9.901778443340095714e-01
9.903832902241231917e-01
9.905871582464808034e-01
9.907891345604924460e-01
9.909890137431552892e-01
9.911866839402067031e-01
9.913821125035402471e-01
9.915753323110538808e-01
9.917664289167630320e-01
9.919555286382001347e-01
9.921427876516584199e-01
9.923283821362849366e-01
9.925124994806013845e-01
9.926953305452725917e-01
9.928770629571149753e-01
9.930578753966357031e-01
9.932379328292529896e-01
9.934173826235184190e-01
9.935963514930227225e-01
9.937749431956619528e-01
9.939532369214693075e-01
9.941312863002229605e-01
9.943091189605448577e-01
9.944867365736099751e-01
9.946641153178382710e-01
9.948412067031600081e-01
9.950179386974958851e-01
9.951942171015824012e-01
9.953699271228416690e-01
9.955449351021122828e-01
9.957190903526539349e-01
9.958922270733017168e-01
9.960641663030560533e-01
9.962347178873440789e-01
9.964036824304720597e-01
9.965708532118269236e-01
9.967360180469199138e-01
9.968989610775091936e-01
9.970594644775375714e-01
9.972173100645267407e-01
9.973722808084064528e-01
9.975241622315841328e-01
9.976727436965258100e-01
9.978178195781758353e-01
9.979591903208593351e-01
9.980966633797899723e-01
9.982300540491848562e-01
9.983591861795225730e-01
9.984838927876664716e-01
9.986040165640570621e-01
9.987194102817379404e-01
9.988299371129487625e-01
9.989354708588125131e-01
9.990358960981852166e-01
9.991311082622308382e-01
9.992210136408131715e-01
9.993055293280019846e-01
9.993845831126259016e-01
9.994581133210004298e-01
9.995260686186377974e-01
9.995884077774824794e-01
9.996450994152811242e-01
9.996961217138427003e-01
9.997414621229583354e-01
9.997811170561898830e-01
9.998150915852640486e-01
9.998433991396382670e-01
9.998660612174750106e-01
9.998831071149922867e-01
9.998945736801819750e-01
9.999005050982529008e-01
9.999009527149254062e-01
9.998959749048289547e-01
9.998856369922599630e-01
9.998700112313210209e-01
9.998491768532115076e-01
9.998232201890820958e-01
9.997922348764116673e-01
9.997563221580886283e-01
9.997155912839681413e-01
9.996701600246162833e-01
9.996201553089973935e-01
9.995657139971295679e-01
9.995069838014897234e-01
9.994441243702054667e-01
9.993773085483907970e-01
9.993067238333793734e-01
9.992325740425337388e-01
9.991550812136269499e-01
9.990744877593592532e-01
9.989910588996201435e-01
9.989050853977362587e-01
9.988168866274723667e-01
9.987268140008982442e-01
9.986352547874228769e-01
9.985426363550231610e-01
9.984494308639648708e-01
9.983561604400010836e-01
9.982634028463033271e-01
9.981717976615027688e-01
9.980820529481192471e-01
9.979949523596686189e-01
9.979113625760752671e-01
9.978322408636474128e-01
9.977586424096462903e-01
9.976917268500216096e-01
9.976327630448592609e-01
9.975831305797098203e-01
9.975443155513016302e-01
9.975178967160088783e-01
9.975055156695483705e-01
9.975088207473289392e-01
9.975293676569241264e-01
9.975684484410131114e-01
9.976268004337141004e-01
9.977041112020368363e-01
9.977981698373026287e-01
9.979033903308691666e-01
9.980081873517481217e-01
9.980901808729264468e-01
9.981071204039431155e-01
9.979789447252316315e-01
9.975503650923769339e-01
9.965074758671067512e-01
9.941759001272862939e-01
9.889787605551124683e-01
9.767790607523858526e-01
9.449681324946027638e-01
8.491151881079245234e-01
5.819673566874883353e-01
5.035948211130518715e-01
7.204783762943220982e-01
8.312356761872603528e-01
8.757028605556401724e-01
8.821107739283867710e-01
8.320545577268910753e-01
6.255076034305105948e-01
5.001226417771188482e-01
7.059534750506034628e-01
8.149606393540357319e-01
8.640335085101338297e-01
8.897747112500244970e-01
9.050981249016512020e-01
9.150595461552291088e-01
9.219405326699464664e-01
9.268972306402029071e-01
9.305705953171665712e-01
9.333414999613852681e-01
9.354486326505001559e-01
9.370475629073674595e-01
9.382422743166591861e-01
9.391027743578257425e-01
9.396750906810299453e-01
9.399866448648206418e-01
9.400482526878197742e-01
9.398527389187077974e-01
9.393685289684142736e-01
9.385230206083092774e-01
9.371599602392041151e-01
9.349153805819697682e-01
9.307573257189539762e-01
9.202856833018903115e-01
8.335718194525817415e-01
9.684575353580616719e-01
9.155391467125351124e-01
9.324223861603596619e-01
9.421176113914480066e-01
9.411974454954403768e-01
9.395316883201031422e-01
9.377382692436000422e-01
9.358918330389029983e-01
9.339939017063335625e-01
9.320359938107478648e-01
9.300109914343134276e-01
9.279151524665942841e-01
9.257482133986175699e-01
9.235131506396474510e-01
9.212159377643320823e-01
9.188653481110680143e-01
