6.849583597536147428e-01
6.931954389653797177e-01
7.012573725856875440e-01
7.091329208927763528e-01
7.168174976056095327e-01
7.243112273971430426e-01
7.316171266637988557e-01
7.387394079531292013e-01
7.456819003005065172e-01
7.524465655901961814e-01
7.590320561139342059e-01
7.654320317240982385e-01
7.716282471620574679e-01
7.776016341633995577e-01
7.833774399127256816e-01
7.888465123245813615e-01
7.939860482639631289e-01
7.987329068569541946e-01
8.030061135479600321e-01
8.067033863575967523e-01
8.096964020795474060e-01
8.118274838465289189e-01
8.129404523542408390e-01
8.114648667051879150e-01
8.100921295211755968e-01
8.057499161075490912e-01
7.983823850850136905e-01
7.870082701057921071e-01
7.701748977733609003e-01
7.457426892851759526e-01
7.105455621998553184e-01
6.599536822055481755e-01
5.875574114134402004e-01
4.858713680597933626e-01
3.508164647515205625e-01
1.940500255912706029e-01
5.889092130544622272e-02
6.482222029841874789e-03
5.680263436252397380e-02
1.680590443290042868e-01
2.881110643985795305e-01
3.903470657679175559e-01
4.691899397319609366e-01
5.275186401422505833e-01
5.699306019102290399e-01
5.999212390173079834e-01
6.218548008001223426e-01
6.368856600823944447e-01
6.468945000225527764e-01
6.530236781970093496e-01
6.547811537736110132e-01
6.575132265007406218e-01
6.564479001592069540e-01
6.539722214822798474e-01
6.503198238470548898e-01
6.457109158342968502e-01
6.403277496324755180e-01
6.343200647991226182e-01
6.278114801897438646e-01
6.209046832228857227e-01
6.136854428806635120e-01
6.062257158127838386e-01
5.985861021995916298e-01
5.908178747178125523e-01
5.829648025469774675e-01
5.750650650045781020e-01
5.671538044069355244e-01
5.592676702027575830e-01
5.514555104850874523e-01
5.438114211398520359e-01
5.365138882375277696e-01
5.318961539305678832e-01
5.071041139528170705e-01
5.076462019626081235e-01
5.008513209857353710e-01
4.932960156502503302e-01
4.854587388806168025e-01
4.774255564408161900e-01
4.692243917183734347e-01
4.608078877797393003e-01
4.521324904718149740e-01
4.431274785652471460e-01
4.336918016141124155e-01
4.236586621575770262e-01
4.125818341999507588e-01
3.919314306293870676e-01
3.928140399040710995e-01
3.791441607850410955e-01
3.641851834320655179e-01
3.478196648680245140e-01
3.294057438868951415e-01
3.080803256052523365e-01
2.839141540560188859e-01
2.553502744332180052e-01
2.215885081223928077e-01
1.815689917471584036e-01
1.346062478160318931e-01
8.177766358348524667e-02
2.993699747390350663e-02
1.719201420818032176e-03
5.082148176773496062e-02
2.444239087067163751e-01
5.505626157666619891e-01
8.112294099230797917e-01
9.428644068602938244e-01
9.801480631332951665e-01
9.731672796351654720e-01
9.498866157720564640e-01
9.221484216435502645e-01
8.941381728432247211e-01
8.666904085565924065e-01
8.389757758351213957e-01
8.088393440526118194e-01
7.720805195724687042e-01
7.197579195660980256e-01
6.290402097952799698e-01
4.283274801952796085e-01
2.582847637579620964e-02
6.442069544998354491e-01
9.616450646689768122e-01
9.892488375769263875e-01
9.835153355348796866e-01
9.758343926058525852e-01
9.702217070892558137e-01
9.668764480530493977e-01
9.654138372060275808e-01
9.654230714324425477e-01
9.665577723889080541e-01
9.685362688023613220e-01
9.711271953512811139e-01
9.741359773557776158e-01
9.773946865611173873e-01
9.807549596102542733e-01
9.840832595395644367e-01
9.872578668153075832e-01
9.901671621433275616e-01
9.927089127784738398e-01
9.947903887776105014e-01
9.963292247524647705e-01
9.972550050710795588e-01
9.975114590904500256e-01
9.970564499797245350e-01
9.952860072825978621e-01
9.940258994901357559e-01
9.915453150864338427e-01
9.884168098592814866e-01
9.295117750070321927e-01
9.792476124329076992e-01
9.737884294751187886e-01
9.487653477396994495e-01
9.480018789521859057e-01
7.434345418596746136e-01
2.162371716325520166e-01
4.307093073381387804e-01
6.129055429535150701e-01
6.774862814685699286e-01
6.872930295545963686e-01
6.809491674363485902e-01
6.658653219042788285e-01
6.447284186209347734e-01
6.187225079612177492e-01
5.882887045951359362e-01
5.534257554564917525e-01
5.138000113756304721e-01
4.687405080832607873e-01
4.169618001370338778e-01
3.484101067163546395e-01
2.962017469337552278e-01
2.098537247457354926e-01
1.845230294953415506e-01
1.048519853029310084e-01
3.534077825665430522e-02
1.378934676276144175e-02
6.826298321863023821e-02
2.080381716318081553e-01
4.007519542161576687e-01
5.938644396402916747e-01
7.489126717550484980e-01
8.538306539609502588e-01
9.154183102477329026e-01
9.464731746629315712e-01
9.582607135580094582e-01
9.586332385375846421e-01
9.525381663721422809e-01
9.429493269666278099e-01
9.316091466034147617e-01
9.194571447295822875e-01
9.072294070424630208e-01
8.950244050188961298e-01
8.830277675746125432e-01
8.712602210177629036e-01
8.596791393899707590e-01
8.482016686882369871e-01
8.367246369235895598e-01
8.251584480566073188e-01
8.131970143563496123e-01
8.024268227264149678e-01
7.981263168898286020e-01
7.342557814123767956e-01
7.175470097000835601e-01
