1.005617210949161455e+00
1.007842820895279878e+00
1.009229948633019402e+00
1.009894684379793128e+00
1.009950906359216027e+00
1.009507885898749846e+00
1.008668459751282276e+00
1.007527699217149131e+00
1.006172008881387692e+00
1.004678591820967748e+00
1.003115222720226907e+00
1.001540275241310951e+00
1.000002955063207022e+00
9.985436950801921396e-01
9.971946742310904277e-01
9.959804262305114175e-01
9.949185090233144679e-01
9.940202100445297839e-01
9.932912663067330339e-01
9.927325819363470583e-01
9.923409290396330018e-01
9.921096206924626681e-01
9.920291474311708768e-01
9.920877708840022402e-01
9.922720701445468805e-01
9.925674381677608293e-01
9.929585268902142436e-01
9.934296409590664956e-01
9.939650809245933472e-01
9.945494375283394639e-01
9.951678393280256607e-01
9.958061563594001742e-01
9.964511628666570253e-01
9.970906623507008737e-01
9.977135783111317213e-01
9.983100141024173757e-01
9.988712853062590158e-01
9.993899279483332565e-01
9.998596857738047960e-01
1.000275479647675603e+00
1.000633361974619273e+00
1.000930458843336313e+00
1.001164902400709211e+00
1.001335755754611201e+00
1.001442932496122928e+00
1.001487112726771045e+00
1.001469657274385083e+00
1.001392521587458617e+00
1.001258170612298271e+00
1.001069495782217045e+00
1.000829735082748639e+00
1.000542397005326878e+00
1.000211189059229566e+00
9.998399513838573949e-01
9.994325958852150471e-01
9.989930512153359921e-01
9.985252138184583792e-01
9.980329051842140586e-01
9.975198353747133373e-01
9.969895728280764313e-01
9.964455203865754118e-01
9.958908974509304013e-01
9.953287281233936801e-01
9.947618351712221862e-01
9.941928396163487447e-01
9.936241657387044901e-01
9.930580512655764469e-01
9.924965625105981459e-01
9.919416142195692787e-01
9.913949938779725857e-01
9.908583902338256033e-01
9.903334257901298399e-01
9.898216930215744114e-01
9.893247940680703900e-01
9.888443836523844732e-01
9.883822149572176752e-01
9.879401881737386315e-01
9.875204013962702865e-01
9.871252034750570559e-01
9.867572483453053156e-01
9.864195502081219979e-01
9.861155387276117068e-01
9.858491130996170915e-01
9.856246933980924441e-01
9.854472669523534067e-01
9.853224265616430388e-01
9.852563959792290937e-01
9.852560360953683816e-01
9.853288223159203385e-01
9.854827793150864323e-01
9.857263529285856807e-01
9.860681893524760877e-01
9.865167772751420872e-01
9.870798862921446037e-01
9.877637003105236291e-01
9.885714898513343618e-01
9.895015786870848817e-01
9.905442137588079676e-01
9.916766968833441442e-01
9.928556903229670549e-01
9.940047658375895656e-01
9.949935452620600751e-01
9.956008398357663047e-01
9.954435929789827719e-01
9.938176126023677837e-01
9.892285075808878725e-01
9.770651095883728932e-01
9.005688865135161869e-01
1.002026810547578695e+00
9.593360952190806978e-01
9.102264952493867023e-01
8.353974909913398639e-01
7.210388916058494413e-01
5.586022464778205299e-01
3.593278860023814691e-01
1.674429982547024076e-01
4.016612554916518946e-02
6.184681083082469756e-04
2.767427047938557025e-02
8.734802934220819992e-02
1.555580609542795700e-01
2.204591247007923471e-01
2.777691742253717289e-01
3.267801558983510213e-01
3.681849317882871508e-01
4.031550328774510805e-01
4.323579109900820838e-01
4.573830399406943470e-01
4.787139497030610258e-01
4.970411622914819860e-01
5.129008019963009479e-01
5.267228705293395263e-01
5.388542121702741827e-01
5.495759393987909025e-01
5.591170701548697775e-01
5.676651814489726000e-01
5.753747175696204419e-01
5.823734758587834071e-01
5.887676865754387645e-01
5.946460112056625169e-01
6.000827085137276917e-01
6.051401586938327526e-01
6.098708906426453247e-01
6.143192228517038167e-01
6.185226022433891746e-01
6.225127054272251437e-01
6.263163517611444187e-01
6.299562660705286810e-01
6.334517200064608833e-01
6.368190741468294780e-01
6.400722375628566940e-01
6.432230573226926928e-01
6.462816470121641732e-01
6.492566606204891455e-01
6.521555159177073735e-01
6.549845696318006283e-01
6.577492452299058545e-01
6.604541128485826862e-01
6.631029198269615677e-01
6.656985692686193667e-01
6.682430429127149685e-01
6.707372629600321101e-01
6.731808845464982705e-01
6.755720042789798985e-01
6.779067553612639907e-01
6.801787209216707542e-01
6.823779829927567597e-01
6.844892334969949754e-01
6.864866976724012249e-01
6.883133714982012652e-01
6.897049171412276136e-01
6.918362147979477683e-01
6.939392089427934840e-01
6.950025509540888047e-01
6.958806450110603947e-01
6.964542729114104880e-01
6.966420448974529611e-01
6.963639068225225826e-01
6.955331550893859571e-01
6.940536051934522721e-01
6.918180640460258601e-01
6.887071737331186272e-01
6.845883067823156365e-01
6.793143430866711574e-01
6.727221843507106280e-01
6.646308412897100615e-01
6.548388798779671838e-01
6.431209327662285036e-01
6.292228475565780910e-01
6.128547824973652469e-01
5.936809330387224914e-01
5.713026838201218371e-01
5.452248677003596056e-01
5.147601463086887152e-01
4.785780184270358451e-01
4.302564558764989666e-01
4.027367990979647261e-01
3.505088271967432556e-01
2.918981287482943499e-01
2.283704461293070143e-01
