9.776715065156509343e-01
9.753164265145489731e-01
9.735304761155765263e-01
9.722655960001909126e-01
9.714696467384796863e-01
9.710884191692514822e-01
9.710673073766332708e-01
9.713526720335137199e-01
9.718929234922375482e-01
9.726393545470926050e-01
9.735467525040353287e-01
9.745738192635217123e-01
9.756834267225403812e-01
9.768427330639349870e-01
9.780231835431907328e-01
9.792004172973525211e-01
9.803540995610006137e-01
9.814676965421432753e-01
9.825282081326832673e-01
9.835258716358367126e-01
9.844538478167246254e-01
9.853078988354162515e-01
9.860860660168453418e-01
9.867883539544962668e-01
9.874164261352209593e-01
9.879733161080110904e-01
9.884631571966920882e-01
9.888909328658872511e-01
9.892622490860158990e-01
9.895831293931546258e-01
9.898598327981654732e-01
9.900986942522899126e-01
9.903059870176347257e-01
9.904878060060957612e-01
9.906499709361010764e-01
9.907979479980423276e-01
9.909367886142614879e-01
9.910710838146247204e-01
9.912049327230334494e-01
9.913419236524217970e-01
9.914851263340549448e-01
9.916370938537362179e-01
9.917998729306547467e-01
9.919750212485537455e-01
9.921636306310072095e-01
9.923663549413850316e-01
9.925834416781375014e-01
9.928147663287234526e-01
9.930598686368987682e-01
9.933179900282080865e-01
9.935881115245764894e-01
9.938689915633764915e-01
9.941592032135216916e-01
9.944571703567253174e-01
9.947612024698929689e-01
9.950695277091953228e-01
9.953803240542700159e-01
9.956917483245342204e-01
9.960019629278690223e-01
9.963091602446422224e-01
9.966115845888887659e-01
9.969075517222072413e-01
9.971954659252939557e-01
9.974738346582249227e-01
9.977412808618363327e-01
9.979965529720228323e-01
9.982385327331567693e-01
9.984662409104488878e-01
9.986788410104077141e-01
9.988756411268686630e-01
9.990560940354528130e-01
9.992197956633391831e-01
9.993664820641061652e-01
9.994960250277322711e-01
9.996084264561541088e-01
9.997038116338144986e-01
9.997824215200604714e-01
9.998446041889100799e-01
9.998908055369559733e-01
9.999215593779595679e-01
9.999374770384413802e-01
9.999392365642917335e-01
9.999275716443355444e-01
9.999032603527899798e-01
9.998671138082620979e-01
9.998199648423752306e-01
9.997626567675202969e-01
9.996960323292107820e-01
9.996209229243808725e-01
9.995381381642045593e-01
9.994484558555759568e-01
9.993526124736242799e-01
9.992512941933925363e-01
9.991451285470998034e-01
9.990346767709457065e-01
9.989204269026253913e-01
9.988027876893027512e-01
9.986820833644168838e-01
9.985585493492670217e-01
9.984323289348466801e-01
9.983034709982177013e-01
9.981719288063721773e-01
9.980375599608451997e-01
9.979001275346006672e-01
9.977593024539593847e-01
9.976146671766576990e-01
9.974657207193041719e-01
9.973118850861172335e-01
9.971525131528685693e-01
9.969868980611238385e-01
9.968142841790499364e-01
9.966338796878658757e-01
9.964448708566100432e-01
9.962464380709364908e-01
9.960377736886331101e-01
9.958181018008599450e-01
9.955866999876831214e-01
9.953429231691039991e-01
9.950862296687322806e-01
9.948162096271687682e-01
9.945326159302501079e-01
9.942353978511934143e-01
9.939247376514450671e-01
9.936010904441839875e-01
9.932652277012912201e-01
9.929182848865251154e-01
9.925618138307844562e-01
9.921978406431980479e-01
9.918289301897772470e-01
9.914582584933226972e-01
9.910896948499378079e-01
9.907278960730105943e-01
9.903784161503035310e-01
9.900478358705525617e-01
9.897439188798706766e-01
9.894758035686535003e-01
9.892542449163141960e-01
9.890919283578413213e-01
9.890038917275740804e-01
9.890081173760533195e-01
9.891264079269954657e-01
9.893857671050702018e-01
9.898207501312585865e-01
9.904778388537384126e-01
9.914244629505551964e-01
9.927698914457467882e-01
9.947205492512091185e-01
9.977516053297604826e-01
1.003227599130924741e+00
1.011072101996737249e+00
8.457928595429015095e-01
9.435482359102604910e-01
9.374053477150632308e-01
8.890892709678380745e-01
7.315296346070272460e-01
3.063405644918357207e-01
1.044213789104326551e-01
4.237132013564137156e-01
6.332710056476349436e-01
7.381913191413924658e-01
7.956681017634763542e-01
8.303690063924227260e-01
8.523182687180607120e-01
8.643674411539973290e-01
8.602122094835209509e-01
8.077834547105987584e-01
7.680360559435205348e-01
8.285648976209005756e-01
8.642617393402353132e-01
8.828477418078913841e-01
8.943554906368413882e-01
9.024919639672066562e-01
9.087646335694316013e-01
9.138761605491545481e-01
9.181909626055667628e-01
9.219128006100023587e-01
9.251613406222081171e-01
9.280089768044549325e-01
9.305004350422995119e-01
9.326644013657265919e-01
9.345214306730651455e-01
9.360904603521519318e-01
9.373957223464557398e-01
9.384764398086359316e-01
9.394043959315971914e-01
9.403238381400892409e-01
9.415657507642479773e-01
9.440895517159255679e-01
9.522211220080425420e-01
8.031321475926014308e-01
9.083964701557544208e-01
9.215178201973017735e-01
9.237396843481848752e-01
9.244994666410867312e-01
9.250986468143578279e-01
9.259932256376619542e-01
9.273986775219147383e-01
9.292293291580162595e-01
9.306640024247524456e-01
9.287936512218551988e-01
