9.329045487579786800e-01
9.420554092324048279e-01
9.509153770180902576e-01
9.593174061831497568e-01
9.671357420790356318e-01
9.742812829123834728e-01
9.806969780977714546e-01
9.863533587979101958e-01
9.912442743442899662e-01
9.953828892576069842e-01
9.987979792226026055e-01
1.001530550450514534e+00
1.003630795191179814e+00
1.005155386533633788e+00
1.006165107849709361e+00
1.006722806085387001e+00
1.006891653387967489e+00
1.006733698085789719e+00
1.006308683634975498e+00
1.005673112646414014e+00
1.004879532364175265e+00
1.003976017840729540e+00
1.003005829431218965e+00
1.002007221998032049e+00
1.001013384288563790e+00
1.000052488239569604e+00
9.991478294061852949e-01
9.983180412515259006e-01
9.975773676180421656e-01
9.969359792935094111e-01
9.964003221518018538e-01
9.959734858665134638e-01
9.956555836457959829e-01
9.954441348027335268e-01
9.953344432526649577e-01
9.953199662055566277e-01
9.953926683998017833e-01
9.955433581986553593e-01
9.957620027479677782e-01
9.960380201725218541e-01
9.963605474755128366e-01
9.967186834040360210e-01
9.971017060599229875e-01
9.974992654739832654e-01
9.979015517283015280e-01
9.982994395121265185e-01
9.986846102331869979e-01
9.990496529841487172e-01
9.993881457822343384e-01
9.996947185585461915e-01
9.999650993646920227e-01
1.000196145179330198e+00
1.000385858509678094e+00
1.000533390662253996e+00
1.000639032038153742e+00
1.000704188997574740e+00
1.000731345575107900e+00
1.000724006354564377e+00
1.000686613701506689e+00
1.000624427587829768e+00
1.000543348213494221e+00
1.000449648436128713e+00
1.000349560963150974e+00
1.000248627682435609e+00
1.000150653104435516e+00
1.000055987328542617e+00
9.999586505935340597e-01
9.998414090309171165e-01
9.996671258327808340e-01
9.993631187904437052e-01
9.987918773586589305e-01
9.976939606317594134e-01
9.955711044545209054e-01
9.914326687393734128e-01
9.832066045021604639e-01
9.662582734208771118e-01
9.293442243020872962e-01
8.430120204383729776e-01
6.322045064059106378e-01
2.312700092177075450e-01
1.645356685876429512e-02
2.410328752041957789e-01
4.749631835325597295e-01
6.159083225875617851e-01
6.986208358549618191e-01
7.499028407323984347e-01
7.835987989131516507e-01
8.068313281445533836e-01
8.234660716734366614e-01
8.357280731303973198e-01
8.449680751032088155e-01
8.520445987470804949e-01
8.575250868042417762e-01
8.617972959556452484e-01
8.651338465513687126e-01
8.677311595209169504e-01
8.697337940902606368e-01
8.712501527485778663e-01
8.723629153188089402e-01
8.731361664004345657e-01
8.736204051152779426e-01
8.738561854974599141e-01
8.738768850168300295e-01
8.737109657437268639e-01
8.733840496787452778e-01
8.729211887184906704e-01
8.723499498195792512e-01
8.717056131528986285e-01
8.710417362165159272e-01
8.704557379412156681e-01
8.701647898754522048e-01
8.708081114860849459e-01
8.755504992387120877e-01
6.246258891679121739e-01
8.467385339108819409e-01
8.510771247008115381e-01
8.511371962153038151e-01
8.500400343048236662e-01
8.484167050545482480e-01
8.464794489233543606e-01
8.443205678280728543e-01
8.419874955971974329e-01
8.395080015027316378e-01
8.369004710250708134e-01
8.341787423768364240e-01
8.313538426819707672e-01
8.284263851724296135e-01
8.252859021333123213e-01
8.201439621168410410e-01
8.147602172040998569e-01
8.132308219706845254e-01
8.103110132662998399e-01
8.069165506144616584e-01
8.032768456450080086e-01
7.994567569931587681e-01
7.954767049060715856e-01
7.913407167916679530e-01
7.870447995264385765e-01
7.825798392186597008e-01
7.779326275168118032e-01
7.730861272286115859e-01
7.680193745751257017e-01
7.627071743966256090e-01
7.571196523805040490e-01
7.512216888126518333e-01
7.449722392638757906e-01
7.383235370499814376e-01
7.312201654180625621e-01
7.235979821403344392e-01
7.153828746625890966e-01
7.064893198865733748e-01
6.968187192274875041e-01
6.862574774024000623e-01
6.746747937430519482e-01
6.619201399791575513e-01
6.478204123757630439e-01
6.321767755661354959e-01
6.147612717257806558e-01
5.953133707842497291e-01
5.735368165478751390e-01
5.490974317248972225e-01
5.216230669123829156e-01
4.907077529023378681e-01
4.559235645094218969e-01
4.168460794409365455e-01
3.731031643938644837e-01
3.244629790547606252e-01
2.709868455230559636e-01
2.132881361169840784e-01
1.529640178016191399e-01
9.331481563672421042e-02
4.057507347581593843e-02
6.182618816231616986e-03
1.150791474575606037e-02
9.857350822332770768e-02
3.450260245483731669e-01
7.408937474347244700e-01
6.668740661842115225e-01
2.371633693767518924e-01
4.614809404874145593e-02
2.208020329521404035e-02
6.807550405346586564e-02
1.406350561573448676e-01
2.201415703639930943e-01
2.973458635384712556e-01
3.680752629871124615e-01
4.308293591797341948e-01
4.855200454257871945e-01
5.327640100674616574e-01
5.734819949691727370e-01
6.086780021954759645e-01
6.393241118292226632e-01
6.663056838261992576e-01
6.903996733081453341e-01
7.122700655220597366e-01
7.324713945753899003e-01
7.514554063213582102e-01
7.695775931771909883e-01
7.870959452040197091e-01
8.041079208978297865e-01
