7.309026535582831391e+255
5.973723263560357569e+255
4.892200716592869329e+255
4.014547954088428527e+255
3.300972304096565266e+255
2.719691334912240110e+255
2.245275055779576284e+255
1.857339976446267384e+255
1.539518601476263304e+255
1.278644890477429116e+255
1.064109334939249894e+255
8.873474695424831061e+254
7.414335272850287862e+254
6.207570824557441883e+254
5.207653019443798282e+254
4.377571501559280223e+254
3.687188020413125074e+254
3.111917945575204108e+254
2.631672300059758195e+254
2.230007439655142490e+254
1.893440503426568352e+254
1.610897418076447230e+254
1.373267064920160658e+254
1.173040608293182544e+254
1.004019247334679821e+254
8.610770298259562697e+253
7.399680457709161302e+253
6.371694469166997793e+253
5.497534323182136487e+253
4.752826899822227505e+253
4.117248621879057033e+253
3.573824634474964571e+253
3.108353696957009552e+253
2.708935502266569183e+253
2.365581579009825414e+253
2.069894501907779651e+253
1.814803012037823870e+253
1.594342967433085613e+253
1.403475918073040408e+253
1.237938614574786273e+253
1.094117987490526327e+253
9.689471299137671987e+252
8.598186251112441737e+252
7.645122190764980479e+252
6.811343741287003305e+252
6.080676771524946846e+252
5.439284335302017910e+252
4.875310702352708478e+252
4.378582111603658660e+252
3.940354843223598718e+252
3.553102820814002998e+252
3.210338283790206978e+252
2.906460164532758578e+252
2.636625707879391574e+252
2.396641616412643948e+252
2.182871622018339924e+252
1.992157895244696882e+252
1.821754127840750054e+252
1.669268475943230450e+252
1.532614844025101262e+252
1.409971233624228215e+252
1.299744083979813570e+252
1.200537701537728360e+252
1.111128017009500230e+252
1.030440027528640611e+252
9.575283808680562072e+251
8.915606422655779680e+251
8.318028545350823932e+251
7.776070612015787953e+251
7.284005121192333768e+251
6.836763129855625983e+251
6.429853155760199535e+251
6.059290754905580537e+251
5.721537295443540814e+251
5.413446664376284839e+251
5.132218825772887787e+251
4.875359304180177060e+251
4.640643798858315322e+251
4.426087246668071154e+251
4.229916747377607211e+251
4.050547846805610547e+251
3.886563743293028414e+251
3.736697042790634949e+251
3.599813739223382824e+251
3.474899140834776602e+251
3.361045501072011482e+251
3.257441145253516169e+251
3.163360912274128773e+251
3.078157754961162655e+251
3.001255363684706656e+251
2.932141696019863129e+251
2.870363311176117058e+251
2.815520421553111720e+251
2.767262586095911153e+251
2.725284980419311938e+251
2.689325188273781991e+251
2.659160466991475412e+251
2.634605447075755327e+251
2.615510232607248267e+251
2.601758875244767343e+251
2.593268200019378534e+251
2.589986966293824979e+251
2.591895352010913302e+251
2.599004753972412956e+251
2.611357901308133118e+251
2.629029283749847800e+251
2.652125900687832272e+251
2.680788341593728112e+251
2.715192213062626040e+251
2.755549932801441166e+251
2.802112916174133310e+251
2.855174186905441853e+251
2.915071449831976733e+251
2.982190670837778582e+251
3.056970217072584509e+251
3.139905619564858472e+251
3.231555030531923561e+251
3.332545459353596642e+251
3.443579884381994150e+251
3.565445353042634843e+251
3.699022200104203240e+251
3.845294534231626430e+251
4.005362166134013955e+251
4.180454178642227133e+251
4.371944370151921622e+251
4.581368839297603606e+251
4.810446020674767502e+251
5.061099530687489218e+251
5.335484239639128777e+251
5.636016053225170244e+251
5.965405964464451958e+251
6.326699028711915655e+251
6.723319021413853836e+251
7.159119664106840018e+251
7.638443451844963802e+251
8.166189288968599969e+251
8.747890344881817421e+251
9.389803782730642039e+251
1.009901429896865038e+252
1.088355374847793571e+252
1.175253952873841873e+252
1.271633486884362973e+252
1.378673472993707090e+252
1.497718168953392341e+252
1.630301697437902080e+252
1.778177275023663303e+252
1.943351290211643211e+252
2.128123088216157192e+252
2.335131480885665671e+252
2.567409192457861414e+252
2.828446682360114929e+252
3.122267063012349184e+252
3.453514163113833254e+252
3.827556187161693054e+252
4.250607904155095814e+252
4.729874880460038747e+252
5.273723974787583423e+252
5.891885164127382025e+252
6.595690799738691386e+252
7.398359643007399286e+252
8.315334549305342720e+252
9.364684516112402527e+252
1.056758406166597552e+253
1.194888564639500851e+253
1.353780420244085111e+253
1.536873693880110019e+253
1.748224661438004362e+253
1.992624263498520486e+253
2.275740190144329604e+253
2.604288065053276146e+253
2.986238000330428988e+253
3.431064209149725297e+253
3.950047111899897445e+253
4.556639535261888717e+253
5.266911284368705648e+253
6.100089694739711125e+253
7.079217904360640862e+253
8.231957730730635370e+253
9.591570449466937276e+253
1.119811677444703450e+254
1.309992734396657630e+254
1.535540754326539498e+254
1.803525619877159122e+254
2.122519740138744063e+254
2.502934952015253648e+254
2.957438670998039029e+254
3.501468763136629988e+254
4.153871589784229997e+254
4.937693978405162144e+254
5.881167859318320397e+254
7.018936446320424199e+254
8.393583727855072942e+254
1.005754544718596671e+255
1.207550067972226050e+255
1.452736984959265505e+255
1.751207922745222179e+255
2.115229577166635723e+255
2.560039240710778660e+255
3.104597610926383477e+255
3.772540419212723914e+255
