9.885326290478401168e-01
9.887249251130039163e-01
9.889330867337179365e-01
9.891541652643479621e-01
9.893854863216494655e-01
9.896246585954997510e-01
9.898695743997354413e-01
9.901184035635078873e-01
9.903695820896909474e-01
9.906217968369517290e-01
9.908739673196175213e-01
9.911252255656241017e-01
9.913748948305346476e-01
9.916224678343056320e-01
9.918675850681778483e-01
9.921100136134175518e-01
9.923496268177983692e-01
9.925863850928744458e-01
9.928203180235902758e-01
9.930515079183158678e-01
9.932800748761728693e-01
9.935061634039321632e-01
9.937299305787052894e-01
9.939515357235005899e-01
9.941711315401507987e-01
9.943888566258343165e-01
9.946048292873529428e-01
9.948191425577481706e-01
9.950318603152703556e-01
9.952430144014456914e-01
9.954526026352127355e-01
9.956605876214651429e-01
9.958668962564765081e-01
9.960714198355243854e-01
9.962740146749639036e-01
9.964745031654890228e-01
9.966726751808709928e-01
9.968682897715881452e-01
9.970610770804870793e-01
9.972507404232718864e-01
9.974369584834298363e-01
9.976193875768557540e-01
9.977976639475607534e-01
9.979714060612066007e-01
9.981402168678126241e-01
9.983036860106262456e-01
9.984613919614820921e-01
9.986129040674053270e-01
9.987577844965362939e-01
9.988955900750507988e-01
9.990258740085512512e-01
9.991481874854057921e-01
9.992620811599359776e-01
9.993671065167035739e-01
9.994628171177442066e-01
9.995487697365641466e-01
9.996245253834117328e-01
9.996896502273490137e-01
9.997437164216812500e-01
9.997863028392677265e-01
9.998169957251616946e-01
9.998353892741689286e-01
9.998410861407653893e-01
9.998336978894606375e-01
9.998128453929272519e-01
9.997781591860401829e-01
9.997292797827467270e-01
9.996658579634167818e-01
9.995875550392993025e-01
9.994940431009963211e-01
9.993850052569563935e-01
9.992601358676401757e-01
9.991191407810183778e-01
9.989617375735563298e-01
9.987876558005672756e-01
9.985966372588294115e-01
9.983884362624061426e-01
9.981628199317734706e-01
9.979195684920157960e-01
9.976584755727777587e-01
9.973793484954964761e-01
9.970820085222588114e-01
9.967662910220634886e-01
9.964320454780488667e-01
9.960791351998875554e-01
9.957074364921205678e-01
9.953168368024987167e-01
9.949072308894461036e-01
9.944785129344523300e-01
9.940305597353411571e-01
9.935631922975612929e-01
9.930760778456152460e-01
9.925684345988508017e-01
9.920378757296147709e-01
9.914731361053990000e-01
9.906792895990232939e-01
9.903354738916011479e-01
9.897970622429750343e-01
9.891818735758330927e-01
9.885478499214296333e-01
9.878967885875972188e-01
9.872289980502400031e-01
9.865447626587402485e-01
9.858444429578983037e-01
9.851284749426179044e-01
9.843973638029833717e-01
9.836516806118469347e-01
9.828920615935223815e-01
9.821192090763618543e-01
9.813338935272529762e-01
9.805369563177214198e-01
9.797293130248344584e-01
9.789119571585946922e-01
9.780859642570103318e-01
9.772524963216286942e-01
9.764128065842214710e-01
9.755682446077993397e-01
9.747202617344772335e-01
9.738704168997186494e-01
9.730203828378696240e-01
9.721719527108317882e-01
9.713270471966761743e-01
9.704877220816087169e-01
9.696561764055631194e-01
9.688347612189405211e-01
9.680259890171938331e-01
9.672325439290598847e-01
9.664572927455609141e-01
9.657032968894162517e-01
9.649738254386710512e-01
9.642723693339649849e-01
9.636026569168607558e-01
9.629686709662678146e-01
9.623746674201609785e-01
9.618251959934115414e-01
9.613251229239248019e-01
9.608796561003205561e-01
9.604943728425495708e-01
9.601752506143641508e-01
9.599287009418936423e-01
9.597616067801535422e-01
9.596813634956246064e-01
9.596959234911572878e-01
9.598138442470489640e-01
9.600443391268553839e-01
9.603973295956219625e-01
9.608834963594412582e-01
9.615143251023017257e-01
9.623021395478609241e-01
9.632601098295106024e-01
9.644022164797734220e-01
9.657431378539207412e-01
9.672980082542933511e-01
9.690819598275410840e-01
9.711093035984792454e-01
9.733921060128299940e-01
9.759377443604466684e-01
9.787447156991692099e-01
9.817954097564701721e-01
9.850434981614938357e-01
9.883915495185842115e-01
9.916504093872897663e-01
9.944634945503385559e-01
9.961612434741913269e-01
9.954714527076373720e-01
9.899219270657323433e-01
9.745711112249664243e-01
9.392955455228456652e-01
8.634423609721847415e-01
7.093991961221128850e-01
4.399049251135843108e-01
1.284104196137766940e-01
5.195554888923274413e-04
8.920396518095638494e-02
2.407819535315732506e-01
3.730704778698639146e-01
4.732575708874953713e-01
5.474343294969832296e-01
6.030693335199236449e-01
6.457705080023128374e-01
6.793618727087252784e-01
7.064099775750098953e-01
7.286506320587857743e-01
7.472619811256403510e-01
7.628799036429598779e-01
7.768097746463054065e-01
7.892892623919749440e-01
8.000214568094254908e-01
8.096424859737896274e-01
8.183456153428363411e-01
8.262744088894926620e-01
8.335390295400914029e-01
8.402237787409990721e-01
8.463922795208888017e-01
8.520911190280663350e-01
8.573523106110773062e-01
8.621947784557811856e-01
8.666249489605346579e-01
8.706364144732242627e-01
8.742084896915017778e-01
