9.703274146499724084e-01
9.713982306453966542e-01
9.725495971114919147e-01
9.737563214975230030e-01
9.749961995812468363e-01
9.762499774892772209e-01
9.775012527482067615e-01
9.787363285544513625e-01
9.799440336458191680e-01
9.811155184455370160e-01
9.822440365513870342e-01
9.833247191696441458e-01
9.843543487545910464e-01
9.853311369097803585e-01
9.862545105358185848e-01
9.871249092686910087e-01
9.879435964327606401e-01
9.887124850293649292e-01
9.894339796856839175e-01
9.901108349879105264e-01
9.907460302132009566e-01
9.913426601422231643e-01
9.919038413725360659e-01
9.924326333527778710e-01
9.929319732110074570e-01
9.934046233487366928e-01
9.938531307105740176e-01
9.942797966087396633e-01
9.946866559794257379e-01
9.950754649656109452e-01
9.954476957570264073e-01
9.958045376663268167e-01
9.961469034799254052e-01
9.964754401857836008e-01
9.967905432517806252e-01
9.970923736988899222e-01
9.973808772872142514e-01
9.976558052032954427e-01
9.979167357081297762e-01
9.981630962713650135e-01
9.983941857814209175e-01
9.986091964802145116e-01
9.988072353271729709e-01
9.989873445478376635e-01
9.991485211684678625e-01
9.992897353806895477e-01
9.994099476164984841e-01
9.995081242470100769e-01
9.995832518460078253e-01
9.996343499826748635e-01
9.996604825244463921e-01
9.996607674433389823e-01
9.996343851194857688e-01
9.995805851259288444e-01
9.994986914439738523e-01
9.993881059830269642e-01
9.992483101168080362e-01
9.990788635976788346e-01
9.988793994099350870e-01
9.986496111384537411e-01
9.983892239645042466e-01
9.980979230775854916e-01
9.977751466985970152e-01
9.974193099934174356e-01
9.970231605238857320e-01
9.964677367149474829e-01
9.962284612898751890e-01
9.957603058278565733e-01
9.952588834144764363e-01
9.947320438370895745e-01
9.941791408196973823e-01
9.936003022538111296e-01
9.929959988182710529e-01
9.923668682158507393e-01
9.917136459826170203e-01
9.910371338848514844e-01
9.903381831211598429e-01
9.896176841079374897e-01
9.888765595778216122e-01
9.881157595969126683e-01
9.873362578936552003e-01
9.865390492615270235e-01
9.857251479997461985e-01
9.848955874949565370e-01
9.840514211745603479e-01
9.831937252135681815e-01
9.823236035885379858e-01
9.814421963921197145e-01
9.805506928307022863e-01
9.796503511692854493e-01
9.787425293229050638e-01
9.778287323389560637e-01
9.769106877031379366e-01
9.759904684599879365e-01
9.750707026019678203e-01
9.741549473154413885e-01
9.732484009706232619e-01
9.723593697097862032e-01
9.715026194410184557e-01
9.707082071804630230e-01
9.700501339551605984e-01
9.697775094507823379e-01
9.715882206544215194e-01
9.567239904151899621e-01
9.625498737857892673e-01
9.625756829889144939e-01
9.619928172472616001e-01
9.612153763881630120e-01
9.603220059349139026e-01
9.571871304692802784e-01
9.587718053937361873e-01
9.578014489491271100e-01
9.568639206389283336e-01
9.559335327377667113e-01
9.550070350381764106e-01
9.540843930459483868e-01
9.531662532351116157e-01
9.522533975826594776e-01
9.513466036527272740e-01
9.504466101006144862e-01
9.495541125933461002e-01
9.486697682634303019e-01
9.477942017910179207e-01
9.469280109207880436e-01
9.460717707871018067e-01
9.452260369401559448e-01
9.443913471151083039e-01
9.435682218017188427e-01
9.427571636360242424e-01
9.419586555735499633e-01
9.411731577173829688e-01
9.404011025495648823e-01
9.396428881177237846e-01
9.388988683913315203e-01
9.381693393876330278e-01
9.374545184653245711e-01
9.367545116856629273e-01
9.360692585524144071e-01
9.353984298128062980e-01
9.347412170392717101e-01
9.340958376931653984e-01
9.334581481129667901e-01
9.328166310392999039e-01
9.321243859747941896e-01
9.308283811900032179e-01
9.314850773628894354e-01
9.308627417721645481e-01
9.302849203225147523e-01
9.297440989206186002e-01
9.292240489357003197e-01
9.287176196694301167e-01
9.282202444076042003e-01
9.277280266929298636e-01
9.272370194028256574e-01
9.267428565759119330e-01
9.262404884333704791e-01
9.257239217655696129e-01
9.251859066900524065e-01
9.246175089799351099e-01
9.240074765345727137e-01
9.233412344706832808e-01
9.225991749883730719e-01
9.217535012662850802e-01
9.207617941898945668e-01
9.195521167335191093e-01
9.179820329905261644e-01
9.156932852034682657e-01
9.113142278045686107e-01
8.886597858223742596e-01
9.258928461720091763e-01
9.186817676784462261e-01
9.143020991705882450e-01
9.102345835890117698e-01
9.056073613579682657e-01
8.997712857953999999e-01
8.918252155569016404e-01
8.800938940624417617e-01
8.607838228807546122e-01
8.227818181073379700e-01
7.242436821070550312e-01
4.031690126943652808e-01
7.914923306558054872e-01
8.742404189369891165e-01
7.750191292196941806e-01
7.024052520657174670e-01
9.294851453994251722e-01
9.570865899781678676e-01
9.576631615344045612e-01
9.540685382664445546e-01
9.495657989463471838e-01
9.446768537120708853e-01
9.393331218104644664e-01
9.332513152958749059e-01
9.259713535447946509e-01
9.167736482142943011e-01
9.044743508999992798e-01
8.869825448890088504e-01
8.602827617469405164e-01
8.158605453240809213e-01
7.335390297143941085e-01
