9.190615867311694442e-01
9.237503089342238294e-01
9.279843612982977552e-01
9.315633974801872386e-01
9.343675326794308456e-01
9.363492872157221925e-01
9.375234492721441493e-01
9.379576717143308651e-01
9.377646706212757755e-01
9.371068380240945572e-01
9.355423491692639315e-01
9.348163610041918536e-01
9.337559127365990808e-01
9.329499975121752220e-01
9.326185594206757301e-01
9.329690363302670653e-01
9.341980181552281826e-01
9.364842843817956508e-01
9.399764804433845544e-01
9.447723409501008751e-01
9.508831879799055642e-01
9.581727666322403802e-01
9.662516207421224523e-01
9.742939923932741886e-01
9.806933705878113638e-01
9.804500854779130137e-01
9.625442930091487881e-01
9.459955157970926232e-01
8.935538047638191816e-01
7.979922572614238652e-01
6.526362137144898767e-01
4.688707454103882566e-01
2.817471188389320536e-01
1.323834553727705754e-01
4.144646711864460181e-02
4.013989146271687396e-03
3.444857972288924673e-03
2.384172565813408307e-02
5.428728280065207162e-02
8.841831789331454361e-02
1.228991792031159103e-01
1.561514581253432010e-01
1.875447376810577549e-01
2.169340768038836853e-01
2.444108381213458137e-01
2.701909082815480145e-01
2.943308709974982174e-01
3.173204190167713823e-01
3.392289277326547836e-01
3.602662008440770114e-01
3.806078995809734078e-01
4.004082776306940872e-01
4.198030519129092308e-01
4.389115840890682185e-01
4.578387981682100483e-01
4.766768043700889135e-01
4.955061568416124218e-01
5.143964339748690051e-01
5.334002290515547084e-01
5.526193303937528833e-01
5.720179444489623677e-01
5.916739864556425088e-01
6.116066551686003550e-01
6.318304158656254943e-01
6.523501401876604655e-01
6.731600304776099719e-01
6.942427093517580250e-01
7.155682590458340986e-01
7.370931963921191210e-01
7.587593999808021072e-01
7.804930123293257749e-01
8.022033388083774641e-01
8.237817587060315416e-01
8.451006519407742168e-01
8.660123299548623255e-01
8.863479665945623864e-01
9.059168699969689653e-01
9.243728633190440025e-01
9.418524022035050791e-01
9.577182300437896423e-01
9.717915747952022842e-01
9.837587553703226462e-01
9.933427836776633768e-01
1.000597884919661729e+00
1.008331105235844793e+00
7.661443145544539757e-01
9.641698977895115652e-01
9.473249429412978762e-01
9.111110231794300462e-01
8.500204621079550105e-01
7.497313952960104055e-01
5.860418888207676869e-01
3.359958523222738580e-01
6.394232873255598082e-02
3.882624391080375520e-02
3.230713527217906611e-01
6.122282150233147036e-01
7.934735952730674891e-01
8.939052248408986268e-01
9.481591102416255801e-01
9.765954753144371336e-01
9.900415473571558822e-01
9.944454884776331438e-01
9.930570787102452890e-01
9.878513489398601521e-01
9.800166774929840452e-01
9.702691275081835043e-01
9.589868042482110333e-01
9.462285894948486709e-01
9.316044360881641229e-01
9.137763962383932403e-01
8.884993679916695086e-01
8.381010056904106831e-01
5.070145963243819498e-01
1.086838899182681173e+00
9.855381597236733127e-01
9.550175819165985791e-01
9.396363385066940355e-01
9.307517199320182177e-01
9.258553738902687291e-01
9.240273293807454991e-01
9.249065794476984959e-01
9.283530221728975018e-01
9.343144089807552399e-01
9.415913776294225768e-01
9.515822155743808297e-01
9.608150271213523608e-01
9.652284437849167897e-01
9.543457098432812646e-01
9.047798248943820232e-01
7.730035440309007688e-01
5.190302931971200184e-01
2.102328299650611521e-01
2.666480190011786405e-02
8.603518757469168221e-03
7.139243607975367945e-02
1.510687074695767629e-01
2.245566066088159340e-01
2.872031527212109414e-01
3.398172677697486876e-01
3.844236249000620442e-01
4.228612805937834174e-01
4.563522176779789552e-01
4.833074639894481828e-01
5.271653639745177422e-01
5.487325787972222590e-01
5.739730027717292460e-01
5.992310834056016056e-01
6.244431752239865130e-01
6.497862685498498880e-01
6.754576028952636868e-01
7.015657592821198385e-01
7.285168906867416361e-01
7.563020719280556525e-01
7.853440922834001858e-01
8.167057418996428453e-01
8.569082097003205556e-01
7.704190764514599055e-01
8.760483961239191597e-01
9.090383830541438615e-01
9.350475266798439211e-01
9.552683853869617936e-01
9.677694039377818802e-01
9.692365307864648782e-01
9.552431107140212374e-01
9.206002755340034760e-01
8.603425867933259807e-01
7.712579269513578639e-01
6.546126913443977013e-01
5.179534911647475370e-01
3.749994979191595412e-01
2.422381116661950218e-01
1.337360979713510811e-01
5.730092833278985914e-02
1.392687172169068850e-02
-1.774721311759664083e-04
9.088613070256433210e-03
3.571004975695312583e-02
7.456207888814700424e-02
1.216923183075870052e-01
1.742271614157788195e-01
2.301443211506070119e-01
2.880351523337392194e-01
3.469045750141651063e-01
4.060181069080380789e-01
4.647915958762453559e-01
5.227087987892007348e-01
5.793090283563249177e-01
6.341206886666871378e-01
6.865897445870048355e-01
7.362350038733926905e-01
7.823799853653634617e-01
8.246860861805914711e-01
8.625014775531191225e-01
8.953435321967697647e-01
9.227745278261461070e-01
9.444350585074062776e-01
9.600620679780829114e-01
9.694889600420683040e-01
9.725348398522388749e-01
