7.833542548838726693e-01
8.017088230249136416e-01
8.198209568516009460e-01
8.376401856090052167e-01
8.550877533867308200e-01
8.720646219946827093e-01
8.884591313604232043e-01
9.041541739176821579e-01
9.190338204052136417e-01
9.329895549281140843e-01
9.459271335051422369e-01
9.577802684861721483e-01
9.686079449275056819e-01
9.767436449932331843e-01
9.855503097028076587e-01
9.924899509514505391e-01
9.981169425046511057e-01
1.002494050266039549e+00
1.005574229299684319e+00
1.007807884802923049e+00
1.008823667945156766e+00
1.008893577905191519e+00
1.008110478712326286e+00
1.006583333236962918e+00
1.004432063484648419e+00
1.001788154091861616e+00
9.987976056046109496e-01
9.956268929530417422e-01
9.924733734254865825e-01
9.895813465704975664e-01
9.872574560531724996e-01
9.858151935943599842e-01
9.847718034583092805e-01
9.709732163189230825e-01
5.662972132953069115e-01
8.300683094683445340e-01
4.414515413301663971e-01
7.726934859368123076e-01
8.389137823376686676e-01
8.578746959761968105e-01
8.650098520931150947e-01
8.675762320388250570e-01
8.680051416001156595e-01
8.673492610438503503e-01
8.661422399366536240e-01
8.646850485363227756e-01
8.631608166320369202e-01
8.616873067249763984e-01
8.603433503245012659e-01
8.591832272097570389e-01
8.582449933492628524e-01
8.575545364321676134e-01
8.571306743399639272e-01
8.569906248941669968e-01
8.571384510805504231e-01
8.575804668585885748e-01
8.583192163629479454e-01
8.593549453852983300e-01
8.606470176741582989e-01
8.623087277598050493e-01
8.642220990103324230e-01
8.663895123217282279e-01
8.688539958522556450e-01
8.715718652423807278e-01
8.745340176831548629e-01
8.777235923496642389e-01
8.811184388038615367e-01
8.846895096966297389e-01
8.883978470368976144e-01
8.921896340672262893e-01
8.959879159084621625e-01
8.996781838316453284e-01
9.030819376554628519e-01
9.059049205257562187e-01
9.076269670628389630e-01
9.072410094256698754e-01
9.025407648237190328e-01
8.877736739086159456e-01
8.437811173684435229e-01
6.898015731338792422e-01
4.144003442928738123e-01
4.665067201494448312e-01
2.576479140596568129e-01
3.016658593513985021e-01
1.424885899897362085e-01
4.872229651357759019e-03
1.617865833983212764e-01
4.152973316057529396e-01
5.961047591837678183e-01
7.084397877090546913e-01
7.800495283559351067e-01
8.284159209697008475e-01
8.629894399782446213e-01
8.889237596060908242e-01
9.091496463719261900e-01
9.254120034538325656e-01
9.387943795084040532e-01
9.499943407148931929e-01
9.594549299056041036e-01
9.675666607597220858e-01
9.744703924265902817e-01
9.803539224204850244e-01
9.853316074958323734e-01
9.894882236854859459e-01
9.928876916282460829e-01
9.955791850233763896e-01
9.976014346573766067e-01
9.989858014972456957e-01
9.997584985623795273e-01
9.999422130899201511e-01
9.995572985443713643e-01
9.986226539442127903e-01
9.971563760639664542e-01
9.951762545077170730e-01
9.927001851370127472e-01
9.897466332096956920e-01
9.863355249934100399e-01
9.824912616168571811e-01
9.782613929547541165e-01
9.687008621883480552e-01
9.678242746354084325e-01
9.599655112167055915e-01
9.567997231711298234e-01
9.506956838589952774e-01
9.441903958435152733e-01
9.373805480092706199e-01
9.302414055528284154e-01
9.227892378515423211e-01
9.150249839625009818e-01
9.069421054396256121e-01
8.985251980293947893e-01
8.897473437939709129e-01
8.805661503234626375e-01
8.709178754254177646e-01
8.607085226336661510e-01
8.497999229615924577e-01
8.379871594697916315e-01
8.249603195200019279e-01
8.102362495787714947e-01
7.930289014800574465e-01
7.719831291815063556e-01
7.445716724326845171e-01
7.055443146494515538e-01
6.422373552819325981e-01
5.180626805657478906e-01
2.675071441306657860e-01
4.668292021686110127e-01
5.604577008693691909e-01
9.248593919527063889e-01
9.471768011960933764e-01
9.251926006812175585e-01
9.042720358202819275e-01
8.872182526402089264e-01
8.733022357922596290e-01
8.616999550086629212e-01
8.496518461808034717e-01
8.436057898222141249e-01
8.361693442677081700e-01
8.296081694903686410e-01
8.237084194890379463e-01
8.182368843602443320e-01
8.127353386172739835e-01
8.053838980938993197e-01
7.552910419632840044e-01
8.160593955760409024e-01
8.103631155042572143e-01
8.074909981937689052e-01
8.058719214889317195e-01
8.050961931315541165e-01
8.050418556124366853e-01
8.056792607332747824e-01
8.070206275584084210e-01
8.091043751744273482e-01
8.119906869007543770e-01
8.157619542417675618e-01
8.205262598119640316e-01
8.264235627236712345e-01
8.336348329631725340e-01
8.423943679902549109e-01
8.530041603629701097e-01
8.658431138639960389e-01
8.813400114873236602e-01
8.997821107141762420e-01
9.203964605994247039e-01
9.368937639840874132e-01
9.138295820479769294e-01
7.011842337864133690e-01
2.523048925714355684e-01
9.282823903628918683e-02
2.846359193557120304e-01
4.210645868046173912e-01
4.217936612142211827e-01
7.019823619311827967e-01
7.037197298538288015e-01
7.395786525697832792e-01
7.612606281349448833e-01
7.821278234536808149e-01
8.016147016485825061e-01
8.197305088305268939e-01
8.365659962378356740e-01
