5.392288958470485838e-01
5.757833799646291384e-01
6.094730068133235035e-01
6.405743492297358843e-01
6.693594279836758698e-01
6.960857999707967814e-01
7.209900651032418173e-01
7.442838275302159357e-01
7.661512331762674322e-01
7.867482977271317290e-01
8.062028423241981434e-01
8.246156228476572148e-01
8.420620830673323232e-01
8.585947002404973327e-01
8.742457791195081818e-01
8.890305644029230514e-01
9.029505443651494323e-01
9.159968220563443619e-01
9.281534369494347514e-01
9.394005300340452225e-01
9.497172592406183389e-01
9.590843893492561056e-01
9.674865009497807256e-01
9.749137931265399182e-01
9.813608201739586478e-01
9.868400312562265464e-01
9.913576543956554854e-01
9.949379679438192792e-01
9.976113507014022774e-01
9.994161063302767767e-01
1.000397823173658773e+00
1.000608572417212017e+00
1.000106008761558529e+00
9.989524136015639488e-01
9.972133952723688521e-01
9.949602209391181784e-01
9.922604380038935190e-01
9.891882593072007790e-01
9.858168692326653160e-01
9.822202807735223029e-01
9.784731635648175052e-01
9.746511085327116408e-01
9.708312996778222237e-01
9.670937176471787744e-01
9.635230832463131945e-01
9.602118784600571777e-01
9.572650005944471907e-01
9.548069781759589425e-01
9.529933124357089502e-01
9.520285335330607168e-01
9.521948439648270091e-01
9.538944386512351326e-01
9.576883378816641867e-01
9.641437624195954292e-01
9.717409829397239962e-01
9.495116757279040698e-01
3.189692142386158502e-01
4.125951249394189113e-01
6.834434168729156545e-01
7.632914391132000764e-01
7.981580354824113765e-01
8.171534311597949962e-01
8.290464832614422575e-01
8.372924656945753830e-01
8.435088803714514416e-01
8.485484255732850256e-01
8.529012742879888975e-01
8.568695306825774294e-01
8.606453162812932600e-01
8.643626233383118196e-01
8.681132884494895396e-01
8.719628487921785576e-01
8.759652111541824659e-01
8.801575565650083810e-01
8.845729733711279463e-01
8.892396662099872895e-01
8.941835823797322780e-01
8.994313595495633251e-01
9.049785981156270864e-01
9.109164488877629084e-01
9.172215004964140439e-01
9.239338096964361258e-01
9.310806395682881265e-01
9.386804464103256640e-01
9.467307150399014715e-01
9.551746564113994253e-01
9.638344522128275971e-01
9.722553580684575314e-01
9.793421027541536761e-01
9.824681854055874464e-01
9.751978186590025688e-01
9.413734144430567774e-01
8.415169322966123966e-01
6.027405366425615529e-01
2.306140268709929997e-01
9.596888315043928044e-03
4.181416060385691191e-02
1.390976732482680500e-01
2.053151627177061400e-01
2.224169121039982766e-01
1.871588090779698621e-01
1.006986515801201881e-01
7.692803110706350131e-03
8.222021321954192663e-02
4.065885274012249750e-01
7.012988408767820703e-01
8.549445087427945955e-01
9.249307083112023875e-01
9.574448443192443703e-01
9.734141133846198057e-01
9.816832137278433956e-01
9.861084395928416679e-01
9.884564365277048736e-01
9.895745711904633257e-01
9.898842119560240516e-01
9.895999928726626482e-01
9.888323771146954044e-01
9.876378588294849603e-01
9.860445239108627247e-01
9.840653190933658090e-01
9.817058009996952883e-01
9.789674158317217545e-01
9.758502242386785097e-01
9.723539637696555493e-01
9.684787300511275010e-01
9.642253158379106015e-01
9.595953518644230185e-01
9.545913260203149342e-01
9.492165248432355984e-01
9.434749228829120149e-01
9.373710346309050978e-01
9.309097370167649377e-01
9.240960658050322296e-01
9.169349841600875628e-01
9.094311216908110840e-01
9.015894286970976834e-01
8.934103774963523259e-01
8.849075951864283640e-01
8.760571437200357359e-01
8.668771410935756094e-01
8.573588185167836384e-01
8.474944717183914289e-01
8.372715811938512553e-01
8.266750366775590386e-01
8.156830989642532836e-01
8.042671988509564329e-01
7.923903491159430823e-01
7.800052387479896598e-01
7.670518332834628250e-01
7.534543128090944730e-01
7.391171219418557481e-01
7.239198203735286441e-01
7.077102997985226240e-01
6.902957576591471911e-01
6.714305684241501648e-01
6.507998418767143578e-01
6.279969789926435064e-01
6.024929301524097891e-01
5.735942386310687313e-01
5.403867876629007139e-01
5.016640397054004108e-01
4.558473205622184943e-01
4.009358474299229425e-01
3.346179370205601966e-01
2.549491247927860305e-01
1.627341250315639254e-01
6.823700698051553271e-02
5.037912150714867095e-03
3.888487881609127561e-02
2.187190675346668556e-01
4.825029614388506860e-01
7.107432864377187798e-01
8.557398446926993696e-01
9.333593842026748355e-01
9.702885028270719081e-01
9.852071927770406079e-01
9.887831724353268736e-01
9.867537956003282762e-01
9.821717601729292868e-01
9.766722600766397644e-01
9.711423685248399273e-01
9.660716274106390111e-01
9.617381153852617715e-01
9.583093327630002323e-01
9.558981731849492958e-01
9.545922860186174530e-01
9.544671628807432917e-01
9.555768236339721167e-01
9.579021757524879277e-01
9.611831702540284406e-01
9.643832357375415887e-01
9.638229544074085053e-01
9.456449542361498040e-01
8.492993161914235145e-01
4.313337768428703312e-01
3.852630856099472506e-02
4.403809609636404332e-01
7.493054242162253686e-01
9.100750474193821660e-01
1.519582057872652103e-01
