9.934340327382882307e-01
9.933939432623200005e-01
9.933672393577942517e-01
9.933538439252886931e-01
9.933534108080103175e-01
9.933653830030749754e-01
9.933890444936256392e-01
9.934235657669572284e-01
9.934680432195815980e-01
9.935215327519283379e-01
9.935830779278908009e-01
9.936517331222201044e-01
9.937265821071483707e-01
9.938067525413623038e-01
9.938914268228943305e-01
9.939798497568674840e-01
9.940713334694140091e-01
9.941652599744046359e-01
9.942610817720994865e-01
9.943583208261652651e-01
9.944565662350818291e-01
9.945554708803221455e-01
9.946547473020282970e-01
9.947541630220817499e-01
9.948535355050718287e-01
9.949527269196255519e-01
9.950516388375945098e-01
9.951502069844377907e-01
9.952483961337048601e-01
9.953461952186868356e-01
9.954436127179355775e-01
9.955406723559067084e-01
9.956374091481560162e-01
9.957338658077837801e-01
9.958300895220537630e-01
9.959261290988662418e-01
9.960220324775760359e-01
9.961178445920273461e-01
9.962136055708031845e-01
9.963093492556609476e-01
9.964051020174262696e-01
9.965008818465713736e-01
9.965966976952558287e-01
9.966925490469811244e-01
9.967884256898078554e-01
9.968843076703145512e-01
9.969801654052542483e-01
9.970759599294312103e-01
9.971716432591826162e-01
9.972671588523837061e-01
9.973624421465963064e-01
9.974574211594909867e-01
9.975520171356616617e-01
9.976461452266518481e-01
9.977397151915621265e-01
9.978326321074382221e-01
9.979247970796224498e-01
9.980161079435783122e-01
9.981064599510918178e-01
9.981957464343848008e-01
9.982838594431208135e-01
9.983706903500726426e-01
9.984561304218632083e-01
9.985400713524421601e-01
9.986224057570267654e-01
9.987030276256749772e-01
9.987818327353484849e-01
9.988587190205274746e-01
9.989335869024400516e-01
9.990063395776437316e-01
9.990768832667685784e-01
9.991451274245481962e-01
9.992109849128660848e-01
9.992743721381937005e-01
9.993352091551994665e-01
9.993934197386550311e-01
9.994489314252134049e-01
9.995016755278450793e-01
9.995515871242756090e-01
9.995986050219720642e-01
9.996426717019621933e-01
9.996837332434415080e-01
9.997217392312917061e-01
9.997566426487632940e-01
9.997883997575849335e-01
9.998169699672926347e-01
9.998423156959941327e-01
9.998644022247270557e-01
9.998831975470645617e-01
9.998986722164295848e-01
9.999107991924387484e-01
9.999195536889252667e-01
9.999249130248781814e-01
9.999268564804654202e-01
9.999253651602261206e-01
9.999204218648741760e-01
9.999120109736848727e-01
9.999001183397335790e-01
9.998847311993582787e-01
9.998658380979122962e-01
9.998434288340032339e-01
9.998174944236668527e-01
9.997880270871322139e-01
9.997550202595146818e-01
9.997184686282827304e-01
9.996783681988122838e-01
9.996347163912143730e-01
9.995875121699538957e-01
9.995367562088884883e-01
9.994824510944492202e-01
9.994246015691473639e-01
9.993632148180756625e-01
9.992983008016145252e-01
9.992298726364388095e-01
9.991579470284777109e-01
9.990825447606169751e-01
9.990036912383035705e-01
9.989214170965184936e-01
9.988357588718851376e-01
9.987467597430367272e-01
9.986544703437226778e-01
9.985589496524247544e-01
9.984602659628749599e-01
9.983584979402375659e-01
9.982537357676135592e-01
9.981460823885144329e-01
9.980356548508158010e-01
9.979225857584582693e-01
9.978070248378008156e-01
9.976891406262933248e-01
9.975691222917363321e-01
9.974471815916631234e-01
9.973235549838990188e-01
9.971985058997213658e-01
9.970723271944552657e-01
9.969453437913237126e-01
9.968179155368387390e-01
9.966904402902332372e-01
9.965633572713811228e-01
9.964371506974738502e-01
9.963123537426169518e-01
9.961895528606572459e-01
9.960693925185937214e-01
9.959525803948713341e-01
9.958398931056220427e-01
9.957321825311747920e-01
9.956303828238408649e-01
9.955355181873867254e-01
9.954487115247030449e-01
9.953711940525512558e-01
9.953043159757684055e-01
9.952495582908874594e-01
9.952085457399786339e-01
9.951830608401959211e-01
9.951750587410614912e-01
9.951866823597289580e-01
9.952202767232573022e-01
9.952784005596319039e-01
9.953638316682841269e-01
9.954795600165604608e-01
9.956287580556414385e-01
9.958147099800704893e-01
9.960406678865983965e-01
9.963095779090663795e-01
9.966235733875518088e-01
9.969830446116416667e-01
9.973849226742776963e-01
9.978194634695072285e-01
9.982640650733960452e-01
9.986709442586035879e-01
9.989413323150486690e-01
9.988676399930880301e-01
9.979900936261397737e-01
9.951725164574893867e-01
9.866281312849950469e-01
8.863178453653907107e-01
9.348738945347079277e-01
7.814702123759812435e-01
2.547886210150089314e-01
1.364982826449409048e-01
5.612908231856489349e-01
7.448671537807414200e-01
8.246173863274531834e-01
8.657126518656818037e-01
8.897490213584599017e-01
9.050906457754819279e-01
9.154964299093701907e-01
9.228616377779549351e-01
9.282300332523940600e-01
9.322173970085775307e-01
9.352074393868272661e-01
9.374500377251061556e-01
9.391138068492567159e-01
9.403156824600589214e-01
9.411380122383429248e-01
9.416378545077144224e-01
9.418488313734111328e-01
9.417642934258686482e-01
9.411824000626678455e-01
9.316682907966571392e-01
