7.671206906453417185e-01
7.713526197273072871e-01
7.744645923427484480e-01
7.767401010312572351e-01
7.784424401036769137e-01
7.798111792217925498e-01
7.810597374057043352e-01
7.823738961411182968e-01
7.839111049328589820e-01
7.858004459904599504e-01
7.881431326778413071e-01
7.910133959277180216e-01
7.944593253952676459e-01
7.984867036743855673e-01
8.031708090792475385e-01
8.084087565336918191e-01
8.142002655706037650e-01
8.204926714630288442e-01
8.272208951880521965e-01
8.342980716418588738e-01
8.416914658902457935e-01
8.492726941057064938e-01
8.570092497776462537e-01
8.649719285867425445e-01
8.739846682743839246e-01
8.640750150696279164e-01
8.810284100576006860e-01
8.878887598554703331e-01
8.931860900139836357e-01
8.972204296279099323e-01
8.998409661816856309e-01
9.007352093680381921e-01
8.994338386772653404e-01
8.952437738559577696e-01
8.871159042978891129e-01
8.734116496439894295e-01
8.514961204339893674e-01
8.170421721968251783e-01
7.629343276646372018e-01
6.780481612904600830e-01
5.483008799591917448e-01
3.689000671221297489e-01
1.776584385327722726e-01
6.240461624393543044e-02
7.414460973812293798e-02
1.802479803957569571e-01
3.153920270940087645e-01
4.356508921560677816e-01
5.295342208263402739e-01
6.009885324360907388e-01
6.572424471981398453e-01
7.053566659580172704e-01
7.520054125763010466e-01
8.058373212397358376e-01
8.796499779875528446e-01
9.580509532080357937e-01
2.633408079955592007e-01
1.362897951795179197e-01
3.405257197447336126e-01
4.337234186159866223e-01
4.820394746536365016e-01
5.101963663578360508e-01
5.283772738848875328e-01
5.153676138545471019e-01
5.363207635735063317e-01
5.453707492191304240e-01
5.479385755208729947e-01
5.487727769420764901e-01
5.484725893665099994e-01
5.473563848244286101e-01
5.456331929033716444e-01
5.434503244336769123e-01
5.409147948555179664e-01
5.381051385248684094e-01
5.350785537013343918e-01
5.318753602713727213e-01
5.285216865478334913e-01
5.250307873557249483e-01
5.214030276569688871e-01
5.176240886655292250e-01
5.136598788798268922e-01
5.094431977645313969e-01
5.048324871455979190e-01
4.994290897651895711e-01
4.907601090289744894e-01
5.042420386085505468e-01
4.890468045087646987e-01
4.808237307045504783e-01
4.720737534905855015e-01
4.615887047848538094e-01
4.480596008365792526e-01
4.289522464430746695e-01
3.967293463478122617e-01
2.855971855714198870e-01
4.465364644530396832e-01
3.337981005547394631e-01
2.004185488890865563e-01
6.429214568204266733e-02
7.053871960561277632e-01
7.886987937307970986e-01
8.291117254929724067e-01
7.737291012750026065e-01
7.361768511748960631e-01
7.134148311159949074e-01
7.020495041367736944e-01
6.814748793308306185e-01
6.794850188907703981e-01
6.770994122026643414e-01
6.763287195452279965e-01
6.770507874681503946e-01
6.790719402521921966e-01
6.822416562004772755e-01
6.864601932637455217e-01
6.916790978426415881e-01
6.979123113667567990e-01
7.052750840043031655e-01
7.141025875136278733e-01
7.253682315144590609e-01
7.428130676105123564e-01
8.015180413720838226e-01
6.662521330631590022e-01
7.202783330535197370e-01
7.388640491292461920e-01
7.521618776810206075e-01
7.618181972010066305e-01
7.709834963137243147e-01
7.914919498217285465e-01
8.022314097986142922e-01
8.130432885731515569e-01
8.240840828772657556e-01
8.351437589666890204e-01
8.461179429169070065e-01
8.569238269819248188e-01
8.674732942635484667e-01
8.771708208668396178e-01
8.874624081680092536e-01
8.966455865766856936e-01
9.049380135149940330e-01
9.114990634442857731e-01
9.093143216616837998e-01
9.469178123322896656e-01
9.432195088616862622e-01
9.467267755253334638e-01
9.504087392779376753e-01
9.534232495754699777e-01
9.553348402381752758e-01
9.558944350011236990e-01
9.547180925585250222e-01
9.512175609185725689e-01
9.443751963292414953e-01
9.323092814024601660e-01
9.113527773300073020e-01
8.740469719578292107e-01
8.049939775148895471e-01
6.751331424310191842e-01
4.531299108375030360e-01
1.903964692809152481e-01
5.389407974441914190e-02
9.841613779621238844e-02
2.159790595125870294e-01
3.108368141844111698e-01
3.606219297353688291e-01
3.651697219109638626e-01
3.159926476454238964e-01
1.859617604748168007e-01
1.144208719966679499e-01
5.796166723053426395e-01
7.136036320300462865e-01
8.334240457556022497e-01
7.561828030952275626e-01
8.349909627662680522e-01
8.734292893791425483e-01
6.891916327260826369e-01
7.373147893582160384e-01
7.343427587620311447e-01
7.266564153894388145e-01
7.182358945025296704e-01
7.099096613131732347e-01
7.018809344041571086e-01
6.941810993208267222e-01
6.867870143940545402e-01
6.796577706064822477e-01
6.727476325581274175e-01
6.660110208638427842e-01
6.594046557482309279e-01
6.528886482212128417e-01
6.464270822846148734e-01
6.399874709062747247e-01
6.335222083799110226e-01
6.271585115193658577e-01
6.206673795565107454e-01
6.142038835664497265e-01
6.080074755158637601e-01
5.904131338154653408e-01
5.916470101385232772e-01
5.833348282823208608e-01
5.694100999494181581e-01
4.936261164718137029e-01
5.956746361184372951e-01
5.838150567403430635e-01
