9.767119510185032771e-01
9.793341443048182438e-01
9.821031260819007569e-01
9.849159235613889063e-01
9.876838213220783258e-01
9.903320687949888068e-01
9.927993225877834726e-01
9.950368847303101560e-01
9.970077908806552758e-01
9.986857957042888367e-01
1.000054296127904419e+00
1.001105227049212010e+00
1.001837958413570817e+00
1.002258217367935300e+00
1.002377054492253228e+00
1.002209868888386701e+00
1.001775503161000058e+00
1.001095416042575348e+00
1.000192937569439167e+00
9.990926092769374378e-01
9.978196098259528579e-01
9.963992647614633436e-01
9.948566377086738299e-01
9.932161991993873063e-01
9.915015684606889312e-01
9.897353228567549177e-01
9.879388692268631367e-01
9.861323710776981333e-01
9.843347254423363557e-01
9.825635831837483680e-01
9.808354065767013186e-01
9.791655581218918769e-01
9.775684147104316546e-01
9.760575014364422097e-01
9.746456395310976184e-01
9.733451030285789063e-01
9.721677788441748236e-01
9.711253249020801448e-01
9.702293207482906023e-01
9.694914046500634486e-01
9.689233904313481194e-01
9.685373560978388641e-01
9.683456944985244785e-01
9.683611136146735854e-01
9.685965702295034063e-01
9.690651152404036184e-01
9.697796210510125636e-01
9.707523503521753305e-01
9.719943097568735091e-01
9.735143091458421383e-01
9.753176152098327334e-01
9.774040411551762064e-01
9.797652474256722810e-01
9.823809311552524903e-01
9.852134411479248621e-01
9.882001507006894503e-01
9.912426247293327775e-01
9.941911930851119461e-01
9.968229429655162122e-01
9.988103257065222840e-01
9.996765274072508811e-01
9.987325944901653818e-01
9.949904985347061137e-01
9.870471872867858654e-01
9.729404106094877713e-01
9.499946487346523361e-01
9.147175321461518127e-01
8.628908020574730386e-01
7.901281216183377865e-01
6.932712803916811772e-01
5.728070829082090309e-01
4.355995308844743952e-01
2.957757946168237950e-01
1.713764746476871270e-01
7.747707455156643830e-02
2.037863935023211115e-02
4.474982702807912306e-03
5.252190530421239380e-03
2.808291397609773837e-02
6.169875737898223439e-02
1.005528491614290504e-01
1.411401644818468804e-01
1.814033320095004287e-01
2.202403190489550244e-01
2.571407307279353627e-01
2.919417872651773882e-01
3.246740229134087441e-01
3.554674887417236806e-01
3.844964685562418660e-01
4.119478820541195296e-01
4.380039282912235321e-01
4.628331377575442551e-01
4.865863016096716454e-01
5.093951675959167424e-01
5.313726555261673035e-01
5.526138644436916492e-01
5.731974538627808702e-01
5.931871655113211128e-01
6.126333602869338257e-01
6.315745079277113039e-01
6.500386024447933897e-01
6.680444956272871826e-01
6.856031505188848740e-01
7.027188206733135933e-01
7.193901616573561419e-01
7.356112801715185556e-01
7.513727242271900364e-01
7.666624156278598612e-01
7.814665239185748513e-01
7.957702792165798344e-01
8.095587200518766791e-01
8.228173715993168935e-01
8.355328494913837334e-01
8.476933847391626697e-01
8.592892661062919712e-01
8.703131974918431046e-01
8.807605693854960727e-01
8.906296451502575540e-01
8.999216646491500216e-01
9.086408694510725859e-01
9.167944554302669413e-01
9.243924599254009777e-01
9.314475916882596351e-01
9.379750125849424247e-01
9.439920803955758055e-01
9.495180620946646055e-01
9.545738267004441058e-01
9.591815261917222557e-01
9.633642721410119458e-01
9.671458146362069686e-01
9.705502287649599991e-01
9.736016123260182731e-01
9.763237960458591713e-01
9.787400620970043708e-01
9.808728426260956423e-01
9.827431324344569896e-01
9.843033463512274039e-01
9.857833461094752669e-01
9.869837061806505663e-01
9.879939390056722281e-01
9.888265107029796663e-01
9.894916026595207414e-01
9.899964322179212184e-01
9.903446491616931802e-01
9.905355787396399325e-01
9.905631333661093496e-01
9.902724425484185078e-01
9.900493615475197684e-01
9.894634724406499160e-01
9.885819430899372984e-01
9.873230864087895187e-01
9.855608974096475849e-01
9.831017849197165592e-01
9.796417171008551250e-01
9.746877370844483357e-01
9.674070600166257972e-01
9.563186859298314912e-01
9.386157407645219219e-01
9.085460206916102788e-01
8.532012434373802412e-01
7.414790643896835842e-01
5.105462154632343097e-01
1.741295637829095022e-01
7.360932376698459123e-02
3.495005786282577853e-01
6.049251326891915692e-01
7.481494502263820179e-01
8.266096009876583439e-01
8.725875024251804613e-01
9.015593610521009937e-01
9.209954919836913501e-01
9.347325458135851139e-01
9.448751048242984840e-01
9.526477149930218102e-01
9.587997279071474033e-01
9.638095843414387076e-01
9.679937065551232900e-01
9.715674099471961478e-01
9.746804294882899233e-01
9.774383974135173458e-01
9.799162283576019483e-01
9.821666701012317091e-01
9.842258584140235467e-01
9.861169077670318694e-01
9.878519360325007659e-01
9.894311208712306405e-01
9.908061588043782786e-01
9.920722332139466637e-01
9.932587889784634250e-01
9.941539229975711045e-01
9.948157683732259393e-01
9.952101129283208447e-01
9.952922338313220374e-01
9.950067702004963266e-01
9.942844503441975457e-01
9.930362906220380204e-01
9.911436083454662205e-01
9.884403513841201194e-01
9.846798602605867368e-01
9.794595397909839907e-01
