3.832727818268659159e-01
3.749356294053181604e-01
3.726794642172410188e-01
3.754742823604196311e-01
3.823534473750432316e-01
3.924276843300846807e-01
4.048940136562685366e-01
4.190406641817794875e-01
4.342490375823932491e-01
4.499942690017519897e-01
4.658480555637063425e-01
4.814343560898893259e-01
4.948047207727843677e-01
5.100493894700994790e-01
5.234344196655301706e-01
5.357125383196327251e-01
5.468948262897506130e-01
5.569890671849783148e-01
5.660289906681907901e-01
5.740741549804911914e-01
5.812057755374876455e-01
5.875219508810287650e-01
5.931330476882948899e-01
5.981574615957259144e-01
6.027178196688838252e-01
6.069376372229385863e-01
6.109384189566920975e-01
6.148371830547266770e-01
6.187443806661918622e-01
6.227621793435161868e-01
6.269830760829855354e-01
6.314888019959475907e-01
6.363494737080346297e-01
6.416229302724839600e-01
6.473541522736376841e-01
6.535745407430557652e-01
6.603004508448196974e-01
6.675288885605658029e-01
6.752205260245653928e-01
6.831911747178541772e-01
6.863269436572229099e-01
7.031806240731709456e-01
7.123363206765759292e-01
7.222631715744040060e-01
7.326003056941698954e-01
7.432362909042939947e-01
7.540964001424236285e-01
7.651224696482222809e-01
7.762870668836281407e-01
7.876857111744947071e-01
8.005425923260178767e-01
8.038532665568194346e-01
8.171004434387967308e-01
8.277362009945634647e-01
8.377006963066131462e-01
8.471843899835439506e-01
8.550770109697727328e-01
8.641160284570835737e-01
8.718931081759455637e-01
8.790192606711708656e-01
8.854937248171925734e-01
8.913014034728907742e-01
8.964264585393817431e-01
9.008481105367899255e-01
9.044988391408320672e-01
8.987902210110794154e-01
9.105145342801044261e-01
9.120742753461247299e-01
9.130146372936148724e-01
9.132346158443367390e-01
9.126500191025282982e-01
9.110685172146905098e-01
9.077273226848207033e-01
8.905564390055265012e-01
9.070225477084241650e-01
9.021110744003614235e-01
8.958938397735742853e-01
8.885264404731382237e-01
8.796259171384228637e-01
8.688139259209713972e-01
8.556594170229514518e-01
8.396462187101736419e-01
8.201357845674644986e-01
7.962312183405475530e-01
7.648327748208195720e-01
7.398388638409800766e-01
6.975893559655442777e-01
6.503779554590848333e-01
5.963387469382892547e-01
5.354623504804544298e-01
4.685551781860453624e-01
3.972770490501769114e-01
3.241382476121409395e-01
2.523183356745662409e-01
1.852806691914252735e-01
1.262525325541087318e-01
7.771839004888775326e-02
4.108423786131645827e-02
1.659887100738220017e-02
3.432762902930653649e-03
6.375538834587591783e-04
5.886779248281018978e-03
1.766975826900557198e-02
3.433155598256611152e-02
5.448308182452411830e-02
7.702756850150128953e-02
1.011600057290091698e-01
1.263547774095598597e-01
1.523694419402450151e-01
1.793685110595388543e-01
2.014434665264638324e-01
2.360203371382383342e-01
2.703368162639426808e-01
3.137646658791205523e-01
3.816132111110010494e-01
5.386135972636331148e-01
1.300354295334228638e+00
1.457317857411696282e-01
1.992466587873114037e-01
2.392976992276888981e-01
2.689929561392936930e-01
2.921244293789884150e-01
3.115894685901630101e-01
3.286565904001730321e-01
3.440461268054276767e-01
3.582036867222825882e-01
3.714262961754956072e-01
3.839250201427150677e-01
3.958581976406466696e-01
4.073500862407648526e-01
4.185017920976848993e-01
4.293978865816486801e-01
4.401104846653037250e-01
4.507017546258701990e-01
4.612254085655044245e-01
4.717274935217733445e-01
4.822466707747103953e-01
4.928140893899436992e-01
5.034529025897327426e-01
5.141774227090247784e-01
5.249918373219297774e-01
5.358882585722375413e-01
5.468434623664275573e-01
5.578121647439927555e-01
5.687063117836744786e-01
5.792189299786461021e-01
5.820883636395508542e-01
5.886797031319895845e-01
6.031308613142197794e-01
6.211118226295897493e-01
6.302795739733412228e-01
6.379196756594025519e-01
6.439389589707857908e-01
6.478415336803770019e-01
6.488993930437954027e-01
6.460797533320360442e-01
6.378792102523636043e-01
6.220236168313834080e-01
5.949198925702813279e-01
5.506372610359332453e-01
4.790760901255383675e-01
3.635661383935058777e-01
1.861354037188222010e-01
1.199729478672060742e-02
3.083086904956625629e-01
9.742146006750619369e-01
3.039122139117466093e-01
2.672211339096922655e-01
5.306608237062672151e-01
7.758487031023278968e-01
8.624746309924411491e-01
8.955503354396531224e-01
8.557291334651653258e-01
9.234405170771915472e-01
9.237215666029076067e-01
9.190837344182642976e-01
9.124729589204797486e-01
9.047557026767302224e-01
8.965295032242237561e-01
8.882617785473104766e-01
8.803357974069165870e-01
8.730681790830422395e-01
8.667100820515345472e-01
8.614357219831254575e-01
8.573173361780427326e-01
8.542805028431240677e-01
8.520241043504215295e-01
8.498664281905101703e-01
8.464121424912586233e-01
8.378357941619700711e-01
8.209055505115511187e-01
7.743477216686932563e-01
6.335336847260905069e-01
1.164849496819678754e-01
8.693367843803856410e-01
1.136137597921138553e+00
1.156513681534437454e+00
1.163047038644196673e+00
1.169548483416681828e+00
1.175565039227642217e+00
