1.835595815868684798e+26
1.500404214388410606e+26
1.228889812951847382e+26
1.008534305318022285e+26
8.293562096125938328e+25
6.833825408695649722e+25
5.642332837221077131e+25
4.667940278267127504e+25
3.869576233959303303e+25
3.214199597531414290e+25
2.675182552613054791e+25
2.231027932632697293e+25
1.864350152334396799e+25
1.561064190110079442e+25
1.309739065387473518e+25
1.101081587220147570e+25
9.275234394100654005e+24
7.828903702259521276e+24
6.621367232676709202e+24
5.611320529025029055e+24
4.764893242933235912e+24
4.054263681454649039e+24
3.456539715098544972e+24
2.952853372911118967e+24
2.527627140174657465e+24
2.167978441298325973e+24
1.863235508493654396e+24
1.604543175359203092e+24
1.384541382550477913e+24
1.197102569049366066e+24
1.037116825596597480e+24
9.003158477261155043e+23
7.831284561174407980e+23
6.825618393544521259e+23
5.961037882936860260e+23
5.216420873295561983e+23
4.573979495056728476e+23
4.018709645657821162e+23
3.537934992698428914e+23
3.120928697017765043e+23
2.758599134741590484e+23
2.443228397513425730e+23
2.168254381557739359e+23
1.928088928839300851e+23
1.717965830310447305e+23
1.533813599870779434e+23
1.372148825442250182e+23
1.229986638152431242e+23
1.104765442426728916e+23
9.942835436328857475e+22
8.966457156820540378e+22
8.102180848083344451e+22
7.335899807463385124e+22
6.655416335144667054e+22
6.050167813683493313e+22
5.510994106534875628e+22
5.029939766449870261e+22
4.600085610810378184e+22
4.215405105515446927e+22
3.870641735026184133e+22
3.561204149128018264e+22
3.283076387980373184e+22
3.032740913647531013e+22
2.807112533072715501e+22
2.603481596114667307e+22
2.419465102377052904e+22
2.252964560788388420e+22
2.102129622317294158e+22
1.965326654672493924e+22
1.841111553017417564e+22
1.728206186223651888e+22
1.625477967273939016e+22
1.531922111851246754e+22
1.446646212890799269e+22
1.368856812994282337e+22
1.297847702482398373e+22
1.232989709885457302e+22
1.173721784852697789e+22
1.119543201724027529e+22
1.070006736134425543e+22
1.024712687601240454e+22
9.833036386603783684e+21
9.454598561918225482e+21
9.108952534840241029e+21
8.793538427110980321e+21
8.506066169981664494e+21
8.244488094877610934e+21
8.006974838948883333e+21
7.791894171431720714e+21
7.597792399796635435e+21
7.423378060553059566e+21
7.267507639297281884e+21
7.129173099797065761e+21
7.007491031661165937e+21
6.901693253423216984e+21
6.811118731337012347e+21
6.735206694355719946e+21
6.673490845466045186e+21
6.625594585281061716e+21
6.591227179587690562e+21
6.570180816071160758e+21
6.562328508566868066e+21
6.567622819197359227e+21
6.586095380352942998e+21
6.617857209839017525e+21
6.663099823496717402e+21
6.722097161024899645e+21
6.795208351999761318e+21
6.882881361344622232e+21
6.985657566013956293e+21
7.104177328386888172e+21
7.239186646727749796e+21
7.391544979475223544e+21
7.562234358118793347e+21
7.752369924002620113e+21
7.963212047026991661e+21
8.196180210421346599e+21
8.452868875146351346e+21
8.735065571289042256e+21
9.044771502558996857e+21
9.384224994443504124e+21
9.755928167738779894e+21
1.016267727914135873e+22
1.060759723739076100e+22
1.109418088534405179e+22
1.162633372838459028e+22
1.220842489812425585e+22
1.284534526496040236e+22
1.354257375835650523e+22
1.430625312428017897e+22
1.514327654759063460e+22
1.606138680017334724e+22
1.706928984808259741e+22
1.817678517120589103e+22
1.939491542492323512e+22
2.073613851534100424e+22
2.221452568103330251e+22
2.384598978822402369e+22
2.564854877193040088e+22
2.764263001291344577e+22
2.985142245536229753e+22
3.230128447288404397e+22
3.502221691791627570e+22
3.804841248470098510e+22
4.141889453345230081e+22
4.517826092595602994e+22
4.937755128698684362e+22
5.407525952826436171e+22
5.933851756135441865e+22
6.524448102346737582e+22
7.188195371032278938e+22
7.935329445681647583e+22
8.777665867418560155e+22
9.728863694577939251e+22
1.080473653627536613e+23
1.202361971057097661e+23
1.340680426773342795e+23
1.497905078647709982e+23
1.676919847545360917e+23
1.881088829635062944e+23
2.114342269405878949e+23
2.381278922504450626e+23
2.687288110739763369e+23
3.038695470995636172e+23
3.442937253886624855e+23
3.908769073064739477e+23
4.446516285994088614e+23
5.068374757233027166e+23
5.788772684128283200e+23
6.624806537499190808e+23
7.596767093227607158e+23
8.728775136738538548e+23
1.004955087788798443e+24
1.159334662635198213e+24
1.340107910781317937e+24
1.552170627734867485e+24
1.801390401876827759e+24
2.094811122747576620e+24
2.440902811209502328e+24
2.849867294471241828e+24
3.334012798335077457e+24
3.908213721003934798e+24
4.590475855072255808e+24
5.402632350233350900e+24
6.371202030615466464e+24
7.528449642883952031e+24
8.913697656328697126e+24
1.057495192813414430e+25
1.257091960804765059e+25
1.497351801304935551e+25
1.787099904262193052e+25
2.137184655724804498e+25
2.560964597555437877e+25
3.074917869563581430e+25
3.699406209175827577e+25
4.459634301792450807e+25
5.386856445405516382e+25
6.519896827858287024e+25
7.907068139743825256e+25
9.608596962346470305e+25
