1.759917912007937790e-01
2.052027919619130447e-01
2.325712494660031604e-01
2.583946387479661988e-01
2.828911896477191990e-01
3.061898760463871438e-01
3.283500684584432783e-01
3.493864825410692987e-01
3.692913283787552792e-01
3.880521573792638512e-01
4.056670283227901130e-01
4.221623158860162150e-01
4.376320542688649229e-01
4.524061315257007498e-01
4.688294781263979139e-01
4.649973649342565851e-01
4.826231280964784487e-01
4.934531200586037003e-01
5.027586487024263695e-01
5.110800535024245805e-01
5.186258936272681863e-01
5.255840958033229926e-01
5.319528007988150176e-01
5.379283665637422107e-01
5.435944716208801486e-01
5.490394126666972019e-01
5.543486053121688961e-01
5.596013834567933332e-01
5.648703298778570137e-01
5.702209071251366224e-01
5.757112239789902164e-01
5.813919116655194008e-01
5.873060985571545434e-01
5.934894726880255433e-01
5.999704208993738019e-01
6.067702334331975811e-01
6.139033633302199977e-01
6.213777308745509487e-01
6.291950644055012143e-01
6.373512699702320594e-01
6.458368234442648514e-01
6.546371798443638701e-01
6.637331955647161053e-01
6.731015601540677462e-01
6.827152350005095682e-01
6.925438968881593160e-01
7.025543848253913426e-01
7.127111488129179717e-01
7.229766993183871504e-01
7.333120561530971360e-01
7.436771952080768466e-01
7.540314911083130234e-01
7.643341532859871945e-01
7.745446522596243222e-01
7.846231320147106780e-01
7.945308032584802449e-01
8.042303108146379165e-01
8.136860661592867361e-01
8.228645321394413292e-01
8.317344387984063614e-01
8.402668899442620187e-01
8.484352672284488639e-01
8.562146684517503159e-01
8.635799427189879696e-01
8.704977265813286236e-01
8.768723599927593648e-01
8.754327233651182372e-01
8.893142020489678279e-01
8.943151768810754243e-01
8.989735293013285666e-01
9.031908860294037833e-01
9.069435880705729591e-01
9.102189132382879633e-01
9.130051393127727177e-01
9.152879734128533951e-01
9.170481704009365576e-01
9.182592721233947541e-01
9.188851192937459444e-01
9.188769334741097028e-01
9.181697284750907073e-01
9.166775016962506184e-01
9.142849854891176298e-01
9.108186113664485939e-01
9.051006279599543847e-01
9.006301781483814217e-01
8.928690675713518710e-01
8.832321702203212999e-01
8.716000985584392291e-01
8.548298872231081535e-01
8.370063707585888579e-01
8.145542347830708740e-01
7.872212146494202978e-01
7.543014419950833105e-01
7.150753590850288388e-01
6.689336866776350865e-01
6.155241059755183208e-01
5.549350262816724610e-01
4.878962353293255783e-01
4.159468561561815991e-01
3.414957841677987993e-01
2.676976428588973556e-01
1.981087891992695249e-01
1.361726080932227079e-01
8.467614075676767327e-02
4.530367987370420568e-02
1.858213714571970224e-02
4.129615611532991455e-03
1.918464238793821889e-04
5.297694200826123453e-03
1.758345871085154402e-02
3.540332443324464146e-02
5.744369202281036230e-02
8.282392085339436438e-02
1.112064415628721131e-01
1.430203877032316662e-01
1.800566471254776979e-01
2.273004973442604715e-01
2.999824940582779820e-01
4.665154083931452589e-01
1.092215234255498935e+00
1.981278840420834172e-02
8.920786467113765716e-02
1.384884163965511283e-01
1.727195824009840064e-01
1.989621543137482518e-01
2.204585349226327040e-01
2.388197358905503609e-01
2.549289589992266847e-01
2.693061382574814533e-01
2.822617069939608037e-01
2.939458507207412530e-01
3.042755897836207368e-01
3.122676835309802779e-01
2.986656439645399286e-01
3.393097461778697976e-01
3.480220930553097336e-01
3.549675998048209546e-01
3.618582673057885724e-01
3.684080987888581071e-01
3.744949192538361005e-01
3.800379576933497483e-01
3.849610169385410674e-01
3.891841910681526073e-01
3.924963724249863062e-01
3.949680235739750356e-01
3.962921704145206392e-01
3.962887959429193807e-01
3.947077044031047088e-01
3.912382642386063036e-01
3.854983499300038141e-01
3.770197907570318474e-01
3.652322538531565521e-01
3.494484081970237743e-01
3.288572669120528036e-01
3.025414837134599022e-01
2.695524203767278304e-01
2.291085762823355243e-01
1.809836416415323279e-01
1.270486230056450672e-01
7.140026607839461414e-02
2.424180297254148811e-02
1.934824570411523706e-03
2.345998642363588543e-02
9.920400957330581526e-02
2.197443467248312021e-01
3.556453681109668641e-01
4.914052758606667903e-01
6.014580817833669046e-01
6.860403514265344116e-01
7.480386396147279404e-01
7.921533471823399841e-01
8.228352090965677101e-01
8.436452321630044660e-01
8.572417833525994846e-01
8.655576701071417967e-01
8.699930937309157120e-01
8.715726136598446194e-01
8.710599220755145256e-01
8.690376230125331780e-01
8.659610707065356072e-01
8.621938389490960697e-01
8.580304100332942774e-01
8.537100070115596351e-01
8.494242755781675758e-01
8.453206835315089096e-01
8.415029458948635188e-01
8.380294169953367289e-01
8.349101550342292732e-01
8.321032183667769200e-01
8.295106711399246047e-01
8.269747521362861287e-01
8.242747227600230042e-01
8.211252162211080119e-01
8.171783413347173397e-01
8.120415061456184302e-01
8.054822448395880796e-01
7.950650537377332849e-01
7.832740473191142083e-01
7.676643631244606247e-01
7.477127743097554680e-01
