7.510509171073487256e-01
7.773561031592303161e-01
8.012468818360172218e-01
8.194719512578474419e-01
8.259742423960226843e-01
8.061088533306112192e-01
7.144769658771631393e-01
3.964055602674183554e-01
1.210253063164709944e-02
5.312352799176377482e-01
8.127811437252852045e-01
9.173229550427717260e-01
9.646750620934586573e-01
9.894099857273650489e-01
1.003292553964375777e+00
1.011660165349333340e+00
1.018767558638396631e+00
1.037190889833904839e+00
8.618062514605578928e-01
9.704766352379723404e-01
9.773706206729750878e-01
9.785844174456139744e-01
9.802537473843613292e-01
9.852077959178195954e-01
9.952619807792338902e-01
1.001178720522772014e+00
8.205598291825555446e-01
9.349175802493982224e-03
4.064602786045560245e-01
6.086569306568718751e-01
3.852275430575612392e-01
5.984363595056291230e-01
6.296716096846510791e-01
6.417420213662810013e-01
6.460766484438025259e-01
6.463248982275276999e-01
6.442705553344167946e-01
6.407917931298474645e-01
6.363999211391679900e-01
6.314118769867076431e-01
6.260425359605321649e-01
6.202864052114764881e-01
6.144614211002373816e-01
6.085116573890568814e-01
6.025516397620283016e-01
5.970361307978810927e-01
5.824928614559187201e-01
5.815641683165367892e-01
5.752747687119128539e-01
5.684506694678973515e-01
5.607969120293851972e-01
5.540152722058337975e-01
5.458301829456898568e-01
5.369383979956263708e-01
5.268950863586615574e-01
5.148452732750927741e-01
4.974858143102076635e-01
4.422219701081342436e-01
4.713354571095392798e-01
4.366986229525341434e-01
3.776161672724152596e-01
2.433661605987576249e-01
7.346973973031796501e-02
8.958423068543208689e-01
7.511927047349186148e-01
6.840788748417594434e-01
6.485839194485708559e-01
6.268332319236785688e-01
6.121375954373754480e-01
6.022028899915085054e-01
5.946747076613414507e-01
5.892032673424137945e-01
5.852546218934656652e-01
5.825136530729759787e-01
5.807734505915833623e-01
5.798911023576721613e-01
5.797633506723685048e-01
5.803117830576726144e-01
5.814730842778719211e-01
5.831926247642953420e-01
5.854380678993374998e-01
5.879995544194288604e-01
5.909956787624747188e-01
5.941519860364138372e-01
5.971555384243338871e-01
5.991586156698368582e-01
5.954590539392350390e-01
5.467627573231658156e-01
6.616017023924932738e-01
6.490715480749165156e-01
6.511377912912883481e-01
6.563574408547917516e-01
6.615918381009474603e-01
6.685254310644708209e-01
6.124317904489047226e-01
6.873552527855587568e-01
6.951906752168116599e-01
7.034531415474803984e-01
7.118166970606077948e-01
7.201166118418778073e-01
7.282069768669984233e-01
7.359294528017230608e-01
7.430972680072547298e-01
7.494792864598934790e-01
7.547779691975504690e-01
7.585938767534600169e-01
7.603602040935881767e-01
7.591957958414635721e-01
7.540887023195695926e-01
7.435994787273032536e-01
7.197068366909790127e-01
6.896883156509246993e-01
6.218099340153112609e-01
4.270221631265610496e-01
5.753991091171829497e-01
2.410992097262555645e-01
1.016790446824288562e-02
1.704890399969805903e-01
4.819896579489296728e-01
6.710868972245589426e-01
7.627424579247272796e-01
8.043288056598886238e-01
8.189703636826146660e-01
8.156292233665987101e-01
7.945656551002709955e-01
7.412996111956395850e-01
5.216249592709766292e-01
7.908368649465871147e-01
6.718693211503738993e-01
3.918113876112196969e-01
5.523197872621254251e-02
7.439743995587039249e-01
9.421850337541726184e-01
9.579901032788297188e-01
9.455575847804507106e-01
9.285911774716415490e-01
9.117395040159925745e-01
8.961987013724741491e-01
8.826449334454045115e-01
8.723590919860195747e-01
8.696419559124317633e-01
9.025539754154894290e-01
5.948881827885782458e-01
7.242063749685250240e-01
7.462197224861217837e-01
7.423131012913517512e-01
7.341101277233337274e-01
7.242856016286158827e-01
7.137283271635701531e-01
7.026923311568009645e-01
6.894982222837280350e-01
6.807688809573195776e-01
6.691758344374770795e-01
6.568999424692498756e-01
6.428521151590027571e-01
6.223061885652214631e-01
5.047670381113767979e-01
6.636798218711413844e-01
6.335607395653165552e-01
6.184266480936998489e-01
6.064484486361367832e-01
5.955749469872217983e-01
5.844016068395534447e-01
5.802912514894725815e-01
5.683675534905660021e-01
5.582602333311571519e-01
5.469301144105950252e-01
5.260658493768450850e-01
5.138036822662396252e-01
5.397608239128000029e-01
5.276645663181935841e-01
4.981385758908436490e-01
5.254598125545005827e-01
5.189600473563581451e-01
5.143075539186986456e-01
5.108106016377450542e-01
5.082595272124763586e-01
5.064690181623828780e-01
5.047879047711539835e-01
4.933177682694531718e-01
5.177216069979928559e-01
5.168255790662329430e-01
5.200560465002768140e-01
5.292786517333940566e-01
5.364833560288512215e-01
5.447374636120203562e-01
5.543882693454159627e-01
5.653176950228310238e-01
5.773956541827585109e-01
5.904348602815289171e-01
6.046853282788051676e-01
6.215793182426095909e-01
6.283346273858912978e-01
6.440630095763789642e-01
6.579259977759207567e-01
6.705892592169824251e-01
6.820404008960295750e-01
6.926949125400579943e-01
7.048017379016728867e-01
7.283005883568693939e-01
