1.004292944581093083e+00
1.006733073728093286e+00
1.008548342731903968e+00
1.009797952103586027e+00
1.010544543233643067e+00
1.010852083582811423e+00
1.010784111754569725e+00
1.010402312958153193e+00
1.009765394129211291e+00
1.008928227603864247e+00
1.007941232577982182e+00
1.006849964480414750e+00
1.005694883721790500e+00
1.004511276936065789e+00
1.003329305715749076e+00
1.002174159875253823e+00
1.001066294386814937e+00
1.000021731269662650e+00
9.990524098274282672e-01
9.981665706839809582e-01
9.973691610411223873e-01
9.966622504476989608e-01
9.960454481183181885e-01
9.955163144614376236e-01
9.950707609680340404e-01
9.947034339723943575e-01
9.944080790315166229e-01
9.941778837824105652e-01
9.940057981383518815e-01
9.938848315821933177e-01
9.938083281198667462e-01
9.937702201780858058e-01
9.937652633774207711e-01
9.937892546855513487e-01
9.938392369588655573e-01
9.939136932907889355e-01
9.940127348688544417e-01
9.941382861152019412e-01
9.942942706040527323e-01
9.944868003453084526e-01
9.947243690222550283e-01
9.950180457708727166e-01
9.953816580765735278e-01
9.958319340235415318e-01
9.963885150973466054e-01
9.970734319038906390e-01
9.979063454290250101e-01
9.985867223333446674e-01
1.000332835138932008e+00
1.001963454100217144e+00
1.004361770712317581e+00
1.009752510969176731e+00
8.867751086305718511e-01
9.776145840748798888e-01
9.684427993254188793e-01
9.309283661230466356e-01
8.275210838971487348e-01
5.782439803312332538e-01
2.916256716848702468e-01
3.540596687186141067e-01
5.327487237326827829e-01
6.484600241801642406e-01
6.983646113261711141e-01
6.682489037492315154e-01
5.454272082807066768e-01
5.314274434998399466e-01
6.182333998577074219e-01
6.843861066254727232e-01
7.254294702103252224e-01
7.517096496110828863e-01
7.694487270759613473e-01
7.819490465839682436e-01
7.910363073726282002e-01
7.977841958993396876e-01
8.028617577474974620e-01
8.067070975925282328e-01
8.096192866362255103e-01
8.118097267325414812e-01
8.134323020169919038e-01
8.146018600071054383e-01
8.154059773960870006e-01
8.159127072462352137e-01
8.161758393889133600e-01
8.162385798403066772e-01
8.161362074511162579e-01
8.158980700387402640e-01
8.155491758339874497e-01
8.151115927082208668e-01
8.146058885052620546e-01
8.140529731425985016e-01
8.134770835178100068e-01
8.129117804788992263e-01
8.124146176056885604e-01
8.121118544747604195e-01
8.123857986330602632e-01
8.153340560433854911e-01
7.725571106680143574e-01
8.006510119098546596e-01
8.021647771379167846e-01
8.020558484286856027e-01
8.014794595932014376e-01
8.006958206093237607e-01
7.997958130806299692e-01
7.988189262475300367e-01
7.977844553646815662e-01
7.967022355275804602e-01
7.955770006334123012e-01
7.944103505920100394e-01
7.932016815368709839e-01
7.919485985672118922e-01
7.906470180016360594e-01
7.892910238761101649e-01
7.878724506810940165e-01
7.863800585658918818e-01
7.847979758296388386e-01
7.831026434583833185e-01
7.812563240165734113e-01
7.791916218158069229e-01
7.767680133667036468e-01
7.736156522413797365e-01
7.682706799511594964e-01
7.434641025225147137e-01
7.850794050192057005e-01
7.755523965259109032e-01
7.709561579154003974e-01
7.672815735658113923e-01
7.637983304183535438e-01
7.602581219975044213e-01
7.565362551653742607e-01
7.525483327703286207e-01
7.482231819652647165e-01
7.434916380056698637e-01
7.382807177650611008e-01
7.325097924456578369e-01
7.260874544946614995e-01
7.189084905058015229e-01
7.108506481234653229e-01
7.017710045462544066e-01
6.915018101242648152e-01
6.798457414865402004e-01
6.665705914408840416e-01
6.514035925557090101e-01
6.340258872720579975e-01
6.140682326731641272e-01
5.911100433146372346e-01
5.646856008628171608e-01
5.343040442400346368e-01
4.994938975983930218e-01
4.598881795689876428e-01
4.153706171433540484e-01
3.663010136982992049e-01
3.138148340098264599e-01
2.601286411590407743e-01
2.086728170748122779e-01
1.637780396932280447e-01
1.297400545430609231e-01
1.095384658718524112e-01
1.040340324376408804e-01
1.123681654311955158e-01
1.332603062507632663e-01
1.659606530990372364e-01
2.099581802858755952e-01
2.638796266027308435e-01
3.248609480610307187e-01
3.891438135268624476e-01
4.536705326632483604e-01
5.196167723180752374e-01
4.868622545832011483e-01
5.769935328187025814e-01
6.236954966090163532e-01
6.586641968526336655e-01
6.868362947874380176e-01
7.098660622005423804e-01
7.287463273699964494e-01
7.442091711501059859e-01
7.568317863799064460e-01
7.670798313716126193e-01
7.753326039152000915e-01
7.819008278693153624e-01
7.870402622918547531e-01
7.909623758562778217e-01
7.938427526015251479e-01
7.958276872078111630e-01
7.970393218831861581e-01
7.975795997659590464e-01
7.975332377121654437e-01
7.969698346900624397e-01
7.959450828626315477e-01
7.945006709812298951e-01
7.926611490496711099e-01
7.904196331654923524e-01
7.876538481693157179e-01
7.824136738585633077e-01
7.840231558973289605e-01
7.798445717905152508e-01
7.759385764086603743e-01
7.718034864874487866e-01
7.673406278594111507e-01
7.624990239862827757e-01
7.572434717261674608e-01
