9.996668584611135833e-01
9.996665145583110146e-01
9.996662625062006091e-01
9.996661025130477718e-01
9.996660347365348143e-01
9.996660592837878223e-01
9.996661762111904714e-01
9.996663855243971275e-01
9.996666871782090569e-01
9.996670810765097004e-01
9.996675670722191542e-01
9.996681449672258912e-01
9.996688145123079350e-01
9.996695754071959206e-01
9.996704273004617392e-01
9.996713697895985851e-01
9.996724024211512960e-01
9.996735246905593675e-01
9.996747360425471962e-01
9.996760358710438110e-01
9.996774235194175739e-01
9.996788982807274238e-01
9.996804593978890763e-01
9.996821060638967360e-01
9.996838374222010160e-01
9.996856525669697291e-01
9.996875505435216525e-01
9.996895303485894280e-01
9.996915909308148329e-01
9.996937311911919810e-01
9.996959499835726959e-01
9.996982461149929167e-01
9.997006183464672846e-01
9.997030653933650646e-01
9.997055859261239075e-01
9.997081785707040424e-01
9.997108419094090648e-01
9.997135744814411584e-01
9.997163747836422809e-01
9.997192412711811693e-01
9.997221723583629149e-01
9.997251664193230747e-01
9.997282217888444622e-01
9.997313367632493231e-01
9.997345096010925580e-01
9.997377385241175141e-01
9.997410217181450509e-01
9.997443573339491740e-01
9.997477434881439917e-01
9.997511782642382050e-01
9.997546597134072677e-01
9.997581858556963130e-01
9.997617546808830191e-01
9.997653641495384269e-01
9.997690121940261410e-01
9.997726967195954551e-01
9.997764156054461671e-01
9.997801667057837349e-01
9.997839478509593647e-01
9.997877568485685762e-01
9.997915914845436625e-01
9.997954495243640549e-01
9.997993287141495600e-01
9.998032267819072505e-01
9.998071414385831801e-01
9.998110703793832155e-01
9.998150112849064630e-01
9.998189618223877195e-01
9.998229196468670921e-01
9.998268824024972856e-01
9.998308477237695113e-01
9.998348132366631225e-01
9.998387765599829891e-01
9.998427353066281498e-01
9.998466870848160548e-01
9.998506294994198296e-01
9.998545601530659521e-01
9.998584766476342756e-01
9.998623765854487422e-01
9.998662575704651001e-01
9.998701172096553513e-01
9.998739531143288062e-01
9.998777629013357870e-01
9.998815441943192939e-01
9.998852946250912366e-01
9.998890118348642275e-01
9.998926934755005824e-01
9.998963372108643499e-01
9.998999407179697263e-01
9.999035016884012528e-01
9.999070178293633093e-01
9.999104868651260691e-01
9.999139065381820179e-01
9.999172746104086906e-01
9.999205888644279172e-01
9.999238471047935395e-01
9.999270471590558929e-01
9.999301868791197201e-01
9.999332641423824830e-01
9.999362768528438083e-01
9.999392229423639256e-01
9.999421003716484346e-01
9.999449071315784643e-01
9.999476412441151707e-01
9.999503007636203478e-01
9.999528837776738843e-01
9.999553884083651756e-01
9.999578128132466937e-01
9.999601551863026572e-01
9.999624137590550355e-01
9.999645868015377692e-01
9.999666726231272174e-01
9.999686695737182163e-01
9.999705760444387304e-01
9.999723904686402820e-01
9.999741113228172162e-01
9.999757371274032858e-01
9.999772664475407025e-01
9.999786978940710114e-01
9.999800301241247302e-01
9.999812618419896548e-01
9.999823917998017508e-01
9.999834187982359346e-01
9.999843416872514767e-01
9.999851593666090332e-01
9.999858707865980634e-01
9.999864749486188087e-01
9.999869709057057632e-01
9.999873577630451482e-01
9.999876346785229186e-01
9.999878008631533088e-01
9.999878555814702974e-01
9.999877981521263504e-01
9.999876279480270913e-01
9.999873443967440823e-01
9.999869469809302691e-01
9.999864352383928123e-01
9.999858087625295155e-01
9.999850672023580245e-01
9.999842102627570783e-01
9.999832377046359300e-01
9.999821493448965981e-01
9.999809450565737556e-01
9.999796247688635953e-01
9.999781884670042587e-01
9.999766361923195790e-01
9.999749680420164655e-01
9.999731841691082979e-01
9.999712847822187500e-01
9.999692701453299915e-01
9.999671405775589772e-01
9.999648964528196071e-01
9.999625381994680096e-01
9.999600663000274281e-01
9.999574812906117938e-01
9.999547837605378131e-01
9.999519743518495707e-01
9.999490537587033545e-01
9.999460227268650581e-01
9.999428820530407158e-01
9.999396325842012656e-01
9.999362752169095314e-01
9.999328108965988005e-01
9.999292406167651359e-01
9.999255654181609110e-01
9.999217863879351631e-01
9.999179046587135522e-01
9.999139214078063276e-01
9.999098378560087319e-01
9.999056552668013076e-01
9.999013749451509669e-01
9.998969982365225606e-01
9.998925265257027073e-01
9.998879612355874302e-01
9.998833038260130923e-01
9.998785557924813050e-01
9.998737186648043451e-01
9.998687940057567891e-01
9.998637834096443244e-01
9.998586885007826330e-01
9.998535109320393355e-01
9.998482523831235813e-01
9.998429145589332601e-01
9.998374991877898577e-01
9.998320080196224646e-01
9.998264428239652668e-01
9.998208053880601742e-01
9.998150975145626562e-01
9.998093210194669567e-01
9.998034777296459508e-01
9.997975694804970281e-01
9.997915981132989849e-01
9.997855654724775443e-01
9.997794734028324637e-01
9.997733237464662137e-01
9.997671183396968919e-01
9.997608590097538661e-01
9.997545475714196828e-01
9.997481858233252527e-01
9.997417755444406584e-01
