9.961414171672956508e-01
9.966255297577021333e-01
9.970726557134539370e-01
9.974827261928750355e-01
9.978558720768185841e-01
9.981924351807177631e-01
9.984929801701755148e-01
9.987583067258368752e-01
9.989894613849273908e-01
9.991877483392547221e-01
9.993547382768560583e-01
9.994922740978227083e-01
9.996024719981265738e-01
9.996877159624150133e-01
9.997506431016178752e-01
9.997941164587061946e-01
9.998211808044548121e-01
9.998349954534793138e-01
9.998387360963864046e-01
9.998354548534776898e-01
9.998278839145997576e-01
9.998181628029696455e-01
9.998074618759538179e-01
9.997954642566657668e-01
9.997796536729248729e-01
9.997543347498926147e-01
9.997092823317167420e-01
9.996278731925466454e-01
9.994844907710844772e-01
9.992409019439183471e-01
9.988411703126178764e-01
9.982044721225875605e-01
9.972148880170883523e-01
9.957068122497090279e-01
9.934439906317946711e-01
9.900892961870001452e-01
9.851611128659969463e-01
9.779706435064244863e-01
9.675329133329151343e-01
9.524439009607502671e-01
9.307205124145746522e-01
8.996175197808726764e-01
8.554845230921319654e-01
7.938381113375444498e-01
7.100260761915824226e-01
6.010709194887504658e-01
4.690592192411518480e-01
3.249129182595095200e-01
1.886655844271854787e-01
8.248764286270092450e-02
1.980066056664125246e-02
5.655544067573758959e-05
1.281634125079708988e-02
4.520665801960534885e-02
8.672559487735506667e-02
1.305015693269283295e-01
1.726938771045547771e-01
2.114741922374417660e-01
2.461880957461633768e-01
2.768031674508164564e-01
3.035841255117159854e-01
3.269146679001196931e-01
3.472054166881984871e-01
3.648496684996728745e-01
3.802046441152461820e-01
3.935858105760606240e-01
4.052675507276095046e-01
4.154866286446702861e-01
4.244466278363817069e-01
4.323224647049474512e-01
4.392645623244741393e-01
4.454024725167874399e-01
4.508464509765564565e-01
4.557029230345842064e-01
4.600438621657449989e-01
4.639495435151859137e-01
4.674843454899670903e-01
4.707053693203588907e-01
4.736631408396055898e-01
4.764024995937144458e-01
4.789633698611700519e-01
4.813814127453037717e-01
4.836885758609739683e-01
4.859135568073630340e-01
4.880821942930576030e-01
4.902177984521460807e-01
4.923414298784951626e-01
4.944721352299670247e-01
4.966271458762487323e-01
4.988220449367675724e-01
5.010709071335728293e-01
5.033864151334442871e-01
5.057799554407238496e-01
5.082616964050205022e-01
5.108406505045226531e-01
5.135247227400271397e-01
5.163207467150527918e-01
5.192345097724592184e-01
5.222707683995216899e-01
5.254332549971164612e-01
5.287246770310154442e-01
5.321467095470623354e-01
5.356999820546435309e-01
5.393840609129522123e-01
5.431974287504105492e-01
5.471374635632388905e-01
5.512004225394462331e-01
5.553814045650341535e-01
5.596638537136757741e-01
5.640629808874750850e-01
5.685593246941003098e-01
5.731381369963135519e-01
5.777909006051791252e-01
5.825053344853746706e-01
5.872675718601978456e-01
5.920623439841875557e-01
5.968730540821634012e-01
6.016819823593883010e-01
6.064708525609219247e-01
6.111932767275812806e-01
6.158811572003808354e-01
6.204719871469154269e-01
6.249479876483283736e-01
6.292834796289930033e-01
6.334509019694954945e-01
6.374212158070506895e-01
6.411639674863714999e-01
6.446472829325756715e-01
6.478378312023475027e-01
6.507007629975787300e-01
6.531996231698254940e-01
6.552962344648683990e-01
6.569505493496831106e-01
6.581204669034510513e-01
6.587616122376017680e-01
6.588270767054548172e-01
6.582671183124786385e-01
6.570288233261637467e-01
6.550557322303952601e-01
6.522874360457452392e-01
6.486591528675595963e-01
6.441012995568837773e-01
6.385390802364065976e-01
6.318921220727982124e-01
6.240742003552631756e-01
6.149931097966935267e-01
6.045507580575254503e-01
5.926435815103716642e-01
5.791634128977815044e-01
5.639989661139894750e-01
5.470381444503468193e-01
5.281714235082669573e-01
5.072966045406761548e-01
4.843252705969634531e-01
4.591912936744453888e-01
4.318617162863824799e-01
4.023502372118250570e-01
3.707333322455739766e-01
3.371686958910549148e-01
3.019151672941355335e-01
2.653526206470748217e-01
2.279997467873625949e-01
1.905317202969103452e-01
1.536613032490343200e-01
1.185496837659243408e-01
8.609888770333851138e-02
5.744495060518405027e-02
3.367491340268592703e-02
1.577176326418794003e-02
4.532147680879676684e-03
4.943835733467648536e-04
3.890028071156459433e-03
1.462769903591954086e-02
3.231156138784650050e-02
5.629016658772463544e-02
8.572621497779893407e-02
1.196761292826289819e-01
1.571736095948322309e-01
1.972001460266508688e-01
2.385653014863885757e-01
2.813311957222952575e-01
3.242609602513145672e-01
3.669029443813384694e-01
4.088569549428511252e-01
4.498089315250248243e-01
4.894957894112806351e-01
5.279045878722090634e-01
5.647982537899924882e-01
6.001799689543872995e-01
6.340363491462300827e-01
6.663779005080110451e-01
6.972309042216680020e-01
7.266305711034636294e-01
7.546152804395940272e-01
7.812215898333311204e-01
8.064796889194469909e-01
8.304089514504710001e-01
8.530132057290147340e-01
8.742752820787932366e-01
8.941502960303790992e-01
