8.133961234893005710e-01
8.193162387209146358e-01
8.242568559477168044e-01
8.284084864144013460e-01
8.319402738787249341e-01
8.349964951627355525e-01
8.376926674703033537e-01
8.401122102712392792e-01
8.423030883019821946e-01
8.442739842197096722e-01
8.459893304339589637e-01
8.473621825639598981e-01
8.482433386102652406e-01
8.484042336441192100e-01
8.475064058850741988e-01
8.450627382813449273e-01
8.403474446059487901e-01
8.322687028771540430e-01
8.191263399180388483e-01
7.981823428794144748e-01
7.648868015560346123e-01
7.115403107382770598e-01
6.254033032336694387e-01
4.884043222856777056e-01
2.902263554569567972e-01
8.053075045633306672e-02
1.456596682367113874e-03
1.077081433826220513e-01
2.809328951025061860e-01
4.283363990934501708e-01
5.328224315054985727e-01
6.033480858263640112e-01
6.506272197681677305e-01
6.823699480586021826e-01
7.035933474057468606e-01
7.175264347528607090e-01
7.262884364146741101e-01
7.313145410864011486e-01
7.335453231152748721e-01
7.339926534384833001e-01
7.329458831306655542e-01
7.310068523641802818e-01
7.286122321798301771e-01
7.261989342223316157e-01
7.242524857158176843e-01
7.233788436496332297e-01
7.244271292949708840e-01
7.287285089820025874e-01
7.386172159577590879e-01
7.587031397761603291e-01
7.992612253729473037e-01
8.812809291390117927e-01
7.210748672807880677e-01
6.540548495767292692e-02
2.931061006028283789e-01
3.816107603858703290e-01
4.206097355085826051e-01
4.396717502643343600e-01
4.489821394936751586e-01
4.528427762871865547e-01
4.533404965319075552e-01
4.516144560751890191e-01
4.482880692986852544e-01
4.437338424114813384e-01
4.381591579754889887e-01
4.316626512389580839e-01
4.242570740713491606e-01
4.159072285544527792e-01
4.064744154805543519e-01
3.957207085577280070e-01
3.834765932655891940e-01
3.692139741889111648e-01
3.523554380716945045e-01
3.320834706410516479e-01
3.070873935214881723e-01
2.755079233797706473e-01
2.345160167653765615e-01
1.800352383298043091e-01
1.077768202271620068e-01
2.507271368877504389e-02
3.123746305286446284e-02
4.733844226978774494e-01
9.366079916445534392e-01
9.371268568399425680e-01
8.285449249107462721e-01
7.120984481987354675e-01
5.686418746233706800e-01
2.937599736172049614e-01
1.985563331971743894e-01
9.614122954877321048e-01
9.188376198100591807e-01
8.666442816331462184e-01
8.316234746748047968e-01
8.079103421943795160e-01
7.914769534607751789e-01
7.800161917866609285e-01
7.721534554058039346e-01
7.670221702428393629e-01
7.640475614691860651e-01
7.628317061788987274e-01
7.630889792142154793e-01
7.646078643493734450e-01
7.672272917697448014e-01
7.708213685098265211e-01
7.752891697921908687e-01
7.805477042930825116e-01
7.865269493830077119e-01
7.931663005244655729e-01
8.004120589738387137e-01
8.082158043442291273e-01
8.165338783943764112e-01
8.253304678317683329e-01
8.345007013001642937e-01
8.441659265170400328e-01
8.542101459806505925e-01
8.646877164419707329e-01
8.757344205141850413e-01
8.877929289871667740e-01
9.026271550782047903e-01
9.355649232441264340e-01
8.676609249738004292e-01
9.058031802962929202e-01
9.202812456363630433e-01
9.311904796780098303e-01
9.405606969460923450e-01
9.488501378622162807e-01
9.561642776222157858e-01
9.625203999808811250e-01
9.678274516396134786e-01
9.720122409038500777e-01
9.748875695172074529e-01
9.761926312558362184e-01
9.754040071090390729e-01
9.713968544929643123e-01
9.614913973179212148e-01
9.386375696564014381e-01
8.823829278551678090e-01
7.310228748694578282e-01
3.631105010317146053e-01
1.388083432796482532e-02
1.146614535716519168e-01
2.817085528671931516e-01
3.711599325658676007e-01
4.027140947022588846e-01
3.967162168520227405e-01
3.628246439109404919e-01
3.052655438559504497e-01
2.252925757430530029e-01
1.286489236724257523e-01
3.646931128594674276e-02
5.593153224486558696e-03
1.193240917846409843e-01
3.784283307808256613e-01
6.483398446158463724e-01
8.281704618704136545e-01
9.170560170979974446e-01
9.537465720635786015e-01
9.604302413620491308e-01
9.526010865744978240e-01
9.379250707889805749e-01
9.203031341688070466e-01
9.017410936142903344e-01
8.832850956679740850e-01
8.654894297294576377e-01
8.486565986988207078e-01
8.329698037453402426e-01
8.185850214168015615e-01
8.057592586203424778e-01
7.953205475684655967e-01
7.944130063398320285e-01
7.535858549600635836e-01
7.564149485854586574e-01
7.563794127522530664e-01
5.072161971322954876e-01
7.137610856420105732e-01
7.147447224371324959e-01
7.116094122469477368e-01
7.078984166326042216e-01
7.042998531936481843e-01
7.010105270711607384e-01
6.980829790883814612e-01
6.955138919490768679e-01
6.932743170243610420e-01
6.913223428392777370e-01
6.896094169862833079e-01
6.880841116505812538e-01
6.866948192421032937e-01
6.853920348372155580e-01
6.841305477465866591e-01
6.828717187373170017e-01
6.815859546016457271e-01
6.802549277292727625e-01
6.788689751971421771e-01
6.774600771287144774e-01
6.760502428805041930e-01
6.747040989359877061e-01
6.735118635052219638e-01
6.725763441308163504e-01
6.721878087410032565e-01
6.723928491964552556e-01
