9.879837731316458704e-01
9.880293671431561453e-01
9.880806406079912785e-01
9.881372429884601738e-01
9.881988249521299617e-01
9.882650453450747552e-01
9.883355765574207696e-01
9.884101084816421245e-01
9.884883512533775285e-01
9.885700369531283949e-01
9.886549204365642218e-01
9.887427794441754347e-01
9.888334141294443658e-01
9.889266461280700193e-01
9.890223172768054516e-01
9.891202880775753492e-01
9.892204359884030351e-01
9.893226536105417246e-01
9.894268468312124032e-01
9.895329329689122044e-01
9.896408389612691980e-01
9.897504996257719956e-01
9.898618560166783098e-01
9.899748538957638955e-01
9.900894423283655987e-01
9.902055724118616897e-01
9.903231961399996397e-01
9.904422654028167683e-01
9.905627311199759477e-01
9.906845425026448160e-01
9.908076464377777448e-01
9.909319869872037501e-01
9.910575049939861492e-01
9.911841377863735980e-01
9.913118189711735972e-01
9.914404783068530014e-01
9.915700416481085799e-01
9.917004309525283556e-01
9.918315643415878125e-01
9.919633562077381228e-01
9.920957173604914026e-01
9.922285552043786927e-01
9.923617739427448292e-01
9.924952748016555582e-01
9.926289562684431633e-01
9.927627143408490618e-01
9.928964427822672967e-01
9.930300333797846823e-01
9.931633762017624267e-01
9.932963598527486671e-01
9.934288717229159404e-01
9.935607982310391550e-01
9.936920250588302528e-01
9.938224373759557695e-01
9.939519200547520805e-01
9.940803578742086755e-01
9.942076357126908848e-01
9.943336387293703060e-01
9.944582525344317636e-01
9.945813633481265237e-01
9.947028581490554577e-01
9.948226248121075921e-01
9.949405522364416221e-01
9.950565304642663422e-01
9.951704507907495056e-01
9.952822058661139337e-01
9.953916897902073124e-01
9.954987982005636393e-01
9.956034283544372698e-01
9.957054792057844494e-01
9.958048514777178006e-01
9.959014477310941249e-01
9.959951724302541498e-01
9.960859320063014666e-01
9.961736349186490758e-01
9.962581917156380085e-01
9.963395150944799328e-01
9.964175199618201528e-01
9.964921234947424766e-01
9.965632452032043842e-01
9.966308069945312154e-01
9.966947332403572890e-01
9.967549508464534913e-01
9.968113893261276726e-01
9.968639808778093636e-01
9.969126604670468517e-01
9.969573659136108379e-01
9.969980379842947604e-01
9.970346204916247235e-01
9.970670603995271941e-01
9.970953079358245708e-01
9.971193167129095425e-01
9.971390438565389536e-01
9.971544501436443442e-01
9.971655001500779880e-01
9.971721624085246871e-01
9.971744095775426642e-01
9.971722186228696438e-01
9.971655710114269988e-01
9.971544529191120887e-01
9.971388554537586879e-01
9.971187748937905271e-01
9.970942129446077606e-01
9.970651770132556990e-01
9.970316805037520158e-01
9.969937431337501099e-01
9.969513912754913720e-01
9.969046583221824465e-01
9.968535850823930788e-01
9.967982202051470786e-01
9.967386206382061742e-01
9.966748521225544666e-01
9.966069897270796174e-01
9.965351184264138462e-01
9.964593337269567197e-01
9.963797423454955338e-01
9.962964629456789734e-01
9.962096269384548286e-01
9.961193793533135166e-01
9.960258797873301484e-01
9.959293034409764100e-01
9.958298422497787739e-01
9.957277061225658921e-01
9.956231242982606089e-01
9.955163468343617428e-01
9.954076462424243932e-01
9.952973192870643304e-01
9.951856889672454631e-01
9.950731067007505537e-01
9.949599547349252671e-01
9.948466488089721116e-01
9.947336410954271679e-01
9.946214234508676810e-01
9.945105310063936388e-01
9.944015461307158521e-01
9.942951027967892319e-01
9.941918913796637947e-01
9.940926639071370197e-01
9.939982397700031225e-01
9.939095118773956239e-01
9.938274532044897303e-01
9.937531236205937590e-01
9.936876767922345755e-01
9.936323668090977224e-01
9.935885539534434763e-01
9.935577086803364377e-01
9.935414123241472772e-01
9.935413521836894413e-01
9.935593072742434639e-01
9.935971188622727546e-01
9.936566363972431093e-01
9.937396237361092455e-01
9.938476010716343900e-01
9.939815819645323458e-01
9.941416373036873200e-01
9.943261694347768076e-01
9.945306918618431746e-01
9.947457464175007980e-01
9.949532751141156872e-01
9.951201347569247346e-01
9.951861283396130631e-01
9.950410399133117201e-01
9.944784289499360996e-01
9.930971190087113376e-01
9.900756516372036797e-01
9.836081377476066923e-01
9.693288005839792998e-01
9.352795475132266168e-01
8.434501812600380122e-01
5.669658364761755998e-01
5.284479155149515717e-02
2.225276161249690743e-01
5.583168088424608211e-01
7.206751706203023966e-01
7.998854180878010034e-01
8.435357279231813221e-01
8.701305837995511050e-01
8.875799625897282663e-01
8.996697562207766063e-01
9.083922527961113547e-01
9.148789075425557415e-01
9.198129793792303444e-01
9.236282485358405792e-01
9.266117359716932178e-01
9.289600409176834717e-01
9.308118248966342767e-01
9.322673585346107350e-01
9.334007240389570192e-01
9.342676801106816198e-01
9.349108748787732237e-01
9.353633871098494534e-01
9.356511844965397229e-01
9.357948629710821642e-01
9.358108977884415092e-01
9.357125559946101179e-01
9.355105692205842871e-01
9.352136333415214109e-01
9.348287803691140985e-01
9.343616538143741934e-01
9.338167091304986345e-01
