9.936040480795325092e-01
9.936101150676471816e-01
9.936307028338725589e-01
9.936647190982931255e-01
9.937109759838556045e-01
9.937682357815276202e-01
9.938352488872760349e-01
9.939107846027526172e-01
9.939936555150068465e-01
9.940827361722963662e-01
9.941769767571084770e-01
9.942754124286916628e-01
9.943771689691061066e-01
9.944814653222573408e-01
9.945876135659762474e-01
9.946950168074264464e-01
9.948031654399883683e-01
9.949116321495806714e-01
9.950200660105690265e-01
9.951281859636965654e-01
9.952357739268781200e-01
9.953426677488133034e-01
9.954487541792536032e-01
9.955539619968936105e-01
9.956582554066928381e-01
9.957616277919831838e-01
9.958640958846710634e-01
9.959656943965669029e-01
9.960664711389427550e-01
9.961664826426056552e-01
9.962657902794976872e-01
9.963644568768791343e-01
9.964625438085218390e-01
9.965601085398074765e-01
9.966572026008513330e-01
9.967538699572766614e-01
9.968501457474722161e-01
9.969460553526745539e-01
9.970416137671350709e-01
9.971368252350296668e-01
9.972316831221287314e-01
9.973261699910153100e-01
9.974202578506140560e-01
9.975139085522265470e-01
9.976070743060480028e-01
9.976996982947852199e-01
9.977917153622815061e-01
9.978830527575717202e-01
9.979736309166141739e-01
9.980633642662958271e-01
9.981521620363321690e-01
9.982399290678791726e-01
9.983265666077254519e-01
9.984119730799554393e-01
9.984960448274802225e-01
9.985786768178179784e-01
9.986597633082330283e-01
9.987391984667178813e-01
9.988168769464194074e-01
9.988926944115837925e-01
9.989665480142688736e-01
9.990383368217148341e-01
9.991079621944489730e-01
9.991753281163968659e-01
9.992403414778807669e-01
9.993029123137032732e-01
9.993629539977393339e-01
9.994203833966457395e-01
9.994751209847736462e-01
9.995270909230361545e-01
9.995762211041389067e-01
9.996224431667667387e-01
9.996656924817026724e-01
9.997059081122727786e-01
9.997430327517804471e-01
9.997770126406881896e-01
9.998077974657048062e-01
9.998353402439015269e-01
9.998595971934824966e-01
9.998805275938371651e-01
9.998980936372220407e-01
9.999122602739117793e-01
9.999229950527527278e-01
9.999302679591236531e-01
9.999340512522302271e-01
9.999343193030632015e-01
9.999310484348338246e-01
9.999242167673967341e-01
9.999138040667991945e-01
9.998997916017337007e-01
9.998821620074515026e-01
9.998608991591138029e-01
9.998359880548791656e-01
9.998074147101358999e-01
9.997751660639589977e-01
9.997392298982503700e-01
9.996995947705155094e-01
9.996562499613881325e-01
9.996091854371258467e-01
9.995583918278277968e-01
9.995038604222805656e-01
9.994455831793652711e-01
9.993835527572615396e-01
9.993177625599849456e-01
9.992482068025124731e-01
9.991748805937682443e-01
9.990977800387551566e-01
9.990169023590614872e-01
9.989322460321429231e-01
9.988438109494794936e-01
9.987515985931318951e-01
9.986556122304266481e-01
9.985558571268187134e-01
9.984523407756339397e-01
9.983450731446376070e-01
9.982340669382836484e-01
9.981193378744852573e-01
9.980009049747311511e-01
9.978787908663233619e-01
9.977530220943825467e-01
9.976236294422553552e-01
9.974906482576647582e-01
9.973541187821397536e-01
9.972140864808609617e-01
9.970706023694984044e-01
9.969237233346819327e-01
9.967735124439524030e-01
9.966200392407262854e-01
9.964633800196343039e-01
9.963036180769696548e-01
9.961408439304795248e-01
9.959751555024575209e-01
9.958066582598938954e-01
9.956354653040391245e-01
9.954616974028102083e-01
9.952854829580333185e-01
9.951069578991356135e-01
9.949262654956965157e-01
9.947435560795676590e-01
9.945589866685136116e-01
9.943727204825123511e-01
9.941849263440409867e-01
9.939957779545814942e-01
9.938054530392771424e-01
9.936141323528683289e-01
9.934219985411325560e-01
9.932292348529210280e-01
9.930360237001748525e-01
9.928425450650261164e-01
9.926489747559460453e-01
9.924554825182516637e-01
9.922622300080543578e-01
9.920693686436725667e-01
9.918770373542782348e-01
9.916853602518153066e-01
9.914944442610486020e-01
9.913043767513652904e-01
9.911152232251789762e-01
9.909270251312325417e-01
9.907397978858348830e-01
9.905535292036613537e-01
9.903681778609022546e-01
9.901836730385994434e-01
9.899999144240755333e-01
9.898167732840784661e-01
9.896340947661305121e-01
9.894517017363549938e-01
9.892694005257348655e-01
9.890869890338525039e-01
9.889042677378159230e-01
9.887210542747808528e-01
9.885372024239594824e-01
9.883526265148353529e-01
9.881673325528130825e-01
9.879814577041508006e-01
9.877953202533031885e-01
9.876094827894765782e-01
9.874248322683383261e-01
9.872426818402146864e-01
9.870649011023547859e-01
9.868940839668499665e-01
9.867337670071870681e-01
9.865887165061409947e-01
9.864653102655606132e-01
9.863720516092965296e-01
9.863202690129525552e-01
9.863250754394504716e-01
9.864066812007203922e-01
9.865921454392923007e-01
9.869175029504683172e-01
9.874294764568334326e-01
9.881828528376095377e-01
9.892155640781589154e-01
9.904114694928006779e-01
9.906893990726385324e-01
9.812180981054724471e-01
8.133193072954610914e-01
4.719884607760714834e-01
8.511713308867141503e-01
9.105258912962100881e-01
