9.840388954437019331e-01
9.842083497045778229e-01
9.843775261159141143e-01
9.845469173321110823e-01
9.847170088925978337e-01
9.848882654111333901e-01
9.850611198242815725e-01
9.852359653415642127e-01
9.854131497489359015e-01
9.855929717349285468e-01
9.857756789322699165e-01
9.859614673883673186e-01
9.861504822071349707e-01
9.863428191274631329e-01
9.865385268304008859e-01
9.867376097928086676e-01
9.869400315279489577e-01
9.871457180762895911e-01
9.873545616316731222e-01
9.875664242052817343e-01
9.877811412493664456e-01
9.879985251768753640e-01
9.882183687274326278e-01
9.884404481427648825e-01
9.886645261248470096e-01
9.888903545592377942e-01
9.891176769940807079e-01
9.893462308714001674e-01
9.895757495131191073e-01
9.898059638681449002e-01
9.900366040305603743e-01
9.902674005411434832e-01
9.904980854874663176e-01
9.907283934174074824e-01
9.909580620834762543e-01
9.911868330343793776e-01
9.914144520714792685e-01
9.916406695862763909e-01
9.918652407957145867e-01
9.920879258906601939e-01
9.923084901125803770e-01
9.925267037721380303e-01
9.927423422229100236e-01
9.929551858021750110e-01
9.931650197494958920e-01
9.933716341135856442e-01
9.935748236560841828e-01
9.937743877605418330e-01
9.939701303536768728e-01
9.941618598456176681e-01
9.943493890941850211e-01
9.945325353988868633e-01
9.947111205281066182e-01
9.948849707837436052e-01
9.950539171061404398e-01
9.952177952223197899e-01
9.953764458396197057e-01
9.955297148868444967e-01
9.956774538048424050e-01
9.958195198877941579e-01
9.959557766768856180e-01
9.960860944075649037e-01
9.962103505115660340e-01
9.963284301752053373e-01
9.964402269548389146e-01
9.965456434513416673e-01
9.966445920445814455e-01
9.967369956898121108e-01
9.968227887775260587e-01
9.969019180588357676e-01
9.969743436383203816e-01
9.970400400365183602e-01
9.970989973247446070e-01
9.971512223344498604e-01
9.971967399437400292e-01
9.972355944436831487e-01
9.972678509864185692e-01
9.972935971177377956e-01
9.973129443948307582e-01
9.973260300900536057e-01
9.973330189800310164e-01
9.973341052170874299e-01
9.973295142773480615e-01
9.973195049763033948e-01
9.973043715372812423e-01
9.972844456907014044e-01
9.972600987727563426e-01
9.972317437789031125e-01
9.971998373094533852e-01
9.971648813213461748e-01
9.971274245669242697e-01
9.970880635581934603e-01
9.970474428347239071e-01
9.970062542341842082e-01
9.969652347553206173e-01
9.969251624534345435e-01
9.968868496039304805e-01
9.968511320867823322e-01
9.968188535505476677e-01
9.967908423654804340e-01
9.967678786010194525e-01
9.967506471633170717e-01
9.967396716572857196e-01
9.967352212648059595e-01
9.967371796195312328e-01
9.967448597718736591e-01
9.967567420527795319e-01
9.967701006335014657e-01
9.967804677182127149e-01
9.967808580930442863e-01
9.967606353403322128e-01
9.967038344354236523e-01
9.965866462975419005e-01
9.963735871966902247e-01
9.960115631626204058e-01
9.954204905782334523e-01
9.944781441369803243e-01
9.929950646864179609e-01
9.906718347082156262e-01
9.870240408606091309e-01
9.812458998095348051e-01
9.719530846530339829e-01
9.566787105021328230e-01
9.308322165443341234e-01
8.856446028109206114e-01
8.045586766827210745e-01
6.573476508838073107e-01
4.119068918310284655e-01
1.203942247158175383e-01
3.150831760687913905e-03
1.289361068029214741e-01
3.174199532621378439e-01
4.679452223698398750e-01
5.728818830871169610e-01
6.450476917417837797e-01
6.956862383872173261e-01
7.321995947323471920e-01
7.592236853380985862e-01
7.796820671909413525e-01
7.954624276448960529e-01
8.078178461742535621e-01
8.176032256291467792e-01
8.254168731630568967e-01
8.316873169745968575e-01
8.367279201312270986e-01
8.407721099452774016e-01
8.439966488031945824e-01
8.465373480017301944e-01
8.484998957456684199e-01
8.499674580516692890e-01
8.510061053926345487e-01
8.516687472018440452e-01
8.519980247188994049e-01
8.520284650213405531e-01
8.517881032165369737e-01
8.512997164211736356e-01
8.505817706070826212e-01
8.496491523737734752e-01
8.485137376302280821e-01
8.471848350850632592e-01
8.456695324378555867e-01
8.439729659644669146e-01
8.420985289444041788e-01
8.400480305113825485e-01
8.378218136198918309e-01
8.354188386343469608e-01
8.328367373673092322e-01
8.300718410803046288e-01
8.271191849126057205e-01
8.239724903492043895e-01
8.206241266193344819e-01
8.170650512950966560e-01
8.132847297992916724e-01
8.092710330103237704e-01
8.050101116488530550e-01
8.004862456282163530e-01
7.956816660372802996e-01
7.905763468874950073e-01
7.851477631891695674e-01
7.793706113208855868e-01
7.732164870221071018e-01
7.666535156810379004e-01
7.596459289308038487e-01
7.521535809446177057e-01
7.441313973053561570e-01
7.355287490265280947e-01
7.262887443982022351e-01
7.163474320948197693e-01
7.056329108352958901e-01
6.940643444603327161e-01
6.815508875423910151e-01
6.679905369692115125e-01
6.532689413818910662e-01
6.372582257771407521e-01
6.198159268617744466e-01
6.007841905062039078e-01
5.799894596632032551e-01
5.572429757180200616e-01
5.323424916734007528e-01
5.050754746071555168e-01
