2.723372947465450000e-01
3.223811358621146983e-01
3.711295785289736582e-01
4.182941959620671279e-01
4.636781822843694112e-01
5.071410041785748835e-01
5.485804701053660359e-01
5.879237229055540581e-01
6.251226130726077468e-01
6.601510717539026407e-01
6.930032700572612558e-01
7.236919760774120913e-01
7.522468520421696780e-01
7.787126064130363012e-01
8.031470028517341264e-01
8.256187691744112378e-01
8.462054660274591633e-01
8.649913784543651341e-01
8.820654898838843350e-01
8.975195906224606723e-01
9.114465634563081453e-01
9.239388784838907798e-01
9.350873184722404696e-01
9.449799453659758486e-01
9.537013085102249432e-01
9.613318860615309713e-01
9.679477432917846791e-01
9.736203852952821647e-01
9.784167771541154579e-01
9.823995019561096997e-01
9.856270261374429076e-01
9.881540422805283885e-01
9.900318614995804456e-01
9.913088305949508960e-01
9.920307529415234304e-01
9.922412962783682122e-01
9.919823749096879917e-01
9.912944980726425825e-01
9.902170802089785839e-01
9.887887124843999231e-01
9.870473980989015184e-01
9.850307567503695516e-01
9.827762061489646594e-01
9.803211308942646474e-01
9.777030515607765260e-01
9.749598098336090812e-01
9.721297894779084015e-01
9.692521985289481723e-01
9.663674464346351245e-01
9.635176626725863169e-01
9.607474233670955099e-01
9.581047842928099856e-01
9.556427703631952264e-01
9.534215574187444586e-01
9.515117275028276422e-01
9.499992313897189788e-01
9.489931412081770157e-01
9.486380879019792323e-01
9.491347396563956096e-01
9.507741126115903940e-01
9.539939991565306032e-01
9.594554813397783155e-01
9.679953484622164650e-01
9.787296609642539558e-01
9.568174104989609630e-01
1.396518713473824946e-01
5.169624876255052293e-01
7.276379056486669272e-01
7.924447220051807905e-01
8.222387589831227084e-01
8.392712538058804128e-01
8.504735828028470168e-01
8.586479563482838362e-01
8.651329051616437615e-01
8.706464863484831840e-01
8.756084990060943873e-01
8.802814185759741950e-01
8.848386517458654010e-01
8.894003507343122283e-01
8.940534707675903414e-01
8.988636251043868874e-01
9.038824004668318812e-01
9.091519927827962366e-01
9.147081101792886582e-01
9.205815615968587773e-01
9.267985570412565766e-01
9.333793226422816280e-01
9.403339945740201156e-01
9.476535854638528100e-01
9.552914645619721146e-01
9.631257947901651351e-01
9.708822502788346798e-01
9.779704565438195329e-01
9.831245793314155046e-01
9.835789547122971710e-01
9.731005003983235202e-01
9.372367101025530500e-01
8.430126815191962830e-01
6.297358504047327887e-01
2.798535720508656399e-01
2.140306694513572153e-02
3.940802751133467424e-02
1.725926545417296454e-01
2.931957237006624362e-01
3.764570770479974127e-01
4.264651824663341917e-01
4.489630911977718353e-01
4.462868316936398627e-01
4.167713633224093828e-01
3.547903212807468343e-01
2.529366178696748624e-01
1.159147580638788810e-01
6.613957604000039389e-03
6.808375299394082980e-02
3.137778712261065639e-01
5.619074111763669999e-01
7.248363570744356110e-01
8.188548022136122873e-01
8.725689583444447006e-01
9.040486998047378986e-01
9.230179181535926869e-01
9.346293012421589275e-01
9.416841887664966215e-01
9.457627415801297399e-01
9.477910466474063211e-01
9.483320723416516218e-01
9.477399716527559193e-01
9.462448362924578138e-01
9.440008437007002540e-01
9.411144689717106937e-01
9.376614823610747163e-01
9.336974444589916100e-01
9.292643246836912452e-01
9.243947486571668648e-01
9.191147608800102065e-01
9.134456374047292826e-01
9.074050782587667063e-01
9.010079870660553381e-01
8.942669706654235995e-01
8.871926449588073416e-01
8.797938035306284155e-01
8.720774862072711020e-01
8.640489717507184864e-01
8.557117099073412447e-01
8.470672015675277944e-01
8.381148308719639228e-01
8.288516490848533147e-01
8.192721064942352083e-01
8.093677251496899094e-01
7.991267016203664753e-01
7.885334248736977081e-01
7.775678895424248394e-01
7.662049789204232741e-01
7.544135845803088269e-01
7.421555199942104775e-01
7.293841732607126982e-01
7.160428280791362177e-01
7.020625612934995319e-01
6.873595981788820364e-01
6.718319714097598094e-01
6.553552844762223772e-01
6.377773237801986905e-01
6.189111961939732787e-01
5.985265962109100890e-01
5.763387478279895504e-01
5.519945709125069211e-01
5.250558115847678842e-01
4.949795359177163179e-01
4.610981712002022448e-01
4.226056805080001810e-01
3.785668304614471236e-01
3.279902360493167079e-01
2.700582589600519223e-01
2.047152466962443573e-01
1.340073901223594599e-01
6.476331521657530121e-02
1.278262370034736507e-02
5.676821140981062191e-03
7.457616000273645240e-02
2.268059328747402403e-01
4.252424701386934291e-01
6.138032739871054355e-01
7.590289556284064432e-01
8.572390362290825960e-01
9.187806570812047102e-01
9.555816308925815239e-01
9.768201087513921355e-01
9.886336690036642283e-01
9.948967504836192521e-01
9.979945560138602234e-01
9.993694152429155597e-01
9.998587579846922591e-01
9.998763924561164806e-01
9.994608657970567300e-01
9.981543598145513618e-01
9.945359065304048007e-01
9.848133804313015105e-01
9.584057734031472542e-01
8.830271525874255900e-01
6.605425054284446151e-01
