9.841039669432112280e-01
9.843126178779796343e-01
9.845273102054992176e-01
9.847474775681998027e-01
9.849725913008312572e-01
9.852021615115459374e-01
9.854357369859063631e-01
9.856729041533588420e-01
9.859132853276758590e-01
9.861565364062138128e-01
9.864023441873854825e-01
9.866504234415149899e-01
9.869005138497997098e-01
9.871523769052032993e-01
9.874057928521490224e-01
9.876605577261267088e-01
9.879164805401005056e-01
9.881733806527664976e-01
9.884310853438720290e-01
9.886894276122648595e-01
9.889482442049557509e-01
9.892073738803702776e-01
9.894666559026507047e-01
9.897259287608725087e-01
9.899850291037700645e-01
9.902437908778324305e-01
9.905020446557404323e-01
9.907596171402319740e-01
9.910163308288235662e-01
9.912720038236091380e-01
9.915264497712829028e-01
9.917794779180786335e-01
9.920308932661338064e-01
9.922804968165885864e-01
9.925280858873551937e-01
9.927734544927907523e-01
9.930163937747498171e-01
9.932566924737635805e-01
9.934941374312418194e-01
9.937285141133341826e-01
9.939596071483645101e-01
9.941872008696139851e-01
9.944110798562547648e-01
9.946310294649913786e-01
9.948468363448832452e-01
9.950582889282577614e-01
9.952651778893764067e-01
9.954672965621461644e-01
9.956644413067873289e-01
9.958564118141128851e-01
9.960430113329837853e-01
9.962240468048472186e-01
9.963993288839644302e-01
9.965686718182502624e-01
9.967318931584967512e-01
9.968888132560019821e-01
9.970392544978500249e-01
9.971830402156551809e-01
9.973199931864952239e-01
9.974499336215972844e-01
9.975726765097924220e-01
9.976880281443453180e-01
9.977957816117274392e-01
9.978957109556043648e-01
9.979875636416810636e-01
9.980710508337393705e-01
9.981458348347498344e-01
9.982115128374183799e-01
9.982675958418379958e-01
9.983134812059029084e-01
9.983484167506715412e-01
9.983714535850493066e-01
9.983813837461280594e-01
9.983766572293921726e-01
9.983552707925376080e-01
9.983146177242264718e-01
9.982512830568025519e-01
9.981607616519353465e-01
9.980370658767713232e-01
9.978721730562870595e-01
9.976552369125730735e-01
9.973714456036920639e-01
9.970003409456793531e-01
9.965132995568812824e-01
9.958696812586768088e-01
9.950108051363378836e-01
9.938502855516525569e-01
9.922580762605247573e-01
9.900332501435276100e-01
9.868557920159291008e-01
9.821974734848082367e-01
9.751487127464785187e-01
9.640625218931188067e-01
9.457736476104137147e-01
9.137644890287633936e-01
8.536020509961179670e-01
7.318397301806262023e-01
4.813695694724035024e-01
1.063578821056357371e-01
4.311738785326322404e-02
3.324974891823551104e-01
5.675935120057296057e-01
7.022837293171314554e-01
7.796078013813186880e-01
8.267867632712442294e-01
8.573793082512810582e-01
8.782469901655470812e-01
8.930665195441054305e-01
9.039289947998764285e-01
9.120891455218798072e-01
9.183355548855126615e-01
9.231839223488870205e-01
9.269831900709020189e-01
9.299765109798595608e-01
9.323376972117191075e-01
9.341937883885005345e-01
9.356394655559233664e-01
9.367465137090934535e-01
9.375701877866612355e-01
9.381535902941404714e-01
9.385307414159285155e-01
9.387287706559137579e-01
9.387695066335360883e-01
9.386706471492171078e-01
9.384466317127114765e-01
9.381092999627321793e-01
9.376683938543111108e-01
9.371319443580253816e-01
9.365065717436156234e-01
9.357977204511913616e-01
9.350098438967180403e-01
9.341465505424685345e-01
9.332107196761291190e-01
9.322045932413995928e-01
9.311298485187131657e-01
9.299876553022310421e-01
9.287787203493782506e-01
9.275033212112115955e-01
9.261613310219649620e-01
9.247522353901068692e-01
9.232751421388413204e-01
9.217287842343817594e-01
9.201115157143807677e-01
9.184212995735493434e-01
9.166556848646637556e-01
9.148117663055631565e-01
9.128861089863178346e-01
9.108745870334731265e-01
9.087719547462295155e-01
9.065702893121699857e-01
9.042493933197128797e-01
9.014079732026241132e-01
8.995117643682236652e-01
8.968436941578020738e-01
8.940827194965867974e-01
8.911948680629755426e-01
8.881658332423236768e-01
8.849833529015621592e-01
8.816348190028948650e-01
8.781065924666712208e-01
8.743836622298495342e-01
8.704493856824621068e-01
8.662852371262069751e-01
8.618705356087181801e-01
8.571821347634788202e-01
8.521940566810134454e-01
8.468770400824005007e-01
8.411979324380546297e-01
8.351186980358833445e-01
8.285939902410113245e-01
8.215588741191681699e-01
8.135255069622797652e-01
8.060556869327172302e-01
7.972149010717294315e-01
7.876543331790949454e-01
7.772672335246727515e-01
7.659477626428837782e-01
7.535784456021936695e-01
7.400260258063158236e-01
7.251386144340998818e-01
7.087430424816266727e-01
6.906423001483366075e-01
6.706132342487356457e-01
6.484048969349760494e-01
6.237382348967662749e-01
5.963082557855212684e-01
5.657905107149131529e-01
5.318549326502693964e-01
4.941930275550461826e-01
4.525851265464044260e-01
4.062345566156910226e-01
3.566703042899851961e-01
3.031899553306456885e-01
2.469738379866882605e-01
1.896750788485094541e-01
1.338016080366501159e-01
8.278143136688868864e-02
4.079041885832285219e-02
1.224757291132126842e-02
9.842321774938434398e-04
