8.190682172606449374e-01
8.119237686796317854e-01
8.050976222158535700e-01
7.987128010459262351e-01
7.928486159280830892e-01
7.875517724201829273e-01
7.828440804670191433e-01
7.787281952361546633e-01
7.751921113248101403e-01
7.722127971197786378e-01
7.697591891477858494e-01
7.677946798658605854e-01
7.662791861788980086e-01
7.651708605623841475e-01
7.644274922259540750e-01
7.640076371916236786e-01
7.638715107672628957e-01
7.639816722071451904e-01
7.643035285708619231e-01
7.648056824873354920e-01
7.654601464837985647e-01
7.662424446486215679e-01
7.671316206399616533e-01
7.681101694824354897e-01
7.691639093761462043e-01
7.702818093136274413e-01
7.714557899195924051e-01
7.726805226980135721e-01
7.739532827250745761e-01
7.752740400814612798e-01
7.766467608173105441e-01
7.780924290187672954e-01
7.792543015520028149e-01
7.809814205845345692e-01
7.825866897392285138e-01
7.842498921340058660e-01
7.859856569670922166e-01
7.878023853505941032e-01
7.897071641023768462e-01
7.917064192617934149e-01
7.938059243081333483e-01
7.960105157981389734e-01
7.983227468910768510e-01
8.007179411972906724e-01
8.033360692457424124e-01
8.059959937090210857e-01
8.087956504718625261e-01
8.112525707856723667e-01
8.146511478892407565e-01
8.177971522329936516e-01
8.210417040407218536e-01
8.243847732767707326e-01
8.278190420079715173e-01
8.313340660691078687e-01
8.349164885191084906e-01
8.385491485441401993e-01
8.422067925840109881e-01
8.457946713770159164e-01
8.496896101629375364e-01
8.532675065077024446e-01
8.567959677754950487e-01
8.601962249305084018e-01
8.634008637468272296e-01
8.663262347144968789e-01
8.688606988771139239e-01
8.708484699897536263e-01
8.720621764547283883e-01
8.721525805825207645e-01
8.705497831536225251e-01
8.662522871175252215e-01
8.573265531095451975e-01
8.395426685579870929e-01
8.018745871674720638e-01
7.071225662601479112e-01
3.848723163213405019e-01
2.040690092796264843e-01
8.709935904535829332e-01
9.690234865183656732e-01
9.853266422109511202e-01
9.918671984356303151e-01
9.931717800174285626e-01
9.939267295702916005e-01
9.945962649499280328e-01
9.952881210208422980e-01
9.959980834824815332e-01
9.966881189930506535e-01
9.972957629302930949e-01
9.973279588733321432e-01
9.986566029985277648e-01
9.989401668819998248e-01
9.991374876429617302e-01
9.992015710772316206e-01
9.991191243527131061e-01
9.988864585779605454e-01
9.985050912511296284e-01
9.979804673028307427e-01
9.973214324571439970e-01
9.965399918315345218e-01
9.956513123939798593e-01
9.946748447580371355e-01
9.935542856219179431e-01
9.925177627636034838e-01
9.914046751966160143e-01
9.902989153010340884e-01
9.892338417925166105e-01
9.882448517185010717e-01
9.873701796364406924e-01
9.866508574414263322e-01
9.861302871603564446e-01
9.858532352393580833e-01
9.858637891050665569e-01
9.862014155393402648e-01
9.868935194398088528e-01
9.879414712683708411e-01
9.892942277753187241e-01
9.907978448790130122e-01
9.920968630163918833e-01
9.924365529409018283e-01
9.902470592555642215e-01
9.823676985321899702e-01
9.620170591345335032e-01
9.153496055743222115e-01
8.153793476056410139e-01
6.225155551568146706e-01
3.323481474888662079e-01
7.484421551443146137e-02
1.107607013817377183e-03
6.791388803973227861e-02
1.715390758700076901e-01
2.648389965935296630e-01
3.382372258193048209e-01
3.934307876054274900e-01
4.325479879789886350e-01
4.164051294175801776e-01
5.137917193672874028e-01
5.269615608482561830e-01
5.410025177475247249e-01
5.528451056737964109e-01
5.627137603549214884e-01
5.708339098023567093e-01
5.774154261881871975e-01
5.827995015178386584e-01
5.872030636235788803e-01
5.907984672079084065e-01
5.937150235713739566e-01
5.959637636769857805e-01
5.971519815917063490e-01
5.997778140313773099e-01
6.010553441024076848e-01
6.020397922158597925e-01
6.025322253527630734e-01
6.037181605045410793e-01
6.044709790285718309e-01
6.049152381968581071e-01
6.053032261865685104e-01
6.056442911432972087e-01
6.059492202092069402e-01
6.062273896690631991e-01
6.064855030016106374e-01
6.067270896623510046e-01
6.069521998619890057e-01
6.071571068099936852e-01
6.073339275471638654e-01
6.074700640394997686e-01
6.075472241937684981e-01
6.075391498950268865e-01
6.074035909168847835e-01
6.070291297368903827e-01
6.049698084543954080e-01
6.061760467027743626e-01
6.053736086578687114e-01
6.040917503436519231e-01
6.023138983455536000e-01
5.994106732853395902e-01
5.973380068564706491e-01
5.937536872702744439e-01
5.892834800708913745e-01
5.837914874882671468e-01
5.771268074415994986e-01
5.691418394365188593e-01
5.597163443999645382e-01
5.488049092669076146e-01
5.365322567792734088e-01
5.233877096773353887e-01
5.106348518181759166e-01
5.012197583108681798e-01
5.019326184308696703e-01
5.289263159882267029e-01
6.203372225312263621e-01
8.121299090778193452e-01
7.794524132627322910e-01
5.089229165670609012e-01
4.228630427837262173e-01
4.485808375413876115e-01
5.182951704047596975e-01
5.989084129090103126e-01
6.734885238032676247e-01
7.350492581729187735e-01
7.826577931697643598e-01
8.181904405731987850e-01
