9.971549699953234924e-01
9.970883265831548270e-01
9.970536785014757486e-01
9.970462845827519072e-01
9.970616169084606240e-01
9.970954293180459560e-01
9.971438057922128451e-01
9.972031916619154002e-01
9.972704103771912187e-01
9.973426683359093436e-01
9.974175500299427011e-01
9.974930055232978932e-01
9.975673320394793375e-01
9.976391512075371004e-01
9.977073833010132731e-01
9.977712196046027993e-01
9.978300938590488611e-01
9.978836535678891062e-01
9.979317318007099313e-01
9.979743199928313713e-01
9.980115421258579644e-01
9.980436305708183520e-01
9.980709037883696011e-01
9.980937460064650546e-01
9.981125889337130186e-01
9.981278955150961751e-01
9.981401456957826879e-01
9.981498241252206860e-01
9.981574097093726117e-01
9.981633668994813746e-01
9.981681385932034134e-01
9.981721405153602955e-01
9.981757569422899934e-01
9.981793376313021771e-01
9.981831958202714850e-01
9.981876071649151694e-01
9.981928094882062119e-01
9.981990032218699405e-01
9.982063524288994349e-01
9.982149863033235038e-01
9.982250010528710416e-01
9.982364620781907227e-01
9.982494063716237376e-01
9.982638450666025953e-01
9.982797660767575021e-01
9.982971367723038059e-01
9.983159066477848009e-01
9.983360099426150658e-01
9.983573681818990186e-01
9.983798926112940064e-01
9.984034865040410933e-01
9.984280473244329102e-01
9.984534687346476867e-01
9.984796424370900869e-01
9.985064598467405794e-01
9.985338135915389213e-01
9.985615988408600430e-01
9.985897144645341506e-01
9.986180640266878461e-01
9.986465566198886590e-01
9.986751075465440941e-01
9.987036388554471067e-01
9.987320797417085227e-01
9.987603668194571238e-01
9.987884442763078630e-01
9.988162639195916626e-01
9.988437851235989484e-01
9.988709746876548445e-01
9.988978066143473500e-01
9.989242618172707866e-01
9.989503277670561676e-01
9.989759980842712883e-01
9.990012720876833008e-01
9.990261543054617110e-01
9.990506539567428623e-01
9.990747844106999676e-01
9.990985626292819832e-01
9.991220086004013456e-01
9.991451447664735364e-01
9.991679954539266495e-01
9.991905863086992801e-01
9.992129437418726390e-01
9.992350943895701443e-01
9.992570645908698257e-01
9.992788798873267764e-01
9.993005645468127085e-01
9.993221411146532285e-01
9.993436299946509838e-01
9.993650490618948279e-01
9.993864133098867564e-01
9.994077345331142670e-01
9.994290210474061631e-01
9.994502774488008834e-01
9.994715044124365955e-01
9.994926985327617919e-01
9.995138522055145858e-01
9.995349535523878615e-01
9.995559863893398456e-01
9.995769302386107169e-01
9.995977603848984483e-01
9.996184479761907049e-01
9.996389601688580040e-01
9.996592603175702418e-01
9.996793082091117721e-01
9.996990603404775078e-01
9.997184702398167477e-01
9.997374888304516594e-01
9.997560648361781821e-01
9.997741452268915641e-01
9.997916757032596635e-01
9.998086012182553217e-01
9.998248665333205887e-01
9.998404168070803566e-01
9.998551982126122617e-01
9.998691585803565207e-01
9.998822480619501407e-01
9.998944198098167480e-01
9.999056306664965144e-01
9.999158418567546391e-01
9.999250196732595297e-01
9.999331361460106482e-01
9.999401696824739005e-01
9.999461056628522471e-01
9.999509369707494377e-01
9.999546644336305690e-01
9.999572971397653331e-01
9.999588525860300114e-01
9.999593565928455163e-01
9.999588428942987051e-01
9.999573522653828483e-01
9.999549309712010281e-01
9.999516281894803571e-01
9.999474918164542592e-01
9.999425616081438761e-01
9.999368576999455582e-01
9.999303606177739612e-01
9.999229745018362037e-01
9.999144543322224798e-01
9.999042475017051457e-01
9.998911019144921530e-01
9.998719047950721528e-01
9.998371276878397218e-01
9.997404688626948532e-01
9.978692656195805588e-01
1.000141744890989948e+00
1.000043021190703207e+00
1.000012962597070176e+00
1.000001636902059232e+00
9.999988333392950679e-01
1.000001150031067043e+00
1.000007101907434581e+00
1.000015884089558993e+00
1.000026951785393692e+00
1.000039844332789807e+00
1.000054096790780944e+00
1.000069186600607729e+00
1.000084494793101353e+00
1.000099272495908354e+00
1.000112607816279198e+00
1.000123389798307505e+00
1.000130266532414103e+00
1.000131594113554012e+00
1.000125372081554165e+00
1.000109159056065344e+00
1.000079959054333667e+00
1.000034063588353117e+00
9.999668254510307719e-01
9.998723239809655938e-01
9.997428522601170542e-01
9.995681009740959855e-01
9.993338023087042776e-01
9.990193610045511319e-01
9.985934610075640760e-01
9.980052944312999275e-01
9.971653240756511716e-01
9.958974613511678564e-01
9.937971884384012577e-01
9.896780076885055566e-01
9.779879115622887031e-01
8.326324139232340604e-01
1.021331713217353387e+00
1.012745288289852441e+00
1.008795198809410376e+00
1.006583154543074787e+00
1.004148531642567566e+00
1.003585204547330134e+00
1.002618112014786567e+00
1.001703404062395553e+00
1.000824695252225727e+00
9.999617418940821567e-01
9.991011216028928832e-01
9.982352146998445530e-01
9.973608675783159905e-01
9.964785033488273713e-01
9.955915906618191258e-01
9.947063431487264129e-01
9.938315597435847248e-01
9.929785474651218191e-01
9.921610878734443695e-01
9.913954199285104352e-01
