9.949372231284711043e-01
9.956025985936511891e-01
9.962246002401913270e-01
9.968016703207261964e-01
9.973326979194672148e-01
9.978169677861404852e-01
9.982541127503322675e-01
9.986440704013729297e-01
9.989870445018372846e-01
9.992834714258936879e-01
9.995339917713191857e-01
9.997394271820236877e-01
9.999007623351797713e-01
1.000019131987848864e+00
1.000095812940959838e+00
1.000132220762617319e+00
1.000129911111681480e+00
1.000090585518552455e+00
1.000016101509642930e+00
9.999084870015358950e-01
9.997699589428342692e-01
9.996029462403285271e-01
9.994101170700636638e-01
9.991944107404439057e-01
9.989590743356344671e-01
9.987077044138513715e-01
9.984442940505033892e-01
9.981732854706373281e-01
9.978996283637593390e-01
9.976288436346266719e-01
9.973670916832910738e-01
9.971212430955290751e-01
9.968989474674876394e-01
9.967086922952634875e-01
9.965598372243550385e-01
9.964625972957018574e-01
9.964279281767445262e-01
9.964672293029246397e-01
9.965917131757746628e-01
9.968111627749154380e-01
9.971315571317509452e-01
9.975505666267510119e-01
9.980489334775527466e-01
9.985735910462426590e-01
9.990028717029764138e-01
9.990483681696138429e-01
9.983419181945594190e-01
9.954821806006729501e-01
9.879167308917191637e-01
9.691531550839393994e-01
9.220286771636598822e-01
7.984653374783364788e-01
4.880587547022811057e-01
5.506503451784616060e-02
8.705136066028668074e-02
3.452109640796233170e-01
5.240419489255064844e-01
6.291786752912601477e-01
6.929121490591253485e-01
7.347669946446883094e-01
7.625719773030115167e-01
7.822062279020040032e-01
7.964467148609198910e-01
8.069915525036177595e-01
8.149114536507795492e-01
8.209088714781146434e-01
8.254612669448569973e-01
8.289033256674064321e-01
8.314760279117835440e-01
8.333570037445682255e-01
8.346799207084766303e-01
8.355472231617832035e-01
8.360387172255735466e-01
8.362174880659468679e-01
8.361340617297395861e-01
8.358293860263111830e-01
8.353370008959641879e-01
8.346846423054277153e-01
8.338954436080338040e-01
8.329888464789169111e-01
8.319812993551393143e-01
8.308867983696756054e-01
8.297173101200066014e-01
8.284831047768026480e-01
8.271930204301555234e-01
8.258546741585394146e-01
8.244746314091352390e-01
8.230585424394049054e-01
8.216112524788148352e-01
8.201368907139485742e-01
8.186389420283338714e-01
8.171203045383759189e-01
8.155833352790684554e-01
8.140298858561868522e-01
8.124613294503494343e-01
8.108785801979478958e-01
8.092821056512181643e-01
8.076719326892954909e-01
8.060476468363940716e-01
8.044083842772955517e-01
8.027528145143665306e-01
8.010791083355111031e-01
7.993848763711848271e-01
7.976670312668499019e-01
7.959213863925180821e-01
7.941409321301523550e-01
7.923008489124212517e-01
7.877756730485121484e-01
7.886332572804427565e-01
7.866914945930483238e-01
7.846875864835731740e-01
7.826167304049889140e-01
7.804692249548427219e-01
7.782341827824706959e-01
7.758994574551162371e-01
7.734514327076373874e-01
7.708747786218770326e-01
7.681521229963023112e-01
7.652633946831355338e-01
7.621827323974351698e-01
7.587652389468293457e-01
7.553784279576221117e-01
7.515960981026075238e-01
7.474956938967234343e-01
7.430468487088368601e-01
7.382031516784988145e-01
7.329107781129668986e-01
7.271077401217778124e-01
7.207225081213527451e-01
7.136723037324882446e-01
7.058610443989039585e-01
6.971768803217663901e-01
6.874892526496650946e-01
6.766453986667076981e-01
6.644662374957839290e-01
6.507415982921913589e-01
6.352248202358229401e-01
6.176268918567410227e-01
5.976105614985673942e-01
5.747853340936338595e-01
5.487051245532574839e-01
5.188718047250930887e-01
4.847503080231648220e-01
4.458047786336891694e-01
4.015708127661090643e-01
3.517857920014239026e-01
2.966051161952535375e-01
2.369290665461631917e-01
1.748360215981476506e-01
1.140363357212082762e-01
6.011115431727141745e-02
2.013712002405139770e-02
1.324669140565705233e-03
8.784666241244047311e-03
4.339250157010287462e-02
1.011298499193196559e-01
1.744707375533974258e-01
2.549270572070698182e-01
3.352650283562926825e-01
4.105515293156514756e-01
4.781338328425011053e-01
5.370821501845530754e-01
5.875451040557644333e-01
6.302350416257407328e-01
6.660884112945464341e-01
6.960704836576078192e-01
7.210774494340027596e-01
7.418966333940018032e-01
7.591981449919550373e-01
7.735417837414265696e-01
7.853901350929684000e-01
7.951231243322205433e-01
8.030517390395489619e-01
8.094298934400706580e-01
8.144640034537022899e-01
8.183225088149058690e-01
8.208025457726021434e-01
8.224106239991704204e-01
8.190151914344737660e-01
8.249604018679722595e-01
8.248114034086894142e-01
8.239954293034560395e-01
8.226306011430477572e-01
8.207616284586455313e-01
8.184189808859396731e-01
8.154831399752020538e-01
8.124480277347475576e-01
8.088953040408067841e-01
8.049502553497847046e-01
8.006484249145117138e-01
7.960053080527049740e-01
7.910331921317005355e-01
7.857422720993341159e-01
7.801409262257650301e-01
7.742358412409898749e-01
7.680320781233708205e-01
7.615330997668496860e-01
7.547407682586290134e-01
7.476553155226610681e-01
7.402752891826385184e-01
