9.758240282535192156e-01
9.731723069267946835e-01
9.711915804451092260e-01
9.698253695836875909e-01
9.690121811823816378e-01
9.686879027218329163e-01
9.687878013289559220e-01
9.692481587106592800e-01
9.700075756193509147e-01
9.710079802907196633e-01
9.721953751350304040e-01
9.735203550333408895e-01
9.749384290852747270e-01
9.764101757357901423e-01
9.779012590098467017e-01
9.793823312170472084e-01
9.808288450415043602e-01
9.822207954782333772e-01
9.835424096733978994e-01
9.847818004098318756e-01
9.859305967901843548e-01
9.869835636222319408e-01
9.879382191242788158e-01
9.887944588474076868e-01
9.895541921599931845e-01
9.902209962545127642e-01
9.907997914152875119e-01
9.912965402175881735e-01
9.917179724077660463e-01
9.920713364271598333e-01
9.923641778809432212e-01
9.926041447039288812e-01
9.927988183286676760e-01
9.929555698022918264e-01
9.930814395219438317e-01
9.931830390478851855e-01
9.932664733037512850e-01
9.933372813704389737e-01
9.934003940200392124e-01
9.934601061055716720e-01
9.935200619168780278e-01
9.935832516216623889e-01
9.936520169275800951e-01
9.937280641159988992e-01
9.938124826012654234e-01
9.939057671512375736e-01
9.940078418478025535e-01
9.941180837553758032e-01
9.942353440733175951e-01
9.943579642416009445e-01
9.944837839957149095e-01
9.946101376574797426e-01
9.947338338889757381e-01
9.948511125690779888e-01
9.949575701180364273e-01
9.950480411045184992e-01
9.951164186927879962e-01
9.951553884134944905e-01
9.951560371995462617e-01
9.951072798076695536e-01
9.949950128102169611e-01
9.948008537529695605e-01
9.945002343584307125e-01
9.940594629065333532e-01
9.934310963377259718e-01
9.925464554166052444e-01
9.913031431368295454e-01
9.895434772963367376e-01
9.870156473595210755e-01
9.833002783566476834e-01
9.776634036344014067e-01
9.687413207780793956e-01
9.538077536756510710e-01
9.268975271727685206e-01
8.734656518933004987e-01
7.540324299638416772e-01
4.670736564899759524e-01
3.411335796385347313e-02
2.012920984775954103e-01
5.574015816877707641e-01
7.383049910796465332e-01
8.256758678408038232e-01
8.724461388825381913e-01
9.000096966394710574e-01
9.175005487719051223e-01
9.292294246353610676e-01
9.374238306957664024e-01
9.433247893932866779e-01
9.476678022903971543e-01
9.509116209876562476e-01
9.533548664536171113e-01
9.551990709190016915e-01
9.565845022383315799e-01
9.576114121400703949e-01
9.583531141633295780e-01
9.588642965877683944e-01
9.591864580822468955e-01
9.593515518585349344e-01
9.593844836069104209e-01
9.593048580372269818e-01
9.591282219965566735e-01
9.588669636081169623e-01
9.585309721583301634e-01
9.581281288552114805e-01
9.576646762409071201e-01
9.571454993340194894e-01
9.565743417251951763e-01
9.559539731317832079e-01
9.552863202654611197e-01
9.545725695884760276e-01
9.538132481820793540e-01
9.530082872282102935e-01
9.521570713085595328e-01
9.512584757100449595e-01
9.503108930914843100e-01
9.493122501248998368e-01
9.482600140064534333e-01
9.471511879601561823e-01
9.459822939440476475e-01
9.447493395948071138e-01
9.434477648447049392e-01
9.420723613467391067e-01
9.406171544298775888e-01
9.390752320711600598e-01
9.374384971094930075e-01
9.356973055075299417e-01
9.338399309964481310e-01
9.318517575318226998e-01
9.297140310575414679e-01
9.274018709074230982e-01
9.248809827156299068e-01
9.221019750696073380e-01
9.189899747103643657e-01
9.154242955593610009e-01
9.111949625015913767e-01
9.058982018129361213e-01
8.986406024926228975e-01
8.869654804439850437e-01
8.607892375647153704e-01
6.839876044254256104e-01
9.968497226593709959e-01
9.450250936382167399e-01
9.279473218727327666e-01
9.181991414350824110e-01
9.110925864220695836e-01
9.051792493763052283e-01
8.998621070863567217e-01
8.948469316325491363e-01
8.899685664642923433e-01
8.851236475315494845e-01
8.802405274469156105e-01
8.752641947468885464e-01
8.701478715904136241e-01
8.648477754107337656e-01
8.593193909862778535e-01
8.535143760704252403e-01
8.473775489812446216e-01
8.408435106072192911e-01
8.338324109914790894e-01
8.262441749128133228e-01
8.179500644354208427e-01
8.087795506266342027e-01
7.984985345860272643e-01
7.867705764961046011e-01
7.730820056414118291e-01
7.565823317862309105e-01
7.356995067148535128e-01
7.070471455779464565e-01
6.614942253464046740e-01
5.634262832852401370e-01
1.555285356277047726e-01
1.001212089885991530e+00
1.011945266091596185e+00
2.815162338486139615e-01
5.388172092647665057e-01
5.342686974261825483e-01
4.952957242190998421e-01
4.406643184777036537e-01
3.742655921924079032e-01
2.980622564555475140e-01
2.152861056656899252e-01
1.323742676473617097e-01
6.017483763735183289e-02
1.312307729309189833e-02
4.842935037115233231e-03
4.121742765811099718e-02
1.159895715319128467e-01
2.137273403977941189e-01
3.169843006966140408e-01
4.123996480196823189e-01
4.920689715003717657e-01
5.516466227698546554e-01
5.866331659481037741e-01
5.848287418517136294e-01
4.979410447576837484e-01
1.582181479117395762e-01
6.559443710046176657e-01
8.881584639323670816e-01
9.133045520641199788e-01
9.176011444515908000e-01
