1.002939290071778178e+00
1.000111444353906309e+00
9.975814494600140359e-01
9.953458691692522731e-01
9.933912461205822719e-01
9.916961405249054007e-01
9.902330254235858220e-01
9.889700206639381319e-01
9.878724546832975406e-01
9.869042489909739535e-01
9.860291250158620402e-01
9.852116368517951361e-01
9.844180364993072585e-01
9.836169805555394774e-01
9.827800890450476556e-01
9.818823682966385524e-01
9.809025105274221668e-01
9.798230831726285617e-01
9.786306210590198784e-01
9.773156343154967285e-01
9.758725445038408663e-01
9.742995608728067802e-01
9.725985079338136385e-01
9.707746147575255780e-01
9.688362755274939619e-01
9.667947899822895153e-01
9.646640914538390232e-01
9.624604692806145723e-01
9.602022914561194611e-01
9.579097324719392237e-01
9.556045104413181113e-01
9.533096367443323338e-01
9.510491806240778390e-01
9.488480503782031894e-01
9.467317920323666813e-01
9.447264056372108865e-01
9.428581785888425770e-01
9.411535346113401035e-01
9.396388962353345864e-01
9.383405577180775614e-01
9.372845643302346597e-01
9.364965927108555022e-01
9.360018254714618235e-01
9.358248112795238827e-01
9.359892990883020847e-01
9.365180317482018069e-01
9.374324795693952384e-01
9.387524879925461807e-01
9.404958046216086442e-01
9.426774384094441794e-01
9.453087862016240628e-01
9.483964368505937159e-01
9.519405273262021572e-01
9.559324736537305744e-01
9.603518246063291741e-01
9.651618766444671760e-01
9.703035278126913576e-01
9.756866110779067736e-01
9.811775968688456473e-01
9.865820369043399873e-01
9.916193632522651846e-01
9.958865666662262139e-01
9.988057712633706675e-01
9.995488051115110073e-01
9.969298881603297913e-01
9.892568738342174539e-01
9.741360385755729601e-01
9.482452012756018567e-01
9.071470082303949578e-01
8.453476161442111669e-01
7.570522376862504066e-01
6.383408851571181764e-01
4.912445473565793530e-01
3.281501897087126807e-01
1.669105415178935847e-01
7.857148803853869490e-02
1.090857724852311098e-02
2.916822946958985523e-03
3.629017491353380559e-02
9.418086513030170248e-02
1.632537125653547860e-01
2.348964925029611572e-01
3.043441952230369063e-01
3.693479067394027093e-01
4.291057844256701004e-01
4.835703314780019357e-01
5.330463069958797373e-01
5.779735000815451329e-01
6.188166115063319372e-01
6.560138253334510949e-01
6.899533829176752731e-01
7.209864406501627077e-01
7.493902496838938943e-01
7.754167817028927434e-01
7.992754225897821252e-01
8.211448509626149139e-01
8.411786245462914424e-01
8.595100988625929972e-01
8.762565638719560512e-01
8.915226424071256428e-01
9.054030300955699939e-01
9.179846653166328085e-01
9.293484157506458621e-01
9.395703615236536965e-01
9.487227467361765143e-01
9.568746626312359949e-01
9.640925174110764884e-01
9.704403399890878523e-01
9.759799578514762874e-01
9.807710827156734812e-01
9.848713318054216348e-01
9.883362073073174159e-01
9.912190519173592618e-01
9.935709943128259169e-01
9.954408948787185629e-01
9.968752990485206800e-01
9.979184031556346257e-01
9.986120356943490872e-01
9.989956553123855443e-01
9.991063656530062564e-01
9.989789462885352300e-01
9.986458983896668862e-01
9.981375034206587671e-01
9.974818930100520786e-01
9.967051282139938184e-01
9.958312867058837226e-01
9.948825571358929087e-01
9.938793414363275014e-01
9.928403694643679334e-01
9.917828401586502585e-01
9.907226347148889722e-01
9.896747718053818810e-01
9.886549535931390409e-01
9.876894499321597909e-01
9.861286068163594987e-01
9.857231180514675062e-01
9.849144823518839464e-01
9.841563787355753767e-01
9.834681983480770828e-01
9.828580290758642812e-01
9.823313422908065418e-01
9.818923719937687755e-01
9.815445226802752554e-01
9.812905598735397472e-01
9.811327405956232761e-01
9.810729322547664388e-01
9.811127520396112356e-01
9.812538096776342034e-01
9.814985116986248981e-01
9.818407345445752110e-01
9.822478617992055350e-01
9.828098727903294973e-01
9.834549266651653188e-01
9.841808507520257709e-01
9.849565799380288755e-01
9.856996161404303347e-01
9.861887949842987888e-01
9.857751990139479448e-01
9.822161033706432454e-01
9.650947549504471645e-01
8.561673392769857394e-01
1.527896317440535501e-01
6.780733429553139624e-01
8.684920311292096962e-01
9.180903546369698631e-01
9.387365250583746823e-01
9.501742501390600948e-01
9.493230083327639512e-01
9.586445489840428325e-01
9.619948495266121835e-01
9.642431889454218252e-01
9.658416440585726459e-01
9.669917679033788183e-01
9.678110730991559274e-01
9.683766746811758308e-01
9.687435873554803845e-01
9.689540431619775296e-01
9.690427424477718876e-01
9.690399990417070120e-01
9.689736944369677918e-01
9.688705103030411658e-01
9.687566959485375273e-01
9.686585177977213856e-01
9.686024786279139320e-01
9.686153614808054035e-01
9.687241355380578067e-01
9.689557535942047162e-01
9.693368712867889148e-01
9.698935280061899977e-01
9.706508531916309135e-01
9.716329113934709660e-01
9.728629029084663316e-01
9.743641615456656302e-01
9.761629087608924005e-01
9.782949617751274252e-01
9.808206101599568072e-01
9.836589517963013618e-01
9.877866909559598341e-01
9.910396609210875285e-01
9.244308440047284137e-01
