9.928633844323007107e-01
9.937188429097091324e-01
9.945263006332604183e-01
9.952825491568201288e-01
9.959853279619930166e-01
9.966331533153388600e-01
9.972251600073051003e-01
9.977609574458076169e-01
9.982405009551158503e-01
9.986639786217287318e-01
9.990317136190797198e-01
9.993440816158399853e-01
9.996014426259710595e-01
9.998040864712636200e-01
9.999521908983995955e-01
1.000045791310749888e+00
1.000084761029209179e+00
1.000068800984521999e+00
9.999974377567810713e-01
9.998700289091398963e-01
9.996857746113693155e-01
9.994437346074550588e-01
9.991428496467628095e-01
9.987819665696888727e-01
9.983598663109135574e-01
9.978752941559611012e-01
9.973269916583932249e-01
9.967137296929132750e-01
9.960343421852069223e-01
9.952877601193835799e-01
9.944730454801515851e-01
9.935894248375096716e-01
9.926363223288342530e-01
9.916133918327300067e-01
9.905205481671848222e-01
9.893579971751457203e-01
9.881262645897241903e-01
9.868262235938334292e-01
9.854591210109722166e-01
9.840266020804422364e-01
9.825307337859044976e-01
9.809740267183709728e-01
9.793594554660572937e-01
9.776904775327229791e-01
9.759710507939542978e-01
9.742056495089759238e-01
9.723992789112373414e-01
9.705574884074433806e-01
9.686863834201515644e-01
9.667926359141469916e-01
9.648834936505857884e-01
9.629667882173752469e-01
9.610509418850972096e-01
9.591449733391048671e-01
9.572585023351914968e-01
9.554017533201205614e-01
9.535855580459895453e-01
9.518213571879540202e-01
9.501212009448287699e-01
9.484977485574013212e-01
9.469642666158868405e-01
9.455346259379154850e-01
9.442232966725165877e-01
9.430453411119588125e-01
9.420164034527409580e-01
9.411526954175279958e-01
9.404709761952114722e-01
9.399885245330904526e-01
9.397230999556389630e-01
9.396928889008273611e-01
9.399164299306123072e-01
9.404125099195103088e-01
9.412000200341924527e-01
9.422977561374468181e-01
9.437241428275865429e-01
9.454968541196131504e-01
9.476323000714317324e-01
9.501449639777723721e-01
9.530467001442505248e-01
9.563470305528926074e-01
9.600684821267864155e-01
9.638913368300802142e-01
9.684355943074285378e-01
9.731695236736630505e-01
9.781144462074030654e-01
9.831470958985873976e-01
9.880670253247134660e-01
9.925651242712826283e-01
9.961693667177157208e-01
9.981598611127808773e-01
9.974368198089771376e-01
9.923170459815463529e-01
9.802279029572678049e-01
9.572749466027229426e-01
9.177215932599729342e-01
8.536459619340904803e-01
7.556436051265829068e-01
6.165150229223317346e-01
4.400929756011631722e-01
2.520128093772654454e-01
9.716723010736164068e-02
1.312026195590383984e-02
4.802471809622018729e-03
5.025378759440058546e-02
1.225906590185368294e-01
2.027420592549704359e-01
2.805731553061287520e-01
3.518720041542398036e-01
4.155337327867414943e-01
4.718434434493963270e-01
5.215978528457670960e-01
5.657020736411392248e-01
6.050037130767724758e-01
6.402370431337224277e-01
6.720148991421326379e-01
7.008392673865542211e-01
7.271176068899943834e-01
7.511794588437372688e-01
7.732913052212072591e-01
7.936691290781240360e-01
8.124887393431574623e-01
8.298941379225130976e-01
8.460042516738506269e-01
8.609183291012384442e-01
8.747202573234016398e-01
8.874820083926933112e-01
8.992663827468131421e-01
9.101291834749628551e-01
9.201209279667389440e-01
9.292881823817522591e-01
9.376745880572729952e-01
9.453216363739501693e-01
9.522692388135058916e-01
9.585561312401582601e-01
9.642201452681963270e-01
9.692983745249441618e-01
9.738272593897091545e-01
9.778426101825563599e-01
9.813795856611077228e-01
9.844726410090730573e-01
9.871554573096916751e-01
9.894608631030744617e-01
9.914207593206595392e-01
9.930660679354128551e-01
9.944267844170965320e-01
9.955328737933191174e-01
9.963629739847524869e-01
9.970692969526229188e-01
9.975644318436779345e-01
9.979036233390745636e-01
9.981100660801063285e-01
9.982049837670678993e-01
9.982083029893557002e-01
9.981388819659143818e-01
9.980148052191339936e-01
9.978540037472416468e-01
9.976758833723863296e-01
9.975063378800441694e-01
9.973735020432803466e-01
9.942360149198153918e-01
9.963269684596918196e-01
9.963360577194542156e-01
9.962512705070517560e-01
9.961622612450717895e-01
9.960804982710113054e-01
9.959916700200234230e-01
9.958518819521288146e-01
9.955610546841281439e-01
9.948922365912422627e-01
9.932931319172505491e-01
9.892335817702636591e-01
9.774424997995053710e-01
9.309121969152074350e-01
7.131473418137679321e-01
1.614140460285597156e-01
6.707125450706091785e-01
8.641241802288177620e-01
9.194006015672968601e-01
9.426221291563817717e-01
9.547987965064719251e-01
9.621036143384879002e-01
9.668863763991342175e-01
9.702070250947801844e-01
9.726035755624545809e-01
9.743736356403035481e-01
9.756928990065352192e-01
9.766705593592638346e-01
9.773774879107877123e-01
9.778615868991820115e-01
9.781566663919171178e-01
9.782878528492292558e-01
9.782750395196716520e-01
9.781351520538749122e-01
9.778835109061714270e-01
9.775332051945366807e-01
9.770556369198863944e-01
9.766110905843978784e-01
9.761186869061707627e-01
9.755875202998212092e-01
9.750720870783918803e-01
