4.719348695790016035e-01
5.079092422387009309e-01
5.422498810035244476e-01
5.749743610951796313e-01
6.061189320502538003e-01
6.357324961631755089e-01
6.638717999529916147e-01
6.905975081577296892e-01
7.159709773051214921e-01
7.400516317432344060e-01
7.628948957913280760e-01
7.845506751445173732e-01
8.050625133121197541e-01
8.243975758137540577e-01
8.427878126751464638e-01
8.600575780698181960e-01
8.762924006792662812e-01
8.915231904646964134e-01
9.059021051945220782e-01
9.176013983192787826e-01
9.304199856702638494e-01
9.415475845142140532e-01
9.515807586539234419e-01
9.605639767669358342e-01
9.685140310967305100e-01
9.754458670484549287e-01
9.813777048501777234e-01
9.863327053058585925e-01
9.903395946291922991e-01
9.934328015810884871e-01
9.956522886413655682e-01
9.970431638303932642e-01
9.976551311307276793e-01
9.975418269585044628e-01
9.967600845199996451e-01
9.953691631737566770e-01
9.934299749986524875e-01
9.910043355014340749e-01
9.881542599772102919e-01
9.849413217293535583e-01
9.814260834168087033e-01
9.776676084216443519e-01
9.737230554520707182e-01
9.696473566891131712e-01
9.654929776805584174e-01
9.613097558911453122e-01
9.571448143355241189e-01
9.530425470823516987e-01
9.490446747110987680e-01
9.451903702280153308e-01
9.415164598918921435e-01
9.380577095863259496e-01
9.348472170968192829e-01
9.319169462595804365e-01
9.292984647162850775e-01
9.270239908146268304e-01
9.251279313914478886e-01
9.236492244251042205e-01
9.226350046557723061e-01
9.221461352323935268e-01
9.222602585960756327e-01
9.223774168420260100e-01
9.244568986209522610e-01
9.286784785731045933e-01
9.349454095449113433e-01
9.477647152553798637e-01
9.863275284140951005e-01
5.919781669955893610e-01
7.667676203467047591e-01
8.726473979328809305e-01
8.991144350436707233e-01
9.087010859773181348e-01
9.156166476148127620e-01
9.216307228946776231e-01
9.273176266112690413e-01
9.329268921893290045e-01
9.385782585696438307e-01
9.443281385920313520e-01
9.501929405781005533e-01
9.561585547582500677e-01
9.621812978261869986e-01
9.681827583093725043e-01
9.740381956255838025e-01
9.795562016099933489e-01
9.844449287745662414e-01
9.882563841020254314e-01
9.902937198060398627e-01
9.894548650820115254e-01
9.839657360508373696e-01
9.709240273267354393e-01
9.455356873662517092e-01
8.999389724636180921e-01
8.218539694689059871e-01
6.949206082153578379e-01
5.071947282995711292e-01
2.774864432846386730e-01
8.112121125427788904e-02
3.522648361651081229e-03
4.934156258890983610e-02
1.572753701306378871e-01
2.740963761529941478e-01
3.760596145927169731e-01
4.596463365872466289e-01
5.251314079142479496e-01
5.757833159138912027e-01
6.143766763000679809e-01
6.427196154658953997e-01
6.619389192149922607e-01
6.723086485447389293e-01
6.731486560754459392e-01
6.624792729257187318e-01
6.363012648669843507e-01
5.873478960035144469e-01
5.039617945896661677e-01
3.754170733682832828e-01
2.250885649976078762e-01
1.308585620686663620e-01
1.369774351785157662e-01
3.100368553294595153e-01
5.391251271372478060e-01
6.960354432104681743e-01
7.857728708531179773e-01
8.366579275316070596e-01
8.663487402738262455e-01
8.840511142312198478e-01
8.945690994345651958e-01
9.005170371385649020e-01
9.033855149040861399e-01
9.040910554190010329e-01
9.031790909766432840e-01
9.010328064863508679e-01
8.979323011353997908e-01
8.926205052942542961e-01
8.891000190454469987e-01
8.839122799191354574e-01
8.781856555855305224e-01
8.720059106001476490e-01
8.654289948391464815e-01
8.584994056242784000e-01
8.512544275557591966e-01
8.437260385294496068e-01
8.359420166880877634e-01
8.279266495775210455e-01
8.197012076853947837e-01
8.112842779450464281e-01
8.026921340748266465e-01
7.939315871920773482e-01
7.850308410864406117e-01
7.759846038564532922e-01
7.668035341686416650e-01
7.574927218565241649e-01
7.480557435754847662e-01
7.384965974143704592e-01
7.288262300086528755e-01
7.190938906106240092e-01
7.096944225765289271e-01
6.965620015186769765e-01
6.873408668578830927e-01
6.768366591232516383e-01
6.659179735374896048e-01
6.546203396006363695e-01
6.429037480943557981e-01
6.306999572413528599e-01
6.179187637724157245e-01
6.044466391809589778e-01
5.901424856315362621e-01
5.748313129640613139e-01
5.582957199210598631e-01
5.402647373979339029e-01
5.203899700879121015e-01
4.982678691443212515e-01
4.733438528984982852e-01
4.449483497568926249e-01
4.122451471988522465e-01
3.742216214438991995e-01
3.297281583922734294e-01
2.776646112087731155e-01
2.175442971160503614e-01
1.509301347624528999e-01
8.453484778682379686e-02
3.509621391388298428e-02
3.157910992240110098e-02
1.038221679456220459e-01
2.585035807169439592e-01
4.619528526140119773e-01
6.609186332784923179e-01
8.068066808653865385e-01
8.986903481927318582e-01
8.894422067908319685e-01
9.607586055629036004e-01
9.770278962321454763e-01
9.831635262648081852e-01
9.847754411960996102e-01
9.843734772090270146e-01
9.832344250074306347e-01
9.818396918980843990e-01
9.796524121254424067e-01
9.733642237494566363e-01
9.479284369796041609e-01
8.211076488622042202e-01
