9.837460143987336592e-01
9.841704307132114193e-01
9.849494285479905020e-01
9.860063555419857906e-01
9.872686492267858105e-01
9.886688421990282860e-01
9.901452752785497857e-01
9.916425565245007290e-01
9.931118023811762452e-01
9.945106951426559982e-01
9.958033885079011771e-01
9.969602903662896365e-01
9.979577492176314735e-01
9.987776678632532823e-01
9.994070652753948014e-01
9.998376049109857222e-01
1.000065105214697825e+00
1.000089045687665212e+00
9.999120796985452309e-01
9.995395631897473487e-01
9.989791065968439687e-01
9.982401556439647328e-01
9.973336052070883584e-01
9.962714491387775206e-01
9.950664678171543542e-01
9.937319542057743149e-01
9.922814783815349093e-01
9.907286897909498569e-01
9.890871559215279607e-01
9.873702356107635358e-01
9.855909848513865201e-01
9.837620926750265671e-01
9.818958444998623358e-01
9.800041101964893642e-01
9.780983540575769464e-01
9.761896638356166722e-01
9.742887960364370326e-01
9.724062347117204963e-01
9.705522610785858317e-01
9.687370313966898738e-01
9.669706606493095880e-01
9.652633096939287061e-01
9.636252736639910887e-01
9.620670695051953825e-01
9.605995206071099579e-01
9.592338365314635462e-01
9.579816858236649413e-01
9.568552598055907188e-01
9.558673250569506008e-01
9.550312619647748358e-01
9.543610862066435052e-01
9.538714492712103699e-01
9.535776130160131814e-01
9.534953916999181489e-01
9.536410527292621397e-01
9.540311642852390417e-01
9.546823737110262664e-01
9.556110945443446747e-01
9.568330716826246585e-01
9.583627823483226171e-01
9.602126138030171454e-01
9.623917349683466238e-01
9.649045450421245285e-01
9.677485330825345011e-01
9.709113112409819557e-01
9.743664801477724957e-01
9.780678317381400477e-01
9.819411681300540540e-01
9.858726780542473866e-01
9.896923087566287247e-01
9.931498157944761429e-01
9.958800319466956097e-01
9.973521406761202135e-01
9.967948797158406871e-01
9.930841240278139859e-01
9.845644107509227139e-01
9.687093391680570154e-01
9.409953958518352257e-01
8.776715207039801347e-01
8.746781127440881320e-01
7.847136573112853952e-01
6.754366045628953374e-01
5.410452754399708297e-01
3.898096741693679035e-01
2.404350661602368544e-01
1.163636518300834727e-01
3.528712282382476945e-02
1.729932031110618202e-03
8.348455439587149085e-03
4.261394282836217240e-02
9.262783324471959845e-02
1.496288107202685125e-01
2.081043887385809477e-01
2.649876318917674944e-01
3.187886605118070427e-01
3.689408751806385611e-01
4.153775871741420822e-01
4.582795761324164330e-01
4.979326814201326945e-01
5.346512907470879483e-01
5.687396273987261885e-01
6.004740519225947315e-01
6.300967033082850444e-01
6.578150279570368353e-01
6.838041789445808982e-01
7.082106462400903357e-01
7.311562491296708099e-01
7.527420480688398197e-01
7.730519654604893764e-01
7.921560290620083267e-01
8.101132161901889450e-01
8.269739087751966089e-01
8.427819838066684666e-01
8.575765692446313260e-01
8.713934966450854747e-01
8.842664810187784719e-01
8.962280570403791113e-01
9.073102992174546522e-01
9.175453522183104615e-01
9.269657962667375850e-01
9.356048712868182404e-01
9.434965822411969238e-01
9.506757067870008626e-01
9.571777249287015676e-01
9.630386887594760692e-01
9.682950486610917284e-01
9.729834505033466696e-01
9.771405164907130958e-01
9.808026203935682474e-01
9.840056660224433260e-01
9.867848759994997110e-01
9.891745961862072889e-01
9.912081195589086402e-01
9.929175318831036101e-01
9.943335801959858333e-01
9.954855637758032172e-01
9.964012457656675759e-01
9.971067814752050396e-01
9.976266554644633855e-01
9.979836106694184306e-01
9.981985291190965670e-01
9.982901485772252004e-01
9.982742049605390910e-01
9.981600171675932831e-01
9.979277182300259064e-01
9.959864233527937483e-01
9.977699164124951281e-01
9.973858612330834816e-01
9.970338298510763586e-01
9.966710897134556379e-01
9.962780227402296962e-01
9.957779593059463696e-01
9.940899770103438504e-01
9.960757532957300597e-01
9.956080936594110531e-01
9.952733498764990694e-01
9.949945457671836024e-01
9.947269340595366049e-01
9.944210505878930961e-01
9.939859178773217119e-01
9.932269496663974628e-01
9.916887496702443405e-01
9.881800106032597730e-01
9.790218342274055185e-01
9.493840428841081591e-01
8.061112501431464405e-01
2.225245947804921631e-01
5.258727024965477170e-01
8.168632665025530315e-01
8.952443232870016532e-01
9.260013659100762018e-01
9.412837955741737428e-01
9.433392066007029175e-01
9.572599980579100665e-01
9.610837340573824550e-01
9.640303580315900955e-01
9.663488387111794919e-01
9.682437225182889406e-01
9.698512810415458318e-01
9.712626924569945919e-01
9.725401736244579931e-01
9.737267850319125673e-01
9.748523746370615362e-01
9.759372436589837108e-01
9.769944511033429313e-01
9.780312888947024774e-01
9.790502446454452112e-01
9.800496482626088746e-01
9.810241291036954081e-01
9.819649667063511389e-01
9.828603723789018920e-01
9.836955909740895398e-01
9.844517649498621958e-01
9.850931311665696022e-01
9.853164959392308742e-01
9.774007190441252879e-01
9.853299021919087464e-01
9.857503553559234799e-01
9.856490655864386108e-01
9.852320482553478254e-01
