6.995152091948972917e-01
6.922217140192264972e-01
6.903754406057426296e-01
6.925206764612055199e-01
6.992606779034361564e-01
7.197132370662157053e-01
7.287949062699005109e-01
7.381114961912698114e-01
7.463069312361828578e-01
7.509396980305067526e-01
7.489561824570634130e-01
7.358920940157767099e-01
7.045929497927480023e-01
6.431466358412231132e-01
5.328385250235576631e-01
3.540584640786861303e-01
1.299040619872327273e-01
2.483918292173955492e-03
9.464247850449972188e-02
2.931971281178012423e-01
4.679233892900193093e-01
5.886402300851347746e-01
6.672731519408459100e-01
7.177571484210081287e-01
7.498384741549128929e-01
7.696892517320300664e-01
7.812161641858750283e-01
7.869711030225480242e-01
7.886948788734658988e-01
7.876333336409642172e-01
7.847235907828177259e-01
7.807065743280351411e-01
7.761905004397889885e-01
7.711581486550340703e-01
7.668410413033825979e-01
7.669112134422222393e-01
7.660530286230100572e-01
7.684609198974601263e-01
7.746250774177687592e-01
7.877967210341028093e-01
8.095748346800368811e-01
8.449819985648265863e-01
8.994876556163764469e-01
9.615937324972202438e-01
8.396828065993801049e-01
1.697839375072124624e-01
1.147273643931698110e-02
1.086228364258535334e-01
1.864381673585435717e-01
2.348353451576819240e-01
2.641677662692013540e-01
2.814341554486107788e-01
2.906367199370881726e-01
2.940526542621204609e-01
2.929738657179747907e-01
2.880925032910391925e-01
2.797115259803285015e-01
2.679518291483262149e-01
2.535601470743507613e-01
2.420962958189561420e-01
2.390584478112068034e-01
2.168583909897090489e-01
1.806544413769391733e-01
1.378828226911481547e-01
8.748937466768837157e-02
3.899267225781046647e-02
1.836104048753882736e-02
6.809039291794535820e-02
3.925970746811981438e-01
8.102356628969348273e-01
9.714498892881565650e-01
9.551063896909935957e-01
8.953178575639878511e-01
8.365590588890871038e-01
7.874916084784715498e-01
7.477565794271010535e-01
7.158800050060799558e-01
6.896554327510288074e-01
6.677583152555524038e-01
6.489993675610666868e-01
6.323545264346586148e-01
6.168161796410526199e-01
6.011802767488531041e-01
5.836383561113587248e-01
5.607560571420594497e-01
5.241260506755582860e-01
4.455799158054514209e-01
1.512443046137836034e-01
1.049259277932886647e+00
8.351063520634225412e-01
7.674667392926535214e-01
7.393321158297720963e-01
7.260428964283096587e-01
7.201339542064070232e-01
7.186017490877932845e-01
7.199997151445803878e-01
7.235375015252576425e-01
7.287390960213492308e-01
7.352931707619386748e-01
7.429801041987791344e-01
7.516331257772380647e-01
7.611159003519184507e-01
7.713083443839112707e-01
7.820961608955023792e-01
7.933601185204499640e-01
8.049550489198779024e-01
8.165644552272874890e-01
8.246846884182140736e-01
8.378050324266742566e-01
8.462798724684876817e-01
8.691857631717888610e-01
8.815820619277304759e-01
8.932030348965460664e-01
9.044434311716954555e-01
9.152274421399365645e-01
9.255210232061696907e-01
9.354143377924847291e-01
9.451684602270397084e-01
9.536465360752124365e-01
7.587220243577370571e-01
5.423086751949917073e-01
8.339690743471257495e-01
8.485958750755748792e-01
8.243328390976554232e-01
7.640354801382627237e-01
6.490219647590194096e-01
4.570217059366621370e-01
2.339268552242042554e-01
5.970367010136286984e-02
2.297082524221901335e-03
1.066361903339805434e-02
2.645383665114683924e-02
1.947649113701573759e-02
4.182849612459842159e-02
5.491294270980649241e-03
1.748784686146360318e-02
1.178882508548843994e-01
3.651197583210359365e-01
3.344377103081960789e-01
6.123739907982708175e-01
7.919482425900994382e-01
8.933541534316730148e-01
9.403319314399601891e-01
9.543714298068685098e-01
9.499583476132433812e-01
9.357159796629642701e-01
9.165282452866931884e-01
8.951012753981805181e-01
8.728619531449980373e-01
8.494423675294299203e-01
8.305219713022439221e-01
8.096785997676448909e-01
7.898967968624254210e-01
7.710496359212349882e-01
7.530542595016036511e-01
7.357126110491630788e-01
7.177003939924975207e-01
7.026928660828544171e-01
6.878908357069964952e-01
6.728175922447966473e-01
6.575534581904224352e-01
6.416247245545904088e-01
6.239868909902911431e-01
6.020533123644071782e-01
5.670180192642559902e-01
4.578680629353108489e-01
8.126192435398700287e-01
6.666391916185846478e-01
6.325602032766819427e-01
6.109107333078642732e-01
5.850851593076424884e-01
5.886148061639165929e-01
5.783412300895892644e-01
5.684901237076893654e-01
5.604388962014492659e-01
5.555112684426615210e-01
5.251839719767776860e-01
5.337652550409726082e-01
5.300226597647235138e-01
5.263120241632691654e-01
5.233740972449779649e-01
5.214575980253152165e-01
5.207182791159991053e-01
5.212782280783045952e-01
5.232232660952917946e-01
5.265362382732895474e-01
5.307446485052861318e-01
5.342342275704211607e-01
5.406867729557670588e-01
5.526656573685255758e-01
5.675227117833335777e-01
5.830981474356375927e-01
5.996805092406087834e-01
6.176564182310223527e-01
6.374372206920538853e-01
6.602560823223537767e-01
6.908011905667220676e-01
7.430320806945914791e-01
3.930818481266099007e-01
5.527447506579294956e-01
