9.895242448470710217e-01
9.906341955721802428e-01
9.917223858163357608e-01
9.927730060012583957e-01
9.937734642038974497e-01
9.947140869357254944e-01
9.955878071457427980e-01
9.963898491411410374e-01
9.971174182630749838e-01
9.977694015046648657e-01
9.983460838089021072e-01
9.988488835226245754e-01
9.992801094015146823e-01
9.996427406423505913e-01
9.999402306519126205e-01
1.000176334632512765e+00
1.000354960554352024e+00
1.000480042684848359e+00
1.000555436540369270e+00
1.000584833900634241e+00
1.000571696374892516e+00
1.000519205914622400e+00
1.000430230624386629e+00
1.000307304220498184e+00
1.000152617517843678e+00
9.999680203820759949e-01
9.997550326621130745e-01
9.995148627093597415e-01
9.992484321931245361e-01
9.989564060304482185e-01
9.986392263609371600e-01
9.982971496105320641e-01
9.979302858010464794e-01
9.975386393698763010e-01
9.971221508712194703e-01
9.966807390288003887e-01
9.962143427058302025e-01
9.957229624450554262e-01
9.952067013151785213e-01
9.946658048748943104e-01
9.941007001361985562e-01
9.935120334715634716e-01
9.929007074678654066e-01
9.922679167815242618e-01
9.916151830953243707e-01
9.909443893187234176e-01
9.902578132073018846e-01
9.895581606057284318e-01
9.888485985394948052e-01
9.881327883931888545e-01
9.874149194132023633e-01
9.866997427604156101e-01
9.859926063027378840e-01
9.852994902769631747e-01
9.846270438470113850e-01
9.839826224287391288e-01
9.833743254134446055e-01
9.828110335693754918e-01
9.823024448811248366e-01
9.818591068254804988e-01
9.814924419696263724e-01
9.812147621492788296e-01
9.810392640964373800e-01
9.809799958739272574e-01
9.810517782798574560e-01
9.812700576644998174e-01
9.816506550442154477e-01
9.822093589687136417e-01
9.829612830905564147e-01
9.839198687006840416e-01
9.850953494220908713e-01
9.864923964386996813e-01
9.881065060933388322e-01
9.899184408406845881e-01
9.918856279624245209e-01
9.939287542408572484e-01
9.959106927416913058e-01
9.976030628528891331e-01
9.986326664928623087e-01
9.983949973568585490e-01
9.959139590608061532e-01
9.896150908226155618e-01
9.769660283125595202e-01
9.539366917043119454e-01
9.142971675944268073e-01
8.490660805761639507e-01
7.472902403389076742e-01
6.009219716868959837e-01
4.164811785612637651e-01
2.268342751715477779e-01
8.107914797257508022e-02
9.425857145317909774e-03
5.203481601307695728e-03
4.233351874593711817e-02
9.701980538797225218e-02
1.548748535553803041e-01
2.091259786084222749e-01
2.573420038218829919e-01
2.991615145250428598e-01
3.350739317570208264e-01
3.658214184823459503e-01
3.922421549055799539e-01
4.150096376956668998e-01
4.347653363807520988e-01
4.520695227673497962e-01
4.675044607778790495e-01
4.823548016755042078e-01
4.783398979125799144e-01
4.992871988262544414e-01
5.096328817677334699e-01
5.184873902531565992e-01
5.264248942088826100e-01
5.336632283734908944e-01
5.403381783400598160e-01
5.465513407619875252e-01
5.523845661045910793e-01
5.579061006789012289e-01
5.631738972939427379e-01
5.682377033691334844e-01
5.731405140876452142e-01
5.779196459703801469e-01
5.826075593082766790e-01
5.872325023678367506e-01
5.918190229733719665e-01
5.963883781933009276e-01
6.009588640271780191e-01
6.055460813669417686e-01
6.101631507228476581e-01
6.148208855465481237e-01
6.195279320494526676e-01
6.242908819593201430e-01
6.291143635195945993e-01
6.340011150900383141e-01
6.389520448353465110e-01
6.439662790427906902e-01
6.490412003303496213e-01
6.541724748509396559e-01
6.593540632339786045e-01
6.645781997561671650e-01
6.698352966087098848e-01
6.751136431652325909e-01
6.803984353830399012e-01
6.856679381845771637e-01
6.908694914207277327e-01
6.952242725977326732e-01
7.017225777114989294e-01
7.067544367944206263e-01
7.117752097789548094e-01
7.167104801397838898e-01
7.215286743008544335e-01
7.262050157764715630e-01
7.307162233786479444e-01
7.350392530075285924e-01
7.391509165034984008e-01
7.430277471007784573e-01
7.466459386473565107e-01
7.499812987799735486e-01
7.530091905977366329e-01
7.557044494883359276e-01
7.580412665191611499e-01
7.599930318174374921e-01
7.615321322304178242e-01
7.626296978889668399e-01
7.632552923447367688e-01
7.633765408205596126e-01
7.629586908590746397e-01
7.619640993128256046e-01
7.603516392298905746e-01
7.580760198084818269e-01
7.550870123143282875e-01
7.513285748117627394e-01
7.467378689744086362e-01
7.412441634382505029e-01
7.347676206339169847e-01
7.272179685134458893e-01
7.184930661354677062e-01
7.084773842278079270e-01
6.970404407655118595e-01
6.840352602152957040e-01
6.692969671071644644e-01
6.526416839859056074e-01
6.338659828288760734e-01
6.127472317782526323e-01
5.890452516303308350e-01
5.625056241131499712e-01
5.328643417896121726e-01
4.998506348950041978e-01
4.631726347116801312e-01
4.224081621369945028e-01
3.762457857987885346e-01
3.167068269350218901e-01
2.968475189566446293e-01
2.424453625724488914e-01
1.903295456727237267e-01
1.407687391203748251e-01
9.581816250041420846e-02
5.813988058381164975e-02
3.045960713993862284e-02
1.506554820928857931e-02
1.333820246912958800e-02
