7.629407035672245430e-01
7.580184611086540070e-01
7.531324866357890224e-01
7.485164966046756740e-01
7.443584030708081389e-01
7.408008474725981118e-01
7.379419481328629571e-01
7.358358463064235133e-01
7.344923220104981887e-01
7.338737660202745428e-01
7.338840960794604795e-01
7.343256677950323885e-01
7.346455695371535422e-01
7.268761707049932186e-01
7.429490899573029106e-01
7.423789821888182594e-01
7.424156094994324162e-01
7.415103877799983367e-01
7.388005052352391022e-01
7.332733039585399570e-01
7.235277805765005787e-01
7.074930506718847267e-01
6.819686769663939607e-01
6.418529453855098543e-01
5.789849079025396472e-01
4.812953972283706694e-01
3.373041666312639464e-01
1.652926350275983614e-01
7.600732959819077317e-02
1.914195026978989245e-01
4.125467081224219457e-01
5.946123506187630525e-01
7.104776044615046526e-01
7.789887270413159426e-01
8.182810680391281455e-01
8.398324012358434620e-01
8.513074917851887191e-01
8.586891068335145150e-01
8.654815062882020849e-01
8.717718649196611880e-01
8.768738948183697479e-01
8.711278042409785760e-01
8.734944267377829918e-01
8.704361950559581507e-01
8.653399291633169232e-01
8.587678652696638659e-01
8.510464094718012129e-01
8.424095658061765413e-01
8.330379528573054193e-01
8.230775223004915819e-01
8.126505665582909321e-01
8.018628324634575755e-01
7.908086098478653847e-01
7.795760089302717910e-01
7.682103264506312534e-01
7.568749152368924316e-01
7.455868792334761075e-01
7.344548938869025489e-01
7.235842062579849188e-01
7.127810155990326191e-01
7.033675676158451795e-01
6.912204773330965502e-01
6.889359359049560538e-01
6.854532949665277375e-01
6.899148209625632910e-01
7.185739747864143823e-01
8.402777327410146935e-01
3.265275463794141131e-01
4.809526643914301958e-01
5.053983358499286593e-01
5.082797168253504472e-01
5.035742339590816297e-01
4.951404654665378380e-01
4.844173627662076154e-01
4.720137564746675896e-01
4.581801071384429269e-01
4.429805993365031891e-01
4.263635278510887749e-01
4.081905551259978893e-01
3.882463104281141386e-01
3.662358717551610909e-01
3.417690084613409507e-01
3.143093638434382164e-01
2.829376409372388879e-01
2.439476515082967256e-01
2.324844770029450558e-01
1.799766074626663326e-01
1.350923446729535571e-01
9.354640734154655302e-02
6.369352012643099414e-02
6.221409204691979999e-02
1.116538160076267772e-01
2.246829957603134198e-01
3.801989671312874242e-01
5.293323114712206179e-01
6.377098525576293531e-01
7.075559303517465759e-01
7.640245808851894305e-01
8.272387247537161814e-01
8.921782098927966143e-01
9.377593881980365031e-01
9.582380108759207538e-01
9.614574093171086577e-01
9.545165139945718247e-01
9.455292821189166252e-01
9.352884625004966868e-01
9.254651432696467950e-01
9.166577771890893622e-01
9.090871175272322580e-01
9.027992276803956662e-01
8.977584525159691964e-01
8.938904680233586975e-01
8.910981242404342195e-01
8.892430589480038172e-01
8.853972965253456007e-01
8.875144246075912235e-01
8.796338707791528932e-01
8.961336507847383892e-01
8.966143688606615925e-01
8.991900854670629162e-01
9.026409436603094472e-01
9.067233738079110150e-01
9.113233409943203300e-01
9.163595390421860332e-01
9.217606318396799336e-01
9.274572936874505569e-01
9.333782145548062958e-01
9.394470643029924073e-01
9.455790224387121690e-01
9.516754557176001494e-01
9.576141163174274329e-01
9.632285495149058852e-01
9.682590110966458052e-01
9.722163081608912183e-01
9.739156316102268729e-01
9.692538972907469574e-01
9.311693959474706128e-01
2.758158656755186899e-01
9.782310985808322368e-01
1.007472776056731245e+00
1.013513669341100876e+00
1.010926388413797117e+00
1.027396016074032525e+00
1.036580666043295684e+00
1.068482657583952333e+00
5.669237786534810919e-01
8.986955643527945181e-01
9.194452673401105613e-01
9.060923471478038449e-01
8.894029479203273691e-01
8.698522282681173667e-01
8.417461850978906757e-01
8.032462326575733336e-01
7.514562780804944220e-01
6.814631343339516700e-01
5.856636081904371682e-01
4.539880827495337834e-01
2.801850003249981569e-01
9.661390984729952003e-02
3.721062756837879848e-02
1.701005961562069291e-01
4.341770646985948501e-01
6.849731206576143983e-01
8.597406613028982791e-01
9.457174686661271590e-01
9.788527286748723855e-01
9.849738064011637206e-01
9.746407050335097466e-01
9.481843777490549519e-01
8.888207300526499433e-01
6.830233821820320683e-01
2.326741678886318221e-01
8.863905046613054228e-01
9.106999329239133800e-01
9.114576795857475267e-01
9.421676223497551517e-01
9.405863952395655536e-01
9.325919531026959364e-01
9.190915311027202383e-01
9.112660037615267772e-01
9.020105663210284952e-01
8.930238526764113782e-01
8.844438207316785983e-01
8.762918071345466853e-01
8.685591856529232269e-01
8.612269730260995182e-01
8.542727194365372645e-01
8.476736987780505439e-01
8.414088173232718848e-01
8.354600508410091608e-01
8.298126005381851744e-01
8.244003917122799674e-01
8.175308349216943160e-01
8.142025949760671732e-01
8.090943492314138785e-01
8.056647515543440274e-01
8.017152745402308378e-01
7.980146399753271780e-01
7.944449603217553779e-01
7.896547041585759708e-01
