1.000215626604067820e+00
1.000386522791511190e+00
1.000497360572964123e+00
1.000554055706520007e+00
1.000561365651793766e+00
1.000522913188876428e+00
1.000441237127368987e+00
1.000317863822314468e+00
1.000153393996435769e+00
9.999476001208708054e-01
9.996995303168376701e-01
9.994076153952670127e-01
9.990697762557896322e-01
9.986835294077367475e-01
9.982460888618115424e-01
9.977544630700960759e-01
9.972055459635686958e-01
9.965962014566629446e-01
9.959233410606875836e-01
9.951839944714535591e-01
9.943753731826039388e-01
9.934949273214845888e-01
9.925403960178614815e-01
9.915098516993468003e-01
9.904017387652600535e-01
9.892149071256787218e-01
9.879486411093203468e-01
9.866026842440603906e-01
9.851772604020906376e-01
9.836730917782083861e-01
9.820914141390559848e-01
9.804339897434605211e-01
9.787031182937772078e-01
9.769016462321065131e-01
9.750329746517690799e-01
9.731010660473998763e-01
9.711104500836169606e-01
9.690662285180403623e-01
9.669740793749544983e-01
9.648402604273426109e-01
9.626716120109544139e-01
9.604755591623491684e-01
9.582601130453219929e-01
9.560338716051730579e-01
9.538060193681680010e-01
9.515863262847852333e-01
9.493851454967348058e-01
9.472134098911629829e-01
9.450826272878463108e-01
9.430048740862004841e-01
9.409927871748652306e-01
9.390595538788284458e-01
9.372188996788741733e-01
9.354850733883181002e-01
9.338728294017993870e-01
9.323974065380672416e-01
9.310745028722827721e-01
9.299202457836779345e-01
9.289511562156490543e-01
9.281841058362629848e-01
9.276362653702731054e-01
9.273250418074596713e-01
9.272680014192424824e-01
9.274827744551391584e-01
9.279869359196025735e-01
9.287978547729367484e-01
9.299325009827463795e-01
9.314071956574320188e-01
9.332372833413824509e-01
9.354366963093464493e-01
9.380173663448625465e-01
9.409884161425065008e-01
9.443550218835606858e-01
9.481167607851014312e-01
9.522650865228950989e-01
9.567791222233651416e-01
9.616174230267821033e-01
9.666960957708760072e-01
9.717858098108363984e-01
9.742976667373018929e-01
9.850862300916476411e-01
9.895550096104236415e-01
9.939361672260219605e-01
9.972284579478447597e-01
9.985334370334661980e-01
9.965553977650509765e-01
9.893340470038222145e-01
9.738352230047031544e-01
9.453740328616794253e-01
8.968759000678957483e-01
8.183550053245410849e-01
6.980664101477997985e-01
5.289458645450257901e-01
3.241818395840627698e-01
1.322685678919389707e-01
1.785312536000388875e-02
7.970989634801636109e-03
7.596073853923174246e-02
1.785960126867226216e-01
2.858686427348107184e-01
3.840856029290633522e-01
4.692687429973962931e-01
5.416744825369198546e-01
6.029598527113639861e-01
6.549977295286356638e-01
6.994639426232406310e-01
7.377384796734467454e-01
7.709196583403743475e-01
7.998706153893597737e-01
8.252684275102530886e-01
8.476464858876988639e-01
8.674283621746800010e-01
8.849539667428009126e-01
9.004994380456329273e-01
9.142921624757248678e-01
9.265220895589296735e-01
9.373502532287329991e-01
9.469151916097582333e-01
9.553377856470074425e-01
9.627249063950105157e-01
9.691721635266599133e-01
9.747659757766724553e-01
9.795851317079137255e-01
9.837019745401406334e-01
9.871833455402226898e-01
9.900917297846778542e-01
9.924668736544984826e-01
9.944051598074364895e-01
9.959197597295629256e-01
9.970662608154737816e-01
9.978878706095697382e-01
9.984243480576860952e-01
9.987124135953704407e-01
9.987859285342285398e-01
9.986760355511484777e-01
9.984112869127312884e-01
9.980177672354469953e-01
9.975192131362597969e-01
9.969371306080260231e-01
9.962909102749232249e-01
9.955979403399235483e-01
9.948737168669957720e-01
9.941319509734239945e-01
9.933846724990555987e-01
9.926423297435044146e-01
9.919138848955396659e-01
9.912069047981533210e-01
9.905276466754826536e-01
9.898811383555085053e-01
9.892712523010382952e-01
9.887007723075172949e-01
9.881714508447407841e-01
9.876840533113699916e-01
9.872383820664605292e-01
9.868332659713768829e-01
9.864664851800127865e-01
9.861345616792761559e-01
9.858322382016146967e-01
9.855511238926040196e-01
9.852756398197047849e-01
9.849673068290298872e-01
9.844657896326165503e-01
9.810714050540908504e-01
9.848832769889519501e-01
9.848067057352326570e-01
9.845009683430303582e-01
9.841236678641365199e-01
9.835803170488713887e-01
9.826799476545257095e-01
9.809732376707827051e-01
9.771839391603061031e-01
9.665995998287819635e-01
9.217100776532277662e-01
4.625366398973105864e-01
6.816481029307255302e-01
8.837264689384546346e-01
9.397897477315477754e-01
9.555746828262570158e-01
9.623064502881842897e-01
9.657408658739413676e-01
9.676518685522911278e-01
9.687539913646987522e-01
9.693891530622773534e-01
9.697434700378789740e-01
9.699296077805713567e-01
9.700214076218887094e-01
9.700283181059814464e-01
9.701602143247154419e-01
9.702672020777856066e-01
9.704526673839081186e-01
9.707452019814361011e-01
9.711722285589398096e-01
9.717595889327307335e-01
9.725314399481979066e-01
9.735101781854827996e-01
9.747166556840679563e-01
9.761718451469695301e-01
9.779062619399792045e-01
9.800466155993363682e-01
9.806671978720167271e-01
