9.997643106642696287e-01
9.997647679616578076e-01
9.997650030461174842e-01
9.997650497237170475e-01
9.997649418257540388e-01
9.997647123866730823e-01
9.997643930018913494e-01
9.997640133443336241e-01
9.997636008185492029e-01
9.997631803329735112e-01
9.997627741719969929e-01
9.997624019510191751e-01
9.997620806392242265e-01
9.997618246365771455e-01
9.997616458925823180e-01
9.997615540566120451e-01
9.997615566503444962e-01
9.997616592542807323e-01
9.997618657023719102e-01
9.997621782783615574e-01
9.997625979100809301e-01
9.997631243577983495e-01
9.997637563937947780e-01
9.997644919711918821e-01
9.997653283806463564e-01
9.997662623937022541e-01
9.997672903925781673e-01
9.997684084858617926e-01
9.997696126106757619e-01
9.997708986213985627e-01
9.997722623656479790e-01
9.997736997479037546e-01
9.997752067823423294e-01
9.997767796347721836e-01
9.997784146553858609e-01
9.997801084026376461e-01
9.997818576598003215e-01
9.997836594444596825e-01
9.997855110123073930e-01
9.997874098557684164e-01
9.997893536984294727e-01
9.997913404858151942e-01
9.997933683733358778e-01
9.997954357120293345e-01
9.997975410323550749e-01
9.997996830270017288e-01
9.998018605328174990e-01
9.998040725123416017e-01
9.998063180352103618e-01
9.998085962600085086e-01
9.998109064162339354e-01
9.998132477873954427e-01
9.998156196945690022e-01
9.998180214811455135e-01
9.998204524985347952e-01
9.998229120931434455e-01
9.998253995944923478e-01
9.998279143045095685e-01
9.998304554881982664e-01
9.998330223654157134e-01
9.998356141038707845e-01
9.998382298134264046e-01
9.998408685413543440e-01
9.998435292688622189e-01
9.998462109084266247e-01
9.998489123023737157e-01
9.998516322221178143e-01
9.998543693683965561e-01
9.998571223721778312e-01
9.998598897963627552e-01
9.998626701381028159e-01
9.998654618315404585e-01
9.998682632512787549e-01
9.998710727161989054e-01
9.998738884936048121e-01
9.998767088038081896e-01
9.998795318247377661e-01
9.998823556971526694e-01
9.998851785296913874e-01
9.998879984040607294e-01
9.998908133804789156e-01
9.998936215030607144e-01
9.998964208051022151e-01
9.998992093143453941e-01
9.999019850583014124e-01
9.999047460693085698e-01
9.999074903894658028e-01
9.999102160755084512e-01
9.999129212032833447e-01
9.999156038722863959e-01
9.999182622095998951e-01
9.999208943739675837e-01
9.999234985592996283e-01
9.999260729979143614e-01
9.999286159636909810e-01
9.999311257746893444e-01
9.999336007953731897e-01
9.999360394387590834e-01
9.999384401680241341e-01
9.999408014976908232e-01
9.999431219946665061e-01
9.999454002785748141e-01
9.999476350220959375e-01
9.999498249505147651e-01
9.999519688412769058e-01
9.999540655226802910e-01
9.999561138726551501e-01
9.999581128168464339e-01
9.999600613263012194e-01
9.999619584149544993e-01
9.999638031366211433e-01
9.999655945814729385e-01
9.999673318725371685e-01
9.999690141614179240e-01
9.999706406239614598e-01
9.999722104556021396e-01
9.999737228662972655e-01
9.999751770752456359e-01
9.999765723055871192e-01
9.999779077786071779e-01
9.999791827080649620e-01
9.999803962943270008e-01
9.999815477184880175e-01
9.999826361366025429e-01
9.999836606738830014e-01
9.999846204192559540e-01
9.999855144201591495e-01
9.999863416776174629e-01
9.999871011418889344e-01
9.999877917087319767e-01
9.999884122163343880e-01
9.999889614430754747e-01
9.999894381065530524e-01
9.999898408633225433e-01
9.999901683103010752e-01
9.999904189876758220e-01
9.999905913832184412e-01
9.999906839388601476e-01
9.999906950590015109e-01
9.999906231213172569e-01
9.999904664900576279e-01
9.999902235318893773e-01
9.999898926348684824e-01
9.999894722304801808e-01
9.999889608189279633e-01
9.999883569981540266e-01
9.999876594963694743e-01
9.999868672086189569e-01
9.999859792372916001e-01
9.999849949366959034e-01
9.999839139618292849e-01
9.999827363212320241e-01
9.999814624339152802e-01
9.999800931902863566e-01
9.999786300164783537e-01
9.999770749421503790e-01
9.999754306710429974e-01
9.999737006534920036e-01
9.999718891604242321e-01
9.999700013573583623e-01
9.999680433773908694e-01
9.999660223915342039e-01
9.999639466744509875e-01
9.999618256632472058e-01
9.999596700066704091e-01
9.999574916013971304e-01
9.999553036115300664e-01
9.999531204668835604e-01
9.999509578340649574e-01
9.999488325545738965e-01
9.999467625413717142e-01
9.999447666249376976e-01
9.999428643369545622e-01
9.999410756173217063e-01
9.999394204267811892e-01
9.999379182419221301e-01
9.999365874028437462e-01
9.999354442737297122e-01
9.999345021621235396e-01
9.999337699210648633e-01
9.999332501254661887e-01
9.999329366617413228e-01
9.999328114866653516e-01
9.999328401723315274e-01
9.999329656168679525e-01
9.999330988790787744e-01
9.999331053186805152e-01
9.999327827211826891e-01
9.999318250271298503e-01
9.999297586386396430e-01
9.999258227044409697e-01
9.999187246937899509e-01
9.999060863014976874e-01
9.998830001162073433e-01
9.998374491078886317e-01
9.997304512512256158e-01
9.993384477640088193e-01
9.884448070598914615e-01
1.000235163934932059e+00
1.000239230129950752e+00
