9.315787321659979581e-01
9.316905715135059829e-01
9.326373807675044647e-01
9.346433632686236281e-01
9.380229877487598067e-01
9.432222788328809004e-01
9.508681524560639309e-01
9.617694234568311407e-01
9.764978281902213508e-01
9.919960213188279141e-01
9.731501251748166936e-01
5.982665426225879379e-01
2.145999740670764128e-02
3.615053684603622419e-01
5.395765954777702600e-01
6.226550633090112141e-01
6.675842861666165806e-01
6.946209685099207221e-01
7.120760704765011218e-01
7.238804017338079655e-01
7.321087462711353133e-01
7.379522341683409925e-01
7.421411301946277961e-01
7.451473256842923165e-01
7.472891513499340110e-01
7.487891753719879695e-01
7.498077914414911227e-01
7.504636171706596803e-01
7.508463560474072374e-01
7.510251738423673329e-01
7.510543094297135180e-01
7.509769271043869043e-01
7.508278199682935083e-01
7.506353443137681047e-01
7.504228280403154594e-01
7.502096122166052039e-01
7.500118321347926109e-01
7.498430102490797333e-01
7.497145110486832520e-01
7.496358928399495802e-01
7.496151808184511323e-01
7.496590775230379533e-01
7.497731177520451373e-01
7.499617556045182765e-01
7.502282854184608718e-01
7.505737487173090861e-01
7.509485613111646085e-01
7.515437747885682640e-01
7.521422624610061280e-01
7.528305185215256046e-01
7.536051824075602479e-01
7.544646239489466444e-01
7.554069581285750568e-01
7.564297765398803053e-01
7.575300790656933625e-01
7.587042151700247317e-01
7.599470452270375986e-01
7.612052833562134024e-01
7.624342740898683024e-01
7.639739041490404281e-01
7.654405208847413489e-01
7.669274289167226089e-01
7.684307245301739142e-01
7.699390430203558733e-01
7.714379316816797338e-01
7.729103101488987715e-01
7.743362781785527726e-01
7.756926896927666126e-01
7.769525594525160672e-01
7.780842911169454368e-01
7.790506841015981676e-01
7.798076516991709894e-01
7.803025531357333788e-01
7.804720011288933668e-01
7.802389469209481954e-01
7.795087562624243294e-01
7.781638560432815321e-01
7.760563256818749922e-01
7.729974861917013884e-01
7.687430296887205472e-01
7.629714085629790699e-01
7.552518541974494459e-01
7.449961585309529122e-01
7.313846287434209170e-01
7.132505023180306658e-01
6.888975490573765459e-01
6.558130712769194570e-01
6.102331920888192096e-01
5.465741012051859027e-01
4.570999260354493554e-01
3.337322212851434600e-01
1.787501200900170617e-01
3.616858692715765877e-02
1.377835028631494742e-02
1.696821475657827594e-01
3.985998791779173933e-01
5.885263321313823903e-01
7.162365796292181619e-01
7.971016159084445274e-01
8.483046712992871052e-01
8.812318551623954388e-01
9.030731864725928260e-01
9.177308432296030771e-01
9.276749415307656843e-01
9.344009897288816369e-01
9.388473470655201991e-01
9.416185197016422315e-01
9.431130873634375744e-01
9.435971867330108509e-01
9.432049749301536501e-01
9.423239500694936543e-01
9.406991374611415324e-01
9.385709078035032737e-01
9.359791127557804957e-01
9.329634830689513825e-01
9.295571434361536989e-01
9.257879601193191865e-01
9.216799617548319112e-01
9.172543440247606927e-01
9.125300155063692520e-01
9.075235633193757812e-01
9.022481255525608423e-01
8.967091736236130206e-01
8.908875805799053582e-01
8.846339202028522530e-01
8.747915252689152377e-01
8.740228483259913084e-01
8.671828231745579707e-01
8.605238956762610858e-01
8.538363189619961879e-01
8.470914677935091897e-01
8.402921949092391207e-01
8.334486630257170736e-01
8.265445415309168320e-01
8.197538938796676833e-01
8.128801388529764971e-01
8.060474053695944052e-01
7.992673487316342973e-01
7.925585027379346004e-01
7.859419392389289660e-01
7.794400312052865987e-01
7.730767643586171634e-01
7.668782285780809671e-01
7.608733111057406351e-01
7.550946401803585450e-01
7.495798613348499950e-01
7.443733709342915672e-01
7.395286915769632152e-01
7.351117643809820246e-01
7.312055731300521888e-01
7.279167362296005139e-01
7.253850574588334155e-01
7.237976058592214823e-01
7.234098518251272925e-01
7.245779718496175859e-01
7.278090175346277890e-01
7.338395576119388641e-01
7.437578206252786206e-01
7.591813781066903966e-01
7.824466861055320299e-01
8.164072512232017909e-01
8.585133886591747032e-01
9.021135062948267835e-01
8.379789565274788909e-01
5.163890408973766943e-01
1.939361592048575722e-01
8.700365218815135637e-02
1.138664885263063475e-01
3.651355896871248952e-01
8.556033536070726253e-01
8.522292873726845519e-01
6.690330715263181904e-01
5.256827551252263309e-01
4.095081103939441358e-01
2.974926258501003895e-01
1.763676638471623204e-01
5.405178829454612005e-02
7.690164448948088975e-03
2.028831723804996046e-01
5.709489971982815160e-01
8.145213948642447965e-01
9.056578299886869354e-01
9.255912067817633204e-01
9.201906551114679145e-01
9.068733636425458933e-01
8.935136192036061686e-01
8.807318802195907015e-01
8.697472464546276427e-01
8.606242073111610713e-01
8.532370950215747429e-01
8.474054167472926391e-01
8.429467069678312496e-01
8.396950211665216157e-01
8.375055864527840566e-01
8.362540821799970825e-01
8.358340653276377097e-01
8.361539813325680193e-01
8.371343217690182525e-01
8.387051188283468628e-01
8.408038158115704874e-01
