7.524996379884122399e-01
7.410827732727703898e-01
7.300232214980163503e-01
7.198602035600329963e-01
7.110343806671135525e-01
7.038915154193939872e-01
6.986877338943827676e-01
6.955959502397986993e-01
6.947130910015207883e-01
6.960678220010287909e-01
6.996285369055043057e-01
7.053114145528091017e-01
7.129883924695158415e-01
7.224949377336571388e-01
7.336375244480406455e-01
7.462007512385639973e-01
7.599540561459753318e-01
7.746580231622989254e-01
7.900703899934435892e-01
8.059525698521097237e-01
8.220884835010575653e-01
8.380876434699402466e-01
8.540524615892511884e-01
8.695824819980190190e-01
8.845429462688606526e-01
8.987870751571086503e-01
9.121887432289270681e-01
9.246452128295341577e-01
9.360777751319422357e-01
9.464316326364956566e-01
9.556752574803240030e-01
9.637993317308982677e-01
9.708154097985067787e-01
9.767547954473021488e-01
9.816726102058365155e-01
9.854877006127024108e-01
9.885948152133829936e-01
9.908198131225108840e-01
9.923136391688111013e-01
9.931740958415463671e-01
9.935053712938275439e-01
9.932465865718399511e-01
9.928762829533394063e-01
9.917196432954115126e-01
9.909248393375518216e-01
9.897675205188178893e-01
9.884409921124932552e-01
9.869454851506674897e-01
9.852228709668292561e-01
9.831427036912447903e-01
9.804704528333533231e-01
9.768156166548328523e-01
9.715476689377915420e-01
9.636579714144815068e-01
9.515296192767588312e-01
9.325507947355902161e-01
9.024711745224474058e-01
8.543860579232477326e-01
7.774113889849090242e-01
6.561886798405992538e-01
4.763507310361790315e-01
2.487796541546258289e-01
5.209112788896674145e-02
7.032496289533381705e-03
1.356458686148103165e-01
3.458879628655038840e-01
5.559895471633521380e-01
7.343578876818266377e-01
8.725365430304948822e-01
9.617352140938238980e-01
9.831051884491222026e-01
9.108472805085362500e-01
7.362670871246240756e-01
4.993123264942521122e-01
2.757000356145299924e-01
1.187670770904976636e-01
3.437999802247315023e-02
2.981401549987868025e-03
3.209507499351073410e-03
1.953153680843314546e-02
4.363904853311449672e-02
7.027278113352367073e-02
9.695905426945977679e-02
1.224899199348900569e-01
1.463479634286723452e-01
1.683785711879616787e-01
1.886044283969546542e-01
2.071354545494078214e-01
2.241141508211951239e-01
2.396890612122397346e-01
2.540005071171554940e-01
2.671731485179738574e-01
2.793119536418779414e-01
2.904996051742017027e-01
3.007941087231156274e-01
3.102256923267903144e-01
3.187921270433734522e-01
3.264513863011840322e-01
3.331100282150444847e-01
3.386046282423771370e-01
3.426715533225349053e-01
3.448963460978753948e-01
3.446256755949588246e-01
3.408066502705447420e-01
3.316760521640371717e-01
3.141174699942523851e-01
2.822360568847550599e-01
2.241144898937507124e-01
1.172234218208715456e-01
1.669991416914310160e-03
7.259652934629053922e-01
8.042242547699745003e-01
8.771504530434902636e-01
8.376351223941548296e-01
8.104840683561094217e-01
7.960418028205163976e-01
7.892934305366348102e-01
7.897231241251970735e-01
7.935824198716168176e-01
8.002580978896719488e-01
8.090147496496775670e-01
8.193260468395284768e-01
8.308030032834152756e-01
8.431452993990588007e-01
8.561108629517802937e-01
8.694967594222141605e-01
8.831270946031830604e-01
8.968454015199567309e-01
9.105100063107423036e-01
9.239914039621326403e-01
9.371705782749386593e-01
9.499324661061667729e-01
9.619208870057770477e-01
9.738291081862087140e-01
9.850607539631500709e-01
9.955886541316664173e-01
1.005579700055660108e+00
1.015252123453335820e+00
1.025104161537646830e+00
1.036430410604249674e+00
1.052935164975412619e+00
1.091781793099614983e+00
3.252535608724551608e-01
9.361613651139437664e-01
9.739103633331981369e-01
9.845754140415585720e-01
9.873977313556241420e-01
9.864072877407119577e-01
9.829984361917876168e-01
9.778063810414315826e-01
9.711810301669409062e-01
9.633443244129952232e-01
9.544518587041233015e-01
9.446194852760142480e-01
9.339351961195404561e-01
9.224640676635507130e-01
9.102495358279447668e-01
8.973124173789170932e-01
8.836482232783779978e-01
8.692228157572624569e-01
8.539660894207615760e-01
8.377629714027285956e-01
8.204405243039049056e-01
8.017491496362973979e-01
7.813345239538086462e-01
7.586936801232944116e-01
7.330777857415604615e-01
7.037075559423003890e-01
6.687258414587784472e-01
6.261349176346111545e-01
5.726176664750933787e-01
5.033136765947310298e-01
4.115831578003892877e-01
2.901030005423200220e-01
1.495862554691213264e-01
2.677948020522859934e-02
9.952981928031810754e-03
9.412172712771930960e-02
1.449973312099462064e-01
8.175446739218836245e-02
1.502354653342984330e-03
9.689418348655565172e-02
2.868117679566978828e-01
4.327231119482687904e-01
5.221735412329190362e-01
5.755972380268739030e-01
6.087783133659309120e-01
6.311599626813186870e-01
6.486236770510968030e-01
6.655921566509774845e-01
6.867703756437743001e-01
7.199278064090480767e-01
7.840631381249051346e-01
9.061381672052399860e-01
4.894268940540025953e-02
3.583066792979223703e-01
4.666833359073889742e-01
5.199931050250683473e-01
5.564631961668549121e-01
5.871996930116821778e-01
