9.956341062194318248e-01
9.961699192819967186e-01
9.966773570235469837e-01
9.971543366379489459e-01
9.975989268346528993e-01
9.980093148477455767e-01
9.983837766951552117e-01
9.987206509461677983e-01
9.990183161330025152e-01
9.992751718455877841e-01
9.994896234725137996e-01
9.996600704893399136e-01
9.997848981527623913e-01
9.998624724243015960e-01
9.998911379258116350e-01
9.998692187171380752e-01
9.997950216786493094e-01
9.996668422816753496e-01
9.994829725348198801e-01
9.992417108999569475e-01
9.989413739829532402e-01
9.985803098149457213e-01
9.981569125519356156e-01
9.976696384333814116e-01
9.971170228525787493e-01
9.964976984030592400e-01
9.958104137766138342e-01
9.950540533976263147e-01
9.942276576880358929e-01
9.933304438636956224e-01
9.923618271696347248e-01
9.913214424660790058e-01
9.902091660818286289e-01
9.890251378525601877e-01
9.877697832648673071e-01
9.864438356264526586e-01
9.850483581841446012e-01
9.835847661098163774e-01
9.820548482748732155e-01
9.804607887323422144e-01
9.788051878254920846e-01
9.770910828409719029e-01
9.753219681249905015e-01
9.735018145811584755e-01
9.716350884697788626e-01
9.697267694308531194e-01
9.677823676551575716e-01
9.658079401315958767e-01
9.638101059030983464e-01
9.617960602683230942e-01
9.597735878705792034e-01
9.577510746214074056e-01
9.557375184087260056e-01
9.537425385432500846e-01
9.517763838959653055e-01
9.498499396758715019e-01
9.479747327870227114e-01
9.461629356859456719e-01
9.444273686312886218e-01
9.427815001716750576e-01
9.412394456515749130e-01
9.398159634185483391e-01
9.385264482789866802e-01
9.373869215592169901e-01
9.364140168629788707e-01
9.356249602489424833e-01
9.350375430413130351e-01
9.346700847798753431e-01
9.345413828319626415e-01
9.346706438163027153e-01
9.350773900625916069e-01
9.357813316139966808e-01
9.368021904218821749e-01
9.381594578626775149e-01
9.398720587503438528e-01
9.419578834485063945e-01
9.444331327076394000e-01
9.473113946763140891e-01
9.506023353665632447e-01
9.543080190477815083e-01
9.584292727952359314e-01
9.629436592602942380e-01
9.678178410125428677e-01
9.729900279166441290e-01
9.783590227999304778e-01
9.837648725375682801e-01
9.889591638284790376e-01
9.935588800247242558e-01
9.969739414021016044e-01
9.982924792030822836e-01
9.960986882488426231e-01
9.881860457942607256e-01
9.711198187640242008e-01
9.396241855048922398e-01
8.859119938877852984e-01
7.995811089492702584e-01
6.699673650706243766e-01
4.944654307297559059e-01
2.934628265049160634e-01
1.166777040876460225e-01
1.612185771036372950e-02
5.532118292958022356e-03
5.951873059065552335e-02
1.438634976864781312e-01
2.348976738170033551e-01
3.209938208558560935e-01
3.980044221656687253e-01
4.653593621450017870e-01
5.238914738207245403e-01
5.748286332141890886e-01
6.193834372717333947e-01
6.586133022086811950e-01
6.933928706154591781e-01
7.244283207820687576e-01
7.522839628648133603e-01
7.774094941494255062e-01
8.001639240030774536e-01
8.208352770471986082e-01
8.396563372841069350e-01
8.568170434090998100e-01
8.724741767574025753e-01
8.867589054837741180e-01
8.997826458610540534e-01
9.116416054735825281e-01
9.224202930097954445e-01
9.321942160687017864e-01
9.410319396220790944e-01
9.489966405859101561e-01
9.561472656306051476e-01
9.625393776633232035e-01
9.682257596155592339e-01
9.732568309723554911e-01
9.776809219449148491e-01
9.815444416415229911e-01
9.848919695619559045e-01
9.877662938913200907e-01
9.902084151715006000e-01
9.922575298183317072e-01
9.939510045067735389e-01
9.953243495791005424e-01
9.964111972645758319e-01
9.972432885737928521e-01
9.978504711905203939e-01
9.982607094762073752e-01
9.985001067806450470e-01
9.985929395714879808e-01
9.985617024120989615e-01
9.984271624948277690e-01
9.982084222366386372e-01
9.979229883343141427e-01
9.975868456242144022e-01
9.972145340651064060e-01
9.968192271288516260e-01
9.964128098029060299e-01
9.960059542300017110e-01
9.956081906631658596e-01
9.952279707788591612e-01
9.948727192269495312e-01
9.945488667235727887e-01
9.942618467185935227e-01
9.940158567561002689e-01
9.937863293939582787e-01
9.936582553289817765e-01
9.935513407958530552e-01
9.934885733625280491e-01
9.934650618795217714e-01
9.934700625477058678e-01
9.934838793559340742e-01
9.934714645839037850e-01
9.933700921119842375e-01
9.930645833921856180e-01
9.923344599746346528e-01
9.907323926568027961e-01
9.872765342561915514e-01
9.795687079541003373e-01
9.608131961287427192e-01
9.072540234071931886e-01
7.114347134997200950e-01
9.798413339451084170e-02
3.833620663102190185e-01
7.245185681446985049e-01
8.420425337259749288e-01
8.922991083012251634e-01
9.184562722110520827e-01
9.340048414719260839e-01
9.441385536246048593e-01
9.511974791590205314e-01
9.563656022142665858e-01
9.602969368733562661e-01
9.633783552625233559e-01
9.658516430760821780e-01
9.678749403380194627e-01
9.695557707594730790e-01
9.709697934759287108e-01
9.721719496152346762e-01
9.732033520062629561e-01
9.740956874451341951e-01
9.748741088098286101e-01
9.755591776226635314e-01
9.761681891739973915e-01
