9.942916010997215892e-01
9.943216466324856784e-01
9.943534649828826844e-01
9.943870406485516567e-01
9.944223584697419183e-01
9.944594033276826783e-01
9.944981598718868332e-01
9.945386122771929793e-01
9.945807440302070201e-01
9.946245377444236091e-01
9.946699750027375719e-01
9.947170362256791964e-01
9.947657005635406335e-01
9.948159458105474418e-01
9.948677483386464404e-01
9.949210830493055990e-01
9.949759233409999348e-01
9.950322410902697756e-01
9.950900066451273673e-01
9.951491888282418818e-01
9.952097549489441475e-01
9.952716708223380282e-01
9.953349007941445503e-01
9.953994077701603382e-01
9.954651532494248611e-01
9.955320973599233181e-01
9.956001988963251170e-01
9.956694153587491991e-01
9.957397029923912291e-01
9.958110168272892304e-01
9.958833107179568822e-01
9.959565373823401346e-01
9.960306484405530014e-01
9.961055944523221628e-01
9.961813249538016279e-01
9.962577884930738925e-01
9.963349326649955096e-01
9.964127041446818600e-01
9.964910487202192080e-01
9.965699113243121632e-01
9.966492360652001725e-01
9.967289662566597430e-01
9.968090444473992617e-01
9.968894124499647624e-01
9.969700113688876320e-01
9.970507816287655922e-01
9.971316630018886018e-01
9.972125946357561777e-01
9.972935150804234095e-01
9.973743623160439276e-01
9.974550737802080347e-01
9.975355863958605962e-01
9.976158365990948074e-01
9.976957603674941888e-01
9.977752932487115034e-01
9.978543703896072259e-01
9.979329265658027914e-01
9.980108962117120175e-01
9.980882134512465420e-01
9.981648121290093156e-01
9.982406258420790657e-01
9.983155879725867932e-01
9.983896317207114901e-01
9.984626901385470488e-01
9.985346961644011587e-01
9.986055826579931516e-01
9.986752824361312397e-01
9.987437283091376017e-01
9.988108531178567784e-01
9.988765897713762776e-01
9.989408712853660166e-01
9.990036308208579685e-01
9.990648017238720202e-01
9.991243175655050157e-01
9.991821121825259500e-01
9.992381197186716024e-01
9.992922746661434541e-01
9.993445119080841543e-01
9.993947667611409180e-01
9.994429750185568340e-01
9.994890729938475937e-01
9.995329975648369336e-01
9.995746862179958336e-01
9.996140770931714048e-01
9.996511090288051626e-01
9.996857216073579133e-01
9.997178552010373975e-01
9.997474510179530371e-01
9.997744511483187546e-01
9.997987986111880332e-01
9.998204374010640771e-01
9.998393125351096034e-01
9.998553701002285132e-01
9.998685573003495142e-01
9.998788225040140532e-01
9.998861152918276929e-01
9.998903865038406558e-01
9.998915882870994531e-01
9.998896741427801826e-01
9.998845989727960237e-01
9.998763191258638328e-01
9.998647924418884170e-01
9.998499782945207137e-01
9.998318376294415000e-01
9.998103329963966557e-01
9.997854285685624509e-01
9.997570901393884046e-01
9.997252850726766615e-01
9.996899821514987350e-01
9.996511511840724395e-01
9.996087619397693302e-01
9.995627808534937042e-01
9.995131577122450262e-01
9.994597330178170980e-01
9.993930714749251765e-01
9.993436444608736480e-01
9.992792835562083198e-01
9.992114309968669339e-01
9.991399437467122224e-01
9.990647883116876571e-01
9.989859520920848501e-01
9.989034303976775941e-01
9.988172232258890615e-01
9.987273342326157266e-01
9.986337703659062814e-01
9.985365417437880309e-01
9.984356616361428349e-01
9.983311464969742977e-01
9.982230160244218720e-01
9.981112932381825953e-01
9.979960045693117010e-01
9.978771799601664494e-01
9.977548529738821115e-01
9.976290609123855679e-01
9.974998449440357629e-01
9.973672502410748653e-01
9.972313261273768603e-01
9.970921262380391115e-01
9.969497086912864070e-01
9.968041362744070044e-01
9.966554766449972069e-01
9.965038025489404427e-01
9.963491920572937754e-01
9.961917288237794876e-01
9.960315023651611366e-01
9.958686083672381173e-01
9.957031490188873457e-01
9.955352333776223972e-01
9.953649777699365986e-01
9.951925062303536018e-01
9.950179509836845071e-01
9.948414529751942181e-01
9.946631624543024186e-01
9.944832396180666167e-01
9.943018553209771460e-01
9.941191918594030064e-01
9.939354438391535540e-01
9.937508191360543419e-01
9.935655399610340277e-01
9.933798440420537057e-01
9.931939859374796509e-01
9.930082384972054310e-01
9.928228944900070463e-01
9.926382684181483951e-01
9.924546985433897461e-01
9.922725491517014884e-01
9.920922130879904488e-01
9.919141145967831363e-01
9.917387125092248512e-01
9.915665038241214813e-01
9.913980277358054316e-01
9.912338701709753064e-01
9.910746689045097924e-01
9.909211193347946534e-01
9.907739810107762946e-01
9.906340850149384369e-01
9.905023423210447264e-01
9.903797532599355469e-01
9.902674182421152826e-01
9.901665499004498328e-01
9.900784868286077733e-01
9.900047090971119124e-01
9.899468557252176781e-01
9.899067442631840352e-01
9.898863925833925048e-01
9.898880428668788145e-01
9.899141875685580905e-01
9.899675967878495131e-01
9.900513458653458221e-01
9.901688410016459274e-01
9.903238389777474504e-01
9.905204541688735764e-01
9.907631411664222787e-01
9.910566330061296725e-01
9.914058006414850910e-01
9.918153741230469889e-01
9.922894209510635388e-01
9.928303948673659063e-01
9.934374142361339644e-01
9.941031314465648139e-01
