9.858564271120103806e-01
9.861507302503361716e-01
9.864490005722512667e-01
9.867527617348424984e-01
9.870631509485494615e-01
9.873809511137918715e-01
9.877066250419859195e-01
9.880403505590920066e-01
9.883820555162339261e-01
9.887314519344505559e-01
9.890880686878061878e-01
9.894512822809367059e-01
9.898203454098153387e-01
9.901944131045746778e-01
9.905725663460168695e-01
9.909538331248873844e-01
9.913372069731918312e-01
9.917216630466736405e-01
9.921061718752917091e-01
9.924897109249473104e-01
9.928712741349465798e-01
9.932498796068154334e-01
9.936245756269658225e-01
9.939944452075402115e-01
9.943586093276017834e-01
9.947162290512233662e-01
9.950665066918961132e-01
9.954086861828618238e-01
9.957420528029721218e-01
9.960659323960383560e-01
9.963796902100415798e-01
9.966827294706679385e-01
9.969744897929507799e-01
9.972544455220877513e-01
9.975221040853494703e-01
9.977770044257943116e-01
9.980187155802501264e-01
9.982468354542419764e-01
9.984609898399751104e-01
9.986608317155150072e-01
9.988460408579645788e-01
9.990163237972803367e-01
9.991714141333897237e-01
9.993110732350819481e-01
9.994350913355775079e-01
9.995432890380153701e-01
9.996355192411320312e-01
9.997116694945664683e-01
9.997716647920542599e-01
9.998154708106496980e-01
9.998430976032256501e-01
9.998546037529908448e-01
9.998501009978033593e-01
9.998297593339233735e-01
9.997938126088207200e-01
9.997425646137971800e-01
9.996763956871913548e-01
9.995957698392686774e-01
9.995012424092735159e-01
9.993934682630939426e-01
9.992732105371725515e-01
9.991413499289465427e-01
9.989988945255512398e-01
9.988469901507951443e-01
9.986869311919102099e-01
9.985201718429748130e-01
9.983483376651203223e-01
9.981732373145878467e-01
9.979968742195737264e-01
9.978214578915294286e-01
9.976494144237709749e-01
9.974833955478114023e-01
9.973262853662925309e-01
9.971812035323573964e-01
9.970515031626366875e-01
9.969407610992884194e-01
9.968527571974920010e-01
9.967914379984893491e-01
9.967608582876810175e-01
9.967650913980010685e-01
9.968080953433684499e-01
9.968935164282975991e-01
9.970244040821428788e-01
9.972027990959282384e-01
9.974291403277378842e-01
9.977014093779044135e-01
9.980138941308499545e-01
9.983553930923203534e-01
9.987065912863292150e-01
9.990361957508209212e-01
9.992951922900847883e-01
9.994082213072513765e-01
9.992604781379991197e-01
9.986775670245211511e-01
9.973941127836012388e-01
9.950042136101531209e-01
9.908822758895552418e-01
9.840553353463489250e-01
9.729964802204768004e-01
9.552939472438242152e-01
9.271412606020124070e-01
8.826339178913329420e-01
8.130979021442669152e-01
7.075090025290191598e-01
5.569877779894389924e-01
3.676264258127266427e-01
1.766240563693647903e-01
4.287129771043778764e-02
9.222569864852152798e-05
3.216402739790341636e-02
1.018879794722463011e-01
1.805227753077136843e-01
2.539026544220243653e-01
3.172568502362613230e-01
3.701597505632261420e-01
4.137603815493078319e-01
4.495703173045627055e-01
4.790122197409404925e-01
5.032891178350210604e-01
5.233751243781432638e-01
5.400453258743671547e-01
5.539132797129584507e-01
5.654652548394002443e-01
5.750883942134533688e-01
5.830928705324862626e-01
5.897289762241639810e-01
5.952002058229287629e-01
5.996732587352172628e-01
6.032857057873425299e-01
6.061518910013593553e-01
6.083674987224683139e-01
6.100131041995265901e-01
6.111569267285711371e-01
6.118567974868426296e-01
6.121548202277196093e-01
6.121250385299478181e-01
6.117665310018012281e-01
6.111277050502510466e-01
6.102357324276413975e-01
6.091148885154509252e-01
6.077864564729968944e-01
6.062690586411405569e-01
6.045789705850249662e-01
6.027303875044484061e-01
6.007356452786837275e-01
5.986054022436131383e-01
5.963487875669502003e-01
5.939735212115504481e-01
5.914860095950517094e-01
5.888914202929762531e-01
5.861937385015978386e-01
5.833958074611426126e-01
5.804993546201732135e-01
5.775050049803222008e-01
5.744122827823968658e-01
5.712196024695949115e-01
5.679242496804588480e-01
5.645223528777348898e-01
5.610088461039142160e-01
5.573774232654546967e-01
5.536204842844688612e-01
5.497290734166322412e-01
5.456928100178786156e-01
5.414998120512525270e-01
5.371366126618974945e-01
5.325880702167588021e-01
5.278372723127950916e-01
5.228654344125567288e-01
5.176517939803497725e-01
5.121735012844913504e-01
5.064055084204430734e-01
5.003204586286610356e-01
4.938885786657633004e-01
4.870775778914675502e-01
4.798525589244907463e-01
4.721759462899403070e-01
4.640074415531965646e-01
4.553040161449545264e-01
4.460199562206528801e-01
4.361069719246536414e-01
4.255142547287960597e-01
4.141719344827112237e-01
4.020687526401289236e-01
3.891203452753138614e-01
3.752711785795686539e-01
3.604713589339899604e-01
3.446712151465183838e-01
3.278264747864661488e-01
3.099015500198081252e-01
2.908733672447616492e-01
2.707356954434450014e-01
2.495025642942444444e-01
2.272014999398877799e-01
2.037609861020786561e-01
1.807156000202027879e-01
1.560890074827425700e-01
1.313236243583405793e-01
1.067800995550682586e-01
8.296239600577438866e-02
6.052194883069271503e-02
