9.075463442853644036e-01
9.055564265199889107e-01
9.037800204074954991e-01
9.022531434087979196e-01
9.010239866288578536e-01
9.001510288184372266e-01
8.994010141061655750e-01
9.000359539379629847e-01
9.009471946678212495e-01
9.028644565660179921e-01
9.061146459345265081e-01
9.112034647547834210e-01
9.189142591532951654e-01
9.304957790415397945e-01
9.479403494091768190e-01
9.738451296777094202e-01
1.003620786084457484e+00
8.870731104820910318e-01
2.991781485488701105e-03
3.342138503133340599e-01
5.283951392872987540e-01
6.116569836204429622e-01
6.548653307625336151e-01
6.803148066574381536e-01
6.965554806701297341e-01
7.074789878338798577e-01
7.150912696045019779e-01
7.205259940790084139e-01
7.244705843337898576e-01
7.273656705827056257e-01
7.295068227057384114e-01
7.311007594349002714e-01
7.323046815229078410e-01
7.330647663746200360e-01
7.338163783012650043e-01
7.343479988976726602e-01
7.347689039720260995e-01
7.351205312630103572e-01
7.354334627493870347e-01
7.357316120934745962e-01
7.360339302686330631e-01
7.363554639297427151e-01
7.367080948745340363e-01
7.371010781522067123e-01
7.375414399443225300e-01
7.380342735295825074e-01
7.385829605828655442e-01
7.391893411270478165e-01
7.398538610714624486e-01
7.405757578687542919e-01
7.413534832366287519e-01
7.421863332078202369e-01
7.430858556240368396e-01
7.426983628685204231e-01
7.447747711615958499e-01
7.457524669234789627e-01
7.467091832594539014e-01
7.476458262761768170e-01
7.485465793955784486e-01
7.493897194523261307e-01
7.501485854833441769e-01
7.507911322059568349e-01
7.512789688278560529e-01
7.515659977013331439e-01
7.515965967187013819e-01
7.513032096796279369e-01
7.506031324595293652e-01
7.493941810590777353e-01
7.475487777718906601e-01
7.449057628347307558e-01
7.412588818179918215e-01
7.363403320507425631e-01
7.297968370368536073e-01
7.211542235643761956e-01
7.097640135332441425e-01
6.947214917138319068e-01
6.747382159701068582e-01
6.479424006235052769e-01
6.115705389119457935e-01
5.615214855136243521e-01
4.918571202016795985e-01
3.949054433817090204e-01
2.648447838353394368e-01
1.135446476572269520e-01
6.394844349360445310e-03
5.478488400625469712e-02
2.612083252409482248e-01
4.907185565351717127e-01
6.602914008310787342e-01
7.684144985369480985e-01
8.350661762366211605e-01
8.765257668204597952e-01
9.028542143825664112e-01
9.198895999967572346e-01
9.310142204332494398e-01
9.382245980095245130e-01
9.427283952138788559e-01
9.452742458561212979e-01
9.463367804542333062e-01
9.462229286751938639e-01
9.451346274322626195e-01
9.432067971921448413e-01
9.405309216658415128e-01
9.371700302022940576e-01
9.331684178232885207e-01
9.285580671035752465e-01
9.233629553742922491e-01
9.176019756974131969e-01
9.112909289835341431e-01
9.044438797301855848e-01
8.970740654657001212e-01
8.891944849287098940e-01
8.808182472680224917e-01
8.719587344297089482e-01
8.626296037051398580e-01
8.528446272758882785e-01
8.426173082959885763e-01
8.319600561690478902e-01
8.208821428441711587e-01
8.093829945008026439e-01
7.974176966031083502e-01
7.844185986774198094e-01
7.729412240106566800e-01
7.602602512300120630e-01
7.469192689303052468e-01
7.334517428088831448e-01
7.195066394103416529e-01
7.052443314515118855e-01
6.906448103092091007e-01
6.756922490122847513e-01
6.603667067468872443e-01
6.446418327808614013e-01
6.284833172394187484e-01
6.118473482147627207e-01
5.946788651260909164e-01
5.769094849175760986e-01
5.584549711386838089e-01
5.392119938239132715e-01
5.190526488539853878e-01
4.976444267739995042e-01
4.753816675415731829e-01
4.514384495634483629e-01
4.257585693604193366e-01
3.980213418910597545e-01
3.678504262930970548e-01
3.348136501150903999e-01
2.984382907978674893e-01
2.582601287895535114e-01
2.139462040785052588e-01
1.655737821950076238e-01
1.142284010053772753e-01
6.321044996334208854e-02
2.022900086223945043e-02
5.302010537786645741e-04
2.850918874579734877e-02
1.299169910430041375e-01
3.075217089378462498e-01
5.210768037756298154e-01
7.113849069387495616e-01
8.449907858454100973e-01
9.226605743584624930e-01
9.601165051066774536e-01
9.730688668006227671e-01
9.724867351238475344e-01
9.651755542815042554e-01
9.549262696340393708e-01
9.432832188501417692e-01
9.291169713686189269e-01
9.066255513117197351e-01
8.669136523899361180e-01
8.251170052064739080e-01
8.322984276625755573e-01
8.734551036946018865e-01
8.938067880256534981e-01
8.918432449943666240e-01
8.823105256916388139e-01
8.723036486504690545e-01
8.638538332505144579e-01
8.572687210911669187e-01
8.523994590469636812e-01
8.464510071269518710e-01
8.469398669735800356e-01
8.459837028915186963e-01
8.460231141163007118e-01
8.469559836996300994e-01
8.486985363657228998e-01
8.511806216116211132e-01
8.543416048708984967e-01
8.581272767174529248e-01
8.624875651308173685e-01
8.673747867606886874e-01
8.727403714707269167e-01
8.784488148578912803e-01
8.840218626339184649e-01
8.909628971443043222e-01
8.977774297751656141e-01
9.047530943079874488e-01
9.118543960743080712e-01
9.190150292676072530e-01
9.261534166634912690e-01
