1.085921464516432344e+00
1.093458558611971831e+00
1.097403127447291071e+00
1.098223722317548168e+00
1.096387419830826548e+00
1.092348699779484011e+00
1.086540737243915089e+00
1.079368825475357063e+00
1.071205658496824809e+00
1.062388217528097201e+00
1.053216022482389880e+00
1.043950528210982442e+00
1.034815464309574606e+00
1.025997936648542552e+00
1.017650127948621863e+00
1.009891453373001236e+00
1.002811044983124233e+00
9.964704558277794888e-01
9.909064902584616696e-01
9.861340816994755842e-01
9.821491525020160651e-01
9.789314026518068923e-01
9.764469849971545434e-01
9.746510343437275736e-01
9.734900262757826273e-01
9.729039489689708109e-01
9.728282776309472579e-01
9.731957466154369518e-01
9.739379187864039000e-01
9.749865554399320677e-01
9.762747931052616623e-01
9.777381359209826872e-01
9.793152740968364967e-01
9.809487402955926472e-01
9.825854166820260360e-01
9.841769059513644224e-01
9.856797799477091671e-01
9.870557195939302364e-01
9.882715598924800560e-01
9.892992538894390675e-01
9.901157700352117841e-01
9.907029389707519007e-01
9.910472699193805246e-01
9.911397674067830010e-01
9.909758068662122277e-01
9.905552079255546261e-01
9.898829097390428045e-01
9.889717323559180651e-01
9.878547779997581824e-01
9.866786179253668188e-01
9.754618148210529860e-01
9.821189671488641526e-01
9.802499538280862179e-01
9.780366484433838936e-01
9.756025884363342948e-01
9.729815536090351547e-01
9.701892363982154155e-01
9.672320825791996812e-01
9.641065768455698848e-01
9.607936647720006773e-01
9.572457386342202446e-01
9.533559836308489466e-01
9.488763861109682507e-01
9.431483401527251953e-01
9.337373569437835696e-01
9.076341012909402428e-01
3.707371371742572697e-01
9.267350307964226097e-01
9.410841488635246499e-01
9.391869155007676051e-01
9.341858815973609342e-01
9.335293563384313709e-01
9.306391687668844614e-01
9.279426564661030774e-01
9.254014697914407783e-01
9.230013689933982413e-01
9.207332711213987997e-01
9.185904595568286091e-01
9.165675133637209981e-01
9.146597138328499410e-01
9.128626833571180654e-01
9.111721635358166482e-01
9.095838823752675495e-01
9.080934799738114016e-01
9.066964730993497534e-01
9.053882457979304244e-01
9.041640574207429060e-01
9.030190621931146744e-01
9.019483362425448902e-01
9.009469091992766687e-01
9.000097982930747031e-01
8.991320434309737486e-01
8.983087421329578603e-01
8.975350834854330939e-01
8.968063804785560977e-01
8.961181002481551916e-01
8.954658918646507537e-01
8.948456114116063453e-01
8.942533441857767329e-01
8.936854239425304769e-01
8.931384492170740819e-01
8.926092968936869543e-01
8.920951334075831740e-01
8.915934243017742400e-01
8.911019434368504522e-01
8.906187841671003858e-01
8.901423766769845924e-01
8.896715192980695353e-01
8.892054389927736002e-01
8.887439120506878121e-01
8.882875127022620276e-01
8.878381498140833772e-01
8.874003121283533524e-01
8.869842882361166359e-01
8.866159678725293869e-01
8.863752928767134609e-01
8.866085760774190527e-01
8.723047607490780342e-01
8.821025802121643666e-01
8.819715004420394244e-01
8.782721045423080852e-01
8.826762738037525757e-01
8.818349838091958937e-01
8.810795087428728856e-01
8.803177102475208127e-01
8.795030321803232187e-01
8.786066575927423683e-01
8.776010983654745079e-01
8.764546728455658853e-01
8.751282038278783704e-01
8.735717410824359597e-01
8.717203556858299507e-01
8.694881310532334151e-01
8.667590521724497510e-01
8.633724515228361485e-01
8.590982685428378840e-01
8.535912279374473499e-01
8.462942885433665241e-01
8.361889832073778894e-01
8.209035138115443608e-01
7.922602189173471032e-01
7.707868360748788561e-01
7.564737128921887876e-01
6.998977331050927342e-01
5.946814896234235981e-01
3.879735256902597795e-01
6.199778473024335906e-02
2.348413510219748701e-01
7.204497049878613169e-01
9.039673129943677221e-01
9.614982557140711039e-01
9.810263205468257031e-01
9.878416110131685857e-01
9.899353470263780874e-01
9.901732560542092498e-01
9.896851456264634805e-01
9.889431352916709939e-01
9.881483696504854697e-01
9.873837574714305898e-01
9.866790390697331992e-01
9.860401775051982343e-01
9.854632352131231787e-01
9.849411327753535561e-01
9.844669971804537179e-01
9.840358157601476474e-01
9.836452203615418943e-01
9.832958087580012663e-01
9.829912072351655317e-01
9.827379763590777806e-01
9.825454094190476662e-01
9.824252454051882744e-01
9.823913036054144898e-01
9.824590388923284401e-01
9.826450123340673137e-01
9.829662691512934813e-01
9.834396142004037111e-01
9.840807733250155342e-01
9.849034263341537310e-01
9.859180930679758426e-01
9.871308464894850143e-01
9.885418134226102715e-01
9.901433998297931582e-01
9.919181347860942521e-01
9.938359488751375981e-01
9.958505548482161629e-01
9.978943093493721772e-01
9.998703434561422299e-01
1.001639472483703663e+00
1.002996446208179737e+00
1.003622734994599863e+00
1.002982861848177532e+00
1.000069232356136206e+00
9.926713193011021952e-01
9.745267086034397064e-01
9.515975223811991013e-01
9.182777469862756226e-01
8.842375610435969646e-01
8.238627442955241964e-01
6.729808485098529580e-01
3.299410687527966624e-01
