6.320423608273622040e-01
6.467522245359742517e-01
5.801881381149915917e-01
6.938316515743992996e-01
7.126329015096865005e-01
7.325719872829070667e-01
7.518351260348145049e-01
7.694217460872956327e-01
7.843794120831557581e-01
7.955808830648860575e-01
8.014548119682479710e-01
7.994576290875671232e-01
7.848507313664762064e-01
7.475040440548449405e-01
6.637324065702681075e-01
4.652144785482541511e-01
7.089978326134960263e-02
2.938012470865323245e-01
8.039010112613105274e-01
9.592187238416403083e-01
1.004504765160778135e+00
1.018831181174137956e+00
1.022436503156234355e+00
1.021550462396251024e+00
1.018458742772500925e+00
1.014135010696084915e+00
1.009054440145835230e+00
1.003480626677243803e+00
9.975774807202908434e-01
9.914563949790525799e-01
9.851974537227714546e-01
9.788596005027765390e-01
9.724859280181425980e-01
9.661067790328673466e-01
9.597418746777998111e-01
9.534020265999310073e-01
9.470906766744493499e-01
9.408053437370483829e-01
9.345389359148021935e-01
9.282806948582034146e-01
9.220159267033770645e-01
9.157207613567319715e-01
9.093259553463204359e-01
9.020799003007738959e-01
8.978708631481517877e-01
8.912844667878987437e-01
8.850209125988522940e-01
8.789381039309255295e-01
8.731743628205906882e-01
8.665842404393691023e-01
8.619242918137870468e-01
8.575042062763539308e-01
8.540907618035157300e-01
8.523588924380491871e-01
8.531451355074625154e-01
8.581719562708964855e-01
8.705574393856376769e-01
8.967052442043289551e-01
9.492302434359231045e-01
9.813111751712080277e-01
1.207624270499489151e-02
2.821266312103048457e-01
4.293325393424627379e-01
4.848176134740409537e-01
5.071847364576662631e-01
5.141557605946004417e-01
5.124393421385201597e-01
5.049786155162864221e-01
4.931331884945053257e-01
4.774581743276009038e-01
4.580000751155169914e-01
4.343779532107303054e-01
4.057098291856857664e-01
3.702958861343453867e-01
3.245582491653072887e-01
2.581446730593536798e-01
1.049275075921532324e-01
4.017876674238810564e-01
1.975599159243101588e-01
8.907361392429605229e-02
1.210195661114229181e-02
2.606796366055132846e-02
2.253865755653686465e-01
5.598020110466952470e-01
8.235268233227741597e-01
9.473516922703331122e-01
9.836176124929825182e-01
9.815338162921311005e-01
9.655606137300704050e-01
9.459531891996304509e-01
9.267293191185819179e-01
9.093405149113947816e-01
8.941255108520096417e-01
8.806731388358648438e-01
8.695952691127400991e-01
8.612546387263679826e-01
8.538450200628985298e-01
8.479362636734034675e-01
8.433464286062835047e-01
8.399313349405151952e-01
8.375681355058083311e-01
8.361505498145328508e-01
8.355855387564766756e-01
8.357901396439907371e-01
8.366873914472503504e-01
8.381971840992853418e-01
8.401917200524824381e-01
8.414466418400287084e-01
8.470362590474588282e-01
8.503048997829588673e-01
8.542244638512737076e-01
8.585524906112634858e-01
8.632174087159131259e-01
8.681703730302818833e-01
8.733683515918084783e-01
8.787712476651493576e-01
8.843488554481243602e-01
8.900924576269818589e-01
8.931174455703215775e-01
8.997550958424748169e-01
9.040781702684593801e-01
9.039814031838869779e-01
7.801461755155554290e-01
9.420031198150742302e-01
9.424765398549124207e-01
9.467140381861636200e-01
9.518880014217179220e-01
9.573767950436139484e-01
9.629628207515470439e-01
9.685557928169375996e-01
9.741293975008561423e-01
9.797153051259513967e-01
9.854354212441419625e-01
9.916075044242329550e-01
9.990936198673231461e-01
1.010839477152190247e+00
1.045049705953207786e+00
8.246973260915123616e-01
9.545172781288493447e-01
9.695919330602563724e-01
9.737340054633236708e-01
9.733675154223440096e-01
9.694325703014011753e-01
9.613909193675674869e-01
9.473399908119134460e-01
9.227325274189349669e-01
8.757807524542399191e-01
7.692607166522938966e-01
4.605157998435535083e-01
6.222183388622821998e-02
7.272659310144600209e-01
9.328654864151034731e-01
9.702500381172054489e-01
9.520435146233012791e-01
9.931598389280948957e-01
9.855673286296329216e-01
9.733018521993961336e-01
9.602320045996135534e-01
9.436663224035560793e-01
9.229632599462279652e-01
8.957829822081115889e-01
8.570990624439135397e-01
7.946704826708776981e-01
6.722210305318010448e-01
3.614731854383603782e-01
7.582188529823595535e-02
8.344490234341738200e-01
9.769476343954143216e-01
9.847448431577531247e-01
9.728319948705331788e-01
9.579963109055537052e-01
9.434539261918858388e-01
9.298804780001749259e-01
9.173901301033401401e-01
9.059781577288592569e-01
8.956312167635546162e-01
8.863557439677269834e-01
8.781929468309804809e-01
8.713038932020207294e-01
8.442234157511276926e-01
8.594105854470792671e-01
8.560177347536073178e-01
8.536337440706388557e-01
8.498904008651492203e-01
8.534469817570424777e-01
8.548624537433194837e-01
8.576324985678254187e-01
8.616202480991640433e-01
8.666994503852448739e-01
8.726712319210597757e-01
8.790871467867860112e-01
8.797286273223218211e-01
8.971232821342636221e-01
9.033637860466721126e-01
9.087831461697404301e-01
9.105658944082134498e-01
9.004752963453029890e-01
7.775005418849658678e-01
1.031770463773205027e+00
9.905275045899467612e-01
