8.854399706624880295e-01
8.775729168926641455e-01
8.725281082566633817e-01
8.697442446326463239e-01
8.687010115000511901e-01
8.689302468846100691e-01
8.700238705171016163e-01
8.716372496035263984e-01
8.734895660475008317e-01
8.753617848373158594e-01
8.770929695265169412e-01
8.785763917895316188e-01
8.796940020008002792e-01
8.805733910868865921e-01
8.810974732486271943e-01
8.813482340917268010e-01
8.813948891057675761e-01
8.813209386377723886e-01
8.812493983325592195e-01
8.812747534086263768e-01
8.815408902820731640e-01
8.822074995493539573e-01
8.835040288467236325e-01
8.856541886255888674e-01
8.681876501383823941e-01
8.858873132856550647e-01
8.909594986845188469e-01
8.961417237618682918e-01
9.021572507750269532e-01
9.091915851306533458e-01
9.173141286384406401e-01
9.265203389643849041e-01
9.367204514381916036e-01
9.477014929040898927e-01
9.590594167861340447e-01
9.700868636039831072e-01
9.795915869818230259e-01
9.856089351182020231e-01
9.849653464507415190e-01
9.726753831596532951e-01
9.412913378825791266e-01
8.807472801343187996e-01
7.801414499925234391e-01
6.337583581837320512e-01
4.514560349110463000e-01
2.646557181032276329e-01
1.147669992149169121e-01
2.686012111812220368e-02
2.032440940653037174e-04
1.785234087554068289e-02
6.113502828293049252e-02
1.163573875898886584e-01
1.753190567411218870e-01
2.337294029846258003e-01
2.896242702028289928e-01
3.422921521817986479e-01
3.916459443216492864e-01
4.378817105770045348e-01
4.813018643402487973e-01
5.222273537393145038e-01
5.609563989139090268e-01
5.977408380174722424e-01
6.328179366308144260e-01
6.663286886892746397e-01
6.984092746950635311e-01
7.291458481773026579e-01
7.585892729541203749e-01
7.867582018552713441e-01
8.136420096438246041e-01
8.392033767428215274e-01
8.633805191883934249e-01
8.860890861461424572e-01
9.072237624086627594e-01
9.266596599743999185e-01
9.442536334454059155e-01
9.598444626429788462e-01
9.732001479453852300e-01
9.845928104694806615e-01
9.936129601224111818e-01
1.001450180539763757e+00
1.018259372207052094e+00
9.304321025015057645e-01
9.575875603849691720e-01
9.424218625978190156e-01
9.111774480345512517e-01
8.597643651234139206e-01
7.770546252121418584e-01
6.423461354294274228e-01
4.257286238292286029e-01
1.372668602069467558e-01
7.232844013398884858e-03
2.695918901252089550e-01
6.047372999536406724e-01
8.088391263731439240e-01
9.132013651923808206e-01
9.646382903289919541e-01
9.886927794743729514e-01
9.978741265364247104e-01
9.986244134961133057e-01
9.941944327378811064e-01
9.865233054530379020e-01
9.767408654454866612e-01
9.655498781570593936e-01
9.534021108559155300e-01
9.405915161366535937e-01
9.273033516563881085e-01
9.136368478364293999e-01
8.996074880832997112e-01
8.851253022279791383e-01
8.699296572386970849e-01
8.534072907667151764e-01
8.341136785455081082e-01
8.077996478542007752e-01
7.558040341010462404e-01
3.391440480746955588e-01
9.605722166908557957e-01
8.790253588946712604e-01
8.495528964642254932e-01
8.317976144735943489e-01
8.188609403805514608e-01
8.086014111829848972e-01
8.001488110050342106e-01
7.930922386004414237e-01
7.872208838598862002e-01
7.824236227948115907e-01
7.786447544647099317e-01
7.758627335778919276e-01
7.740794885584540985e-01
7.733151695137610027e-01
7.736060536678740496e-01
7.750046314662224489e-01
7.775815817233709959e-01
7.814298158908434822e-01
7.866712338041971231e-01
7.934674417359381948e-01
8.020366098885816086e-01
8.126800747215853216e-01
8.258241281373004394e-01
8.420824204033008353e-01
8.623267790676752975e-01
8.876153724474754592e-01
9.177844239452431774e-01
9.377121948143996022e-01
7.609671617362870899e-01
2.194117076760241161e-02
3.585775018643615475e-01
5.711448313195827131e-01
6.750752899589514966e-01
7.381743062744644535e-01
7.850040877787284321e-01
8.228275451145499186e-01
8.556740061314170864e-01
8.852750970026698196e-01
9.125003928935123687e-01
9.372399113538665283e-01
9.590598462079511499e-01
9.768969692419329220e-01
9.889972858416372636e-01
9.927152418358641262e-01
9.842620912270320099e-01
9.584942511080969396e-01
9.089807063043620072e-01
8.288437918396294180e-01
7.129474050656977591e-01
5.666258354267778019e-01
3.963979739784199152e-01
2.322578414384795231e-01
1.033901739617487936e-01
3.524928840427512394e-02
4.057218401704379418e-03
3.209593576538993798e-02
8.903128164525900279e-02
1.616465430533005898e-01
2.403044466147809533e-01
3.189868520646050309e-01
3.944482951439072238e-01
4.651275488746404174e-01
5.304520504368660516e-01
5.904072235002568725e-01
6.452321170888696278e-01
6.952960635411733481e-01
7.410065171155654218e-01
7.827657795032191279e-01
8.209469549262564669e-01
8.558839184453848059e-01
8.878627538087054960e-01
9.171063527908849267e-01
9.437890859722225523e-01
9.680213367669617819e-01
9.898503978483663701e-01
1.009259240886766884e+00
1.026166436929441206e+00
1.040427369162153282e+00
1.051836748898892004e+00
1.060132273275451675e+00
1.064999018630349736e+00
1.066073782525665647e+00
1.062947912119892813e+00
1.055165817653719307e+00
1.042213508546402156e+00
