6.918515357420126355e-01
6.933933677075765356e-01
6.950012496188887612e-01
6.966838307724141366e-01
6.984495186335869521e-01
7.003064425864864440e-01
7.022623786461805739e-01
7.043246521368969892e-01
7.065000300010794154e-01
7.087946105243230210e-01
7.112137154124090754e-01
7.137617870402295228e-01
7.164422920882583812e-01
7.192576314886024447e-01
7.222090553892943632e-01
7.252965802854928201e-01
7.285189024400652302e-01
7.318732934803504619e-01
7.353554349342081853e-01
7.389590116343039972e-01
7.426738824017760088e-01
7.464597500979733846e-01
7.504936357635557664e-01
7.544763603862805201e-01
7.585514927110373895e-01
7.626857700083484737e-01
7.668618389380885692e-01
7.710715616112180371e-01
7.753827915487513378e-01
7.783512645665173757e-01
7.830607469656204467e-01
7.870470001892928558e-01
7.908256600777676670e-01
7.943783318251991243e-01
7.976525039905920655e-01
8.005794031237672970e-01
8.030743359594186837e-01
8.050333193473908633e-01
8.063273746795338592e-01
8.067940909325576060e-01
8.062253131749990143e-01
8.043490026029523898e-01
8.008020758902240077e-01
7.950889806990181219e-01
7.865172867165991510e-01
7.740956558244830310e-01
7.563697114062837290e-01
7.311562717208283102e-01
6.951197069125074623e-01
6.431463928847181988e-01
5.676641442577531338e-01
4.590119196537136848e-01
3.112952790294603034e-01
1.434913626386281060e-01
2.832137750978573967e-02
5.276920934941710384e-02
2.045593244887097817e-01
3.867082856787334433e-01
5.346897050601467916e-01
6.385725067228293916e-01
7.084602888631893469e-01
7.553667177181889736e-01
7.871391545697896674e-01
8.088288642700607323e-01
8.236584131175028745e-01
8.336481244580175032e-01
8.401529298709773386e-01
8.440746129549381305e-01
8.460380705106562704e-01
8.464892070944762814e-01
8.457562595342090761e-01
8.440889278598466827e-01
8.416839741990039814e-01
8.387024564337196564e-01
8.352817460154265961e-01
8.315443113037379597e-01
8.276045705572867561e-01
8.235747284892981357e-01
8.195702488096626714e-01
8.157147690405149865e-01
8.120267798545061089e-01
8.090858777513744160e-01
8.066781069165517293e-01
8.053006624282275094e-01
8.032595271988212104e-01
8.061005602753048560e-01
8.102155432822747416e-01
8.177896601806917687e-01
8.304809444613472369e-01
8.507789522236320900e-01
8.820119614221936244e-01
9.233968792118696367e-01
9.157084171744778178e-01
5.995813665806799531e-01
3.070577935431706984e-01
8.558782377346121906e-02
1.782498126448350817e-01
2.674626032968324685e-01
3.199142071118217800e-01
3.498984887541581323e-01
3.665071039983116008e-01
3.745354515487405722e-01
3.757403383444088418e-01
3.753495413991449481e-01
3.696866541804264550e-01
3.612614618129002531e-01
3.503109085988324600e-01
3.374835564868473581e-01
3.192263942846888525e-01
3.011766322950897856e-01
2.798774830207584330e-01
2.555829663945953789e-01
2.281686405333484269e-01
1.975513631937781678e-01
1.638505861846951961e-01
1.276315737993221622e-01
9.031317293139343172e-02
5.480701951660484766e-02
2.636647384537381747e-02
1.331235705245005507e-02
2.667189616128180438e-02
7.729851383182978486e-02
1.702730263479086681e-01
2.997657534283025282e-01
4.489459255405224281e-01
5.959696237861021872e-01
7.226447153836820236e-01
8.201953486917568092e-01
8.889011495267714613e-01
9.339816167019890925e-01
9.617688990589245979e-01
9.777462798623346441e-01
9.860215142341193229e-01
9.894538603464253512e-01
9.899564362964784481e-01
9.887789264966092562e-01
9.867105219102706437e-01
9.836298860467534988e-01
9.821277344559605771e-01
9.798669614237248693e-01
9.779278322326645512e-01
9.763499083928212086e-01
9.751535566822669976e-01
9.743382263170773383e-01
9.738881677708004503e-01
9.737770169681791987e-01
9.739707317728036884e-01
9.744212021444249583e-01
9.750677953854200997e-01
9.759502431183292304e-01
9.769223361334267164e-01
9.779460362446859012e-01
9.789455452667908952e-01
9.798170791984756045e-01
9.804008685670441148e-01
9.804047824395194510e-01
9.791619553147967725e-01
9.746061800325300783e-01
9.543980766545397953e-01
7.120212826300512665e-01
9.064437586697795535e-01
9.861207905019444553e-01
9.924951043357826963e-01
9.934201424625032084e-01
9.929839675801556131e-01
9.918467379945076212e-01
9.901414743306390376e-01
9.878825317008691487e-01
9.851187388751795337e-01
9.777124366365156360e-01
9.760598487986807958e-01
9.705933218796274353e-01
9.636630346308705519e-01
9.548902420510457789e-01
9.434954047448158576e-01
9.274744789822684243e-01
9.061552053395225403e-01
8.712939302060594970e-01
8.079699827216171304e-01
6.690623077597439572e-01
3.462940820733050318e-01
1.770330613132715669e-01
5.372310136134723635e-01
7.854590459792836210e-01
7.654891872403950526e-01
2.169267145933369556e-01
4.301159382149111754e-01
7.479694531137858204e-01
8.218494266299395390e-01
8.447310680696005214e-01
8.512328670758313454e-01
8.506682826206206638e-01
8.464041771268322467e-01
8.399082123355741114e-01
8.319076811439684027e-01
8.227822192866731665e-01
8.120850481549692912e-01
8.015850342811484674e-01
7.900302985922389443e-01
7.777375060670473905e-01
