6.195052380585257534e-01
6.113468725487118949e-01
6.044039887856816895e-01
5.988555324112343481e-01
5.948110079758992530e-01
5.923255988762234914e-01
5.914098881992598811e-01
5.920373328629129350e-01
5.941511584023478898e-01
5.976706880966503599e-01
6.024970755727725447e-01
6.085184280767725884e-01
6.156143322525996497e-01
6.236598314813642796e-01
6.325290076245708715e-01
6.420988555229291128e-01
6.522598162515808040e-01
6.622825236783869141e-01
6.737217862234151644e-01
6.849356721061889974e-01
6.962933575467273872e-01
7.077197029447024335e-01
7.191417771808489290e-01
7.304943950363804728e-01
7.417187336293035171e-01
7.527753792971718649e-01
7.636128185892211429e-01
7.741999577077710581e-01
7.845181097527912373e-01
7.945385413723556889e-01
8.042485020583666211e-01
8.136371285840366951e-01
8.226973016912576542e-01
8.314249683942379621e-01
8.398184915960352770e-01
8.478780899428000062e-01
8.556055592364630868e-01
8.630060468495043269e-01
8.699007282442676736e-01
8.767840221867475581e-01
8.831989177526577972e-01
8.892834115744340240e-01
8.950385997049408182e-01
9.004620142520211035e-01
9.055489486213255113e-01
9.102923845860741991e-01
9.146826769235664178e-01
9.187070955120250071e-01
9.223492026053594639e-01
9.255880084332142044e-01
9.283968249160831077e-01
9.307417113924121299e-01
9.325793724994601019e-01
9.338543218289850900e-01
9.344950584606473987e-01
9.344089037963489996e-01
9.334749847294598890e-01
9.315345517671523856e-01
9.283771526954690545e-01
9.237192243498317801e-01
9.171635769400233729e-01
9.080699091647594923e-01
8.901486891775252097e-01
8.760321911509441062e-01
8.706697445909996613e-01
8.422882243105426214e-01
8.094692283174819147e-01
7.685214156233685090e-01
7.174496997411186072e-01
6.547312445239293899e-01
5.796592082673515112e-01
4.930295034031929036e-01
3.978755010759703614e-01
2.998141219144381808e-01
2.064899079782188951e-01
1.259669109196055181e-01
6.374965248886244051e-02
2.417930601011831354e-02
5.331274497589541181e-03
4.034956634865000114e-03
1.578811677881499301e-02
3.619040998946575216e-02
6.190345537191234426e-02
8.886903946464808079e-02
1.170103955352741337e-01
1.444827393154425321e-01
1.708834262756693534e-01
1.924596907974406856e-01
2.161839329552650568e-01
2.370855757872917247e-01
2.562515338254199304e-01
2.737901828854134578e-01
2.899314139314080885e-01
3.048246099491019323e-01
3.186161913746172192e-01
3.314419733454573302e-01
3.434256781313157481e-01
3.546786048216216680e-01
3.652999050440681739e-01
3.753771844673328695e-01
3.849872510690034999e-01
3.941968962956459710e-01
4.030636381613509900e-01
4.116363823354017848e-01
4.199559730172809924e-01
4.280556131235609962e-01
4.359611349979857775e-01
4.436910993989917062e-01
4.512566918133762983e-01
4.586613699593075077e-01
4.659001919189221241e-01
4.729587154962219264e-01
4.798112967051488265e-01
4.864185114477618255e-01
4.927232467477284938e-01
4.986446921652486486e-01
5.040688762683303015e-01
5.088332509231959788e-01
5.127004658175543517e-01
5.153112480242320048e-01
5.160937087714488891e-01
5.140727204053555655e-01
5.074199451952624562e-01
4.922068964074350350e-01
4.580187539620049764e-01
3.649605399028839070e-01
2.142648711778269779e-02
8.585408076709430958e-01
7.957432388838919790e-01
7.116620329864188355e-01
6.664353864109421322e-01
6.238015808910105653e-01
5.643658846180262811e-01
4.546231082726646666e-01
2.102104480248351837e-01
1.470131669522834472e-01
8.826459734636078469e-01
9.664621076909835073e-01
9.545320256093199340e-01
9.400018856750880225e-01
9.303740351926893526e-01
9.248585781966099928e-01
9.221803304254992950e-01
9.210426926491390720e-01
8.893040801289964215e-01
9.232476687801052240e-01
9.295226934554451370e-01
9.325502484258468838e-01
9.358938386289089584e-01
9.395285132163627706e-01
9.433612477755135561e-01
9.475747032628872857e-01
9.546574694998546384e-01
9.391767771599581760e-01
9.476195695645349693e-01
9.461961195257682089e-01
9.318509778458148318e-01
7.639228442930841023e-01
9.745752433571938100e-01
9.931553976742472090e-01
9.927545412428477878e-01
9.928645356950148715e-01
9.933609377408251229e-01
9.939411964339345262e-01
9.944248137389842812e-01
9.947051358546915578e-01
9.947166978487064215e-01
9.944190791742738567e-01
9.937891826774102322e-01
9.928176979500783483e-01
9.915077100161060475e-01
9.898743853936172732e-01
9.879450185048431754e-01
9.857586555363681002e-01
9.833635792608158566e-01
9.807782002938509880e-01
9.781863181779271166e-01
9.754409715208524068e-01
9.725110894583250953e-01
9.690384736135817523e-01
9.640279940940043035e-01
9.549048389584575691e-01
9.350583983162069623e-01
8.873837987506599800e-01
7.698768102391646551e-01
5.118626306820904803e-01
1.564646922161309073e-01
9.217764037259617085e-03
9.956649274468468147e-02
2.303473320715686556e-01
3.767760809364793517e-01
3.311856189393108663e-01
3.926603164297195470e-01
4.242115304889561012e-01
4.428126843037122340e-01
4.524680307192053275e-01
4.540212319554643994e-01
4.448679399138533719e-01
4.066821659597380512e-01
3.778160983986231791e-01
