7.310288696714543066e-01
7.294056499712280317e-01
7.277073952726076378e-01
7.261906989186507344e-01
7.250706610534706220e-01
7.245262548248943002e-01
7.246980132574926126e-01
7.256910248384640383e-01
7.275771658665647346e-01
7.303977617569976655e-01
7.341664763831775575e-01
7.388723298783805848e-01
7.444827766205446284e-01
7.509468617953736214e-01
7.582006607060983727e-01
7.661514780800403601e-01
7.747277047993333943e-01
7.838238967349988595e-01
7.933388322336371035e-01
8.031679403082538915e-01
8.132059432963669732e-01
8.233491547995973603e-01
8.334991865594842952e-01
8.435869518264809130e-01
8.532443022285457479e-01
8.629027003470564061e-01
8.721305648274637612e-01
8.809184801380306462e-01
8.892065195665094235e-01
8.969383143687045257e-01
9.040642127567199982e-01
9.105416635281687876e-01
9.163352290869691830e-01
9.214171486237674458e-01
9.257705298053462428e-01
9.294033094729962086e-01
9.324186742643042480e-01
9.356556638213306965e-01
9.261570105476705228e-01
9.316395138027229184e-01
9.307938560116546522e-01
9.280834406558933214e-01
9.235132601840301270e-01
9.167092621844123990e-01
9.070371109983500491e-01
8.935316529118241258e-01
8.747526486885817132e-01
8.485675595891106759e-01
8.118602058998585225e-01
7.602206570019164333e-01
6.878634443738536053e-01
5.885055680862970595e-01
4.587515429826362623e-01
3.044866609327625540e-01
1.537118393649217762e-01
4.575904602786325104e-02
1.562109256158659802e-02
6.982077222919252923e-02
1.933767321843541109e-01
3.791632373213812413e-01
6.602924990081403545e-01
9.323862784536925963e-01
2.209848240357324411e-01
7.304680175622594619e-03
8.744865778138127821e-02
1.678158365241946004e-01
2.293894512937483809e-01
2.752828443190036278e-01
3.127761875464487029e-01
3.416617386182775884e-01
3.648637078383767385e-01
3.837441188895266975e-01
3.992604000679238485e-01
4.121142877003525218e-01
4.228326268659454157e-01
4.318189543618933812e-01
4.393875671790851700e-01
4.457866633936187761e-01
4.512144265221874617e-01
4.558304010436487475e-01
4.597636173784871438e-01
4.631183814579482028e-01
4.659782905178319057e-01
4.684087796134525084e-01
4.704582744407222461e-01
4.721577521780090381e-01
4.735180715203227142e-01
4.745235555635249902e-01
4.751182883690734937e-01
4.751763019378284492e-01
4.744309792863583564e-01
4.722821523571016922e-01
4.671357910790416290e-01
4.530580312633631368e-01
3.741826830077827903e-01
5.988117694829808713e-01
5.304146970200991351e-01
5.163827134616694181e-01
5.100618764369934111e-01
5.057700016734204551e-01
5.015856030787977371e-01
4.961755051554332385e-01
4.877477181570211706e-01
4.722106444347580201e-01
4.261596550157772390e-01
4.639744395153128087e-01
3.392960278719958089e-01
1.334725473168764942e-01
8.521955777414110811e-01
7.592665424561766407e-01
7.119051399789366741e-01
6.918175570020319576e-01
6.854644938005420851e-01
6.749748012268294017e-01
6.777293648017015393e-01
6.810928399991731386e-01
6.858955466338748641e-01
6.919120803404870124e-01
6.989357087544109115e-01
7.068166792225388795e-01
7.154519328905226683e-01
7.247773583942931364e-01
7.347693097920295902e-01
7.454626285204887237e-01
7.570091501544561341e-01
7.698693984920459421e-01
7.854806800402740485e-01
8.186343754001123019e-01
7.186526394098724513e-01
7.470710361392894905e-01
8.062559175470921380e-01
8.206988372817352051e-01
8.335983387382912557e-01
8.457404847575443751e-01
8.568904248045000616e-01
8.686920998472932309e-01
8.795457303146995143e-01
8.899753115359001487e-01
8.999571998543279827e-01
9.094574831359274469e-01
9.184398998178581186e-01
9.268686363496367875e-01
9.347098142412543220e-01
9.419319530961339781e-01
9.485047603196135046e-01
9.543933758980054360e-01
9.595343927452074650e-01
9.636879592384989257e-01
9.616497600113301791e-01
9.740035437253514727e-01
9.758365816808598492e-01
9.777552587894554614e-01
9.792247597906073020e-01
9.802278845675567176e-01
9.807254799340635598e-01
9.807110621660213301e-01
9.801474422878505566e-01
9.789390922648343318e-01
9.768821368151874296e-01
9.735743905082984151e-01
9.682462975954052586e-01
9.594319433756517412e-01
9.443114948983990509e-01
9.173874389700569232e-01
8.679494002425849342e-01
7.763034410624702897e-01
6.141988926089695378e-01
3.728019902926500428e-01
1.291370481460381581e-01
1.922175892597510066e-02
5.835435845388217690e-02
1.471268252708013702e-01
2.154137288293766495e-01
2.302698205444347335e-01
1.495707335385511871e-01
3.077032634753684159e-01
7.230698460146453010e-01
7.881256384089337930e-01
8.124622069859395168e-01
2.214832937078769770e-01
5.854770258526971194e-01
6.297458593378479907e-01
6.426153964173386690e-01
6.472811472080047812e-01
6.484169439112679179e-01
6.475469215564959580e-01
6.453239432419599630e-01
6.420907021335161557e-01
6.380618530170272251e-01
6.333952452127789012e-01
6.282240020916977086e-01
6.226725714606841100e-01
6.168651045479290884e-01
6.109291074420856171e-01
6.049944666346017685e-01
5.991845139824361066e-01
5.935861902995750450e-01
5.881444142601048863e-01
5.821468652977178637e-01
5.688737731292113908e-01
