8.691576869288633045e-01
8.948107924455195317e-01
9.191220742575529901e-01
9.416841167749229191e-01
9.622058033107386832e-01
9.804929663393915362e-01
9.964281243179382574e-01
1.009949354866431559e+00
1.021028143251731857e+00
1.029645809409473367e+00
1.035767849956025222e+00
1.039315230782446697e+00
1.040131341123738729e+00
1.037943015710447670e+00
1.032313869100522696e+00
1.022588449942066990e+00
1.007827022716628163e+00
9.867343392951910541e-01
9.575938217118244999e-01
9.182348247083071957e-01
8.660898203611658852e-01
7.984427354576896230e-01
7.130174295768697545e-01
6.090552397965646181e-01
4.888658197356794410e-01
3.593712551704952296e-01
2.325045050246559164e-01
1.231781721863141610e-01
4.484631098071372585e-02
4.922351167902021436e-03
2.975817861560050692e-03
3.246902134025102943e-02
8.421433749061535412e-02
1.493307796227376083e-01
2.207616022950392165e-01
2.935835819319199680e-01
3.647264688499989860e-01
4.321715558084897602e-01
4.953418132543693231e-01
5.536959484480838967e-01
6.072015310065239646e-01
6.559866450523571535e-01
7.002668285190983832e-01
7.402966729265578749e-01
7.763427860962369698e-01
8.086698046093174774e-01
8.375338958091321784e-01
8.631803302019519508e-01
8.858430995197976721e-01
9.057454236197913788e-01
9.231005169065069627e-01
9.381122991541140932e-01
9.509759181132638739e-01
9.618780532889168455e-01
9.709970235181681897e-01
9.785027451400053478e-01
9.845565949075412160e-01
9.893112302325737240e-01
9.929104145669015447e-01
9.954888937954603501e-01
9.971723809911431369e-01
9.980776799218545881e-01
9.983026748134219419e-01
9.978712420247289883e-01
9.971061305649965290e-01
9.958804692594283026e-01
9.943173556275912706e-01
9.924850491502880123e-01
9.904415606748006029e-01
9.882373850057940556e-01
9.859163715091228131e-01
9.835163184566414474e-01
9.810695005854829231e-01
9.786031702764571572e-01
9.761400400087272278e-01
9.736987459210197926e-01
9.712942904869338312e-01
9.689384621933938568e-01
9.666402304960504122e-01
9.644061148337871314e-01
9.622405269763640856e-01
9.601460864055036959e-01
9.581239087736347360e-01
9.561738677403082143e-01
9.542948306528206137e-01
9.524848686122050490e-01
9.507414414415054082e-01
9.490615579280544667e-01
9.474419113963287176e-01
9.458789900702196940e-01
9.443691605077816353e-01
9.429087197908089246e-01
9.414939051606741049e-01
9.401208254695687661e-01
9.387851591131944895e-01
9.374804398221532331e-01
9.361497832770718786e-01
9.349939076569925289e-01
9.337639839166210765e-01
9.325508124503684160e-01
9.313413534066489197e-01
9.301204879400489789e-01
9.288660639280127418e-01
9.275428167651393885e-01
9.260907493366432597e-01
9.243995884081342984e-01
9.222445454358845218e-01
9.190921798624356320e-01
9.133206120213059886e-01
8.968944144945091290e-01
6.384792656775101216e-01
9.094087883321739785e-01
9.428935534820134245e-01
9.374465642440786839e-01
9.350662258559468976e-01
9.337728325485444847e-01
9.330764716400896663e-01
9.327944374735991362e-01
9.328711440084807016e-01
9.333628476088117187e-01
9.346004435164840807e-01
9.383237282044638583e-01
9.167149063781391272e-01
9.285939427343666841e-01
9.308993037886310606e-01
9.322168972301685397e-01
9.332566323803304087e-01
9.341792721561852364e-01
9.350250361834073765e-01
9.357893011298705765e-01
9.364392575434453692e-01
9.369112442686207132e-01
9.370911154842431756e-01
9.367587949990014984e-01
9.354191693656105366e-01
9.316330058374664436e-01
9.185762169849505110e-01
7.273534780571379033e-01
9.683686484748043055e-01
9.610878484423357460e-01
9.572921071015009220e-01
9.550501618506793688e-01
9.533086771705613360e-01
9.516472022955908550e-01
9.498886477339685275e-01
9.480589376855074191e-01
9.467609889358084008e-01
9.513692389303951558e-01
8.996922617703267955e-01
9.146493052845301452e-01
9.079090280286522541e-01
8.964804890715448726e-01
8.796837677886000240e-01
8.562413958354493371e-01
8.231212792774130760e-01
7.753231156997396623e-01
7.047530340983596542e-01
5.991595619389938898e-01
4.443480842798344654e-01
2.415310554898444373e-01
5.360075749165415376e-02
7.186498044800220322e-03
1.307236393918466133e-01
3.129734259295529064e-01
4.693754079589116390e-01
5.827935863625177682e-01
6.615282485412724567e-01
7.164443766023506077e-01
7.537692911791659123e-01
7.827481750278735273e-01
8.038091632435415690e-01
8.198519552976555325e-01
8.324110864067267856e-01
8.425058048405024147e-01
8.508355811589264350e-01
8.578881304935987995e-01
8.640053070878563890e-01
8.694246891832397850e-01
8.743064140168594900e-01
8.787508343386303267e-01
8.828103790987472665e-01
8.864977442610312286e-01
8.897918055471016885e-01
8.926422231629917992e-01
8.949734984270630855e-01
8.966892276213805912e-01
8.976775901318678752e-01
8.978201655677034987e-01
8.970097779139285521e-01
8.951972595751928052e-01
8.925562298524307714e-01
8.897297688858232245e-01
8.539993701887761413e-01
8.621539503914670277e-01
8.534612979312689029e-01
8.412547301242179199e-01
8.264405694985136330e-01
8.093388990598510135e-01
7.902315198431731913e-01
7.698064999850208201e-01
