9.874068149103214509e-01
9.875217774811954063e-01
9.876683196127161724e-01
9.878432896027483645e-01
9.880434196509960687e-01
9.882654187144824798e-01
9.885060482922380931e-01
9.887621827838211086e-01
9.890308560774223601e-01
9.893092959984812751e-01
9.895949481924560809e-01
9.898854909326049167e-01
9.901788422483667196e-01
9.904731606603334182e-01
9.907668406939574846e-01
9.910585042291915059e-01
9.913469886265510178e-01
9.916313324584827837e-01
9.919107595685691114e-01
9.921846620780496728e-01
9.924525828676162842e-01
9.927141979737804656e-01
9.929692992623533332e-01
9.932177776694667282e-01
9.934596072388149901e-01
9.936948301273800244e-01
9.939235427043017213e-01
9.941458828251463764e-01
9.943620183291183023e-01
9.945721367762749843e-01
9.947764364174088714e-01
9.949751183688972933e-01
9.951683799498054483e-01
9.953564091245995504e-01
9.955393799873455407e-01
9.957174492155598244e-01
9.958907534190305499e-01
9.960594073054875874e-01
9.962235025859048632e-01
9.963831075420980232e-01
9.965382671820416371e-01
9.966890039105046339e-01
9.968353186466502036e-01
9.969771923238504030e-01
9.971145877108240629e-01
9.972474514983584726e-01
9.973757165990821960e-01
9.974993046125015805e-01
9.976181284108478486e-01
9.977320948051635607e-01
9.978411072527194614e-01
9.979450685702582202e-01
9.980438836167619954e-01
9.981374619105287671e-01
9.982257201423541115e-01
9.983085845429673366e-01
9.983859930554727091e-01
9.984578972530619989e-01
9.985242639265716758e-01
9.985850762438300832e-01
9.986403343514526076e-01
9.986900552456219327e-01
9.987342716765916784e-01
9.987730297663733880e-01
9.988063848981896253e-01
9.988343952680701632e-01
9.988571122486901155e-01
9.988745663751150694e-01
9.988867472707954054e-01
9.988935751201146740e-01
9.988948602484343242e-01
9.988902458201378565e-01
9.988791263362840622e-01
9.988605310651582636e-01
9.988329560555155862e-01
9.987941197654826020e-01
9.987406035558770157e-01
9.986673158111512016e-01
9.985666809611806194e-01
9.984273906611091931e-01
9.982324421115796875e-01
9.979559856352177016e-01
9.975581245963691668e-01
9.969760752929439640e-01
9.961086046657862125e-01
9.947874934249069101e-01
9.927226307969880814e-01
9.893901580788596606e-01
9.837883640003043384e-01
9.738586160727504826e-01
9.549651519941868560e-01
9.153983886905335821e-01
8.214634411063768127e-01
5.722279594981433126e-01
9.095398357098868902e-02
1.532167665069058271e-01
5.211048091076954103e-01
7.129907532655508362e-01
8.050149900600944708e-01
8.542278568368218972e-01
8.833672159924174094e-01
9.020103144317810351e-01
9.146441695130557159e-01
9.235806607880555630e-01
9.301075781760501648e-01
9.349892203000109703e-01
9.387033940210058880e-01
9.415619641962151842e-01
9.437759904973209713e-01
9.454927712815177632e-01
9.468178526102213333e-01
9.478286070815739039e-01
9.485828908247835312e-01
9.491247236047284375e-01
9.494881114872405492e-01
9.496996781075460747e-01
9.497805126839521384e-01
9.497474915712322829e-01
9.496142388057204897e-01
9.493918345535946601e-01
9.490893445648423965e-01
9.487142205740910494e-01
9.482726063192301602e-01
9.477695735983843184e-01
9.472093057863019139e-01
9.465952413694340706e-01
9.459301866134006698e-01
9.452164039673088825e-01
9.444556808863877606e-01
9.436493821162361684e-01
9.427984867570347038e-01
9.419036089236252351e-01
9.409649957866168535e-01
9.399824838092692980e-01
9.389553530630480038e-01
9.378818581302668100e-01
9.367573405269344899e-01
9.355613961415339963e-01
9.332829832649031099e-01
9.332750219377555778e-01
9.319326889172031558e-01
9.305678070689531456e-01
9.291565637455629911e-01
9.276921515945495411e-01
9.261702973264692718e-01
9.245871830124477997e-01
9.229389036979558369e-01
9.212212603086286089e-01
9.194296483206065851e-01
9.175589764984041219e-01
9.156035931706929532e-01
9.135572106203729836e-01
9.114128226819385725e-01
9.091626122683719169e-01
9.067978460619138259e-01
9.043087536145800742e-01
9.016843878411068269e-01
8.989124634351595144e-01
8.959791691212358744e-01
8.928689488616152747e-01
8.895642461466751749e-01
8.860452042666870920e-01
8.822893139411800423e-01
8.782709977995882822e-01
8.739611188775591177e-01
8.693263974099462166e-01
8.643287166328063043e-01
8.589242938955209405e-01
8.530626879435029286e-01
8.466856065573212797e-01
8.397254706032177829e-01
8.321036807758164233e-01
8.237285217930795378e-01
8.144926256703111100e-01
8.042699015713428157e-01
7.929118261883475460e-01
7.802429790379840080e-01
7.660557082401061590e-01
7.501038371281513184e-01
7.320953941673340459e-01
7.116845109651301904e-01
6.884629612395248843e-01
6.619524372939423751e-01
6.315997935908949090e-01
5.967794532979945332e-01
5.568103597223517109e-01
5.109991944312408663e-01
4.587224869573996999e-01
3.994923167235114869e-01
3.339051949432069732e-01
2.633449389933032458e-01
1.912734583463225890e-01
1.208970211281840679e-01
6.053572061788742992e-02
1.888084149004592635e-02
3.902105435632392903e-03
1.996459345948783590e-02
6.581579060837895734e-02
1.348811019552287604e-01
2.177286068189109025e-01
