4.067489771944488883e+08
3.325788510291769505e+08
2.724811345314918756e+08
2.236925654730849564e+08
1.840092413501861989e+08
1.516702455942866206e+08
1.252660958041964322e+08
1.036665974875104427e+08
8.596389375158606470e+07
7.142743417620491982e+07
5.946830811413753778e+07
4.961094739406057447e+07
4.147063798945567757e+07
3.473561817383359373e+07
2.915280390361239016e+07
2.451638750239639729e+07
2.065871614922247455e+07
1.744298221314797178e+07
1.475735586856255494e+07
1.251026765236744471e+07
1.062660925793694891e+07
9.044666328774243593e+06
7.713666138124279678e+06
6.591710645128877833e+06
5.644233539300372824e+06
4.842628803950638510e+06
4.163194192933437880e+06
3.586256997836723458e+06
3.095461634019446559e+06
2.677187638381731231e+06
2.320073421621477697e+06
2.014625942490896909e+06
1.752900302496632095e+06
1.528236327179168118e+06
1.335041663415536517e+06
1.168612903540286236e+06
1.024987843143152539e+06
9.008232671425351873e+05
7.932936991819007089e+05
7.000073912783097476e+05
6.189365129362145672e+05
5.483590527312101331e+05
4.868103961606036755e+05
4.330429134666864993e+05
3.859922144696844625e+05
3.447493390471915482e+05
3.085294876428480493e+05
2.766777437847646652e+05
2.486129567571592925e+05
2.238443782098617812e+05
2.019483016587364546e+05
1.825593461185791821e+05
1.653620313618632208e+05
1.500835881629757641e+05
1.364878501156118291e+05
1.243700620485247637e+05
1.135524625938454119e+05
1.038805210228438955e+05
9.521972804170337622e+04
8.745285699052794371e+04
8.047762636242556619e+04
7.420470722175930860e+04
6.855602900885118288e+04
6.346333882082391938e+04
5.886695195777197659e+04
5.471460439448683610e+04
5.096034058145253948e+04
4.756343513928652828e+04
4.448731069043632306e+04
4.169841703098990547e+04
3.916539212974791735e+04
3.685917279937097192e+04
3.475418522251533432e+04
3.282947126297123759e+04
3.106845787847509928e+04
2.945758581711706574e+04
2.798475820261372428e+04
2.663910482924646567e+04
2.541008067183616004e+04
2.428798305778880604e+04
2.326384360951679992e+04
2.232946615614563780e+04
2.147741977339041478e+04
2.070105864706384818e+04
1.999324646263404429e+04
1.935081452170351622e+04
1.876718668098916169e+04
1.823835360729191598e+04
1.776044193915810320e+04
1.732998879801043222e+04
1.694392311255557433e+04
1.659953890529136333e+04
1.629447146064321714e+04
1.602667772300355136e+04
1.579441700855743329e+04
1.559618814719843249e+04
1.543013829199101747e+04
1.528891787935957655e+04
1.517578335494537168e+04
1.508311935264415843e+04
1.503044535683622053e+04
1.503016773200177704e+04
1.505099859588144682e+04
1.509817808553831674e+04
1.517410688250834573e+04
1.528008713806889136e+04
1.541705611139475695e+04
1.558637115378959061e+04
1.578914944694158112e+04
1.602684767199147791e+04
1.630111499029780680e+04
1.661382916688561090e+04
1.696710774461814799e+04
1.736334011262335480e+04
1.780521640334199765e+04
1.829439578220708427e+04
1.883785146715188239e+04
1.943600398840691923e+04
2.009390710191728431e+04
2.081619153280786850e+04
2.160747141257876137e+04
2.247538730156854581e+04
2.342403864337801861e+04
2.446140872820159711e+04
2.559535609860968907e+04
2.683468994802926318e+04
2.818927186394655655e+04
2.967016287833777096e+04
3.128980580188009844e+04
3.306225259795577585e+04
3.500345122060083668e+04
3.713160642541249399e+04
3.946761784142116085e+04
4.203556311455192190e+04
4.486312489291090606e+04
4.798178527757824486e+04
5.142663943992889108e+04
5.523595296323535877e+04
5.945101366352754121e+04
6.411691351316080545e+04
6.928431601724345819e+04
7.501157965074783715e+04
8.136659168186945317e+04
8.842818351325846743e+04
9.628739704141505354e+04
1.050489182236338675e+05
1.148329000017899816e+05
1.257765363329919201e+05
1.380389702627527004e+05
1.518011324612269236e+05
1.672721779133617820e+05
1.846930084329601086e+05
2.043416557507120015e+05
2.265395002209430095e+05
2.516585922815702506e+05
2.801302933382152114e+05
3.124554956641435274e+05
3.492167613083969918e+05
3.910894548705731868e+05
4.388717279753926559e+05
4.934834633024162613e+05
5.560068583096667426e+05
6.277100295228454052e+05
7.100812322218382033e+05
8.048701304312461289e+05
9.141369820599235827e+05
1.040310714477032889e+06
1.186269067035837565e+06
1.355398576397441560e+06
1.551730942940437933e+06
1.780044786018229090e+06
2.046022354938003235e+06
2.356429150707728695e+06
2.719319006357525941e+06
3.144414151391148102e+06
3.643263568959918804e+06
4.229590521473891102e+06
4.920077392369542271e+06
5.734677036830306053e+06
6.697389122985807247e+06
7.838886305058090016e+06
9.191898775414876640e+06
1.079992827777044848e+07
1.271473964872029424e+07
1.499911347356374562e+07
1.772948741153128445e+07
2.099856336355286837e+07
2.492058458653726056e+07
2.963440770830417797e+07
3.531049041544767469e+07
4.215806044531855732e+07
5.043437976718974113e+07
6.045631145801007748e+07
7.261478571163919568e+07
8.739292589291253686e+07
1.053888333677204251e+08
1.273443659898918569e+08
1.541815849710673690e+08
1.870487084478835464e+08
2.273777862094035745e+08
