9.876962808815502592e-01
9.879404292947407962e-01
9.881872457455681547e-01
9.884343374717664554e-01
9.886798007661186105e-01
9.889221727100118153e-01
9.891603817445387969e-01
9.893936984572607729e-01
9.896216876706905863e-01
9.898441626678519123e-01
9.900611421730977080e-01
9.902728105187824648e-01
9.904794812733297427e-01
9.906815644743738325e-01
9.908795375037209308e-01
9.910739195562258130e-01
9.912652495858877977e-01
9.914540675615988174e-01
9.916408988284307613e-01
9.918262413425407154e-01
9.920105555344024273e-01
9.921942565456641772e-01
9.923777085848035640e-01
9.925612211511253280e-01
9.927450468854103205e-01
9.929293808169606939e-01
9.931143607914245663e-01
9.933000688788620192e-01
9.934865335788668483e-01
9.936737326559671457e-01
9.938615964558826787e-01
9.940500115696484507e-01
9.942388247296897186e-01
9.944278468356926304e-01
9.946168570242241991e-01
9.948056067082597931e-01
9.949938235261863717e-01
9.951812151500426529e-01
9.953674729140098432e-01
9.955522752324542646e-01
9.957352907855867574e-01
9.959161814572541349e-01
9.960946050161948451e-01
9.962702175370009572e-01
9.964426755614184117e-01
9.966116380050450418e-01
9.967767678168381051e-01
9.969377334017681669e-01
9.970942098187781655e-01
9.972458797680314735e-01
9.973924343817019977e-01
9.975335738345344483e-01
9.976690077893487496e-01
9.977984556940019401e-01
9.979216469454812444e-01
9.980383209369797504e-01
9.981482270029243820e-01
9.982511242767085902e-01
9.983467814751667557e-01
9.984349766228195477e-01
9.985154967285733152e-01
9.985881374263912980e-01
9.986527025906849486e-01
9.987090039365884575e-01
9.987568606139277660e-01
9.987960988036517218e-01
9.988265513237769566e-01
9.988480572520102019e-01
9.988604615708132073e-01
9.988636148405463100e-01
9.988573729052103722e-01
9.988415966348878072e-01
9.988161517087397190e-01
9.987809084413755700e-01
9.987357416551966294e-01
9.986805306010850813e-01
9.986151589288460029e-01
9.985395147095240675e-01
9.984534905099887725e-01
9.983569835210970300e-01
9.982498957401392259e-01
9.981321342078857128e-01
9.980036113004274734e-01
9.978642450761002758e-01
9.977139596776714026e-01
9.975526857893677324e-01
9.973803611488357701e-01
9.971969311138734193e-01
9.970023492833830492e-01
9.967965781726795260e-01
9.965795899422016380e-01
9.963513671799076876e-01
9.961119037361665374e-01
9.958612056108351318e-01
9.955992918919105428e-01
9.953261957442386398e-01
9.950419654470168407e-01
9.947466654784107298e-01
9.944403776440895459e-01
9.941232022458803552e-01
9.937952592852413725e-01
9.934566896931084079e-01
9.931076565753407248e-01
9.927483464564424986e-01
9.923789704982801663e-01
9.919997656573765754e-01
9.916109957291325827e-01
9.912129521988283232e-01
9.908059547786355337e-01
9.903903514425889121e-01
9.899665176604315331e-01
9.895348543446145229e-01
9.890957836985668772e-01
9.886497415610897566e-01
9.881971637237170203e-01
9.877384614717600320e-01
9.872739769088157979e-01
9.868038980092470602e-01
9.863280871422041018e-01
9.858457046691954107e-01
9.853542800939375512e-01
9.848469972588551613e-01
9.843023554939034359e-01
9.836198233906850996e-01
9.804715208183759634e-01
9.837613191222684961e-01
9.830157305711940685e-01
9.824826555285752772e-01
9.820094023905253655e-01
9.815678680816828372e-01
9.811504024593393769e-01
9.807551734423939349e-01
9.803826130101567227e-01
9.800342659232872400e-01
9.797123474218666361e-01
9.794195566347292381e-01
9.791589968771544639e-01
9.789341463533918208e-01
9.787488553599222874e-01
9.786073589474831858e-01
9.785142994911325554e-01
9.784747560346966910e-01
9.784942782371908176e-01
9.785789228729487865e-01
9.787352903160458917e-01
9.789705572254360222e-01
9.792924995007458167e-01
9.797094960345049675e-01
9.802304980323938155e-01
9.808649393415267426e-01
9.816225479910375418e-01
9.825129940088280778e-01
9.835452665334182276e-01
9.847266017982000408e-01
9.860606599427024221e-01
9.875444302402156538e-01
9.891629495938727423e-01
9.908801869761579839e-01
9.926230490877180346e-01
9.942527105065883664e-01
9.955118643774064635e-01
9.959246471239566745e-01
9.946000664992951101e-01
9.898312462106420018e-01
9.782491247620273001e-01
9.529981718592445139e-01
8.999299820452638654e-01
7.913381004425076304e-01
5.868501598580314615e-01
2.876520189150189588e-01
4.643290013414750478e-02
4.104819101115241703e-02
1.874908449787374420e-01
3.389532975127121928e-01
4.535993160888140419e-01
5.353023217970768188e-01
5.938609754699292198e-01
6.367843501614250945e-01
6.690327089486572953e-01
6.938145120112639841e-01
7.132327779438749626e-01
7.286983433727585169e-01
7.411818115975669086e-01
7.513672915534860275e-01
7.597478028028364916e-01
7.666857983981142377e-01
7.724524514027564237e-01
7.772537270117048092e-01
7.812480425160116537e-01
7.845584503755195227e-01
7.872811768009222444e-01
7.894916831237133170e-01
7.912490074405313933e-01
7.925988860136985448e-01
7.935759877772317061e-01
7.942054856059338475e-01
7.945041132537232764e-01
7.944808035497293863e-01
7.941369625745705596e-01
7.934663995012763982e-01
