9.944192476109972034e-01
9.938100770084200564e-01
9.931451812234595167e-01
9.924580742010765677e-01
9.917770478358421959e-01
9.911254494603718435e-01
9.905220186678328487e-01
9.899812643181444827e-01
9.895138655962393281e-01
9.891270837323891119e-01
9.888251734547318650e-01
9.886097854275341934e-01
9.884803528526313610e-01
9.884344570836708366e-01
9.884681685444469679e-01
9.885763604719507436e-01
9.887529940362029812e-01
9.889913742463699586e-01
9.892843767523081810e-01
9.896246462081229600e-01
9.900047673025627049e-01
9.904174098891443956e-01
9.908554498867969684e-01
9.913120677810551840e-01
9.917808266489457347e-01
9.922557316691490437e-01
9.927312730730305512e-01
9.932024544497927154e-01
9.936648082492718359e-01
9.941144002337304331e-01
9.945478245227399317e-01
9.949621907564842882e-01
9.953551047781847849e-01
9.957246441054280472e-01
9.960693293309567098e-01
9.963880924619037405e-01
9.966802430786888545e-01
9.969454330666640551e-01
9.971836205497159877e-01
9.973950335296796199e-01
9.975801336105276640e-01
9.977395800555962646e-01
9.978741942873291526e-01
9.979849247830082648e-01
9.980728121369096817e-01
9.981389538349967339e-01
9.981844679966150879e-01
9.982104549474105637e-01
9.982179549432598220e-01
9.982078995866352500e-01
9.981810533333437263e-01
9.981379397773788575e-01
9.980787447851828809e-01
9.980031844792692786e-01
9.979103196016515520e-01
9.977982872977696482e-01
9.976639039651400420e-01
9.975020632467203052e-01
9.973048016257511916e-01
9.970598111692838827e-01
9.967480059732420905e-01
9.963394140957831935e-01
9.957859897920170456e-01
9.950085005176479980e-01
9.938713915393061482e-01
9.921316578660099861e-01
9.893270198881676247e-01
9.845082054249533199e-01
9.755196207181496826e-01
9.567514207455587449e-01
9.105548675037192785e-01
7.656534376378936191e-01
2.489557312757975371e-01
2.072950374504199667e-01
6.740747029568152637e-01
8.329352786386582386e-01
8.940696334652282751e-01
9.233095194063564159e-01
9.395149763255070674e-01
9.494261492901567845e-01
9.559126651310385636e-01
9.603640761708476248e-01
9.635215038055426895e-01
9.658108822422674100e-01
9.674919506726360474e-01
9.687309046851986238e-01
9.696383993619703823e-01
9.702906136942667237e-01
9.707415072621905505e-01
9.710302526503865606e-01
9.711859054372410371e-01
9.712304304768534235e-01
9.711807167975338162e-01
9.710499515421692207e-01
9.708485769155422718e-01
9.705849694091290836e-01
9.702659301137257497e-01
9.698970440497468593e-01
9.694829470836763274e-01
9.690275265928743886e-01
9.685340739299380663e-01
9.680054013364741694e-01
9.674439323008261482e-01
9.668517718381892667e-01
9.662307614192565675e-01
9.655825220316160973e-01
9.649084879725174924e-01
9.642099333269693595e-01
9.634879926155234253e-01
9.627436767477671742e-01
9.619778851566667122e-01
9.611914147928021235e-01
9.603849665081496401e-01
9.595591492426944757e-01
9.587144823389289749e-01
9.578513962378651936e-01
9.569702317544344083e-01
9.560712380852114389e-01
9.551545696646055461e-01
9.542202819543719183e-01
9.532683262267266366e-01
9.522985433786567144e-01
9.513106567972511307e-01
9.503042642811138085e-01
9.492788290126860096e-01
9.482336695744205679e-01
9.471679490120881173e-01
9.460806629867634099e-01
9.449706271488865772e-01
9.438364640787251236e-01
9.426765906192328126e-01
9.414892075774116131e-01
9.402722967205625615e-01
9.390236383894657868e-01
9.377408906744622019e-01
9.364218828151450458e-01
9.350658967970134627e-01
9.336828870707967187e-01
9.317380398562847832e-01
9.306069536945720255e-01
9.290550663654909558e-01
9.274221417295619441e-01
9.257121528306070379e-01
9.239196751894286352e-01
9.220367752991599497e-01
9.200539472821251952e-01
9.179602204306570590e-01
9.157430489578617383e-01
9.133881039690032733e-01
9.108789933587548848e-01
9.081969091252216630e-01
9.053201907615133770e-01
9.022237861560092886e-01
8.988785843008887388e-01
8.952505855515808797e-01
8.912998640939080452e-01
8.869792624572014894e-01
8.822327377934686687e-01
8.769932520424071898e-01
8.711800599118389998e-01
8.646951953678926328e-01
8.574188826346099690e-01
8.492034923581078809e-01
8.398655145698564750e-01
8.291748093948833054e-01
8.168401005587810904e-01
8.024892685221094446e-01
7.856424588029705669e-01
7.656753654413356314e-01
7.417694329378621276e-01
7.128456893817086693e-01
6.774811012317749626e-01
6.338151624560250941e-01
5.794813646604062285e-01
5.116708876401587780e-01
4.276123074663997770e-01
3.261115544525768351e-01
2.112525341770065401e-01
9.881337639321259581e-02
2.104906961207839849e-02
1.673552512143590756e-02
9.975077721163125299e-02
2.422229412906601043e-01
3.984010734319633484e-01
5.367832009174520191e-01
6.467016520299049276e-01
7.297368731784097395e-01
7.912185166344445353e-01
8.366649012699346466e-01
8.704730798799187319e-01
8.957819373128513840e-01
9.152846128791853886e-01
9.301792753298779859e-01
9.417901574004723386e-01
9.509128966914223158e-01
9.581600043036608838e-01
9.621141707964085965e-01
9.682057467099661752e-01
9.718829932760362222e-01
9.747424488092394368e-01
