6.850075306384105778e-01
6.983241976320269107e-01
7.082289066684955836e-01
7.152287197785138773e-01
7.198369547783848299e-01
7.225576240613268419e-01
7.238731091953725105e-01
7.242346468864022668e-01
7.240552609240240578e-01
7.237048087039309463e-01
7.235068403827078498e-01
7.237369971184526296e-01
7.246227025209194261e-01
7.263439280716482704e-01
7.290348385024898459e-01
7.327861466171723404e-01
7.376480285580825358e-01
7.436334699114286462e-01
7.507219302263417049e-01
7.588632284954642815e-01
7.679815649720508342e-01
7.779796055050829384e-01
7.887425635787496114e-01
8.001422230039698658e-01
8.120408430859887838e-01
8.242949573313352873e-01
8.367578802185021702e-01
8.492874199938600377e-01
8.617408880080494882e-01
8.739852351964682020e-01
8.858960534066848691e-01
8.973601905745386409e-01
9.082774154104195086e-01
9.185616833208516407e-01
9.281420062749998756e-01
9.369629294205127357e-01
9.449846248678874794e-01
9.521826252813684333e-01
9.585472559959724581e-01
9.640831378205045876e-01
9.687767147632069253e-01
9.727368600017831657e-01
9.759267616404860846e-01
9.784162259276882878e-01
9.802693721734460075e-01
9.816360812229698585e-01
9.805178404614812715e-01
9.818064676023657844e-01
9.815047826378925366e-01
9.806673566414859655e-01
9.793367960770753555e-01
9.774934255990790355e-01
9.750720760165126899e-01
9.719523817922225417e-01
9.679404722234135061e-01
9.627423050289495299e-01
9.559259823582906268e-01
9.468688363578275924e-01
9.346837264321639083e-01
9.181182638163506438e-01
8.954223466907941242e-01
8.641880955695020461e-01
8.211928041721451299e-01
7.623419777296716049e-01
6.829520119468337480e-01
5.788570558871756200e-01
4.490689233571685257e-01
3.004330652396907664e-01
1.528252736482383911e-01
3.995862850128978350e-02
8.149153017004756236e-04
6.609511952698299275e-02
2.519002436598434813e-01
5.536467672267193496e-01
8.771105256769482494e-01
9.117394109955766490e-01
5.471216735528340314e-01
2.053924737347533613e-01
4.810139284383146974e-02
2.543485659991849210e-03
6.322929188270195143e-03
2.984301194368796373e-02
6.026661994321706739e-02
9.206095657735607896e-02
1.228331920568299374e-01
1.517176631797594322e-01
1.783761582482751296e-01
2.028277877746012814e-01
2.252121617604177506e-01
2.457182819036213273e-01
2.645464652641207892e-01
2.818902453950340448e-01
2.979284070912118221e-01
3.128220842088410558e-01
3.267143282008494465e-01
3.397307968182569637e-01
3.519808530487721354e-01
3.635586968066566449e-01
3.745443228799045232e-01
3.850041818891888901e-01
3.949914535358808321e-01
4.045458407460537087e-01
4.136927654405889165e-01
4.224417889746293620e-01
4.307839811280416709e-01
4.386877959937124372e-01
4.460927329402182284e-01
4.528995720194540775e-01
4.589550850905069757e-01
4.640274199341440919e-01
4.677647614583221869e-01
4.696196028166937375e-01
4.684584860884370983e-01
4.637771805259182645e-01
4.520569410758812912e-01
4.286992383040237331e-01
3.829026048108801761e-01
2.870180981355388017e-01
7.832512573857668137e-02
6.840826844456250333e-01
2.863653005770012694e-01
8.997536620554920095e-01
9.089997484888963086e-01
8.893371902869144918e-01
8.769678360922577021e-01
8.716438432587670926e-01
8.712288645926319353e-01
8.741390714033195897e-01
8.793122390868550742e-01
8.860254045645910015e-01
8.937673560227128444e-01
9.021609044863493354e-01
9.109161801201834940e-01
9.198022411587851721e-01
9.286295512099450589e-01
9.372390487325026331e-01
9.454953178401217517e-01
9.532823747194734132e-01
9.605011535958367652e-01
9.670538933896473122e-01
9.729113429223590348e-01
9.779814480270258015e-01
9.822345550877342735e-01
9.856426405596608875e-01
9.881809879488073767e-01
9.894325429602249811e-01
9.908531098727062503e-01
9.907639809647681428e-01
9.894435874183685753e-01
9.843520356305838215e-01
9.234696771389312442e-01
8.353635962702795625e-01
9.534344622895708499e-01
9.621158402894137707e-01
9.618815426926022871e-01
9.592585843826965109e-01
9.556582063841032593e-01
9.516072807076830786e-01
9.473791427523937658e-01
9.431511525489829628e-01
9.390551379616612904e-01
9.351961747871185837e-01
9.316602002936560378e-01
9.285172172821274383e-01
9.258226690026180039e-01
9.236181018183762248e-01
9.219316646726204434e-01
9.207787605818856802e-01
9.201630692770099706e-01
9.200778598981173007e-01
9.205096822979058624e-01
9.214387396065647495e-01
9.228457718914813146e-01
9.247150068748265506e-01
9.270372077625673723e-01
9.298043262103049544e-01
9.329763336772395332e-01
9.363597071042094599e-01
9.392063111996125091e-01
9.389075955317937039e-01
9.267537688761386949e-01
8.754686728167354604e-01
7.213319656863633744e-01
4.423839694339403161e-01
2.329164715514669692e-01
2.274630325825410526e-01
4.340641352875234116e-01
7.424626365081730128e-01
9.164082702103115707e-01
9.354607813248785320e-01
8.960922352104450095e-01
8.595195892173846941e-01
8.187494316404015926e-01
7.800972692353416171e-01
7.438182041827390290e-01
7.098632323755668105e-01
6.783951949590839581e-01
6.499290293885290337e-01
6.254980017789675273e-01
6.072262429158070685e-01
