9.932128357869035584e-01
9.937904911490528237e-01
9.943421856525160862e-01
9.948669104837829513e-01
9.953638624306742066e-01
9.958323982596994917e-01
9.962719943609765760e-01
9.966822116900915240e-01
9.970626659099488531e-01
9.974130025424488011e-01
9.977328768704810669e-01
9.980219382796171601e-01
9.982798186985712974e-01
9.985061247783807437e-01
9.987004334438678299e-01
9.988622904555839455e-01
9.989912116295098787e-01
9.990866863785532459e-01
9.991481832612365555e-01
9.991751572442810758e-01
9.991670584132299471e-01
9.991233418900885566e-01
9.990434787433568609e-01
9.989269677031951122e-01
9.987733475188800281e-01
9.985822098207199904e-01
9.983532123720061380e-01
9.980860926179864201e-01
9.977806814600844731e-01
9.974369172018819896e-01
9.970548596313092427e-01
9.966347042192547079e-01
9.961767964306800227e-01
9.956816461563638976e-01
9.951499422876557421e-01
9.945825674669992456e-01
9.939806130590567168e-01
9.933453943961241261e-01
9.926784663622810756e-01
9.919816393889469008e-01
9.912569959436234868e-01
9.905069076011260298e-01
9.897340527945009958e-01
9.889414353490417753e-01
9.881324039078730470e-01
9.873106723617315339e-01
9.864803413952807354e-01
9.856459212592786345e-01
9.848123558681897149e-01
9.839850483045302632e-01
9.831698877792002245e-01
9.823732780485335825e-01
9.816021672108881102e-01
9.808640786928848332e-01
9.801671430662929341e-01
9.795201300919447185e-01
9.789324800311953734e-01
9.784143327524726930e-01
9.779765524209754757e-01
9.776307444922064382e-01
9.773892601905455058e-01
9.772651814228558997e-01
9.772722758349239314e-01
9.774249069822834590e-01
9.777378776283106587e-01
9.782261738935250639e-01
9.789045626501780006e-01
9.797869715349466491e-01
9.808855460693397532e-01
9.822092250215650466e-01
9.837615927066026833e-01
9.855376382135432323e-01
9.875188484310942760e-01
9.896657377474701311e-01
9.919063952182306521e-01
9.941187812283525105e-01
9.961031172027426939e-01
9.975384377945806236e-01
9.979136807311663748e-01
9.964178473665689095e-01
9.917651364186961249e-01
9.819203515105595637e-01
9.636845263114259819e-01
9.321294007866216536e-01
8.800211081187528928e-01
7.978594293957156358e-01
6.762369877251297456e-01
5.132210455787822312e-01
3.261854350468523789e-01
1.552916360067529422e-01
4.222639707596425457e-02
8.599476993989265891e-04
1.549314839859514299e-02
6.116647756368619876e-02
1.185040619535795842e-01
1.765324257724775747e-01
2.302855523062620757e-01
2.781007200434016391e-01
3.198739216071697644e-01
3.561373203642477780e-01
3.876259358285298329e-01
4.151430618790090121e-01
4.380693314965674601e-01
4.598220644737170404e-01
4.786163909759671431e-01
4.953795863687454060e-01
5.104665390864941976e-01
5.241395798077974622e-01
5.366890521289059413e-01
5.482234445199147821e-01
5.589355049428530453e-01
5.689550486552269470e-01
5.783929414961361815e-01
5.873431524288024175e-01
5.958854550274615969e-01
6.040876971543833740e-01
6.120076490330541574e-01
6.196945032285935406e-01
6.271900945094516233e-01
6.345298953609653791e-01
6.417438318156660770e-01
6.488569552150678099e-01
6.558899983504147269e-01
6.628598387957310711e-01
6.697798878185247107e-01
6.766604197617431815e-01
6.835088540195762841e-01
6.903299995121994215e-01
6.971262697704430078e-01
7.038978752690446816e-01
7.106429984188380455e-01
7.173579555835927213e-01
7.240373495796914582e-01
7.306742153088071623e-01
7.372601604389106278e-01
7.437855023576678271e-01
7.502394019480638221e-01
7.566099940337865926e-01
7.628845135154495027e-01
7.690494150444099342e-01
7.750904819335266982e-01
7.809929150029639722e-01
7.867413777442634482e-01
7.923199245787670986e-01
7.977115243798151845e-01
8.028956210384766701e-01
8.078292567685231296e-01
8.118073990792109562e-01
8.167307568450904443e-01
8.213018848047973774e-01
8.252867381147269699e-01
8.289455830082578247e-01
8.322803415182670195e-01
8.352766255751785662e-01
8.379162773614775572e-01
8.401790696647618573e-01
8.420428177435912431e-01
8.434830748019023217e-01
8.444726386796128637e-01
8.449809188239358893e-01
8.449731655665478902e-01
8.444095461297368432e-01
8.432440415350382912e-01
8.414231297095462470e-01
8.388842105697452700e-01
8.355537178635596973e-01
8.313448496626381079e-01
8.261548345387502712e-01
8.198616340210116427e-01
8.123199651919439379e-01
8.033565131784963231e-01
7.927641978955776159e-01
7.802953744769819400e-01
7.656539044808645667e-01
7.484861756267063848e-01
7.283714439982713618e-01
7.048124514379722205e-01
6.772283488668596751e-01
6.449538870908150257e-01
6.072521563551510626e-01
5.633535643041041041e-01
5.125418315858327745e-01
4.543180500155947765e-01
3.886820497610066760e-01
3.165628282582286235e-01
2.403659134704457245e-01
1.646927255942157164e-01
9.607769087543795161e-02
4.281739330590270814e-02
1.279516110411814921e-02
1.105731588507701153e-02
3.802261321807899608e-02
8.949356423708562658e-02
1.583378690565515889e-01
2.367173627120394419e-01
3.178082525224178445e-01
3.966188083510873152e-01
4.700545520630560192e-01
5.365722088677611357e-01
5.957142570924582881e-01
