9.871123484982873286e-01
9.876083521566837442e-01
9.881035180707170573e-01
9.885960682648962106e-01
9.890843970437751542e-01
9.895670654032661107e-01
9.900427928838286817e-01
9.905104476004207292e-01
9.909690350774227330e-01
9.914176864216801555e-01
9.918556462797438744e-01
9.922822609436438013e-01
9.926969668998458785e-01
9.930992800511919683e-01
9.934887857857023219e-01
9.938651300189573767e-01
9.942280112936243697e-01
9.945771739849350590e-01
9.949124026318516556e-01
9.952335173870476837e-01
9.955403705606925557e-01
9.958328442145573112e-01
9.961108487500143216e-01
9.963743224222648687e-01
9.966232317033987265e-01
9.968575724080315226e-01
9.970773714872408489e-01
9.972826893868597109e-01
9.974736228561278395e-01
9.976503080786320865e-01
9.978129239801152295e-01
9.979616955439712944e-01
9.980968969346367681e-01
9.982188541851837460e-01
9.983279471501887992e-01
9.984246103474124778e-01
9.985093322106425306e-01
9.985826521379089771e-01
9.986451545362784454e-01
9.986974588164136968e-01
9.987402039569898138e-01
9.987740258070065824e-01
9.987995246804979299e-01
9.988172199586191624e-01
9.988274872599923748e-01
9.988304721442964329e-01
9.988259720883541082e-01
9.988132753502335648e-01
9.987909409135499184e-01
9.987564973868598983e-01
9.987060296231797807e-01
9.986336085590680200e-01
9.985305002400149954e-01
9.983840609168401770e-01
9.981761812609295514e-01
9.978810758212962595e-01
9.974621102767990966e-01
9.968671964691092624e-01
9.960220262350890641e-01
9.948199962488630810e-01
9.931069884672696357e-01
9.906580253607315534e-01
9.871408867849604807e-01
9.820584868534556477e-01
9.746562090741532902e-01
9.637710160542450888e-01
9.475842811178137870e-01
9.232203870252303490e-01
8.861218204852751024e-01
8.291970968842239387e-01
7.421333976752960693e-01
6.126884213766431442e-01
4.349985559091048559e-01
2.303765343034689106e-01
6.314565040134072216e-02
1.556032454809002632e-04
4.200102500275101902e-02
1.373921548290615025e-01
2.414804446737240373e-01
3.339172815044930687e-01
4.098247921205150912e-01
4.704054782599319529e-01
5.184141228046952321e-01
5.565446523837930259e-01
5.870083897606780399e-01
6.115140821444502439e-01
6.313549886907671160e-01
6.475062506096478376e-01
6.607062566441357365e-01
6.715186278370655071e-01
6.803777907180158513e-01
6.876220745719375804e-01
6.935177166839189278e-01
6.982763477650061335e-01
7.020678199375752770e-01
7.050296992787062900e-01
7.072743554998819349e-01
7.088943071679539853e-01
7.099662894823549619e-01
7.105543781436801654e-01
7.107124094531696024e-01
7.104858710816610579e-01
7.099133914547635094e-01
7.090279226564195625e-01
7.078576883269935838e-01
7.064269518576675733e-01
7.047566503611412125e-01
7.028649379477438508e-01
7.007676960474010786e-01
6.984791333141566749e-01
6.960128798438931508e-01
6.933856052681026672e-01
6.906427054270658505e-01
6.863339723331148834e-01
6.842983170320389164e-01
6.810839214199546632e-01
6.776906168938220398e-01
6.741472286001760628e-01
6.704611360198270420e-01
6.666351923709811222e-01
6.626703496376145086e-01
6.585663503143187603e-01
6.543219689690915608e-01
6.499351112722846491e-01
6.454028566295858527e-01
6.407214738961756195e-01
6.358864219008297791e-01
6.308923400668365877e-01
6.257330318002005676e-01
6.204014421583597949e-01
6.148896307713962450e-01
6.091887407321835424e-01
6.032889640607681514e-01
5.971795043147023474e-01
5.908485369251811337e-01
5.842831678510812532e-01
5.774693911065575946e-01
5.703920455118300925e-01
5.630347703352270861e-01
5.553799575019449097e-01
5.474086921627040470e-01
5.391006545592977872e-01
5.304338855295256394e-01
5.213839772531443373e-01
5.119196768169745893e-01
5.019291796742629819e-01
4.918576514736091587e-01
4.809919852337442014e-01
4.696623083183187886e-01
4.578051651612756179e-01
4.453880705253400740e-01
4.323826427056770005e-01
4.187625566700760027e-01
4.045037469318980006e-01
3.895851865966958871e-01
3.739899791075924629e-01
3.577067162906191200e-01
3.407311030318307399e-01
3.230678574323274099e-01
3.047328902282446794e-01
2.857557537701443384e-01
2.661823295241017573e-01
2.460776933839966818e-01
2.255290596423817628e-01
2.046486576057736928e-01
1.835763413449708337e-01
1.624816768271646061e-01
1.415651982456592739e-01
1.210584862640617654e-01
1.012227073004011990e-01
8.234527851565173751e-02
6.473440057823776073e-02
4.871133796589652287e-02
3.460052456798592968e-02
2.271781860339856796e-02
1.335749929439886304e-02
6.778849554585289136e-03
3.193358139065106526e-03
2.753657389793278017e-03
5.545258864929912372e-03
1.158195427277402233e-02
2.080544490079374101e-02
3.308943328466833200e-02
4.824825616164925279e-02
6.605081908703901161e-02
8.624559976942040851e-02
1.086413645098167485e-01
1.310513969651931621e-01
1.564892263355559532e-01
1.832371970291862273e-01
2.105772337810106198e-01
2.384356668628760112e-01
2.666240105617072587e-01
2.949514154895586104e-01
3.231597055758004267e-01
3.518351911768038964e-01
3.798037363414608070e-01
4.075231010365009676e-01
4.351647020514137210e-01
4.622579714688869745e-01
