1.021772505524426222e+00
1.021232015181551267e+00
1.020130029635119007e+00
1.018591434224454861e+00
1.016729592125396264e+00
1.014645756190556858e+00
1.012428883491377718e+00
1.010155774872841583e+00
1.007891470743406792e+00
1.005689842855694849e+00
1.003594329883587655e+00
1.001638772096998142e+00
9.998483073348589656e-01
9.982402967577275188e-01
9.968252545201274906e-01
9.956077605524051855e-01
9.945873400992587543e-01
9.937592975606445167e-01
9.931154955529287731e-01
9.926450729909994664e-01
9.923350984299601496e-01
9.921711569348445892e-01
9.921378704126401216e-01
9.922193526816023290e-01
9.923996016075401494e-01
9.926628314404395415e-01
9.929937490738492967e-01
9.933777783524470051e-01
9.938012368018271925e-01
9.942514692716137858e-01
9.947169429946773889e-01
9.951873084897460142e-01
9.956534305930389017e-01
9.961073937078911422e-01
9.965424851298730902e-01
9.969531600433356733e-01
9.973349915095609530e-01
9.976846084796855418e-01
9.979996245788731457e-01
9.982785601231561889e-01
9.985207595542893166e-01
9.987263062121177759e-01
9.988959361125160363e-01
9.990309521623436106e-01
9.991331400225733628e-01
9.992046866289169271e-01
9.992481021930400553e-01
9.992661463401261157e-01
9.992617588872194645e-01
9.992379956327330781e-01
9.991979694075594498e-01
9.991447965355546579e-01
9.990815487591908628e-01
9.990112106101844969e-01
9.989366421384122674e-01
9.988605468583000579e-01
9.987854447265412938e-01
9.987136499293112202e-01
9.986472532291256199e-01
9.985881086002733609e-01
9.985378238672271145e-01
9.984977550512085243e-01
9.984690041250248171e-01
9.984524198764146430e-01
9.984486015822257032e-01
9.984579052023202506e-01
9.984804518092909031e-01
9.985161379807363513e-01
9.985646478918428492e-01
9.986254668589266137e-01
9.986978960976791164e-01
9.987810684737885580e-01
9.988739650382804092e-01
9.989754321535064818e-01
9.990841990303029885e-01
9.991988955108588311e-01
9.993180699449167870e-01
9.994402070211375610e-01
9.995637454265792199e-01
9.996870952204511829e-01
9.998086548194677903e-01
9.999268275024840724e-01
1.000040037352405209e+00
1.000146744563003454e+00
1.000245460047084256e+00
1.000334759290202991e+00
1.000413295402325042e+00
1.000479811326810076e+00
1.000533151172483315e+00
1.000572270641573169e+00
1.000596246531349598e+00
1.000604285294548257e+00
1.000595730648177861e+00
1.000570070227444042e+00
1.000526941288061966e+00
1.000466135466937523e+00
1.000387602620431249e+00
1.000291453770121519e+00
1.000177963198322972e+00
1.000047569753316434e+00
9.999008774469355654e-01
9.997386554571946471e-01
9.995618376922787984e-01
9.993715221306186391e-01
9.991689702390991190e-01
9.989556068944831502e-01
9.987330214201547429e-01
9.985029706274263228e-01
9.982673851806969090e-01
9.980283812775253560e-01
9.977882807073801263e-01
9.975496441009729098e-01
9.973153250766212397e-01
9.970885578314162556e-01
9.968730987735490157e-01
9.966734554274522262e-01
9.964952511829598958e-01
9.963457658145185025e-01
9.962344733791986817e-01
9.961716718741002730e-01
9.961487943869787864e-01
9.959005191018861503e-01
9.860912718303040947e-01
9.649688504154410040e-01
9.889160926582848399e-01
9.915196818462244099e-01
9.923826795348252849e-01
9.927941852582160553e-01
9.930388776054688282e-01
9.932132082117337557e-01
9.933582674126875123e-01
9.934941362555805844e-01
9.936314271225401562e-01
9.937758906381896074e-01
9.939304962359766238e-01
9.940964639245980505e-01
9.942738157194453974e-01
9.944616898675706640e-01
9.946585310220850129e-01
9.948622128338280302e-01
9.950701228556190214e-01
9.952792264253602639e-01
9.954861192598357666e-01
9.956870746865419397e-01
9.958780892676816210e-01
9.960549292789409037e-01
9.962131797059293747e-01
9.963482969051178362e-01
9.964556657229118874e-01
9.965306616106455184e-01
9.965687180725467664e-01
9.965653996136276671e-01
9.965164801993074972e-01
9.964180270879525736e-01
9.962664897437968348e-01
9.960587933782887315e-01
9.957924364962273955e-01
9.954655916396691895e-01
9.950772083250380984e-01
9.946271169551070823e-01
9.941161322595440941e-01
9.935461545738574207e-01
9.929202670085085503e-01
9.922428262895354178e-01
9.915195447711186993e-01
9.907575608326094629e-01
9.899654945814693185e-01
9.891534854953026867e-01
9.883332083554967618e-01
9.875178635631527424e-01
9.867221376891578410e-01
9.859621299113487947e-01
9.852552398402669720e-01
9.846200121494719237e-01
9.840759334216342413e-01
9.836431767161807338e-01
9.833422895804920794e-01
9.831938215852104035e-01
9.832178879904772684e-01
9.834336668688496985e-01
9.838588279476749854e-01
9.845088926129732521e-01
9.853965259613760574e-01
9.865307635101838724e-01
9.879161771846823870e-01
9.895519874834081131e-01
9.914311312346399951e-01
9.935392970108937183e-01
9.958539428981809660e-01
9.983433136243360373e-01
1.000965475529517645e+00
1.003667387626947294e+00
1.006384023531923910e+00
1.009037549643740483e+00
1.011536544838120832e+00
1.013775207228259756e+00
1.015632417596092907e+00
1.016970384404726868e+00
1.017632316427557360e+00
1.017438018919671228e+00
