9.053012620937299637e-01
8.464269459458713118e-01
6.556145235505449476e-01
1.721378153111645937e-01
4.344072285762632379e-01
7.876693433420687285e-01
8.758818023269534514e-01
9.048308113308358713e-01
9.161772809269982387e-01
9.196543238606309512e-01
9.228089164756041463e-01
9.221398776604062819e-01
9.205613567977499745e-01
9.183044741995778359e-01
9.155632870909310439e-01
9.124735012965976555e-01
9.091379789151275981e-01
9.056427170692754602e-01
9.020657817762078867e-01
8.984822446046637490e-01
8.949669094476365716e-01
8.915958267590918807e-01
8.884471630696511024e-01
8.856017600753547381e-01
8.831435866441909033e-01
8.811602101437528978e-01
8.797433647825207981e-01
8.789896592416638343e-01
8.790014335252929190e-01
8.798877374023483799e-01
8.817653558784656065e-01
8.847597734307276474e-01
8.890061438934984128e-01
8.946522305902219196e-01
9.018870170287345278e-01
9.029887938973123473e-01
9.206164447523789152e-01
9.316874195635247435e-01
9.465589494286931194e-01
9.608193807339896475e-01
9.741128078365591803e-01
9.830185948152505571e-01
9.810304050428965139e-01
9.539365791485153734e-01
9.049200708949182159e-01
8.285813622778190890e-01
8.140657474969702490e-01
7.528262164324783789e-01
2.332020630158031516e-01
1.381221431193759841e-01
1.605428682053234857e-01
2.034132341647399422e-01
2.492991333604996362e-01
2.928056250465573829e-01
3.323747822570652932e-01
3.679057110324019941e-01
3.998147187923141721e-01
4.286523676836713204e-01
4.549550148483015866e-01
4.791947165964529076e-01
5.017690542581996205e-01
5.230059744394266463e-01
5.431732334413775787e-01
5.624882802484036937e-01
5.811270763435633091e-01
5.992314591422627235e-01
6.169150907978824261e-01
6.342681812693043986e-01
6.513612028438411361e-01
6.682477962321177190e-01
6.849670367607579857e-01
7.015451942826221865e-01
7.179970820546600629e-01
7.343270325184042546e-01
7.505293907578503010e-01
7.665877808686432093e-01
7.824676994403675367e-01
7.979825026868376803e-01
8.139539490586983339e-01
8.290966124116996294e-01
8.440104553169411883e-01
8.585811099185600703e-01
8.727453404149039251e-01
8.864433302224352662e-01
8.996148063571614006e-01
9.121990244253942448e-01
9.241356237134336071e-01
9.353635616900422001e-01
9.458299529177189857e-01
9.554785214052010645e-01
9.642612671031500771e-01
9.721352956303539461e-01
9.790643752243824993e-01
9.850198264426937023e-01
9.899812433938084411e-01
9.939370444357573664e-01
9.968848450672310735e-01
9.988316641027021880e-01
9.997940305128859562e-01
9.997983386737935296e-01
9.988852132345096280e-01
9.970217243386554351e-01
9.944226600342733757e-01
9.910484597406630236e-01
9.871597501897656501e-01
9.811063089762109835e-01
9.762396073022514553e-01
9.702601863409106020e-01
9.639345146857261071e-01
9.571118091832494512e-01
9.498879142058579417e-01
9.422010159330022061e-01
9.334750864701354400e-01
9.076709016084050230e-01
9.253954443651403183e-01
9.161835720090002466e-01
9.084511253435575417e-01
9.012644768508695226e-01
8.945090329851514976e-01
8.882013659767882263e-01
8.823975912639687724e-01
8.771729070508262893e-01
8.726170013340560638e-01
8.688348645878473109e-01
8.659505357021755056e-01
8.641134252351938549e-01
8.635077409854258201e-01
8.643661994720208686e-01
8.669899410225541114e-01
8.717773910314980945e-01
8.792651124403881857e-01
8.901801964843951698e-01
9.054809049325261983e-01
9.262429493075623466e-01
9.525990195890198242e-01
9.768270633316626927e-01
9.347874270704347177e-01
4.568167572312598068e-01
3.458944126630065369e-02
4.290410929441954013e-01
7.533691886478006694e-01
4.944789836222889257e-01
9.537049869093038035e-02
2.478455686222869048e-01
3.576564288310262185e-01
4.255716799169540487e-01
4.598297870040424784e-01
4.956780439338154265e-01
5.206920257310667655e-01
5.405383875148674910e-01
5.570584724319330716e-01
5.712965058949557307e-01
5.839155692515272111e-01
5.953585674440232678e-01
6.059291267692231697e-01
6.158364640942780577e-01
6.252209742447578655e-01
6.341674780234007880e-01
6.427045921514260574e-01
6.505157235380026881e-01
6.586208699779545483e-01
6.656120683287021222e-01
6.716386805899067225e-01
6.760232275365420929e-01
6.773132338226467430e-01
6.717361078710700761e-01
6.457265487217637157e-01
4.927923551484066356e-01
9.946482649048806746e-01
8.606810017157744408e-01
8.354932810634216889e-01
8.306999201197347027e-01
8.329663605893420364e-01
8.385349170654109452e-01
8.459443844462275486e-01
8.545125942914479911e-01
8.638791184280534274e-01
8.738461371977443992e-01
8.834079549220031913e-01
8.951278867371446069e-01
9.065474375661068951e-01
9.194935859588538873e-01
9.215815255229610203e-01
9.376967247638986480e-01
9.497453687814214618e-01
9.610940108951010474e-01
9.715753751883707823e-01
9.802646344299450476e-01
9.849038846528433977e-01
9.794848547085565071e-01
9.455552793054191607e-01
8.163994931819146261e-01
3.835427940131819202e-01
4.165893729326113765e-02
4.166513734692606774e-01
6.526889589452808949e-01
7.538304223520291281e-01
7.905141959489300207e-01
7.855665325114664643e-01
7.400784584274944233e-01
