9.927553579821050134e-01
9.911852223080672708e-01
9.898927881263690498e-01
9.888291775275760420e-01
9.879445966191616746e-01
9.871898431338997915e-01
9.865175412649639375e-01
9.858831241789342004e-01
9.852455866831379971e-01
9.845680316339466831e-01
9.838180340302160598e-01
9.829678464815270189e-01
9.819944690151376498e-01
9.808796050852266468e-01
9.796095242789806257e-01
9.781748506553864519e-01
9.765702939690312778e-01
9.747943392866318391e-01
9.728489087436202887e-01
9.707390074477005859e-01
9.684723638548166091e-01
9.660590733350985504e-01
9.635112521387928508e-01
9.608427075721308608e-01
9.580686289136296496e-01
9.552053024436799600e-01
9.522698529296769188e-01
9.492800130022382987e-01
9.462539210741995888e-01
9.432099477867010862e-01
9.401665504114802285e-01
9.371421541872428929e-01
9.341550592146252718e-01
9.312233712670510144e-01
9.283649546899914728e-01
9.255974054451145960e-01
9.229380423031479097e-01
9.204039141878529451e-01
9.180118217176567175e-01
9.157783510683930039e-01
9.137199183838823346e-01
9.118528230782376731e-01
9.101933084955059483e-01
9.087576285042946456e-01
9.075621186915462379e-01
9.066232708613465308e-01
9.059578095101885609e-01
9.055827688029991496e-01
9.055155682536938366e-01
9.057740847361250847e-01
9.063767174843454510e-01
9.073424411913250109e-01
9.086908398737904013e-01
9.104421103688288275e-01
9.126170184133539642e-01
9.152367810420531935e-01
9.183228345959730810e-01
9.218964248124198457e-01
9.259779190270086557e-01
9.305856816007734844e-01
9.357342570183140307e-01
9.414314437567338212e-01
9.476735671563536467e-01
9.544377790531823891e-01
9.616693414128710815e-01
9.692601778522972333e-01
9.770113435884248965e-01
9.845614015655167472e-01
9.911955484061405475e-01
9.826082374766907934e-01
9.991244352315643562e-01
9.938308850284045537e-01
9.765197337527492527e-01
9.372334660329939560e-01
8.595836164809018687e-01
7.208127549312135507e-01
5.057090815576241738e-01
2.482318519311338123e-01
5.339101449303019359e-02
1.189526112081481461e-03
6.284190580466951503e-02
1.693791897020199833e-01
2.780974655442960408e-01
3.737642254180894019e-01
4.540081741237154134e-01
5.206406280780665474e-01
5.762662680795050951e-01
6.232335489622421454e-01
6.633203042880730926e-01
6.982639319231751518e-01
7.288273466298804681e-01
7.559321760175616856e-01
7.801896132303860476e-01
8.020643091847039496e-01
8.219117965928756098e-01
8.400062488136278427e-01
8.565608835648153008e-01
8.717430391094423969e-01
8.856854067060059288e-01
8.984944752079302432e-01
9.102569348014728501e-01
9.210445694383899706e-01
9.309180157255768640e-01
9.399296601864962630e-01
9.481258728394607038e-01
9.555487231271284632e-01
9.622372876083536974e-01
9.682286328037007506e-01
9.735585379425951702e-01
9.782620088445914686e-01
9.823736242185550083e-01
9.859277481936113974e-01
9.889586371466241310e-01
9.915004643360249004e-01
9.935872821369305941e-01
9.952529385498313230e-01
9.965309619687694465e-01
9.974544258400908081e-01
9.980558027547403732e-01
9.983668156536357197e-01
9.984182921621344020e-01
9.982400265768882619e-01
9.978606526764665086e-01
9.973075292494444355e-01
9.966066388797635289e-01
9.957824986972738657e-01
9.948580782543058332e-01
9.938547099776987581e-01
9.927919419685875546e-01
9.916871016196534550e-01
9.905527805769865912e-01
9.893225503044320579e-01
9.883327467919151843e-01
9.872046161778522677e-01
9.861112253002963790e-01
9.850510626346550280e-01
9.838783577803896785e-01
9.831003359606962366e-01
9.821801580093387773e-01
9.813179530176322496e-01
9.805074829621683863e-01
9.797556959210372840e-01
9.790515462632286559e-01
9.783911119093307018e-01
9.777656402976812045e-01
9.771616461075092186e-01
9.765581393535990307e-01
9.759206604641821325e-01
9.751874709265243579e-01
9.742330648704781160e-01
9.727510539873874817e-01
9.697416824137482516e-01
9.594234060290820487e-01
6.732922720053116095e-01
9.762500776413127745e-01
9.799399589215672668e-01
9.794955776219996801e-01
9.790051481052050031e-01
9.786236242377633898e-01
9.783278213136288315e-01
9.780911151228869338e-01
9.778955328836603789e-01
9.777302172062865004e-01
9.775894377803382440e-01
9.774712719778545500e-01
9.773767944852036482e-01
9.773095651195217171e-01
9.772752705422382835e-01
9.772814247377584751e-01
9.773370580157484389e-01
9.774523306181150950e-01
9.776379973131849033e-01
9.779046210078045087e-01
9.782613768263566101e-01
9.787141814374612503e-01
9.792626759875683318e-01
9.798951499021312239e-01
9.805792514227146262e-01
9.812390772676704565e-01
9.814789273346656850e-01
9.812437558232861567e-01
9.811296836415477340e-01
9.787608591980971884e-01
9.727210372895325197e-01
9.588137966296543802e-01
9.266820237284512096e-01
8.482916953092211054e-01
6.464757358665009779e-01
2.212223545364576938e-01
2.912859206444842058e-02
3.238365228571449261e-01
5.636267438997886181e-01
6.946173271669606741e-01
7.683733394404558270e-01
8.131112060295997424e-01
8.418299668128773616e-01
8.608243614224608820e-01
8.733268063605593712e-01
8.810796411029493402e-01
8.850439293873920699e-01
