9.932023139208071560e-01
9.932743340067956561e-01
9.933521016948396731e-01
9.934340935186517507e-01
9.935190045182683560e-01
9.936057377251952261e-01
9.936933907058576043e-01
9.937812400792056522e-01
9.938687247793526192e-01
9.939554287028834478e-01
9.940410632625243936e-01
9.941254502636470702e-01
9.942085054282719936e-01
9.942902228109997687e-01
9.943706602819881724e-01
9.944499261944644841e-01
9.945281673044189530e-01
9.946055579697877791e-01
9.946822906245048612e-01
9.947585674950917278e-01
9.948345935089221159e-01
9.949105703272538292e-01
9.949866914256624284e-01
9.950631381377024187e-01
9.951400765738106502e-01
9.952176553257572333e-01
9.952960038682007182e-01
9.953752315707421472e-01
9.954554272381717084e-01
9.955366591005174737e-01
9.956189751801238774e-01
9.957024039682428329e-01
9.957869553504710147e-01
9.958726217246585133e-01
9.959593792625942577e-01
9.960471892709955588e-01
9.961359996142180595e-01
9.962257461649089985e-01
9.963163542549382523e-01
9.964077401025777103e-01
9.964998121966628375e-01
9.965924726217002538e-01
9.966856183117714929e-01
9.967791422238715393e-01
9.968729344237179379e-01
9.969668830802149717e-01
9.970608753658819490e-01
9.971547982628946594e-01
9.972485392755011668e-01
9.973419870513339225e-01
9.974350319141560561e-01
9.975275663128436721e-01
9.976194851903479321e-01
9.977106862782819663e-01
9.978010703222304212e-01
9.978905412435457034e-01
9.979790062431960207e-01
9.980663758533834251e-01
9.981525639427039076e-01
9.982374876801995978e-01
9.983210674637338355e-01
9.984032268179257041e-01
9.984838922662739868e-01
9.985629931824194783e-01
9.986404616244954902e-01
9.987162321570721701e-01
9.987902416639742320e-01
9.988624291557769430e-01
9.989327355748405246e-01
9.990011036010399970e-01
9.990674774605079467e-01
9.991318027397093626e-01
9.991940262071754564e-01
9.992540956444165845e-01
9.993119596876623989e-01
9.993675676818918330e-01
9.994208695480357729e-01
9.994718156648897400e-01
9.995203567658982324e-01
9.995664438517495309e-01
9.996100281194781889e-01
9.996510609082033261e-01
9.996894936617356509e-01
9.997252779083520835e-01
9.997583652578720947e-01
9.997887074158067211e-01
9.998162562145901378e-01
9.998409636618565965e-01
9.998627820052251591e-01
9.998816638138140478e-01
9.998975620755395921e-01
9.999104303105790237e-01
9.999202226999451826e-01
9.999268942290717721e-01
9.999304008461260551e-01
9.999306996341618126e-01
9.999277489967549615e-01
9.999215088569258780e-01
9.999119408683339039e-01
9.998990086383227061e-01
9.998826779624692129e-01
9.998629170694871560e-01
9.998396968765411730e-01
9.998129912535494990e-01
9.997827772965178772e-01
9.997490356083622576e-01
9.997117505874097976e-01
9.996709107220257406e-01
9.996265088908175001e-01
9.995785426678669428e-01
9.995270146317117854e-01
9.994719326773197077e-01
9.994133103305282706e-01
9.993511670633583588e-01
9.992855286099097123e-01
9.992164272816885795e-01
9.991439022813017878e-01
9.990680000138424388e-01
9.989887743953282939e-01
9.989062871568429314e-01
9.988206081443289364e-01
9.987318156131399505e-01
9.986399965170185133e-01
9.985452467914319730e-01
9.984476716310874966e-01
9.983473857623155201e-01
9.982445137108830746e-01
9.981391900664519090e-01
9.980315597455649002e-01
9.979217782556364380e-01
9.978100119630975984e-01
9.976964383699387096e-01
9.975812464042644878e-01
9.974646367307834494e-01
9.973468220901916537e-01
9.972280276771173790e-01
9.971084915682973948e-01
9.969884652162435135e-01
9.968682140248088519e-01
9.967480180277716872e-01
9.966281726943665431e-01
9.965089898900078014e-01
9.963907990258259462e-01
9.962739484353831942e-01
9.961588070233753367e-01
9.960457662381709820e-01
9.959352424268445025e-01
9.958276796400724606e-01
9.957235529619814507e-01
9.956233724483557479e-01
9.955276877639998023e-01
9.954370936146330617e-01
9.953522360696333005e-01
9.952738198643520384e-01
9.952026167491735409e-01
9.951394749085338276e-01
9.950853293890465912e-01
9.950412133275992055e-01
9.950082695148472212e-01
9.949877613927451403e-01
9.949810818447045735e-01
9.949897568746669529e-01
9.950154390994483400e-01
9.950598821854543807e-01
9.951248805963273103e-01
9.952121466222869639e-01
9.953230731340041437e-01
9.954582837701365650e-01
9.956167737479899582e-01
9.957942196995115403e-01
9.959794658501482933e-01
9.961465098359723047e-01
9.962331722187909300e-01
9.960669195200873016e-01
9.949362553327775194e-01
9.817146045745012151e-01
9.954082466421769748e-01
9.953581401628107672e-01
9.897028055179993844e-01
9.747479752364996974e-01
9.302980173541118836e-01
7.675285294212966791e-01
1.954646478592683423e-01
2.237472309270781834e-01
6.290269527206113764e-01
7.825101950368261727e-01
8.480705612914153368e-01
8.818245999329338281e-01
9.015826770389603340e-01
9.141978313986302007e-01
9.227555954893866819e-01
9.288188571990771969e-01
9.332535994218199571e-01
9.365746417066905805e-01
9.391059015177158908e-01
9.410609588274909676e-01
9.425863160884689895e-01
9.437859278497144899e-01
9.447357656722467079e-01
9.454928292252735567e-01
