9.928463628125380191e-01
9.936541405228297430e-01
9.944395340428905383e-01
9.951935748215520183e-01
9.959088140686060964e-01
9.965792173646743635e-01
9.972000479998710532e-01
9.977677441553676196e-01
9.982797941969296929e-01
9.987346135822396942e-01
9.991314261922776829e-01
9.994701522793376647e-01
9.997513046837738226e-01
9.999758944990723153e-01
1.000145346959739223e+00
1.000261427985218887e+00
1.000326181524797464e+00
1.000341877613868613e+00
1.000310970862705817e+00
1.000236068947303769e+00
1.000119910558105119e+00
9.999653521749202190e-01
9.997753629741884529e-01
9.995530271303699754e-01
9.993015527431815537e-01
9.990242865986662668e-01
9.987247339520258782e-01
9.984065824944238221e-01
9.980737296298760608e-01
9.977303121301354105e-01
9.973807371469004535e-01
9.970297134248444770e-01
9.966822813601973197e-01
9.963438402578160824e-01
9.960201707266402860e-01
9.957174495656864188e-01
9.954422536690109569e-01
9.952015483211810176e-01
9.950026536383740350e-01
9.948531806426228474e-01
9.947609252737324992e-01
9.947337041549157988e-01
9.947791095723492738e-01
9.949041520777961445e-01
9.951147461559396445e-01
9.954149756984631559e-01
9.958060488670561483e-01
9.962848121959702041e-01
9.968416352261806335e-01
9.974573900222455380e-01
9.980991199380322421e-01
9.987137964568926218e-01
9.992192673696699279e-01
9.994910518054895832e-01
9.993429606375615615e-01
9.984985065155730366e-01
9.965485815246386547e-01
9.928888043252541706e-01
9.866273340938150893e-01
9.764515465759477930e-01
9.604424851668390550e-01
9.358373267151129937e-01
8.987818774790332643e-01
8.442279367397048651e-01
7.663705348073281964e-01
6.603664043974422082e-01
5.261009302446038038e-01
3.732628792371353033e-01
2.232882366474198688e-01
1.023427679872291884e-01
2.781213873504424436e-02
6.638728444462625115e-04
9.732267113917747806e-03
4.072442750174616599e-02
8.202016526605716840e-02
1.261146702762424299e-01
1.688731902726373912e-01
2.083506299418797503e-01
2.438535909483063591e-01
2.753399519677779961e-01
3.030735566644129353e-01
3.274385579309609384e-01
3.488451783857861033e-01
3.676852067405346203e-01
3.843135751082967233e-01
3.990432428846900637e-01
4.121245679064081679e-01
4.238503678052559787e-01
4.343656312736928204e-01
4.438600365256116786e-01
4.524819692525933190e-01
4.603590889691909771e-01
4.676016600045402316e-01
4.743052617980509922e-01
4.805530504556841942e-01
4.864176471645205169e-01
4.919627160059610871e-01
4.972442868347847766e-01
5.023118742209213838e-01
5.072094429539455440e-01
5.119762796730382703e-01
5.166478637116542760e-01
5.212569364455282850e-01
5.258353321434919847e-01
5.304186450004674258e-01
5.350645576670722825e-01
5.399933962814492672e-01
5.392464824127193301e-01
5.479626659636889219e-01
5.529335305790810118e-01
5.578119303738097168e-01
5.627287687996553878e-01
5.677178542831429198e-01
5.727938291618981381e-01
5.779645015540713082e-01
5.832340872881187632e-01
5.886043304877592863e-01
5.940749662670086195e-01
5.996439378562862244e-01
6.053075096267285238e-01
6.110603323423233757e-01
6.168954860665080142e-01
6.228045136625446343e-01
6.287774524321448899e-01
6.348028692359228842e-01
6.408679042962553973e-01
6.469583314572878718e-01
6.530586520248468085e-01
6.591522719665091623e-01
6.652219480492936876e-01
6.712514670625289170e-01
6.772378204765373555e-01
6.827081912941089792e-01
6.887435435526025884e-01
6.943872928146581636e-01
6.998574632617610147e-01
7.051395814987224675e-01
7.102100210822603898e-01
7.150428602748396534e-01
7.196109887135970773e-01
7.238863800397591364e-01
7.278401450860088051e-01
7.314424916284331113e-01
7.346626225834014257e-01
7.374685801171835253e-01
7.398270353903437790e-01
7.417030207812119746e-01
7.430596001925879879e-01
7.438574724154016771e-01
7.440545021497024791e-01
7.436051730579564811e-01
7.424599571541284915e-01
7.405645950020804946e-01
7.378592817768229173e-01
7.342777555043881188e-01
7.297462861553279945e-01
7.241825683326111873e-01
7.174945269583801188e-01
7.095790559044679036e-01
7.003207257464717506e-01
6.895905213057839100e-01
6.772447059080684006e-01
6.631239621129960682e-01
6.470530343517079119e-01
6.288412053700147553e-01
6.082840849133080985e-01
5.851673852354827288e-01
5.592736106578651833e-01
5.303928956936121430e-01
4.983395660830758911e-01
4.629763072800992529e-01
4.242479726736991807e-01
3.822268052446593511e-01
3.371697876403073613e-01
2.895864296415174843e-01
2.403109497964542041e-01
1.905661638914714628e-01
1.419979115398377900e-01
9.665026286666031363e-02
5.684529225630931965e-02
2.493870325981135255e-02
5.084401151539431722e-03
7.352365350972237847e-03
5.390741433779077003e-03
2.222841909897342594e-02
5.218901890589110193e-02
9.295867173400026995e-02
1.420907988711683501e-01
1.970313889379062544e-01
2.553492460061893010e-01
3.149201456549412526e-01
3.740180656908679846e-01
4.312153407847660880e-01
4.864138750650598420e-01
5.378842183901139107e-01
5.859302701199450292e-01
6.303511043277247872e-01
6.708315012867276383e-01
7.090763390580188119e-01
7.431959937181336073e-01
