9.994257946761971878e-01
9.994237592608589127e-01
9.994219425720984873e-01
9.994203418070477518e-01
9.994189531685436778e-01
9.994177721495098865e-01
9.994167937762730158e-01
9.994160128137338228e-01
9.994154239350024893e-01
9.994150218588429002e-01
9.994148014581759609e-01
9.994147578427750034e-01
9.994148864193441728e-01
9.994151829322369673e-01
9.994156434871948047e-01
9.994162645613039464e-01
9.994170430013272766e-01
9.994179760123567124e-01
9.994190611395686874e-01
9.994202962438325510e-01
9.994216794734865905e-01
9.994232092332933082e-01
9.994248841516859549e-01
9.994267030472961943e-01
9.994286648957408925e-01
9.994307687970208631e-01
9.994330139443019512e-01
9.994353995942215629e-01
9.994379250392847469e-01
9.994405895824108876e-01
9.994433925138022090e-01
9.994463330899219233e-01
9.994494105153550745e-01
9.994526239265226764e-01
9.994559723780124250e-01
9.994594548307677018e-01
9.994630701427111852e-01
9.994668170609822822e-01
9.994706942161523111e-01
9.994747001179543622e-01
9.994788331526306413e-01
9.994830915814623129e-01
9.994874735405947508e-01
9.994919770419254945e-01
9.994965999747102980e-01
9.995013401081701554e-01
9.995061950946437790e-01
9.995111624732988531e-01
9.995162396741762434e-01
9.995214240228366132e-01
9.995267127448561606e-01
9.995321029709807181e-01
9.995375917419838663e-01
9.995431760137817312e-01
9.995488526624698444e-01
9.995546184893495667e-01
9.995604702258718000e-01
9.995664045383938490e-01
9.995724180328879882e-01
9.995785072594212117e-01
9.995846687164198219e-01
9.995908988548783958e-01
9.995971940821800628e-01
9.996035507659153385e-01
9.996099652372461009e-01
9.996164337943305167e-01
9.996229527053399622e-01
9.996295182113933420e-01
9.996361265292015297e-01
9.996427738536495244e-01
9.996494563601547867e-01
9.996561702066989463e-01
9.996629115359689788e-01
9.996696764772211585e-01
9.996764611479699303e-01
9.996832616556811102e-01
9.996900740990991574e-01
9.996968945698605502e-01
9.997037191536982670e-01
9.997105439315955300e-01
9.997173649810229268e-01
9.997241783770846046e-01
9.997309801934777251e-01
9.997377665034399286e-01
9.997445333808475665e-01
9.997512769010705735e-01
9.997579931418992816e-01
9.997646781845274111e-01
9.997713281143441044e-01
9.997779390220130624e-01
9.997845070041920801e-01
9.997910281646831265e-01
9.997974986152932120e-01
9.998039144767933983e-01
9.998102718800647715e-01
9.998165669671597033e-01
9.998227958922631942e-01
9.998289548230502310e-01
9.998350399418450829e-01
9.998410474468618636e-01
9.998469735536504865e-01
9.998528144963565456e-01
9.998585665294108527e-01
9.998642259288896827e-01
9.998697889944214712e-01
9.998752520506121177e-01
9.998806114491348707e-01
9.998858635705675235e-01
9.998910048263137673e-01
9.998960316608803689e-01
9.999009405540446593e-01
9.999057280230954081e-01
9.999103906254928065e-01
9.999149249612192536e-01
9.999193276755672377e-01
9.999235954619745126e-01
9.999277250649044602e-01
9.999317132828033916e-01
9.999355569714766245e-01
9.999392530471923335e-01
9.999427984901733124e-01
9.999461903481255964e-01
9.999494257398409136e-01
9.999525018590175174e-01
9.999554159780028595e-01
9.999581654518046037e-01
9.999607477221230667e-01
9.999631603213884334e-01
9.999654008768791291e-01
9.999674671149305638e-01
9.999693568650667164e-01
9.999710680640887528e-01
9.999725987603745869e-01
9.999739471176463113e-01
9.999751114189282530e-01
9.999760900703751343e-01
9.999768816045675468e-01
9.999774846839222242e-01
9.999778981034127545e-01
9.999781207931174309e-01
9.999781518202149888e-01
9.999779903902710210e-01
9.999776358480559901e-01
9.999770876774882744e-01
9.999763455005948876e-01
9.999754090756062253e-01
9.999742782936896779e-01
9.999729531744804278e-01
9.999714338599938745e-01
9.999697206067876820e-01
9.999678137761764951e-01
9.999657138221010877e-01
9.999634212764232366e-01
9.999609367313122554e-01
9.999582608178788634e-01
9.999553941809475877e-01
9.999523374488822336e-01
9.999490911974724394e-01
9.999456559067455563e-01
9.999420319085915443e-01
9.999382193228468774e-01
9.999342179782091389e-01
9.999300273125294458e-01
9.999256462445546001e-01
9.999210730048071483e-01
9.999163049063037878e-01
9.999113380234750936e-01
9.999061667268256404e-01
9.999007829808165271e-01
9.998951752390590197e-01
9.998893266183218609e-01
9.998832117101504879e-01
9.998767906387971971e-01
9.998699970766776746e-01
9.998627115287048728e-01
9.998546932954240907e-01
9.998453710850433440e-01
9.998329744326569513e-01
9.998081158632623477e-01
9.993263883514387214e-01
9.998479873764247738e-01
9.998321278481503427e-01
9.998203734117433461e-01
9.998101090976541094e-01
9.998003712608144467e-01
9.997907819344289404e-01
9.997811620480152595e-01
9.997714134905212324e-01
9.997614760784627741e-01
9.997513095130969862e-01
9.997408850352019760e-01
9.997301813178381957e-01
9.997191823998003990e-01
9.997078766870716171e-01
9.996962565567021342e-01
9.996843183260643029e-01
9.996720624582685621e-01
9.996594939301539640e-01
9.996466227164167995e-01
9.996334643594455560e-01
