7.860291331904360745e-02
1.093771519232595857e-01
1.383783394277238454e-01
1.648964945106899116e-01
1.888090836861212596e-01
2.102850505600154241e-01
2.296155372255055394e-01
2.471226399305422872e-01
2.631136876638175970e-01
2.778610522936816873e-01
2.915957423286033579e-01
3.045080743475847007e-01
3.167516920823852944e-01
3.284489628076223133e-01
3.396970786975802015e-01
3.505787821636704438e-01
3.610101912059976992e-01
3.713650379841171856e-01
3.814147528938755527e-01
3.912538831467817779e-01
4.009107571608445664e-01
4.104081068969582247e-01
4.197663646588961073e-01
4.290049250082049181e-01
4.381428852917399475e-01
4.471995052705793894e-01
4.561944693574597753e-01
4.651479990375772533e-01
4.740808495937461342e-01
4.830142177967894912e-01
4.919695820052520374e-01
5.009684920671538810e-01
5.100323231456123096e-01
5.191820049210984500e-01
5.284377354569779195e-01
5.378186872765595705e-01
5.473427118348774822e-01
5.570260475257478028e-01
5.668830356034936235e-01
5.769258478768563014e-01
5.871642297144131772e-01
5.976052617480975826e-01
6.082531436393069368e-01
6.191090033425613592e-01
6.301707354278197615e-01
6.414328721656534782e-01
6.528864911986641539e-01
6.645191636788714273e-01
6.763149467030058481e-01
6.882544236889820422e-01
7.003147959711467641e-01
7.124700283232977549e-01
7.246910503236242418e-01
7.369460144494405229e-01
7.492006105329360732e-01
7.614184347447346957e-01
7.735614096340279744e-01
7.855902499957637675e-01
7.974649675212707178e-01
8.091454053899128640e-01
8.205917922402500286e-01
8.317653033408530794e-01
8.426286151469289942e-01
8.531464372020347575e-01
8.632860001350026735e-01
8.730174590152295355e-01
8.823140644523490561e-01
8.911508897668380946e-01
8.985065868519379606e-01
9.074137021570409800e-01
9.147847627308413054e-01
9.215603005697865502e-01
9.280318944466827702e-01
9.338898258115607698e-01
9.392493920121076645e-01
9.441145373126461626e-01
9.484784342543645108e-01
9.518362408652940587e-01
9.561040005841238143e-01
9.591269691672926756e-01
9.617755251306581155e-01
9.640421971751484964e-01
9.659386768247997246e-01
9.674774886132974094e-01
9.686663517064519890e-01
9.694526037228209381e-01
9.698735582917324960e-01
9.704623554017260956e-01
9.702663554188156736e-01
9.697731431743835673e-01
9.689144413322733351e-01
9.676479194791689498e-01
9.659227566911379181e-01
9.636740055036447927e-01
9.608192707752443162e-01
9.572555183962484504e-01
9.528555959296806099e-01
9.474643450429515168e-01
9.408942843800137679e-01
9.329209204170453296e-01
9.232778501000979965e-01
9.116519804127143356e-01
8.976794349170985621e-01
8.809430796389911000e-01
8.609731204225504753e-01
8.372529485160152829e-01
8.092334162067089665e-01
7.763602555928589277e-01
7.381227188331970224e-01
6.941458110365645862e-01
6.444717799187851259e-01
5.446977562916995863e-01
5.228735862636216813e-01
4.567258730745334394e-01
3.867709110575235920e-01
3.155365459996308242e-01
2.457292094063561472e-01
1.802893450030146061e-01
1.221144370336694901e-01
7.371883230770812090e-02
3.693873211901693709e-02
1.276252831305384541e-02
1.321205097066108182e-03
2.037268079047410609e-03
1.383629650009739372e-02
3.543884495333812779e-02
6.560627244549034620e-02
1.033784663793877456e-01
1.483077303420769211e-01
2.007618197831519957e-01
2.624355208906450909e-01
3.365457287651104634e-01
4.280419282826123384e-01
5.635827812341746013e-01
7.522073175636404541e-01
8.909889853708471419e-01
2.602664414438524698e-01
2.428813771812815905e-04
6.283929188391337850e-02
1.414364043964861650e-01
2.074444639380211841e-01
2.624416671732283102e-01
3.095550274776557864e-01
3.510229628731311169e-01
3.883367071630178247e-01
4.223893628209058893e-01
4.539772262968729266e-01
4.835101919234019441e-01
5.113381743954860115e-01
5.377197896463591364e-01
5.628666902249088722e-01
5.855322216338146868e-01
6.095902290362757991e-01
6.316819787380281159e-01
6.528600290261015182e-01
6.731948572179888846e-01
6.927170406508204037e-01
7.114394454824968239e-01
7.293615423843370360e-01
7.464711718801649853e-01
7.627455144363304296e-01
7.781516269539364705e-01
7.926466194564721901e-01
8.061774315133650726e-01
8.186800696435412306e-01
8.300780168916415125e-01
8.402792088273406401e-01
8.491701036534572422e-01
8.566022080653156179e-01
8.623494057800999979e-01
8.658381046853770302e-01
8.455762448469602566e-01
8.703017419389172948e-01
8.667405458161758780e-01
8.598971913426777247e-01
8.484520310866453530e-01
8.306362330733287891e-01
8.036586806748506895e-01
7.629285888457612019e-01
7.008497211599018506e-01
6.053829437218198883e-01
4.608032278563120587e-01
2.625569403393224754e-01
6.662574906499828253e-02
5.891767431662349973e-03
1.179929935888872211e-01
2.878241660496980159e-01
4.304412267806568826e-01
5.310630950816876972e-01
5.988473357104590056e-01
6.445078813841911280e-01
6.766803814407915674e-01
6.994882410775611348e-01
7.164612706235520267e-01
7.297896243863265520e-01
7.409398809884305548e-01
7.509070480319168794e-01
7.602035462627351192e-01
7.607222637168263857e-01
7.800215686429921025e-01
