9.978146049635553405e-01
9.979294292530240806e-01
9.980325585762686025e-01
9.981234159666432237e-01
9.982018427850002373e-01
9.982680235791436818e-01
9.983224175221295793e-01
9.983656967032211726e-01
9.983986913265323615e-01
9.984223417010148482e-01
9.984376567731749752e-01
9.984456788560094331e-01
9.984474541384665836e-01
9.984440085146936150e-01
9.984363282465165135e-01
9.984253449640965172e-01
9.984119245126393816e-01
9.983968591666961823e-01
9.983808627556125526e-01
9.983645682689933354e-01
9.983485275430221684e-01
9.983332126603607914e-01
9.983190187307704466e-01
9.983062677536488350e-01
9.982952132976563586e-01
9.982860457644502361e-01
9.982788980351722241e-01
9.982738513265262403e-01
9.982709411110574083e-01
9.982701629800341259e-01
9.982714783502129041e-01
9.982748199353488339e-01
9.982800969222525023e-01
9.982871998051142670e-01
9.982960048474240899e-01
9.983063781510523871e-01
9.983181793234737755e-01
9.983312647411839436e-01
9.983454904155731890e-01
9.983607144723323223e-01
9.983767992605213637e-01
9.983936131104508283e-01
9.984110317625388697e-01
9.984289394908060222e-01
9.984472299456322864e-01
9.984658067415459470e-01
9.984845838151357178e-01
9.985034855783370134e-01
9.985224468913606044e-01
9.985414128791098021e-01
9.985603386128613090e-01
9.985791886792043659e-01
9.985979366550497005e-01
9.986165645077639264e-01
9.986350619368389303e-01
9.986534256728067938e-01
9.986716587470599871e-01
9.986897697451864175e-01
9.987077720550436855e-01
9.987256831191636541e-01
9.987435237001702770e-01
9.987613171667031331e-01
9.987790888058085681e-01
9.987968651674474785e-01
9.988146734449880881e-01
9.988325408956753027e-01
9.988504943032446848e-01
9.988685594849842087e-01
9.988867608444234047e-01
9.989051209705440693e-01
9.989236602836758516e-01
9.989423967278743266e-01
9.989613455095058825e-01
9.989805188809368630e-01
9.989999259682006416e-01
9.990195726414559108e-01
9.990394614263079509e-01
9.990595914548660028e-01
9.990799584540742684e-01
9.991005547696460987e-01
9.991213694237501830e-01
9.991423882041919891e-01
9.991635937829668190e-01
9.991849658621404506e-01
9.992064813451714267e-01
9.992281145312473800e-01
9.992498373306700765e-01
9.992716194994518686e-01
9.992934288906768492e-01
9.993152317211708713e-01
9.993369928508556432e-01
9.993586760736264951e-01
9.993802444171521193e-01
9.994016604500470802e-01
9.994228865947173412e-01
9.994438854436945574e-01
9.994646200776402534e-01
9.994850543837415779e-01
9.995051533719635506e-01
9.995248834877314970e-01
9.995442129192437797e-01
9.995631118972189144e-01
9.995815529857107196e-01
9.995995113614721816e-01
9.996169650805425411e-01
9.996338953292580598e-01
9.996502866586038927e-01
9.996661271988961373e-01
9.996814088529872855e-01
9.996961274658995311e-01
9.997102829681622227e-01
9.997238794905400905e-01
9.997369254480615863e-01
9.997494335898940987e-01
9.997614210132558243e-01
9.997729091380668232e-01
9.997839236395211771e-01
9.997944943356478209e-01
9.998046550270451860e-01
9.998144432849710439e-01
9.998239001852068375e-01
9.998330699838338109e-01
9.998419997315793895e-01
9.998507388231069326e-01
9.998593384772648252e-01
9.998678511445517891e-01
9.998763298373761765e-01
9.998848273785521101e-01
9.998933955631696957e-01
9.999020842283355970e-01
9.999109402244497069e-01
9.999200062808049072e-01
9.999293197571317293e-01
9.999389112698018334e-01
9.999488031802126198e-01
9.999590079280638033e-01
9.999695261869542273e-01
9.999803448134314543e-01
9.999914345488056799e-01
1.000002747419443727e+00
1.000014213759295334e+00
1.000025738747324811e+00
1.000037198307869080e+00
1.000048434153216093e+00
1.000059247645930682e+00
1.000069392000766832e+00
1.000078562098005053e+00
1.000086380783157258e+00
1.000092379872218329e+00
1.000095972970703073e+00
1.000096415266187533e+00
1.000092741905291849e+00
1.000083669813194520e+00
1.000067434288330448e+00
1.000041502918965097e+00
1.000002043475020086e+00
9.999428574406465930e-01
9.998530282343588427e-01
9.997110281345787941e-01
9.994670094343959255e-01
9.989720542633079292e-01
9.974920738430633760e-01
9.676578875543303537e-01
1.002978902602943201e+00
1.001765197204976365e+00
1.001289664578541627e+00
1.001024703165883878e+00
1.000843104558363894e+00
1.000700215926709769e+00
1.000576338752851457e+00
1.000461415931267917e+00
1.000349784141867371e+00
1.000238046303304262e+00
1.000124101010531286e+00
1.000006660505282641e+00
9.998849963391516216e-01
9.997587996949997002e-01
9.996281030840685755e-01
9.994932364682059811e-01
9.993548033012359388e-01
9.992136682094155953e-01
9.990709512921168711e-01
9.989280257950482467e-01
9.987865168930473159e-01
9.986482998744835582e-01
9.985154963290601149e-01
9.983904671091947680e-01
9.982758009178300806e-01
9.981742974102332244e-01
9.980889437020017407e-01
9.980228831692352642e-01
9.979793754156284225e-01
9.979617462780797643e-01
9.979733267519746986e-01
9.980173797478371078e-01
9.980970136510084467e-01
9.982150817514702235e-01
9.983740667521880940e-01
9.985759497591076839e-01
9.988220634165524414e-01
