9.750738902660566199e-01
9.744462032843302923e-01
9.738377787671514962e-01
9.731880198097322410e-01
9.724493616327520851e-01
9.715866213258417261e-01
9.705761871741910296e-01
9.694050892103176498e-01
9.680699896223257106e-01
9.665761278940337986e-01
9.649362513413147768e-01
9.631695572645253556e-01
9.613006684510175814e-01
9.593586593465094348e-01
9.573761459793636019e-01
9.553884487228456734e-01
9.534328332493581248e-01
9.515478315802303744e-01
9.497726419461447467e-01
9.481466032024534751e-01
9.467087367300199841e-01
9.454973459893056820e-01
9.445496610560052408e-01
9.439015123669636242e-01
9.435870143051136028e-01
9.436382348280587529e-01
9.440848216594224240e-01
9.449535480156433520e-01
9.462677306103493002e-01
9.480464586132485438e-01
9.503035527338263844e-01
9.530461463825742330e-01
9.562727427304194006e-01
9.599705479018666443e-01
9.641118051117760768e-01
9.686487483480147320e-01
9.735066449376339470e-01
9.785741876558146091e-01
9.836902084300885862e-01
9.886252944476296989e-01
9.930563761822869262e-01
9.965317340719678230e-01
9.984232212984994748e-01
9.978621000500900173e-01
9.936554464902680461e-01
9.841832121964790847e-01
9.672850822647137692e-01
9.401673832815475862e-01
8.994026105880538191e-01
8.411649757714296793e-01
7.619300729068959610e-01
6.598809359682886733e-01
5.370021489537966097e-01
4.010921915733342558e-01
2.659710267873059419e-01
1.483178462013790000e-01
6.196246603568903583e-02
1.320439089328210268e-02
1.726338528855907639e-04
1.572009444264284989e-02
5.112294928786676601e-02
9.858525491804079333e-02
1.522185919161250234e-01
2.080398900769307169e-01
2.635728988280251484e-01
3.173959881999641741e-01
3.687708114139899851e-01
4.173764147641850775e-01
4.631290013983889176e-01
5.052429889470230195e-01
5.464680661887160174e-01
5.842452458537059634e-01
6.196598789958297493e-01
6.528549618659765796e-01
6.840781755578494439e-01
7.129570811148979725e-01
7.401935056281527814e-01
7.656173016555091193e-01
7.893209487896376553e-01
8.113773863489651683e-01
8.318518339334300959e-01
8.508047723254897887e-01
8.682937608480921776e-01
8.843747857808367252e-01
8.991032735051807112e-01
9.125348185081522123e-01
9.247256619876255135e-01
9.357329550920570060e-01
9.456148410005759120e-01
9.544303897372210521e-01
9.622394183610248897e-01
9.691022270307046993e-01
9.750792785881148284e-01
9.802308459609627711e-01
9.846166480639697571e-01
9.882954911752577232e-01
9.913249291490497939e-01
9.937609524289402474e-01
9.956577127443330122e-01
9.970672876716422106e-01
9.980394869504692901e-01
9.986217005669174585e-01
9.988587871354580594e-01
9.987929999867212194e-01
9.984639475562637756e-01
9.979085840992183432e-01
9.971612263557284583e-01
9.962535914491396083e-01
9.952148508603578803e-01
9.940716945030564355e-01
9.928483971630324145e-01
9.915668755931436040e-01
9.902467152101043224e-01
9.889051218865898552e-01
9.875566895885968810e-01
9.862126701269852136e-01
9.848786498242992904e-01
9.835455534818445811e-01
9.821350304120679553e-01
9.789753543309972494e-01
9.809413936683363255e-01
9.795650567361173788e-01
9.785075514720472656e-01
9.775802817693087787e-01
9.767538919730881508e-01
9.760210045370425469e-01
9.753797368853618366e-01
9.748299541311392646e-01
9.743721512194847278e-01
9.740070879526803171e-01
9.737356788698793286e-01
9.735589523428798131e-01
9.734779406012887826e-01
9.734932339860716821e-01
9.736033250437033937e-01
9.737977261779305893e-01
9.740144123223207773e-01
9.730650875548264578e-01
9.759158190837369240e-01
9.764623225770056036e-01
9.772885629289576048e-01
9.782110266598025294e-01
9.789422174257369491e-01
9.784504481909566120e-01
9.719299374975216566e-01
9.240483547821507493e-01
3.457284091974495710e-01
5.951430229721017540e-01
8.513500398195714691e-01
9.063645003762573760e-01
9.276231072034198943e-01
9.385731598953089838e-01
9.452172169236300325e-01
9.497020393760821078e-01
9.529653217879149318e-01
9.554681961975997062e-01
9.574150912499180821e-01
9.558065999326993412e-01
9.612383394492854949e-01
9.624675735880631189e-01
9.636950606238996464e-01
9.648765239107409686e-01
9.660225083518868550e-01
9.671474119538653325e-01
9.682638904134319713e-01
9.693820923481056839e-01
9.705096757838743704e-01
9.716519025307485125e-01
9.728116597155985756e-01
9.739893699036524799e-01
9.751827648051835107e-01
9.763864753436142241e-01
9.775913345207414284e-01
9.787831673995472936e-01
9.799405635211413390e-01
9.810304348612460812e-01
9.819982659479552511e-01
9.827440842955541545e-01
9.830537655805372532e-01
9.823576722368123626e-01
9.785625395964099305e-01
9.577591319295599703e-01
5.884426206370492185e-01
8.453987439393625403e-01
9.208568812915797208e-01
9.761465180365910266e-01
9.816952636069085081e-01
9.829577355294637497e-01
9.826598203550982458e-01
9.814136250872476097e-01
9.794070310221576481e-01
9.766992877186810862e-01
9.733047808577585114e-01
9.692291328538288342e-01
9.645052047869985268e-01
9.593033778873588657e-01
9.547026914265642761e-01
9.335505657109733901e-01
9.323876376664854693e-01
9.238891589091311474e-01
