1.026901300739573530e+00
9.060502774412692029e-01
5.721652913747942160e-01
1.412676666041622620e-01
2.239180732986119512e-04
7.809296975036077171e-02
1.893212623242011561e-01
2.808803451219951119e-01
3.499427082727652460e-01
4.020817594781452842e-01
4.424385721121464887e-01
4.746842370174060299e-01
5.013130401731564767e-01
5.240160066291894569e-01
5.439522923299987545e-01
5.619271563067426145e-01
5.785065392520848393e-01
5.940914229403805313e-01
6.089669416833409787e-01
6.233354937249878658e-01
6.373393238120467208e-01
6.510775060176325901e-01
6.646158527018013462e-01
6.779962525835223630e-01
6.912427843579356246e-01
7.043660916213365653e-01
7.173668990130398493e-01
7.302386457951591803e-01
7.429694954101149218e-01
7.555438764224065018e-01
7.679436675858852812e-01
7.801491112027598707e-01
7.921395187559361339e-01
8.038938183127671833e-01
8.153909834680345137e-01
8.266103890658517139e-01
8.375314585314866944e-01
8.481364301248575099e-01
8.584060879730240901e-01
8.683238811028439752e-01
8.778743545199694243e-01
8.870435639334429689e-01
8.958192200522092641e-01
9.041908211292665198e-01
9.121497787885306519e-01
9.196895357340444388e-01
9.268056721404533960e-01
9.334959964330978854e-01
9.397606153916162608e-01
9.456019779680162607e-01
9.510248868419034496e-01
9.560364714807378927e-01
9.606461162402264442e-01
9.648653367218616994e-01
9.687075970528070679e-01
9.721880597918718392e-01
9.753232585724865844e-01
9.781306811119641065e-01
9.806282465798694670e-01
9.828336564439138501e-01
9.847635928866951271e-01
9.864327418907132827e-01
9.878526942853212978e-01
9.890319156211453411e-01
9.899313749498724890e-01
9.906265380286852773e-01
9.910241629242572126e-01
9.910971255066780561e-01
9.907766167617481079e-01
9.899563936426279964e-01
9.884779923944485569e-01
9.861119121740220539e-01
9.822956137676064348e-01
9.769634385717208547e-01
9.688085890113168341e-01
9.563920394998192132e-01
9.367641373381351277e-01
9.033669016323113699e-01
8.380445355052797973e-01
6.732683088611152167e-01
2.974583075510294217e-01
6.091695278979539774e-01
9.817500039164805958e-01
9.543099814063760178e-01
9.046288237622588380e-01
8.446325931960095845e-01
7.748547887534484868e-01
6.955773936914079192e-01
6.082495914928925940e-01
5.157400446005299122e-01
4.220926413238479946e-01
3.318969242896608329e-01
2.494621211521464710e-01
1.780768092647005141e-01
1.195909108723605674e-01
7.439433898956764046e-02
4.170146472738497229e-02
1.997317646090644716e-02
7.326284630530563273e-03
1.845530797290692191e-03
1.777130630915528401e-03
5.621391131893933163e-03
1.215553539747976988e-02
2.041612363874635225e-02
2.966273144095044403e-02
3.933643075370104464e-02
4.902035677105057859e-02
5.840555983497279502e-02
6.726299958460645045e-02
7.542136406918416303e-02
8.274991780263020458e-02
8.914547932530951513e-02
9.452270704090924569e-02
9.880702560929392753e-02
1.019297018770633917e-01
1.038247583907662558e-01
1.044275902778439291e-01
1.036753328620263342e-01
1.015092217799369728e-01
9.787940337796309509e-02
9.275289433100765424e-02
8.612564539139987152e-02
7.803989538334327181e-02
6.860811364487059971e-02
5.804463525253453215e-02
4.670527045011341888e-02
3.513323577893438104e-02
2.410613744931976166e-02
1.467306555571426009e-02
8.163622787437029363e-03
6.144293568132909965e-03
1.029703916839176149e-02
2.220732199635139931e-02
4.307875047428808002e-02
7.343734842303455135e-02
1.129835990641237381e-01
1.591992617399559939e-01
2.121061786765343626e-01
2.675268993680481322e-01
3.230649786297088988e-01
3.764282669951897198e-01
4.252748887730093963e-01
4.701060438564760857e-01
5.090756161530820556e-01
5.423603449270727461e-01
5.702723876227437927e-01
5.932164122979756149e-01
6.116738455849113354e-01
6.261418956393423052e-01
6.370971131038211110e-01
6.449767735785977285e-01
6.501717865024908560e-01
6.530264009086322874e-01
6.538415089664836310e-01
6.528795427971206822e-01
6.503697956219897103e-01
6.465135428892536673e-01
6.414886752121710112e-01
6.354537525848810153e-01
6.285514997558462325e-01
6.209118211076092297e-01
6.126544440265222491e-01
6.038913224598773111e-01
5.947289817420579050e-01
5.852712275412231824e-01
5.756248061231916680e-01
5.656374733234622587e-01
5.560905519113107376e-01
5.464965043837028968e-01
5.371510388796546520e-01
5.282064365666577777e-01
5.198359550976570098e-01
5.122485705090825681e-01
5.057040825088021663e-01
5.005337135936366311e-01
4.971695638731909450e-01
4.961876863892594192e-01
4.983720870907130673e-01
5.048105931675088698e-01
5.170373301989641401e-01
5.372346037642466987e-01
5.684730697082831519e-01
6.147983153959176716e-01
6.802787579205606949e-01
7.637988260407606589e-01
8.421695650365665919e-01
8.485609746729382286e-01
7.255147409412189274e-01
5.323743959269362502e-01
3.663316308396043497e-01
2.572867806071690300e-01
1.933450048026483792e-01
1.580755541874490078e-01
1.404246217709489986e-01
1.340977704687758287e-01
1.356740955261504511e-01
1.433058577630904884e-01
1.559800113710070602e-01
1.731157301218583522e-01
1.943449952709477291e-01
