8.140216069674418575e-01
8.292574333935717190e-01
8.441039454605442360e-01
8.585099139486754849e-01
8.724222273191144517e-01
8.857876795797552383e-01
8.985478951942196257e-01
9.106599926117499022e-01
9.220912569259304137e-01
9.327510595050213515e-01
9.426429732332598510e-01
9.517270801162426297e-01
9.599812546444052019e-01
9.673925875391763407e-01
9.739577000365087223e-01
9.796830934136951941e-01
9.845853233737507093e-01
9.886909791041931239e-01
9.920364769446456954e-01
9.946676906323732581e-01
9.966394470831180241e-01
9.980149199246447500e-01
9.988649517162933034e-01
9.992673278923724922e-01
9.993060068838656163e-01
9.990702734059361267e-01
9.986537086742630631e-01
9.981527266737509896e-01
9.976641320419212811e-01
9.972805380858570379e-01
9.970811326612957215e-01
9.971121805650868808e-01
9.973441405151377559e-01
9.975728553339443527e-01
9.971780445977506124e-01
9.944864121534917611e-01
9.849222530817127730e-01
9.549752431884125370e-01
8.591968839534522839e-01
5.825650679441043422e-01
7.749992715466813564e-02
1.033462842271281878e-01
3.877974029876000706e-01
5.683218332899167002e-01
6.719346853793817242e-01
7.367314529913893129e-01
7.815129122698826203e-01
8.153972190032322542e-01
8.431193179707859864e-01
8.673078023105497136e-01
8.894781471620761826e-01
9.104700203633049327e-01
9.306373067726347870e-01
9.498280768320438439e-01
9.672892114294193711e-01
9.813764226359076304e-01
9.890606535292016943e-01
9.852671855121601929e-01
9.621322392941732415e-01
9.089480649112223754e-01
8.144846756053033543e-01
6.738625482403268752e-01
4.984659208855692358e-01
3.185657201453838683e-01
1.689197633940504595e-01
6.875872431285365294e-02
1.674412075516844289e-02
3.436747908884269908e-04
5.860181323074103825e-03
2.270908636203138736e-02
4.426427689076952582e-02
6.640694876068502228e-02
8.682746225356537118e-02
1.041872445381867157e-01
1.176453874891020268e-01
1.265655906445605494e-01
1.303366377040545421e-01
1.282655791797784606e-01
1.195383326209759761e-01
1.033007072077906513e-01
7.904509543231784396e-02
4.781855543779953144e-02
1.551617572316210322e-02
4.691995982933406021e-04
4.415888539508962957e-02
2.001550773683655748e-01
4.584092300480208104e-01
7.084990868650112850e-01
8.691141720861002007e-01
9.481606795810056942e-01
9.805315988971901042e-01
9.910354413392867823e-01
9.924949365858393158e-01
9.908287713053418599e-01
9.886089467194600910e-01
9.868668524944216314e-01
9.859367277765795912e-01
9.858426531424803185e-01
9.864764665313090486e-01
9.876798223534608567e-01
9.892817771739332855e-01
9.911154395971583098e-01
9.930244471006266505e-01
9.948632088250605188e-01
9.964825157457126714e-01
9.969088493072350010e-01
9.990220922599433173e-01
9.994452860297534658e-01
9.993444255899275319e-01
9.986270693669325738e-01
9.972341590106202913e-01
9.951201751600463608e-01
9.922496825327355996e-01
9.885950302853409033e-01
9.841187220333643682e-01
9.789115463744895163e-01
9.728318914235301040e-01
9.659461812261125324e-01
9.582579837848869131e-01
9.497770767558082472e-01
9.405164753784894804e-01
9.304907699897523310e-01
9.197147128219939072e-01
9.082017733394073256e-01
8.959626010923086303e-01
8.829889823686553063e-01
8.693231219485036965e-01
8.549138015207162766e-01
8.397549109059841976e-01
8.238122595136239124e-01
8.070338074925142990e-01
7.893450708520288739e-01
7.706432363595879798e-01
7.507895058626096185e-01
7.295989779932303687e-01
7.068270903027751295e-01
6.821512494488031209e-01
6.551457491918065701e-01
6.252474404405657937e-01
5.917090627479077991e-01
5.535371525074843646e-01
5.094178077051730869e-01
4.576363555398496596e-01
3.960636651995432245e-01
3.223920318821568709e-01
2.352020014464233089e-01
1.373793806240711235e-01
4.485597394463258780e-02
1.050711663615025741e-03
7.322836173136235138e-02
2.807111652415948400e-01
5.335670950201236717e-01
7.320851789691023015e-01
8.536146584905732748e-01
9.185886265647054127e-01
9.498690760826493662e-01
9.618074217577381457e-01
9.601126848411888348e-01
9.387391001422199510e-01
8.532322443558683078e-01
4.884676855778639082e-01
3.116218772009627172e-02
3.786655570626527578e-01
5.893792824126099505e-01
6.807793232990825283e-01
7.267283115857400277e-01
7.451987911871250647e-01
7.645110544411904963e-01
7.748843601916153290e-01
7.819591484331911424e-01
7.870500205935900828e-01
7.910110585431655572e-01
7.951356930051893812e-01
7.984025305659646632e-01
8.015410007490338939e-01
8.046832277469128103e-01
8.079146008284745495e-01
8.112924444907213539e-01
8.148544061829039453e-01
8.186236123655659114e-01
8.226119139455022600e-01
8.268218423347946100e-01
8.312476054013807625e-01
8.358752518666875408e-01
8.406819018073552474e-01
8.456333361738408438e-01
8.506753760414765830e-01
8.556164780037464057e-01
8.610150194606100982e-01
8.658775756706661442e-01
8.704493238086171703e-01
8.744263433646243255e-01
8.773500078461117235e-01
8.783912207841401143e-01
8.758428785336238587e-01
8.655140878798814885e-01
8.338594159820625906e-01
7.082405433583508492e-01
3.034649002937738274e-02
9.756942541731872254e-01
