7.647585313632875303e-01
7.821061140502733044e-01
7.992307600392772882e-01
8.160529847841153650e-01
8.325008666038703486e-01
8.484872618866176053e-01
8.639337466159064949e-01
8.787626608591999622e-01
8.929004646900987607e-01
9.062794708436943125e-01
9.188354993526943737e-01
9.305263024467906874e-01
9.413009192746784048e-01
9.511303095811434183e-01
9.599942462650576935e-01
9.678841702617662079e-01
9.748034024400575870e-01
9.807670786145944453e-01
9.858018542203677015e-01
9.899454093633740515e-01
9.932457907969660660e-01
9.957606337890355652e-01
9.975563115300364325e-01
9.987070619639495384e-01
9.992941410803706237e-01
9.994050466481311235e-01
9.991328445567392302e-01
9.985756055348345983e-01
9.978359098104130354e-01
9.970202711048650190e-01
9.962380991517610918e-01
9.955992936120582337e-01
9.952083205577495484e-01
9.951495504240917001e-01
9.954505782035202310e-01
9.959875298688980472e-01
9.962263286945016727e-01
9.944528358551252278e-01
9.851973157742031084e-01
9.492801377925911277e-01
8.116953083846778494e-01
3.762262113769672678e-01
1.207898653568501707e-01
2.990106073046188140e-01
5.331276015360717491e-01
6.619957681675526784e-01
7.316937226875072087e-01
7.747363417385513262e-01
8.044550822470700746e-01
8.269297828442762066e-01
8.452708478271304671e-01
8.612002073869126084e-01
8.758527762604279010e-01
8.897798561193718259e-01
9.034367096334345870e-01
9.170609009017139934e-01
9.307022353951339699e-01
9.444381674376643998e-01
9.578303454381550397e-01
9.703893081850021307e-01
9.809670043700301489e-01
9.883840053369358225e-01
9.896394794361421665e-01
9.809282868373587760e-01
9.565931351409031613e-01
9.092543471902355678e-01
8.309852055274548066e-01
7.167260492971477825e-01
5.699414318909581390e-01
4.069169761870393698e-01
2.532505014163118906e-01
1.318855133852118999e-01
5.271710738713204780e-02
1.230271103757020826e-02
4.798517432648943988e-04
6.525981989781564144e-03
2.195436332215609798e-02
4.087346881876590537e-02
5.940969295151801721e-02
7.500393041871032673e-02
8.584365050043835099e-02
9.047120166743934100e-02
8.757249856826769541e-02
7.602737656284275225e-02
5.555421011057139896e-02
2.894582619063344395e-02
8.255735980121981996e-03
2.713054389748417380e-02
1.440341524092542957e-01
3.815145358361275441e-01
6.514546041978359625e-01
8.452537470422926136e-01
9.423967825962491496e-01
9.798773749488124407e-01
9.907110340453908481e-01
9.915953169509960086e-01
9.895775909143874616e-01
9.873887782694041881e-01
9.859629462239544173e-01
9.855037792622135528e-01
9.859283786959625040e-01
9.870525717029123847e-01
9.886680150846480775e-01
9.905733189673401329e-01
9.925854993625869982e-01
9.945432610934638040e-01
9.962988469457345619e-01
9.977484800882674421e-01
9.987750924698294286e-01
9.992949741852324985e-01
9.992357283793137368e-01
9.985379893329499046e-01
9.971543936463733715e-01
9.950485871735398336e-01
9.921942598959268000e-01
9.885701945312107553e-01
9.841581280762509154e-01
9.790013235118032453e-01
9.730608517418990466e-01
9.663585257695663788e-01
9.589019849531721373e-01
9.507436950002875475e-01
9.418698674536722937e-01
9.323163734693308280e-01
9.221087548329895967e-01
9.112714867342195380e-01
8.998277333325990224e-01
8.877981879814315080e-01
8.751984045143286206e-01
8.620490755019433182e-01
8.483460977750043597e-01
8.340937424510782572e-01
8.192819513726888880e-01
8.038901661168573742e-01
7.878849449597746801e-01
7.712172335363495224e-01
7.538191576051012088e-01
7.355998978634095131e-01
7.164404569571747317e-01
6.961868985296602030e-01
6.746415387921851359e-01
6.515514015000485326e-01
6.265930514416644392e-01
5.993527383993407787e-01
5.693007466131406735e-01
5.357593287084206901e-01
4.978655995230191755e-01
4.545368333804001293e-01
4.044622514911707101e-01
3.461887779098416495e-01
2.784765218132118636e-01
2.013501603920541672e-01
1.187484878089157536e-01
4.405616049499975345e-02
7.627551091952044712e-03
5.460575072873633667e-02
2.104540825609536314e-01
4.350900783610038292e-01
6.476114236734149543e-01
7.999031641380603963e-01
8.920933325692762539e-01
9.425690143986166225e-01
9.681348665700055811e-01
9.798578095312897585e-01
9.842642869289318641e-01
9.849792233076882786e-01
9.836808356114390417e-01
9.800441793823280179e-01
9.692799029680213563e-01
9.292262272572484605e-01
7.479768545737340846e-01
1.377456849688807050e-01
2.354796545442151001e-01
5.579546439607133701e-01
7.078781735853189039e-01
7.963793552873571491e-01
9.472452314243868798e-01
3.687896600875223418e-01
6.940109437112432778e-01
7.523924088106515029e-01
7.811827571131511050e-01
8.002913164620852893e-01
8.149893460903193665e-01
8.273500830908145920e-01
8.383722405781449671e-01
8.485949383120944267e-01
8.583268822019745059e-01
8.677470992751478152e-01
8.769546739241158573e-01
8.859955247289758029e-01
8.948778252611031547e-01
9.035812800925387966e-01
9.120618021503209549e-01
9.202253009656259364e-01
9.281602194375573323e-01
9.355915177235792912e-01
9.425217934196276071e-01
9.489440510950509777e-01
9.092309874901415290e-01
9.584126995857334963e-01
