9.935205498446862959e-01
9.935608609954358350e-01
9.936033911466458646e-01
9.936480915850353091e-01
9.936949174931141160e-01
9.937438275204136806e-01
9.937947833192783964e-01
9.938477490629458178e-01
9.939026909603392301e-01
9.939595767791019609e-01
9.940183753860366567e-01
9.940790563117107848e-01
9.941415893443021901e-01
9.942059441561659217e-01
9.942720899648075372e-01
9.943399952296783084e-01
9.944096273844589273e-01
9.944809526039671832e-01
9.945539356050472346e-01
9.946285394788717538e-01
9.947047255532714960e-01
9.947824532826320398e-01
9.948616801629456274e-01
9.949423616696427830e-01
9.950244512160275612e-01
9.951079001296389004e-01
9.951926576446052941e-01
9.952786709075321925e-01
9.953658849952944365e-01
9.954542429426371797e-01
9.955436857780251003e-01
9.956341525658729541e-01
9.957255804545765976e-01
9.958179047281258134e-01
9.959110588610120551e-01
9.960049745749443018e-01
9.960995818971465354e-01
9.961948092189671922e-01
9.962905833546852330e-01
9.963868295998036251e-01
9.964834717886534854e-01
9.965804323507959639e-01
9.966776323662451809e-01
9.967749916193240356e-01
9.968724286507837373e-01
9.969698608086831060e-01
9.970672042975505800e-01
9.971643742261413479e-01
9.972612846536529352e-01
9.973578486348622096e-01
9.974539782636714369e-01
9.975495847160196217e-01
9.976445782914518112e-01
9.977388684541000918e-01
9.978323638728757716e-01
9.979249724612455630e-01
9.980166014166079735e-01
9.981071572593687158e-01
9.981965458720667428e-01
9.982846725384273423e-01
9.983714419826362763e-01
9.984567584089703018e-01
9.985405255417368897e-01
9.986226466658739698e-01
9.987030246679556855e-01
9.987815620782033443e-01
9.988581611130242788e-01
9.989327237186137465e-01
9.990051516153338751e-01
9.990753463432608950e-01
9.991432093087021515e-01
9.992086418317082108e-01
9.992715451949364391e-01
9.993318206935808412e-01
9.993893696864866172e-01
9.994440936486113092e-01
9.994958942244700495e-01
9.995446732832753423e-01
9.995903329750204236e-01
9.996327757879029940e-01
9.996719046071890213e-01
9.997076227753793898e-01
9.997398341535628230e-01
9.997684431841341590e-01
9.997933549550146459e-01
9.998144752650754974e-01
9.998317106909656582e-01
9.998449686554605753e-01
9.998541574970845058e-01
9.998591865415276114e-01
9.998599661743345912e-01
9.998564079157412632e-01
9.998484244971790336e-01
9.998359299400653155e-01
9.998188396374381171e-01
9.997970704387135754e-01
9.997705407385645282e-01
9.997391705717970645e-01
9.997028817160436009e-01
9.996615978061200725e-01
9.996152444666008829e-01
9.995637494729294747e-01
9.995070429612685770e-01
9.994450577234000876e-01
9.993777296618631123e-01
9.993049985643965849e-01
9.992268095741134726e-01
9.991431163367663348e-01
9.990538887980555671e-01
9.989591366855057331e-01
9.988590049186977238e-01
9.987544661069852614e-01
9.985984103968658099e-01
9.985166325587258029e-01
9.983942482465323343e-01
9.982648515438107273e-01
9.981292126389054165e-01
9.979874704937578000e-01
9.978396556961075525e-01
9.976857696994037017e-01
9.975258052040251178e-01
9.973597531192135435e-01
9.971876054388681965e-01
9.970093566174327293e-01
9.968250043169529784e-01
9.966345498634909816e-01
9.964379985583868837e-01
9.962353599127667936e-01
9.960266478397731271e-01
9.958118808228775265e-01
9.955910820704485520e-01
9.953642796626649414e-01
9.951315066947612475e-01
9.948928014183336943e-01
9.946482073830653636e-01
9.943977735797647766e-01
9.941415545852513302e-01
9.938796107105442035e-01
9.936120081522176184e-01
9.933388191481234974e-01
9.930601221377802768e-01
9.927760019279266990e-01
9.924865498642125861e-01
9.921918640094016251e-01
9.918920493288511109e-01
9.915872178842665141e-01
9.912774890363137414e-01
9.909629896573519670e-01
9.906438543551604470e-01
9.903202257088912219e-01
9.899922545186664591e-01
9.896601000701303885e-01
9.893239304156669078e-01
9.889839226741706790e-01
9.886402633509553395e-01
9.882931486805005550e-01
9.879427849941059270e-01
9.875893891151082959e-01
9.872331887848150300e-01
9.868744231220764052e-01
9.865133431201825731e-01
9.861502121850541647e-01
9.857853067188551144e-01
9.854189167537980021e-01
9.850513466413132191e-01
9.846829158023279183e-01
9.843139595448313628e-01
9.839448299559402367e-01
9.835758968754634290e-01
9.832075489603194773e-01
9.828401948482766715e-01
9.824742644320526574e-01
9.821102102548661117e-01
9.817485090404001191e-01
9.813896633716836515e-01
9.810342035346402145e-01
9.806826895445203141e-01
9.803357133754947439e-01
9.799939014162628581e-01
9.796579171777667350e-01
9.793284642826477482e-01
9.790062897699468580e-01
9.786921877538866665e-01
9.783870034809558636e-01
9.780916378362167762e-01
9.778070523573814121e-01
9.775342748246134139e-01
9.772744055036177713e-01
9.770286241324385168e-01
9.767981977546028594e-01
9.765844895166664319e-01
9.763889685624220771e-01
9.762132211699019457e-01
9.760589632861187415e-01
9.759280546100782550e-01
9.758225143422728509e-01
9.757445386220082728e-01
9.756965194349679349e-01
9.756810642011901624e-01
9.757010138656652121e-01
