8.611529118364424917e-01
9.197641408944611241e-01
9.793541556005757043e-01
1.038331740589220509e+00
1.086699732439206922e+00
1.076806079626276169e+00
8.340962758873360361e-01
2.408818813781548329e-01
2.807992297467216611e-02
8.307978625535726580e-02
1.419817181558239161e-01
5.723167611056112491e-01
4.844526253198974119e-01
4.969793072833677550e-01
5.117377777202901656e-01
5.219583859894610933e-01
5.277853215208575532e-01
5.302170825031120582e-01
5.302218411648790264e-01
5.285986626513564657e-01
5.259800874994008391e-01
5.228596345968029580e-01
5.196191371450946672e-01
5.165512034395023377e-01
5.138739780332930440e-01
5.117607813820402862e-01
5.103200722760105057e-01
5.096339869063278849e-01
5.097525360147016071e-01
5.107012562939514666e-01
5.124865098752811043e-01
5.150997257451470634e-01
5.185209654750799757e-01
5.227219333156880587e-01
5.276685163255439015e-01
5.333229221426643019e-01
5.396454697278604273e-01
5.465960795739143174e-01
5.541355034774969601e-01
5.622263296602549865e-01
5.708337972168127106e-01
5.799264565723816212e-01
5.894767264952305297e-01
5.994614462468167426e-01
6.098626970837313088e-01
6.206699559990029869e-01
6.318898081421884250e-01
6.436466604291477545e-01
6.546978973845533067e-01
6.673635573408850385e-01
6.800966489556830030e-01
6.931727616136355019e-01
7.066216604966153447e-01
7.204439936925927102e-01
7.345080812433006923e-01
7.497728659944378204e-01
7.647128230826696349e-01
7.800413317447838502e-01
7.963174792101557209e-01
8.127616939310127187e-01
8.296363802897159800e-01
8.469108664830237165e-01
8.645339868522664561e-01
8.824234290294260541e-01
9.004482751896984993e-01
9.183998648132182252e-01
9.359406688664484442e-01
9.525107677487499869e-01
9.671497245647652230e-01
9.781430910480228835e-01
9.822918429220971470e-01
9.733505483619963039e-01
9.386620886649851281e-01
8.519911413185331517e-01
6.716140007421456115e-01
3.630702811334186042e-01
6.175685990057896979e-02
2.184988192228274478e-02
1.850609733155698933e-01
3.670190624316442829e-01
4.963127776928377144e-01
6.633778643103427353e-01
7.011183394083572162e-01
7.530621906995585979e-01
7.813124659501038405e-01
7.964226763480652949e-01
7.960802733172750445e-01
7.749651449743572007e-01
7.207332411938324190e-01
6.085253964306696073e-01
4.036726092545406264e-01
1.316815987738367000e-01
1.689500764500336981e-03
1.146923408566055541e-01
2.894451270674938681e-01
4.222887958930878760e-01
5.085941636406428046e-01
5.628126044368918501e-01
5.964686633647906522e-01
6.167973505624195774e-01
6.283651425926477518e-01
6.335920898956040048e-01
6.343248189642975987e-01
6.315418620487415202e-01
6.257530907695879607e-01
6.169929556525410863e-01
6.046231285174629155e-01
5.866149764472411432e-01
5.568619139464404677e-01
4.906669913462568533e-01
1.403941779113913324e-01
9.104526356060144154e-01
7.367030644820211638e-01
6.884214778519608391e-01
6.643396577315000551e-01
6.492606236494602445e-01
6.387152446563254538e-01
6.309302215761254384e-01
6.250642828821552088e-01
6.206616776220770237e-01
6.174413520501983443e-01
6.151995553032076902e-01
6.137544379418052864e-01
6.129037488913450238e-01
6.123788635386667734e-01
6.117779743151080529e-01
6.104497640955540705e-01
6.072694187245225583e-01
6.002069741429939542e-01
5.849994220372365383e-01
5.510399341896260461e-01
4.686643530093025922e-01
2.308635351942567027e-01
2.020403400967268892e-01
9.215958007116552553e-01
9.764071341735179876e-01
9.732746021616156540e-01
9.768023820753596320e-01
9.830569622692955090e-01
9.891608221836237780e-01
9.902247134855157729e-01
9.804297266281535306e-01
9.528245675066729925e-01
8.999283560678024152e-01
8.156880686531855496e-01
6.988800757789490614e-01
5.565409141440669227e-01
4.043668507897505426e-01
2.619001517850790273e-01
1.458246642817370708e-01
6.420512943291724339e-02
1.792961443745015940e-02
4.956723134806939601e-03
1.581782419718118921e-02
5.243924994999715761e-02
1.426749677378447434e-01
4.427428470857495135e-01
7.020656579876546344e-01
2.089692587182317290e-02
8.574137357548486382e-03
4.112710125687180779e-02
7.554600962853248725e-02
1.075812561655403871e-01
1.366767029320553883e-01
1.626717620383315299e-01
1.853095975984569155e-01
2.041085849156081822e-01
2.182600250512476137e-01
2.264762792486849641e-01
2.267489316767397900e-01
2.159930208113811645e-01
1.896778925601125820e-01
1.422503783414064971e-01
7.239004382411007299e-02
7.273801719170255344e-03
5.108912775791073918e-02
2.908161807014663647e-01
5.707896471552688089e-01
7.494418085816563213e-01
8.452812170054974095e-01
8.992331355554082917e-01
9.335954121079499402e-01
9.580190819140916858e-01
9.752931455588645937e-01
9.912052143103803337e-01
1.003550478824632330e+00
1.011971887469550690e+00
1.018015492387103649e+00
1.026299277682025446e+00
6.416775637969515111e-01
9.644188259131494245e-01
9.539395225739830675e-01
9.337704815037393136e-01
9.006082815539794284e-01
8.556128720782573138e-01
7.938583482798471369e-01
7.021670090928733288e-01
5.383715217803217712e-01
1.525549180760087109e-01
5.461867347659886684e-01
