9.315514747940554230e-01
9.189487604778776575e-01
9.104034809588417154e-01
9.053253904483630210e-01
9.031369393034438531e-01
9.032887442821776469e-01
9.052769683721291205e-01
9.086673688196432730e-01
9.132542205265451463e-01
9.171853656713887526e-01
9.228523707153236666e-01
9.283741451530272970e-01
9.338653951916416895e-01
9.392595589574755932e-01
9.445172070594834990e-01
9.496326737528784090e-01
9.546226802376684972e-01
9.594803218127739841e-01
9.632283294486834180e-01
9.705021693825541806e-01
9.754829954586653473e-01
9.808753529162913543e-01
9.864668709673225511e-01
9.920919190652586206e-01
9.974383073549910605e-01
1.001938453853118416e+00
1.004625648139793714e+00
1.003929548549058248e+00
9.973989067921379403e-01
9.813733326160634096e-01
9.507214574260224316e-01
8.989719708271435294e-01
8.194784805981901732e-01
7.083691123280153601e-01
5.690778993118269513e-01
4.158625939780153935e-01
2.574222417647754613e-01
1.458291905946119960e-01
6.027463901327990980e-02
1.714359080403383279e-02
1.139019221154787855e-03
5.318091703880037206e-03
2.216229891446857073e-02
4.617972159335863996e-02
7.378332824125345690e-02
1.028027835961344005e-01
1.319110355350156805e-01
1.605745562378743385e-01
1.884098483383593314e-01
2.153228220542778570e-01
2.413260693886112029e-01
2.664923605272022655e-01
2.909233290364852675e-01
3.147310221328533664e-01
3.380287244240831046e-01
3.609207451862919136e-01
3.835067432399946741e-01
4.058744696461212276e-01
4.281016138985222486e-01
4.502554512722934388e-01
4.723929600206729362e-01
4.945609822299084080e-01
5.167963342585650821e-01
5.391258208948627173e-01
5.615661323607128441e-01
5.841236172379490332e-01
6.067939302096443388e-01
6.295615503986446981e-01
6.523991487817104584e-01
6.752667401992684670e-01
6.981104824904954542e-01
7.208611043029677923e-01
7.434358728451504472e-01
7.658416965947009158e-01
7.539479819979859609e-01
8.105931791288687460e-01
8.331486290821318308e-01
8.528167601895487726e-01
8.721950595309860832e-01
8.907665513957179204e-01
9.083085864611017968e-01
9.246521894677430797e-01
9.396152379033849700e-01
9.531594515431084380e-01
9.650558066579781880e-01
9.752229880466274370e-01
9.835565455653507705e-01
9.899636379863673286e-01
9.943614347603697556e-01
9.966737800582096130e-01
9.968253512153399942e-01
9.947322528791026075e-01
9.902873136552978739e-01
9.833370370442124919e-01
9.736445578207834073e-01
9.608276101462170926e-01
9.442489395308859557e-01
9.228098722672178900e-01
8.945313149507825301e-01
8.556272727191523986e-01
7.982572878891899260e-01
7.046929697754783506e-01
5.351362800715281365e-01
2.776890160559080112e-01
2.245407905300267903e-01
6.544264671611015327e-01
9.634190603687399213e-01
9.996347517672879990e-01
9.870358830130575578e-01
9.599776848796525153e-01
9.108581292338133739e-01
5.992753992319994616e-01
5.494550663230698406e-01
9.886937172347554093e-01
9.691109498714364223e-01
9.525085981298007098e-01
9.399457058555926725e-01
9.302038929119570421e-01
9.226549691164562805e-01
9.169885205246333104e-01
9.130546985681000649e-01
9.107915967877285857e-01
9.101891705584579384e-01
9.112683728036962139e-01
9.140653583483812072e-01
9.186142249562516682e-01
9.249215905942308469e-01
9.329230275086983770e-01
9.424037211433782257e-01
9.528502759146711965e-01
9.631707338566825038e-01
9.711654651578397468e-01
9.725477481075627262e-01
9.592562499734450521e-01
9.171282328574680287e-01
8.249536592539593594e-01
6.630585705671092622e-01
4.397368485074411582e-01
2.153320264675286921e-01
6.361120944826592627e-02
7.274734194058262229e-03
1.996307183399745680e-02
6.704619645000631234e-02
1.259228542201752121e-01
1.857065878535489323e-01
2.422284718790783387e-01
2.944521875239594633e-01
3.426278856648607984e-01
3.874572984290502453e-01
4.297259674037340327e-01
4.700794945573735228e-01
5.056940801154353737e-01
5.541170091336097281e-01
5.946090444774962958e-01
6.386791018212760740e-01
6.878370932227348966e-01
7.457672910687230816e-01
8.197164176777670397e-01
9.221463212767483375e-01
9.803106776550613022e-01
2.549777221790747173e-02
2.827402222725750036e-01
4.937652914815111038e-01
6.059307004450150691e-01
6.806297617697886215e-01
7.379615754357110591e-01
7.857177112369878591e-01
8.273895665615088602e-01
8.647210896179926554e-01
8.987900241710186089e-01
9.310047706253730126e-01
9.645363060459157811e-01
8.951260838461955194e-01
1.001849773901120288e+00
7.154510930815127789e-01
9.008120468932935276e-01
9.006928425716063114e-01
8.733999591333684309e-01
8.251832979554197811e-01
7.557471818692784726e-01
6.644841855927759999e-01
5.521130264693216994e-01
4.251644564673880411e-01
2.921528958335534165e-01
1.691655064598883429e-01
7.526156026051146475e-02
2.870673559559510507e-02
4.051627734710765150e-02
1.094371582411432231e-01
2.216741622336973749e-01
3.569296396254360015e-01
4.963851975115977089e-01
6.271136205602027003e-01
7.423052620947784286e-01
8.394938900459836262e-01
9.186589830936759959e-01
9.808979195797210560e-01
1.027671613654442373e+00
1.060436850026913680e+00
1.080497006526655701e+00
