9.986816575346444402e-01
9.986060046253647515e-01
9.985339767009654421e-01
9.984668480661700318e-01
9.984055534881233207e-01
9.983507296049639601e-01
9.983027552977977725e-01
9.982617902870373205e-01
9.982278114112572709e-01
9.982006462142665182e-01
9.981800036055975545e-01
9.981655014745813848e-01
9.981566912316662821e-01
9.981530793247274103e-01
9.981541458352172214e-01
9.981593603029402795e-01
9.981681949584815250e-01
9.981801355630852690e-01
9.981946900687973523e-01
9.982113953151476871e-01
9.982298219798468875e-01
9.982495779948161729e-01
9.982703106307962981e-01
9.982917074428718784e-01
9.983134962565598514e-01
9.983354443597581840e-01
9.983573570518705642e-01
9.983790756859900473e-01
9.984004753262035736e-01
9.984214621270107726e-01
9.984419705288140046e-01
9.984619603499725882e-01
9.984814138450019971e-01
9.985003327857090438e-01
9.985187356136174808e-01
9.985366547015058769e-01
9.985541337548846652e-01
9.985712253756098278e-01
9.985879888046623742e-01
9.986044878545853321e-01
9.986207890379160679e-01
9.986369598933535485e-01
9.986530675083864494e-01
9.986691772340888784e-01
9.986853515851836782e-01
9.987016493175021603e-01
9.987181246725863604e-01
9.987348267788530576e-01
9.987517991976385678e-01
9.987690796025390227e-01
9.987866995793689417e-01
9.988046845354506820e-01
9.988230537055315938e-01
9.988418202433585469e-01
9.988609913874568758e-01
9.988805686907339387e-01
9.989005483036780264e-01
9.989209213018143130e-01
9.989416740487703228e-01
9.989627885866789736e-01
9.989842430465993850e-01
9.990060120723207593e-01
9.990280672511854254e-01
9.990503775467810543e-01
9.990729097282917692e-01
9.990956287926838764e-01
9.991184983755070359e-01
9.991414811474772506e-01
9.991645391938480669e-01
9.991876343744884315e-01
9.992107286625947493e-01
9.992337844605081454e-01
9.992567648917163314e-01
9.992796340679160894e-01
9.993023573305656049e-01
9.993249014667632268e-01
9.993472348988913234e-01
9.993693278488149367e-01
9.993911524760662468e-01
9.994126829907675758e-01
9.994338957418993363e-01
9.994547692813275930e-01
9.994752844041847606e-01
9.994954241664921746e-01
9.995151738810260644e-01
9.995345210919008849e-01
9.995534555290170875e-01
9.995719690433710891e-01
9.995900555238745877e-01
9.996077107971260700e-01
9.996249325105146522e-01
9.996417200003654413e-01
9.996580741454762498e-01
9.996739972073476199e-01
9.996894926582987617e-01
9.997045649981122217e-01
9.997192195602758735e-01
9.997334623092973827e-01
9.997472996295826420e-01
9.997607381071170751e-01
9.997737843052660889e-01
9.997864445352302454e-01
9.997987246230479741e-01
9.998106296733719756e-01
9.998221638321546090e-01
9.998333300484030239e-01
9.998441298373822450e-01
9.998545630456644462e-01
9.998646276196901939e-01
9.998743193794921158e-01
9.998836317986283806e-01
9.998925557919458029e-01
9.999010795131196838e-01
9.999091881629184053e-01
9.999168638104748430e-01
9.999240852290803838e-01
9.999308277481468998e-01
9.999370631232405993e-01
9.999427594263119445e-01
9.999478809572968085e-01
9.999523881795253644e-01
9.999562376802957342e-01
9.999593821583241393e-01
9.999617704396368545e-01
9.999633475228340007e-01
9.999640546549428688e-01
9.999638294380016612e-01
9.999626059661109734e-01
9.999603149918417921e-01
9.999568841197404856e-01
9.999522380227099383e-01
9.999462986751718185e-01
9.999389855939879723e-01
9.999302160729376387e-01
9.999199053921281610e-01
9.999079669741908205e-01
9.998943124470035526e-01
9.998788515559419166e-01
9.998614918407652263e-01
9.998421379530925135e-01
9.998206904268233108e-01
9.997970436134249184e-01
9.997710823296243055e-01
9.997426764854080439e-01
9.997116724721570868e-01
9.996778792024088034e-01
9.996410450026848027e-01
9.996008181806810278e-01
9.995566769030124199e-01
9.995077976146523602e-01
9.994527903348311426e-01
9.993891153530820581e-01
9.993116304333509170e-01
9.992082910658072192e-01
9.990435864042640501e-01
9.986563750438980369e-01
9.954188131520128602e-01
9.989934082057220222e-01
9.994555214837183010e-01
9.993596650509465329e-01
9.992719281549576893e-01
9.991967925703557629e-01
9.991301266617779175e-01
9.990693907212180314e-01
9.990132483856584145e-01
9.989610438602880560e-01
9.989125076013534166e-01
9.988675968999030097e-01
9.988264056779745381e-01
9.987891099932674210e-01
9.987559324908130698e-01
9.987271171688307803e-01
9.987029098357138590e-01
9.986835416891033379e-01
9.986692145447789715e-01
9.986600868551187560e-01
9.986562600165167503e-01
9.986577646872721870e-01
9.986645469849917411e-01
9.986764545380103497e-01
9.986932224478700659e-01
9.987144592898758999e-01
9.987396333435094586e-01
9.987680593066776691e-01
9.987988858106744416e-01
9.988310841170803256e-01
9.988634384451900994e-01
9.988945384472367461e-01
9.989227744214347338e-01
9.989463359249977081e-01
9.989632145244904393e-01
9.989712114926666553e-01
9.989679513320596227e-01
9.989509020703393194e-01
9.989174033288931165e-01
9.988647032118807001e-01
9.987900050912088545e-01
9.986905253715132602e-01
9.985635632992511113e-01
9.984065838281552807e-01
