5.375578512178487145e-01
5.750316346213731888e-01
6.039786811762397623e-01
6.269763846128584284e-01
6.455208016177729213e-01
6.605523780430487824e-01
6.727097738177076902e-01
6.824596654216718017e-01
6.901661505909982841e-01
6.961290790795299221e-01
7.006056803300758640e-01
7.038229127370962956e-01
7.059845445021507571e-01
7.072752119387021308e-01
7.078627501426369983e-01
7.078995650142105855e-01
7.075226634511040391e-01
7.068577102230834130e-01
7.060133309937358659e-01
7.050871384747483539e-01
7.041638486951610210e-01
7.033162440559020956e-01
7.026058366249695597e-01
7.020835775823819347e-01
7.017906109944967996e-01
7.017590596468952224e-01
7.020128290706304508e-01
7.025684161466483335e-01
7.034357097172482254e-01
7.046187720726392323e-01
7.061165917941522041e-01
7.079238000819784160e-01
7.100313442836783118e-01
7.124271138058702046e-01
7.150965148919955494e-01
7.180229918303563386e-01
7.211884929315202086e-01
7.245738798457767027e-01
7.281592777472148947e-01
7.319243588642002640e-01
7.358485303616641993e-01
7.399108819904908207e-01
7.440886831039532634e-01
7.482656883927413238e-01
7.527581723923020274e-01
7.571736195743643538e-01
7.616358636433691043e-01
7.661227474149575611e-01
7.706153846623123860e-01
7.750954201806177224e-01
7.795444937182494094e-01
7.839439152782420317e-01
7.882743415380782936e-01
7.925154051817403511e-01
7.966452739932813332e-01
8.006401183145092082e-01
8.044734600840909300e-01
8.081153662006984595e-01
8.115314300922866764e-01
8.146814378059757944e-01
8.175173279001496374e-01
8.199637553357651543e-01
8.220165336747479179e-01
8.235176539736879242e-01
8.243871543342013997e-01
8.244884848213624995e-01
8.236458665697476977e-01
8.216287480243094077e-01
8.181292251108147617e-01
8.127284950018671683e-01
8.048117193835946370e-01
7.936386643015509446e-01
7.779271329359308540e-01
7.559193600618537845e-01
7.249203071756564754e-01
6.808073029459134062e-01
6.173362552525422098e-01
5.256613686407678454e-01
3.961189402323973541e-01
2.291347280954781351e-01
6.512174573302384473e-02
1.523315747209223227e-03
9.650130057216212143e-02
2.766716609414294203e-01
4.472588462312940272e-01
5.752735690357613230e-01
6.642596983016800793e-01
7.252498023283072692e-01
7.674150925620636388e-01
7.970026801555769591e-01
8.180530431267695191e-01
8.331728533902711398e-01
8.440697029516290861e-01
8.518876950422141769e-01
8.574130939333702850e-01
8.612007588123440360e-01
8.636529811945733437e-01
8.650695550732030448e-01
8.656802081545630356e-01
8.656660239572167015e-01
8.651738633135596102e-01
8.643262521395995712e-01
8.632282822066168482e-01
8.619725130821772607e-01
8.606425182730623735e-01
8.593155015283152620e-01
8.580642703334602217e-01
8.569587631616431000e-01
8.560672670936483319e-01
8.554574219055326445e-01
8.551970787072993296e-01
8.553550613139186964e-01
8.560018641731238498e-01
8.572103113579675471e-01
8.590562013414103637e-01
8.616189961900871941e-01
8.649828108769915813e-01
8.692392663001861086e-01
8.745105268258606124e-01
8.803506394578579641e-01
8.880750778098523979e-01
8.968048661538716715e-01
9.068606851101944644e-01
9.183302404179474188e-01
9.312698283431765089e-01
9.456920071455923171e-01
9.616403939410552715e-01
9.781569413624179310e-01
9.992526080498645991e-01
1.025511700418945571e+00
1.088600132200012061e+00
5.046438241910643496e-01
8.607768111705099701e-01
8.450643512276881930e-01
7.721601287931345592e-01
6.551703766689391806e-01
5.056695615284074741e-01
3.461207283912880461e-01
2.038116581245172643e-01
9.808867493925087222e-02
3.380018287555264234e-02
4.793071064348904120e-03
9.532186362861312396e-04
1.292045782672149312e-02
3.380086592397313350e-02
5.906470566998307109e-02
8.595442560577776225e-02
1.128851522906615112e-01
1.389998193569191021e-01
1.638753318228753642e-01
1.873394433317042973e-01
2.093602295955181714e-01
2.299807181173061377e-01
2.492808628303399554e-01
2.673558408729084235e-01
2.843040027043761131e-01
3.002204790127205314e-01
3.151940518629679500e-01
3.293058471237135798e-01
3.426289578977570471e-01
3.552284166368426255e-01
3.671610800798925656e-01
3.784750101205547890e-01
3.892078122876782564e-01
3.993830486678656144e-01
4.090030402735528869e-01
4.180344882140575313e-01
4.263785750912320593e-01
4.338037860286826919e-01
4.397760656712120797e-01
4.429484106660745990e-01
4.391656598530373490e-01
4.095022017148923776e-01
3.161190253314624110e-01
5.493149274909522317e-01
5.511729487922217841e-01
5.549362861446568429e-01
5.624004857994541196e-01
5.722464549147298074e-01
5.839677725511029927e-01
5.975575354378629411e-01
6.134606152814527924e-01
6.328385095388824322e-01
6.584637482270907505e-01
6.976726413144181960e-01
7.730902326442786743e-01
6.352851655298896727e-01
2.608154482474823732e-01
4.406747726756786165e-01
4.957415106759462398e-01
5.178321051037920730e-01
5.249826555700930486e-01
5.226045166295977262e-01
5.126998124139918733e-01
4.961065969334448877e-01
4.732534832929604640e-01
4.444873408724574482e-01
4.102522764956750834e-01
3.712055700735769626e-01
3.282957556347182448e-01
