9.896407402047933122e-01
9.899307581045529991e-01
9.902234902174277265e-01
9.905186518424772268e-01
9.908159433284314810e-01
9.911150509415906917e-01
9.914156477050890537e-01
9.917173941994857911e-01
9.920199393167451474e-01
9.923229209632045134e-01
9.926259667096709594e-01
9.929286943885230476e-01
9.932307126398398633e-01
9.935316214095613052e-01
9.938310124032039283e-01
9.941284695004913852e-01
9.944235691357764528e-01
9.947158806494414973e-01
9.950049666166345119e-01
9.952903831583667094e-01
9.955716802407273969e-01
9.958484019679193500e-01
9.961200868740971437e-01
9.963862682189370545e-01
9.966464742920800868e-01
9.969002287304862264e-01
9.971470508531943278e-01
9.973864560170736526e-01
9.976179559976739997e-01
9.978410593981636989e-01
9.980552720898511199e-01
9.982600976868341025e-01
9.984550380583867568e-01
9.986395938808152462e-01
9.988132652320450555e-01
9.989755522308256808e-01
9.991259557236158440e-01
9.992639780207456246e-01
9.993891236848093662e-01
9.995009003732877595e-01
9.995988197380479834e-01
9.996823983840059658e-01
9.997511588897268764e-01
9.998046308926942238e-01
9.998423522418544707e-01
9.998638702210119744e-01
9.998687428460210080e-01
9.998565402394662405e-01
9.998268460866760465e-01
9.997792591774573578e-01
9.997133950376896339e-01
9.996288876564597414e-01
9.995253913134629631e-01
9.994025825132256680e-01
9.992601620323667833e-01
9.990978570874072817e-01
9.989154236308867008e-01
9.987126487845463529e-01
9.984893534194397846e-01
9.982453948934043586e-01
9.979806699578255280e-01
9.976951178468788095e-01
9.973887235634378845e-01
9.970615213780866792e-01
9.967135985587031177e-01
9.963450993509013198e-01
9.959562292310013554e-01
9.955472594564370725e-01
9.951185319408756280e-01
9.946704644847869092e-01
9.942035563956280741e-01
9.937183945356783399e-01
9.932156598406831627e-01
9.926961343568104779e-01
9.921607088494963644e-01
9.916103910442950475e-01
9.910463145664146767e-01
9.904697486547151541e-01
9.898821087333767865e-01
9.892849679354123182e-01
9.886800696828117463e-01
9.880693414395858021e-01
9.874549097669501618e-01
9.868391168236245736e-01
9.862245384683800964e-01
9.856140041357682735e-01
9.850106186699074673e-01
9.844177863127603345e-01
9.838392370508203255e-01
9.832790555261207155e-01
9.827417127068797109e-01
9.822321004877104800e-01
9.817555693345215717e-01
9.813179689961588625e-01
9.809256921488908043e-01
9.805857205904068286e-01
9.803056732118080596e-01
9.800938543771919864e-01
9.799593004240346739e-01
9.799118206054948654e-01
9.799620266835121773e-01
9.801213421846773910e-01
9.804019775233587808e-01
9.808168500924254740e-01
9.813794186227825511e-01
9.821033918359141079e-01
9.830022995912847117e-01
9.840895723750195945e-01
9.853518095204317762e-01
9.868443388521387361e-01
9.885222702121241323e-01
9.903752528466527316e-01
9.923588218697690921e-01
9.943861451733743140e-01
9.963004233920633723e-01
9.978274629093764059e-01
9.984935510259348446e-01
9.974808056809205681e-01
9.933683680099544278e-01
9.836652931159896029e-01
9.639754517316602156e-01
9.265860258375135938e-01
8.585111697914633577e-01
7.406803222694184896e-01
5.556623096496724479e-01
3.174403776876877359e-01
1.040221318834348707e-01
4.756922012071853299e-03
2.285237406045429603e-02
1.003916465388918072e-01
1.901822313271882003e-01
2.717170379580134409e-01
3.397999858925739858e-01
3.950294294046479693e-01
4.395395171738546991e-01
4.755161200819559286e-01
5.047933938909298091e-01
5.288120585456266287e-01
5.486783832999844179e-01
5.652378503790551623e-01
5.791389630740706451e-01
5.908828903845542158e-01
6.008605435049962917e-01
6.093798406839188164e-01
6.166856225922149326e-01
6.229736941662393779e-01
6.283842003196820070e-01
6.331288298544598403e-01
6.372161173683906776e-01
6.407770810057191735e-01
6.438850619695405397e-01
6.466026588137379072e-01
6.489829708225398619e-01
6.510711120107244287e-01
6.529054987655014131e-01
6.545188915315158784e-01
6.559392308408490413e-01
6.571903081164351956e-01
6.582923044652720934e-01
6.592622236778624689e-01
6.601142399530131044e-01
6.608599764177407465e-01
6.615087270728990942e-01
6.620676321359829641e-01
6.625418146877282144e-01
6.629344849146400209e-01
6.632470169668465143e-01
6.634790024368486527e-01
6.636282836460575263e-01
6.636909692564477714e-01
6.636614341630548974e-01
6.635323051448533960e-01
6.632944333300263562e-01
6.629368541515000546e-01
6.624467351146933192e-01
6.618093113604907041e-01
6.610078086755243332e-01
6.600233532720437557e-01
6.588348673283831447e-01
6.574189489476844894e-01
6.557497348588608999e-01
6.537987438549738295e-01
6.515346986500749615e-01
6.489233235490508012e-01
6.459271150877546885e-01
6.425050826469531629e-01
6.386124560414825346e-01
6.342003574091212847e-01
6.292154359373213213e-01
6.235994682187210314e-01
6.172889436292047227e-01
6.102147284852641462e-01
6.023022479962532039e-01
5.934661117538728714e-01
5.832995745128801701e-01
5.724149619142291368e-01
5.597771777448647956e-01
5.467251010329242655e-01
5.324777165078594665e-01
5.159587848834860102e-01
