9.391779997422045057e-01
9.372381016535351606e-01
9.371868183410034803e-01
9.391644735397498556e-01
9.433661997568209001e-01
9.500279329541244655e-01
9.593115347666947290e-01
9.707905703606545256e-01
9.812319757123181274e-01
9.740928154342000100e-01
8.647915378541637388e-01
3.651086520885336029e-01
8.558209329973063412e-03
2.426433413519865911e-01
4.255642855565827110e-01
5.281597272274631827e-01
5.889030378074012750e-01
6.275743325744065348e-01
6.536256408906526705e-01
6.718996211676101504e-01
6.850776075397475573e-01
6.947487902778639590e-01
7.019108966077678424e-01
7.072216920047460498e-01
7.111333938927970610e-01
7.139684288513241661e-01
7.159641098044865481e-01
7.173000267407592112e-01
7.181154120803254770e-01
7.185204777678544374e-01
7.186040121619141630e-01
7.184385921936278230e-01
7.180842383436395471e-01
7.175910312302947736e-01
7.170010226974967704e-01
7.163496594035775322e-01
7.156668642440551231e-01
7.149778740067235239e-01
7.143039007769736992e-01
7.136626639501670866e-01
7.130688256785796542e-01
7.125343529223527872e-01
7.120688225372540092e-01
7.116796810564989251e-01
7.113724673427089806e-01
7.111510035561885434e-01
7.110175572293667701e-01
7.109729730206280074e-01
7.110167602224264360e-01
7.111470596169304770e-01
7.113598321887466547e-01
7.116028595506482812e-01
7.120390271922715231e-01
7.124782343352820124e-01
7.129806746419354857e-01
7.135122737572838769e-01
7.141732394174555854e-01
7.148192284709639077e-01
7.154958386881280497e-01
7.161896855278482299e-01
7.168871136081610418e-01
7.175732983757795447e-01
7.182317779898538257e-01
7.188441174708689596e-01
7.193895549935102052e-01
7.198445871594372214e-01
7.201824682090576246e-01
7.203725988418411275e-01
7.203797756185188472e-01
7.201632640006605524e-01
7.196756469108738230e-01
7.188613854320157204e-01
7.176550074944400004e-01
7.159788120685260937e-01
7.137399375843815896e-01
7.108265899969476997e-01
7.071031525517860183e-01
7.024037984619259101e-01
6.965240899326655688e-01
6.892098614985371352e-01
6.801424434503787753e-01
6.689189843526152091e-01
6.550263185571592039e-01
6.378066326647452433e-01
6.164135042848448709e-01
5.897587248640373536e-01
5.564561393258581345e-01
5.147842778208805425e-01
4.627273068680592405e-01
3.982374990748694943e-01
3.200224942790383387e-01
2.293737271422722213e-01
1.334927379956301341e-01
4.933509560202447436e-02
2.997967647841038447e-03
1.755913666605324677e-02
9.443405741869510817e-02
2.101661897495244458e-01
3.343487936172551689e-01
4.464773830845564229e-01
5.387009899566146398e-01
6.109694784476691343e-01
6.663050001450170345e-01
7.082566825639734498e-01
7.399263035496125296e-01
7.636665625165914850e-01
7.818519859061986432e-01
7.950653125245938924e-01
8.047246312050045924e-01
8.115297376858611189e-01
8.160291399813860425e-01
8.186391416691213285e-01
8.196791026020963100e-01
8.193451571364329666e-01
8.179674658529256792e-01
8.155765338830461841e-01
8.123358135336448127e-01
8.083510057380379754e-01
8.037108220389356239e-01
7.984912483558245233e-01
7.927579307338991077e-01
7.865652720059496117e-01
7.799165223936239677e-01
7.729410081358086826e-01
7.658592911184276542e-01
7.583648951579906594e-01
7.506445627948507004e-01
7.427362453063677261e-01
7.346728959475670173e-01
7.264844112511533725e-01
7.181975200794983305e-01
7.098353886591141082e-01
7.014170230958045593e-01
6.929564157653833600e-01
6.844613293017605127e-01
6.759315430607190089e-01
6.673562717900525243e-01
6.587102605732561011e-01
6.499476673806834359e-01
6.409919993188606391e-01
6.317178707180047814e-01
6.218987342332313872e-01
6.112880521623762498e-01
5.993550980641914050e-01
5.848958493192850661e-01
5.658441788300637709e-01
5.370481121398805735e-01
4.826266310625851874e-01
3.251617102069775389e-01
4.543012197564384458e-01
8.018689826656616448e-01
7.267412550065424082e-01
6.918595257035975443e-01
6.722549604711632876e-01
6.598518557478890711e-01
6.515178698515501354e-01
6.458132495599548939e-01
6.419963398020186451e-01
6.396570069904291556e-01
6.385617204136144753e-01
6.385821521231349607e-01
6.396636709441867463e-01
6.418400185192663088e-01
6.433157926001598081e-01
6.489092065661702380e-01
6.544765373624362725e-01
6.613701466312765787e-01
6.698241884359311671e-01
6.801004356080706525e-01
6.924881294272329235e-01
7.075665280769507515e-01
7.256055006146991948e-01
7.471310968885829240e-01
7.725644869815404547e-01
8.019268062027697930e-01
8.342552076290558061e-01
8.664332939325831706e-01
8.914097202005389908e-01
8.968588813413033156e-01
8.679308959599240092e-01
7.980947075805677748e-01
7.010635656063920473e-01
6.058068805590361983e-01
5.374459307604011471e-01
5.074790983647733400e-01
5.173552514276796854e-01
5.630755941138299026e-01
6.350245712687859756e-01
7.165945095273146270e-01
7.881698081621300034e-01
8.363700942561695939e-01
8.593729188742802449e-01
8.636115529636673172e-01
8.574797415715194049e-01
8.476342328014948579e-01
8.382557384375666221e-01
8.312264032689659077e-01
8.285763715673096774e-01
8.296803904805002405e-01
8.347750725820830553e-01
