8.471655782550571168e-01
8.542478293140757239e-01
8.633229776766795371e-01
8.738811842826103016e-01
8.854696395639983786e-01
8.976940936103451341e-01
9.102180035018512250e-01
9.227596645302470479e-01
9.350876350393338976e-01
9.470146957825649192e-01
9.583905041299375371e-01
9.690930098756724842e-01
9.790185899114477452e-01
9.880707289565564544e-01
9.961469163953112771e-01
1.003123237185645555e+00
1.008835900061138657e+00
1.013058665495250033e+00
1.015474820000501266e+00
1.015642039199607494e+00
1.012948318484941268e+00
1.006557429482375587e+00
9.953437338227607567e-01
9.778199570161987264e-01
9.520701057284580715e-01
9.157170494943599470e-01
8.659854278268137584e-01
7.999677418088183556e-01
7.152513747461112237e-01
6.110605321815182345e-01
4.898834755337650448e-01
3.590531273142383850e-01
2.310624163701712475e-01
1.213050877887970197e-01
4.339154254843510111e-02
4.510174451970229079e-03
3.804944929095761038e-03
3.435460717940171799e-02
8.675646789198677988e-02
1.520754645710540864e-01
2.232973330359295516e-01
2.955775008754603639e-01
3.658912957924190801e-01
4.325289974844999108e-01
4.946465456294310559e-01
5.519323050773758954e-01
6.043830462099545331e-01
6.521625686192729088e-01
6.955166452295022950e-01
7.347240570286828198e-01
7.700697983853447282e-01
8.018314353227646851e-01
8.302729916322399983e-01
8.556429495257565909e-01
8.781743447046084228e-01
8.980857941010085277e-01
9.155828147469711187e-01
9.308591024943689840e-01
9.440976206844566843e-01
9.554714516796187773e-01
9.651444194437022173e-01
9.732715181539522975e-01
9.799991918743682362e-01
9.854655108433437727e-01
9.898002853765957010e-01
9.931251514907605271e-01
9.955536547572341188e-01
9.971913515636628977e-01
9.981359404121467049e-01
9.984774303631158698e-01
9.982983493064868652e-01
9.976739913663972281e-01
9.966727003189341794e-01
9.953561842882003852e-01
9.937798560433317441e-01
9.919931928063578930e-01
9.900401094692971027e-01
9.879593393986337846e-01
9.857848174783122586e-01
9.835460606360231228e-01
9.812685417489829254e-01
9.789740534893494051e-01
9.766810593142237762e-01
9.744050294076618268e-01
9.721587599277423664e-01
9.699526743926637495e-01
9.677951064541020498e-01
9.656925636528849166e-01
9.636499720339708475e-01
9.616709017200417708e-01
9.597577737074715065e-01
9.579120482625863575e-01
9.561343953589019895e-01
9.544248476137826565e-01
9.527829361516354512e-01
9.512078097376102104e-01
9.496983373827408981e-01
9.482531944014395142e-01
9.468709315755772238e-01
9.455500266020742117e-01
9.442889162923849833e-01
9.430860069215590835e-01
9.419396584712040887e-01
9.408481358816035423e-01
9.398095161319159896e-01
9.388215327087287010e-01
9.378813263314779158e-01
9.369850477097969588e-01
9.361272141807989167e-01
9.352996340810731946e-01
9.344895254193632539e-01
9.336760267250178158e-01
9.328232253491897108e-01
9.318648265852212953e-01
9.306658608639342134e-01
9.289082685212387558e-01
9.256402266268983769e-01
9.163253980417979117e-01
7.950234772255910798e-01
9.447099018336899690e-01
9.433457762457545526e-01
9.414418761066574159e-01
9.405788070813199120e-01
9.402774583245349094e-01
9.403190384044651795e-01
9.405975321728771155e-01
9.410549704255800618e-01
9.416556537883591371e-01
9.423748163094481933e-01
9.431930888884624276e-01
9.440934995155464415e-01
9.450596434134874713e-01
9.460743770906315797e-01
9.471186693130154710e-01
9.481703208150166207e-01
9.492022060864069299e-01
9.501794522471437299e-01
9.510543546511417423e-01
9.517562258115015439e-01
9.521687656712438663e-01
9.520721543695168654e-01
9.509634944548408519e-01
9.473049694592362568e-01
9.329288027341074985e-01
5.678806912150973218e-01
9.746236078893087962e-01
9.719786153162656150e-01
9.695334306545577707e-01
9.678010582043604648e-01
9.662415973832885197e-01
9.645708317904483353e-01
9.626140514423009442e-01
9.602382904566980626e-01
9.573217209390643134e-01
9.537362694969482302e-01
9.493340607702569489e-01
9.439331880747912074e-01
9.372996316792169269e-01
9.291219161987605002e-01
9.189738006929527581e-01
9.062577860931753104e-01
8.901179924616289263e-01
8.693042779449939861e-01
8.419600696243888516e-01
8.052974010813345185e-01
7.551320820927246436e-01
6.853519271533123902e-01
5.878230741169198081e-01
4.546178449336939487e-01
2.872417763892121667e-01
1.164119278226341953e-01
1.042941453260409594e-02
2.272468833126095600e-02
1.290647348655048210e-01
2.649901798329940550e-01
3.884760677534167539e-01
4.871453528848074255e-01
5.625749575926580759e-01
6.198771639687531421e-01
6.639099312396922192e-01
6.984289495050630681e-01
7.261489573120426533e-01
7.489883668194344812e-01
7.682936596248177707e-01
7.850062238303133766e-01
7.997781142423857625e-01
8.130504834116959456e-01
8.251064927191403831e-01
8.361072369901083601e-01
8.461165081419411704e-01
8.551183135932320933e-01
8.630297944551421629e-01
8.697113623657989345e-01
8.749753410174798685e-01
8.785940551025368528e-01
8.803080874334654471e-01
8.798352802732424260e-01
8.768809607938908846e-01
8.711498040986108693e-01
8.623596974004397175e-01
