9.994338266783825420e-01
9.994331344413619478e-01
9.994325987361544206e-01
9.994322200246403831e-01
9.994319986819673041e-01
9.994319349961746646e-01
9.994320291676511703e-01
9.994322813088738489e-01
9.994326914440861964e-01
9.994332595090451576e-01
9.994339853508655835e-01
9.994348687278654664e-01
9.994359093094180579e-01
9.994371066760324718e-01
9.994384603192131289e-01
9.994399696416060852e-01
9.994416339571422503e-01
9.994434524910075224e-01
9.994454243800759974e-01
9.994475486729621494e-01
9.994498243303949758e-01
9.994522502255769325e-01
9.994548251445277698e-01
9.994575477864710011e-01
9.994604167643854620e-01
9.994634306055020234e-01
9.994665877518982278e-01
9.994698865610217586e-01
9.994733253064309597e-01
9.994769021784588592e-01
9.994806152850478353e-01
9.994844626523176068e-01
9.994884422256818945e-01
9.994925518705248813e-01
9.994967893732968900e-01
9.995011524422708904e-01
9.995056387087593031e-01
9.995102457280339303e-01
9.995149709805136728e-01
9.995198118728201298e-01
9.995247657390462503e-01
9.995298298419130756e-01
9.995350013740365025e-01
9.995402774593490358e-01
9.995456551542379886e-01
9.995511314490784782e-01
9.995567032696288656e-01
9.995623674784932522e-01
9.995681208765382353e-01
9.995739602045763394e-01
9.995798821447438032e-01
9.995858833222915907e-01
9.995919603071130588e-01
9.995981096154604728e-01
9.996043277115973513e-01
9.996106110095835939e-01
9.996169558750511719e-01
9.996233586269349658e-01
9.996298155393866791e-01
9.996363228435892756e-01
9.996428767295798545e-01
9.996494733482925721e-01
9.996561088133656403e-01
9.996627792032029003e-01
9.996694805628469904e-01
9.996762089060959866e-01
9.996829602174504004e-01
9.996897304542157192e-01
9.996965155485277865e-01
9.997033114094638906e-01
9.997101139251935997e-01
9.997169189649738330e-01
9.997237223813555396e-01
9.997305200123902669e-01
9.997373076836783001e-01
9.997440812106844765e-01
9.997508364007158255e-01
9.997575690553174299e-01
9.997642749724215960e-01
9.997709499484503937e-01
9.997775897806123746e-01
9.997841902692035099e-01
9.997907472197017364e-01
9.997972564449972843e-01
9.998037137676977215e-01
9.998101150223094313e-01
9.998164560574418491e-01
9.998227327380883045e-01
9.998289409477656431e-01
9.998350765908331494e-01
9.998411355945301393e-01
9.998471139113483952e-01
9.998530075211609081e-01
9.998588124332820071e-01
9.998645246888197002e-01
9.998701403627769935e-01
9.998756555660345269e-01
9.998810664476797117e-01
9.998863691970324430e-01
9.998915600456782515e-01
9.998966352696760929e-01
9.999015911913962107e-01
9.999064241817879894e-01
9.999111306621638606e-01
9.999157071064050939e-01
9.999201500426521116e-01
9.999244560554574335e-01
9.999286217876163230e-01
9.999326439419620183e-01
9.999365192832855298e-01
9.999402446402001488e-01
9.999438169067076387e-01
9.999472330442317203e-01
9.999504900830862297e-01
9.999535851242458140e-01
9.999565153410430174e-01
9.999592779806794063e-01
9.999618703657533469e-01
9.999642898959396620e-01
9.999665340493174570e-01
9.999686003838718085e-01
9.999704865388935326e-01
9.999721902362940229e-01
9.999737092819903639e-01
9.999750415670454196e-01
9.999761850689716791e-01
9.999771378529055399e-01
9.999778980726640176e-01
9.999784639718227730e-01
9.999788338847610536e-01
9.999790062376008315e-01
9.999789795490365840e-01
9.999787524314256437e-01
9.999783235913214385e-01
9.999776918302822892e-01
9.999768560456931965e-01
9.999758152311601922e-01
9.999745684772984866e-01
9.999731149720528789e-01
9.999714540012145658e-01
9.999695849488312582e-01
9.999675072974072432e-01
9.999652206282279021e-01
9.999627246215296861e-01
9.999600190565445246e-01
9.999571038116235044e-01
9.999539788641339522e-01
9.999506442903670633e-01
9.999471002654224394e-01
9.999433470628772413e-01
9.999393850545205131e-01
9.999352147099338506e-01
9.999308365960066780e-01
9.999262513764908267e-01
9.999214598112505792e-01
9.999164627556330620e-01
9.999112611597390510e-01
9.999058560674800589e-01
9.999002486157735348e-01
9.998944400335011418e-01
9.998884316404059724e-01
9.998822248459774409e-01
9.998758211482530189e-01
9.998692221325115037e-01
9.998624294698885695e-01
9.998554449159078317e-01
9.998482703089692780e-01
9.998409075688574621e-01
9.998333586948476848e-01
9.998256257641473521e-01
9.998177109299054566e-01
9.998096164194059110e-01
9.998013445320204085e-01
9.997928976370542564e-01
9.997842781716639315e-01
9.997754886385279427e-01
9.997665316035080352e-01
9.997574096931359788e-01
9.997481255920958043e-01
9.997386820404794427e-01
9.997290818311045379e-01
9.997193278064988586e-01
9.997094228558993656e-01
9.996993699120967358e-01
9.996891719481535432e-01
9.996788319738845185e-01
9.996683530324049771e-01
9.996577381961498920e-01
9.996469905631867325e-01
9.996361132529094640e-01
9.996251094019120709e-01
9.996139821594327568e-01
9.996027346826499294e-01
9.995913701318764888e-01
9.995798916653546584e-01
9.995683024339682143e-01
9.995566055756268664e-01
9.995448042095097518e-01
9.995329014298044434e-01
9.995209002995585346e-01
