9.367140005180656370e-01
9.339521120114491204e-01
9.319607876747297848e-01
9.295253857881371484e-01
9.272178316206183268e-01
9.250522397191776047e-01
9.230745389807745171e-01
9.213441362371815879e-01
9.199347566082097805e-01
9.189386729338709925e-01
9.184736429445223838e-01
9.186935787570265077e-01
9.198050166253314286e-01
9.220928986110941139e-01
9.259612973384078183e-01
9.319966608286243126e-01
9.410550171091506266e-01
9.543071784773679012e-01
9.726674318665562424e-01
9.907175573935959045e-01
9.314770069541744579e-01
2.169771700905675504e-01
1.751736164133216866e-01
4.557796360795614565e-01
5.771005630896799410e-01
6.370121633295505736e-01
6.710122919639278649e-01
6.921656281460192295e-01
7.061504669359043307e-01
7.157834254442587696e-01
7.226074871589406312e-01
7.275345879255401549e-01
7.311367512486756093e-01
7.337903423361546995e-01
7.357528909348870494e-01
7.372065316827011161e-01
7.382839662261074798e-01
7.390854474369917826e-01
7.396983335631859280e-01
7.399892441134262588e-01
7.404157579631922559e-01
7.406987392037516216e-01
7.409360168596623719e-01
7.411548910117685685e-01
7.413744928659449229e-01
7.416086902516171309e-01
7.418627458655772111e-01
7.420453086453775438e-01
7.425753553511406091e-01
7.430002927650438682e-01
7.434694573429794229e-01
7.440047483866423228e-01
7.446078224196281958e-01
7.452797648432384348e-01
7.460209198572517186e-01
7.468307642169618177e-01
7.477078490038495673e-01
7.486497549946280472e-01
7.496530409264028361e-01
7.507131761599876718e-01
7.518244530269653225e-01
7.529798749624415644e-01
7.541710161379024946e-01
7.553878472725397142e-01
7.566185207492801545e-01
7.578491060533861789e-01
7.590632637363716739e-01
7.602418423449736062e-01
7.613623776796665243e-01
7.623984668351149185e-01
7.633189799580737400e-01
7.640870594103937874e-01
7.646588373710180297e-01
7.649817763297023232e-01
7.649924985765275132e-01
7.646139147382046142e-01
7.637513783543776746e-01
7.622874686473917194e-01
7.600748131931142071e-01
7.569260672296939108e-01
7.525997024617182563e-01
7.467795179460762212e-01
7.390445889610435248e-01
7.288244178864051737e-01
7.153308660013844023e-01
6.974533411024577134e-01
6.735960446124877876e-01
6.414267774856149407e-01
5.975053293573330260e-01
5.368118874646118366e-01
4.524896372818257850e-01
3.373084454380650410e-01
1.920283212296389208e-01
5.041039453420523286e-02
4.220413278261760971e-03
1.265044946669469927e-01
3.450202506645571043e-01
5.435426237029894470e-01
6.830938061277895823e-01
7.731357078922885817e-01
8.304665413800544904e-01
8.674416340237325329e-01
8.917350770210784594e-01
9.079351322039522776e-01
9.187966557715550042e-01
9.260054150021428399e-01
9.306173926033546318e-01
9.333098607073547770e-01
9.345268562991938532e-01
9.345651528234422134e-01
9.336259317403038382e-01
9.318456422804208827e-01
9.293118349365734332e-01
9.260582973040455412e-01
9.219618286289732456e-01
9.136003293180562368e-01
9.148085392087533796e-01
9.089979737829637640e-01
9.030848768747042898e-01
8.968097267500847458e-01
8.901451417691176315e-01
8.830852594322745608e-01
8.756404909580720597e-01
8.678231842545170993e-01
8.596462136800695486e-01
8.511209001670647645e-01
8.422485589588065702e-01
8.328164500984800434e-01
8.237724960306663791e-01
8.139802509353498694e-01
8.039391422048598468e-01
7.936373174770956496e-01
7.830790867031066638e-01
7.722697214464143700e-01
7.612130341750592555e-01
7.499104977842627751e-01
7.383606588796959302e-01
7.265585938625125362e-01
7.144953295364704360e-01
7.021571887611250951e-01
6.895250293917680739e-01
6.765733425981144133e-01
6.632691698154773441e-01
6.495707871687808055e-01
6.354260920167090765e-01
6.207706074851069289e-01
6.055249963201617680e-01
5.895919436944970782e-01
5.728522284154170530e-01
5.551597528350181721e-01
5.363352459861588928e-01
5.161583023087354949e-01
4.943574021390561013e-01
4.705976849090953151e-01
4.444669949895953542e-01
4.154681564937184879e-01
3.828465173631409590e-01
3.461425715899401068e-01
3.043328203367159368e-01
2.566500290872023582e-01
2.026147198594913656e-01
1.428423117941223230e-01
8.080927280588696970e-02
2.639187640595533693e-02
1.121850725689943224e-03
3.968602880022918666e-02
1.716245595385310074e-01
3.806035459251110864e-01
5.990714868360630385e-01
7.679573642508040754e-01
8.739585386902990471e-01
9.314818149910265577e-01
9.587680836037576482e-01
9.691664359449732036e-01
9.707580240782013314e-01
9.676067464915235616e-01
9.597294396490244628e-01
9.381473024896546109e-01
8.585450863385452047e-01
5.790726044679342932e-01
8.774764271477983324e-02
3.401849467874330790e-02
1.041040138671727178e-01
7.484903742492349243e-02
5.339287638585760295e-04
3.414128299944386713e-01
8.237524830330454906e-01
9.393340006316689417e-01
9.460514693586333790e-01
9.354359980600168711e-01
9.245276863580715876e-01
9.160787450880131244e-01
9.101356816332206723e-01
9.062930979145815691e-01
9.041013531986084040e-01
8.987470442779514901e-01
9.029095940625962990e-01
9.044023535988404694e-01
9.064632331097307594e-01
9.091294704650977332e-01
