1.021327387922332575e+00
1.041636183668570359e+00
1.056684693669873498e+00
1.067006621035431202e+00
1.073246873043032457e+00
1.076095031300878135e+00
1.076188825994212728e+00
1.073940302270166347e+00
1.069168424992076538e+00
1.060243252837640426e+00
1.041983907198257953e+00
1.000488087823010686e+00
9.021364636694398920e-01
6.859949020083460081e-01
3.384910549602709318e-01
5.815270093988320760e-02
2.969870597913073541e-03
6.689769906854513282e-02
1.463496633986538786e-01
2.106808650486739209e-01
2.575648113820498963e-01
2.906278310197810133e-01
3.135999309718691119e-01
3.292905180267956533e-01
3.396952877370271184e-01
3.460757510708203366e-01
3.493234584116278740e-01
3.499532812698540885e-01
3.482112018957616573e-01
3.440920332559964656e-01
3.373083547214076328e-01
3.271821460349679800e-01
3.123870882620070621e-01
2.903479855957524780e-01
2.556999165118386541e-01
1.963065120782203077e-01
8.438690257969949648e-02
8.857231504949526768e-02
9.252113039193131661e-01
7.407340099913837239e-01
6.332868360945794750e-01
5.774415845799285574e-01
5.438879516080775689e-01
5.213736011458828257e-01
5.048150766627721442e-01
4.913455214663036141e-01
4.784404376711329787e-01
4.606374162598923516e-01
3.837243077086575638e-01
5.409753257758356249e-01
5.005859678326561868e-01
4.897938617223594471e-01
4.846638431997882801e-01
4.819232148696763196e-01
4.806030522535332805e-01
4.803082270737513704e-01
4.808465262736268953e-01
4.821142497219567669e-01
4.840521609803948300e-01
4.866256956735611205e-01
4.898149744141309103e-01
4.936092762850463056e-01
4.980037359935074459e-01
5.029972318574887913e-01
5.085909476761657499e-01
5.147873314128253996e-01
5.215892930529181237e-01
5.289995470858628313e-01
5.370200402308147325e-01
5.456514257582034677e-01
5.548925588354849392e-01
5.647399948301697892e-01
5.751874998787196436e-01
5.862255100621562853e-01
5.978406719454978369e-01
6.100153554400886691e-01
6.227272951708616722e-01
6.359494480702153618e-01
6.496503336517709393e-01
6.637954272557530233e-01
6.783509692876665831e-01
6.932938355166032851e-01
7.086388260570971598e-01
7.245273988672016330e-01
7.416195347504727087e-01
7.644971883857992756e-01
7.109733488753354758e-01
7.684262249013615875e-01
7.858749067706318758e-01
7.997748831982106621e-01
8.117518951705223751e-01
8.219289130733256066e-01
8.300694059493510801e-01
8.357362649842455804e-01
8.382809181231645201e-01
8.367531253860747142e-01
8.297301332738522550e-01
8.147427663321248348e-01
7.889708697037857155e-01
7.468021307233897454e-01
6.822606992333156706e-01
5.925096505570057737e-01
4.898920170300822274e-01
4.121248418461148644e-01
4.124354210152973432e-01
5.276509770495932949e-01
7.279468505802171308e-01
8.758635534518401933e-01
9.238738747186036049e-01
9.177957939882099847e-01
8.939727493419343807e-01
8.662393108260303398e-01
8.385745662037986659e-01
8.117093026118026300e-01
7.853250173327342987e-01
7.585110593850857841e-01
7.291791399999476564e-01
6.904100943185059736e-01
5.909865984397435490e-01
8.444433963830699774e-01
7.350360382565631623e-01
6.974354874879078459e-01
6.726539863274854092e-01
6.526682389460096712e-01
6.353000770371260986e-01
6.197203940251920784e-01
6.055553679892839991e-01
5.926267367914912487e-01
5.808666785695646428e-01
5.702998793642924946e-01
5.610764719369304432e-01
5.535981427381229114e-01
5.489547794620107668e-01
5.508549483846930661e-01
5.834810444217499725e-01
3.158669153233291116e-01
4.553971706870015845e-01
4.664460862166818766e-01
4.668899416450822959e-01
4.644656859574764485e-01
4.610257701664747798e-01
4.572302747187833027e-01
4.533691336560892182e-01
4.495883464382846584e-01
4.459701635690794808e-01
4.425668472982668966e-01
4.394169585440358961e-01
4.365542977973103089e-01
4.340135938277047134e-01
4.318348439174391484e-01
4.300673715904370087e-01
4.287743948638705893e-01
4.280389405735213204e-01
4.279722696083250733e-01
4.287267164984949197e-01
4.305153711571225728e-01
4.336540479579165108e-01
4.386110380534687936e-01
4.461477025192938650e-01
4.575738980179391846e-01
4.753749232211418874e-01
5.049254003524378254e-01
5.602593963972999358e-01
6.891538988965898449e-01
8.538217917279398161e-01
2.469267421644670904e-02
1.743276641982372255e-01
2.463856777827999889e-01
2.866481999420788518e-01
3.139893753379136565e-01
3.354402580720880489e-01
3.541976554536557797e-01
3.719716032104481984e-01
3.898481957815549404e-01
4.086415323035806346e-01
4.290959207959576527e-01
4.520405992644725424e-01
4.783936575388385570e-01
5.099666742596932201e-01
5.477838996835496799e-01
5.981355949540564376e-01
6.610140790842421454e-01
7.336304023560841214e-01
7.805985825788538390e-01
7.255114671946579774e-01
5.972866111664349997e-01
5.484222065734710716e-01
6.300068072203531822e-01
7.910529928675490430e-01
9.351780485828100620e-01
1.004119899779105873e+00
9.967490318594778298e-01
8.916940463851984466e-01
4.220877431213878039e-01
4.415468080794147654e-01
9.414152975436060888e-01
1.001379500408765999e+00
9.961616874338919958e-01
9.737248175103424552e-01
9.435721534926642118e-01
