9.995035657065742818e-01
9.994801994666131506e-01
9.994608372613098535e-01
9.994452401098751215e-01
9.994331236544290453e-01
9.994241735924409564e-01
9.994180587906629221e-01
9.994144422435229380e-01
9.994129900549001411e-01
9.994133786313524892e-01
9.994153002769011751e-01
9.994184673768985450e-01
9.994226153522957068e-01
9.994275045565301774e-01
9.994329212756646319e-01
9.994386779808548393e-01
9.994446129683541846e-01
9.994505895089530467e-01
9.994564946163543295e-01
9.994622375293342742e-01
9.994677479918964158e-01
9.994729744028206797e-01
9.994778818954342947e-01
9.994824503985745290e-01
9.994866727207241119e-01
9.994905526906345816e-01
9.994941033812038134e-01
9.994973454362187093e-01
9.995003055148441451e-01
9.995030148631895983e-01
9.995055080186686647e-01
9.995078216490017597e-01
9.995099935258605628e-01
9.995120616292262339e-01
9.995140633784203033e-01
9.995160349829553814e-01
9.995180109065406882e-01
9.995200234356080848e-01
9.995221023443426889e-01
9.995242746471837414e-01
9.995265644303076291e-01
9.995289927531060270e-01
9.995315776115217821e-01
9.995343339550536443e-01
9.995372737494809812e-01
9.995404060785263445e-01
9.995437372773686713e-01
9.995472710918802406e-01
9.995510088578333230e-01
9.995549496951887658e-01
9.995590907122640090e-01
9.995634272164281020e-01
9.995679529268878261e-01
9.995726601869272532e-01
9.995775401725858211e-01
9.995825830956225344e-01
9.995877783986738541e-01
9.995931149409941208e-01
9.995985811736656235e-01
9.996041653030479646e-01
9.996098554418602067e-01
9.996156397474620370e-01
9.996215065468084804e-01
9.996274444482355914e-01
9.996334424397861351e-01
9.996394899746717799e-01
9.996455770437389088e-01
9.996516942356080682e-01
9.996578327847820411e-01
9.996639846084359737e-01
9.996701423323038904e-01
9.996762993062198177e-01
9.996824496102957314e-01
9.996885880520925971e-01
9.996947101555199167e-01
9.997008121422958915e-01
9.997068909062831743e-01
9.997129439820359176e-01
9.997189695074619742e-01
9.997249661816266508e-01
9.997309332184388664e-01
9.997368702966226151e-01
9.997427775065159672e-01
9.997486552943466442e-01
9.997545044047069229e-01
9.997603258214122768e-01
9.997661207074179934e-01
9.997718903443679750e-01
9.997776360719045075e-01
9.997833592276703651e-01
9.997890610877659956e-01
9.997947428088463928e-01
9.998004053715102701e-01
9.998060495257110603e-01
9.998116757387174314e-01
9.998172841455331694e-01
9.998228745022982311e-01
9.998284461432518366e-01
9.998339979412146361e-01
9.998395282719615418e-01
9.998450349830846351e-01
9.998505153671208845e-01
9.998559661399417653e-01
9.998613834238789799e-01
9.998667627367393562e-01
9.998720989860420127e-01
9.998773864697791947e-01
9.998826188831736461e-01
9.998877893319384480e-01
9.998928903526079770e-01
9.998979139397731197e-01
9.999028515805170603e-01
9.999076942967801696e-01
9.999124326950254993e-01
9.999170570241412426e-01
9.999215572414661413e-01
9.999259230869184112e-01
9.999301441655493727e-01
9.999342100387401677e-01
9.999381103235467361e-01
9.999418348007348412e-01
9.999453735310717128e-01
9.999487169798295660e-01
9.999518561493183633e-01
9.999547827189453342e-01
9.999574891926563680e-01
9.999599690530421858e-01
9.999622169214426037e-01
9.999642287233484472e-01
9.999660018582192667e-01
9.999675353724364335e-01
9.999688301341961294e-01
9.999698890091308634e-01
9.999707170342599927e-01
9.999713215890978502e-01
9.999717125614486779e-01
9.999719025050840537e-01
9.999719067872417932e-01
9.999717437221251615e-01
9.999714346875301363e-01
9.999710042206073624e-01
9.999704800883383315e-01
9.999698933285757763e-01
9.999692782561248050e-01
9.999686724283568529e-01
9.999681165643535818e-01
9.999676544103920373e-01
9.999673325445496141e-01
9.999672001117609899e-01
9.999673084798795797e-01
9.999677108060904818e-01
9.999684615011285027e-01
9.999696155768624806e-01
9.999712278598735793e-01
9.999733520492102290e-01
9.999760395916021949e-01
9.999793383383264178e-01
9.999832909357195820e-01
9.999879328828605862e-01
9.999932901598922452e-01
9.999993762845135192e-01
1.000006188577948985e+00
1.000013703294641232e+00
1.000021869050748746e+00
1.000030597595540360e+00
1.000039750243230774e+00
1.000049116870892041e+00
1.000058381492086701e+00
1.000067062081706926e+00
1.000074397365333434e+00
1.000079114383410239e+00
1.000078896431521036e+00
1.000068977119094038e+00
1.000037583531343532e+00
9.999454948636413709e-01
9.995511120914731817e-01
9.780214276527074979e-01
1.000395560177333776e+00
1.000434526057743856e+00
1.000418817695362117e+00
1.000408585154137775e+00
1.000401922451700676e+00
1.000396022285052977e+00
1.000388914433424370e+00
1.000379166531676356e+00
1.000365646062091551e+00
1.000347392153587034e+00
1.000323550492588254e+00
1.000293342322251977e+00
1.000256052649222571e+00
1.000211030108075105e+00
1.000157694559390853e+00
1.000095550316817627e+00
1.000024203830856662e+00
9.999433851398048523e-01
9.998529726431923947e-01
9.997530208620779568e-01
9.996437908792785709e-01
9.995257831257229331e-01
9.993997721140095436e-01
