1.194455842693981085e+00
1.165203253283384699e+00
1.132713938571040746e+00
1.098879941864745025e+00
1.065149458084446055e+00
1.032638022338222106e+00
1.002191950736528225e+00
9.744316419267093909e-01
9.497571604612033980e-01
9.285992792461816858e-01
9.109214738313669013e-01
8.968761623734602395e-01
8.864580020387624604e-01
8.796306230841509644e-01
8.763487405321174206e-01
8.765822056441304744e-01
8.803371472584848867e-01
8.876699138780999032e-01
8.986829034697775276e-01
9.134733032910483663e-01
9.319571825963810507e-01
9.533577594581610359e-01
9.747749726180827690e-01
9.872701593540186282e-01
9.660156251518302595e-01
8.538708656840663380e-01
5.829087413619288283e-01
2.357612871418880152e-01
3.669534095974085613e-02
6.548300470395729267e-03
4.288794741873153127e-02
8.520482311299376610e-02
1.137152945526951064e-01
1.175503161367646987e-01
8.556042072784643404e-02
5.141967146293701524e-02
6.084411756916614511e-01
5.872990682305827548e-01
8.312749620548106622e-01
6.796687209968486076e-01
6.124125499370758341e-01
5.820570558540218986e-01
5.627552366486912039e-01
5.524690979802600044e-01
5.465486400156813751e-01
5.431753119910947003e-01
5.415716928419077592e-01
5.413168055027323122e-01
5.421263068078190361e-01
5.438280240130168863e-01
5.463148007298146425e-01
5.495186390471885618e-01
5.533955877548371038e-01
5.579165471367688589e-01
5.630615019965696799e-01
5.688158149704669597e-01
5.751677933656743624e-01
5.821070605448677160e-01
5.896234438246923393e-01
5.977061974337039008e-01
6.063434437409959132e-01
6.155217562829113920e-01
6.252258339157628075e-01
6.354382323812226563e-01
6.461391310473120209e-01
6.573061206221084696e-01
6.689140034885121544e-01
6.809346027699183512e-01
6.933365797996049462e-01
7.060852626171226776e-01
7.191424905413030810e-01
7.324664815310295563e-01
7.460117286573649809e-01
7.597289234580137940e-01
7.735648494797922048e-01
7.874616995195291569e-01
8.013367663764326965e-01
8.152161666756573277e-01
8.289313700129065099e-01
8.424550913570695299e-01
8.557238815066595672e-01
8.686997901689165191e-01
8.790531740108710190e-01
8.929643116952927784e-01
9.045069898835966793e-01
9.153995196425905867e-01
9.256151210455134670e-01
9.351085832376251350e-01
9.438383602707095532e-01
9.517708877990933569e-01
9.588825005901944198e-01
9.651606429155759059e-01
9.706046513805086651e-01
9.752261066159341185e-01
9.790486224214495214e-01
9.821067666950402675e-01
9.844434225934187710e-01
9.861039765133724488e-01
9.871239855641038563e-01
9.875183069659345669e-01
9.865852815962983247e-01
9.827519567117364296e-01
9.706379418282095051e-01
8.297786465711317616e-01
7.351313051950484345e-01
9.435942790176999884e-01
9.659176334930917873e-01
9.717350874633003954e-01
9.723097461494910609e-01
9.685494120567310627e-01
9.580706127836030594e-01
9.348347964088566941e-01
8.865150090916740222e-01
7.906747333811231515e-01
6.172001779973994573e-01
3.630935959234499188e-01
1.183381686783892967e-01
6.451410694856549340e-03
2.629178772317351115e-02
1.015466029527283542e-01
1.822620390040857463e-01
2.517091175225514288e-01
3.076970415384169266e-01
3.522577645607073427e-01
3.880157466837770852e-01
4.170576400710223619e-01
4.402467063894549004e-01
4.559867762053086415e-01
4.601123512176281127e-01
4.547818811387821514e-01
4.525850563198965948e-01
4.580675567435056883e-01
4.682965906774044229e-01
4.816618457289593147e-01
4.994121364159815335e-01
5.271968724022544350e-01
5.869703203207177200e-01
8.132858371200206715e-01
2.066448433801597873e-01
3.523561108923768392e-01
3.962620497123309771e-01
4.179472701828969017e-01
4.323339977290141523e-01
4.428702207511920896e-01
4.515130242612964695e-01
4.591350841048184028e-01
4.662109739885946791e-01
4.730165666114407030e-01
4.797123654764741119e-01
4.863802043918918905e-01
4.930369501929467435e-01
4.996332325412348729e-01
5.060375151720305498e-01
5.119986154099545050e-01
5.170663631117514702e-01
5.202687032942886480e-01
5.204474250552254544e-01
5.135186670768127071e-01
4.894331935145605494e-01
4.049494979269418482e-01
9.836817910435488588e-02
8.815947774511164736e-01
7.729351202877564608e-01
7.394638237971377093e-01
7.317416812563706241e-01
7.259201330392400786e-01
7.222582872447746993e-01
7.177881039703881694e-01
7.105544420971946495e-01
6.987726189964325041e-01
6.805242070114914110e-01
6.535943819328171589e-01
6.154100038475511791e-01
5.636624490345679694e-01
4.942711020819986478e-01
4.136348084344758647e-01
3.337790813568016213e-01
2.697827043020454285e-01
2.445194737719616762e-01
2.683058450719125743e-01
3.392606042961527346e-01
4.334257785290372977e-01
5.669669227407025947e-01
6.949424789666019953e-01
7.976729749485824694e-01
8.601447554066173895e-01
8.883158024660370300e-01
8.947452349890575585e-01
8.891365179205092950e-01
8.776277197318148593e-01
8.643018013446449599e-01
8.520508738962649931e-01
8.429595619293706044e-01
8.385415362481776214e-01
8.398886988434928202e-01
8.477596395924568151e-01
8.625494229488718245e-01
8.845740270660793492e-01
9.137064709017755915e-01
9.497319302941186203e-01
