9.789577578319345053e-01
9.753986122569330286e-01
9.725375671224291141e-01
9.702747243901804763e-01
9.685075635373679992e-01
9.671342778930542838e-01
9.660565284247837337e-01
9.651816511240298713e-01
9.644243604415173587e-01
9.637079953635276919e-01
9.629653570335121593e-01
9.621391876125108267e-01
9.611823396213132753e-01
9.600576835484524452e-01
9.587377992648852265e-01
9.572044939465125246e-01
9.554481859306389602e-01
9.534671903718036079e-01
9.512669388368013568e-01
9.488591611909101831e-01
9.462610543713997346e-01
9.434944589863830666e-01
9.405850611802447636e-01
9.375616339146461975e-01
9.344553287626614635e-01
9.312990265248022315e-01
9.281267524671796831e-01
9.249731597585154619e-01
9.218730827459331589e-01
9.188611600505189880e-01
9.159715260730812991e-01
9.132375683588455084e-01
9.106917473578924893e-01
9.083654744053661911e-01
9.062890432059057533e-01
9.044916096970867514e-01
9.030012148456441068e-01
9.018448446364146776e-01
9.010485211770745684e-01
9.006374183571781433e-01
9.006359947309587888e-01
9.010681350343053841e-01
9.019572896995752265e-01
9.033265984410500105e-01
9.051989787486627304e-01
9.075971518512068181e-01
9.105435656443896519e-01
9.140601534131920225e-01
9.181678343105851292e-01
9.228856088592116702e-01
9.282290173774209174e-01
9.342075892439556384e-01
9.408206781477209679e-01
9.480506855056702875e-01
9.558519999266618106e-01
9.641328037661885952e-01
9.727248088611977206e-01
9.813322166326081675e-01
9.894443205302335675e-01
9.961835545997309582e-01
1.000037941023512067e+00
9.983876306371739506e-01
9.866784584452599205e-01
9.570628448671528732e-01
8.965588871478890054e-01
7.861503961542890551e-01
6.062989955040263279e-01
3.429900898422982292e-01
1.646812720155021448e-01
2.109021508221285354e-02
7.763670204898983490e-03
7.471002853449223990e-02
1.702720703928382595e-01
2.661462767570800247e-01
3.519719932657930928e-01
4.257897428052668243e-01
4.886463702119414609e-01
5.423319047721514297e-01
5.885802661858224871e-01
6.288465037160980708e-01
6.642872766467113888e-01
6.958022084648110006e-01
7.240856547689820122e-01
7.496729951438247941e-01
7.729779304751371871e-01
7.943213168420518722e-01
8.139531035703561068e-01
8.320689608674394222e-01
8.488229129021582775e-01
8.643369888554701674e-01
8.787086426784961324e-01
8.920164795431011484e-01
9.043246219076921388e-01
9.156855360332102345e-01
9.261325594058372745e-01
9.357791494902460983e-01
9.445498430460098627e-01
9.525377653100220998e-01
9.597682268386698023e-01
9.662710459158696530e-01
9.720764087513040774e-01
9.772147803892361484e-01
9.817170622470410279e-01
9.856147074553653908e-01
9.889397630471893352e-01
9.917248453943295905e-01
9.940030618724837730e-01
9.958078921049099419e-01
9.971730409776474735e-01
9.981322740652761594e-01
9.987192444860593099e-01
9.989673186340254363e-01
9.989094067612666050e-01
9.985778030317088438e-01
9.980040384581646551e-01
9.972187490723150027e-01
9.962515607705849652e-01
9.951309915258932381e-01
9.938843710518916463e-01
9.925377775431930560e-01
9.911159907850033424e-01
9.896424607096705461e-01
9.881392903621787349e-01
9.866272321928133415e-01
9.851256965775644359e-01
9.836527713813871809e-01
9.822252509988831370e-01
9.808586720435055195e-01
9.795673490071412637e-01
9.783643912821315958e-01
9.772616423539177699e-01
9.762693180375711099e-01
9.753942373471250482e-01
9.746273750448865014e-01
9.734411721914881799e-01
9.737905210738742046e-01
9.734951283592856441e-01
9.734071011339777701e-01
9.735276638408577599e-01
9.735925529521369803e-01
9.744356857719900233e-01
9.753290140112372830e-01
9.765807465289043643e-01
9.782949760622039470e-01
9.806210225454830010e-01
9.837019443165897492e-01
9.868270895835996592e-01
9.713902233677482734e-01
2.899389147136181011e-01
8.472274098651642049e-01
9.213724015916637811e-01
9.414535870880343937e-01
9.507712338567034793e-01
9.563106896475656038e-01
9.601123082712381684e-01
9.629725677554309415e-01
9.652610082696035931e-01
9.671697968804827683e-01
9.688072883208700414e-01
9.702385034649730899e-01
9.715046258024089276e-01
9.726332179632012354e-01
9.736439525753253221e-01
9.745520061840197146e-01
9.753701467597628572e-01
9.761100305228593843e-01
9.767829651098215438e-01
9.774002494881235403e-01
9.779730989808602670e-01
9.785120665568639575e-01
9.790257437413911745e-01
9.795183164375691476e-01
9.799851714534443259e-01
9.804050096745146048e-01
9.807254019982024618e-01
9.808354361331040883e-01
9.805115704199515170e-01
9.793043842021116330e-01
9.762852308561128511e-01
9.694309978992917687e-01
9.539720758792157307e-01
9.173577753485662178e-01
8.170350746639922779e-01
5.967181292470234988e-01
1.743856511264358644e-01
7.594246633339001018e-02
3.791327906002782133e-01
6.023705769944019961e-01
7.195379629096104734e-01
7.851524932650119082e-01
8.255561501989240325e-01
8.523757640027882498e-01
8.711246084555964719e-01
8.846161457272052608e-01
8.943596120509453851e-01
9.011784621500708026e-01
9.055072549918953273e-01
9.075448900481939418e-01
9.073392473422238202e-01
9.048373047440015915e-01
