9.853926443537169844e-01
9.848310611868009712e-01
9.839861891313560482e-01
9.828572847187690975e-01
9.814498146482854013e-01
9.797744807040391635e-01
9.778463098034650969e-01
9.756838187288982001e-01
9.733082595656494806e-01
9.707429488710396237e-01
9.680126810920152147e-01
9.651432246928541847e-01
9.621608978198694651e-01
9.590922190658843771e-01
9.559636279698161543e-01
9.528012692548850637e-01
9.496308344282119451e-01
9.464774542033627114e-01
9.433656352262896894e-01
9.403192347474209623e-01
9.373614671625121186e-01
9.345149367040844757e-01
9.318016909811779325e-01
9.292432905072336435e-01
9.268608897993071416e-01
9.246753260490521154e-01
9.227072117309600419e-01
9.209770277946977002e-01
9.195052142521853433e-01
9.183122549704837434e-01
9.174187532625238672e-01
9.168454943492829745e-01
9.166134898402534814e-01
9.167439978818748836e-01
9.172585103304397025e-01
9.181786948716260666e-01
9.195262749322054008e-01
9.213228227478792443e-01
9.235894299190109402e-01
9.263462034412345281e-01
9.296115108295901486e-01
9.334008613269014765e-01
9.377252546325912652e-01
9.425887434871029757e-01
9.479848247240978409e-01
9.538910673268934381e-01
9.602610601772560983e-01
9.670122417168288687e-01
9.740073350253184437e-01
9.810257517034715047e-01
9.877191188327992810e-01
9.935415213235755383e-01
9.976394485760402553e-01
9.986781528198100943e-01
9.945707509866348328e-01
9.820699557753980180e-01
9.562042991558034055e-01
9.096680631101674575e-01
8.326975946088777114e-01
7.149693575418265556e-01
5.522860314776545376e-01
3.588238483728113382e-01
1.744390912015002237e-01
4.740814521463884018e-02
6.356770048922982287e-04
2.175445070696570629e-02
8.359010482543564879e-02
1.521709369192057737e-01
2.361070428087509165e-01
3.109598217423812372e-01
3.785453973213531720e-01
4.388094241567550013e-01
4.923592252713208106e-01
5.400307935814393501e-01
5.826607803048368117e-01
6.209961616893271419e-01
6.556696149202769774e-01
6.872028486410338699e-01
7.160201515353307178e-01
7.424644407948634006e-01
7.668139452788198529e-01
7.892396327985069515e-01
8.100426414645729434e-01
8.292678224387426411e-01
8.470598625467897769e-01
8.635184269244778887e-01
8.787263283926942670e-01
8.927540659377091181e-01
9.056629820235497785e-01
9.175077083951351797e-01
9.283380791989713776e-01
9.382006149281165719e-01
9.471396537441970631e-01
9.551981914498449688e-01
9.624184809188776057e-01
9.688424340246892807e-01
9.745118630576395935e-01
9.794685937060700898e-01
9.837544775150677268e-01
9.874113280882764743e-01
9.904808020032485061e-01
9.930042423798136619e-01
9.950225002306619659e-01
9.965757461132392914e-01
9.977032821990933220e-01
9.984433626833175701e-01
9.988330284906838941e-01
9.989079604956337954e-01
9.987023539678578921e-01
9.982488156679972802e-01
9.975782839143406688e-01
9.967199709129606067e-01
9.957013252524159475e-01
9.945480082170039537e-01
9.932838461698633159e-01
9.919295503119408552e-01
9.905117816024557875e-01
9.890413543844766009e-01
9.875390122416572991e-01
9.860201128821001193e-01
9.844987054385635483e-01
9.829873814518131914e-01
9.814971102081040399e-01
9.800357215711178460e-01
9.784625364613219745e-01
9.772726248853179642e-01
9.759582674254093648e-01
9.747093551389671706e-01
9.735291827309147106e-01
9.724220403062686646e-01
9.713918090368500735e-01
9.704414226013124978e-01
9.695699036889777744e-01
9.686853662767996864e-01
9.680992542487525387e-01
9.675445460002969345e-01
9.670623166826420869e-01
9.666866901251611743e-01
9.664283812287598474e-01
9.663013444833438159e-01
9.663267137526804218e-01
9.665373799319734172e-01
9.669804732724128771e-01
9.676681574851772050e-01
9.675956699816028461e-01
7.970135970136411618e-01
9.023694019851388193e-01
9.494021277898199163e-01
9.565482166895242777e-01
9.594924839567943176e-01
9.612698626371480870e-01
9.626011679882926497e-01
9.637403428825547236e-01
9.647986700817443584e-01
9.658322654214002156e-01
9.668723543338914039e-01
9.679376430427543143e-01
9.690400478286659292e-01
9.701877683329162005e-01
9.713884827422607504e-01
9.725189218577625638e-01
9.739236527077302918e-01
9.752886705295606973e-01
9.767071909411214614e-01
9.781794688030998053e-01
9.797016762950938595e-01
9.812656015647862606e-01
9.828557844262519883e-01
9.844437548907233326e-01
9.859767306811161314e-01
9.873547288683951484e-01
9.883819248815646219e-01
9.886566456966421335e-01
9.873021270712086794e-01
9.822378330357218745e-01
9.679386129215823420e-01
9.273971824524662733e-01
7.998876660397160610e-01
4.237962976408362059e-01
9.197228859470207851e-02
3.582626711787239571e-01
6.305575357191466335e-01
7.529528367867858174e-01
8.128212768421090306e-01
8.458655570220553477e-01
8.655752897582600358e-01
8.777067102183786496e-01
8.852101177137463583e-01
8.894658418676606448e-01
8.913399988403548635e-01
8.913248563534512670e-01
8.897093420756896354e-01
8.866557654139149980e-01
8.822404740443570148e-01
8.764755797693190020e-01
8.693198358114988533e-01
8.606827740904100521e-01
8.504243126507373685e-01
8.383511368135638797e-01
8.242107999876592261e-01
