9.897016883656670760e-01
9.894851406846872921e-01
9.893189499297200262e-01
9.892018723375123335e-01
9.891317800358966350e-01
9.891058695634155074e-01
9.891208465428698027e-01
9.891730869499506529e-01
9.892587758721583802e-01
9.893740249874649617e-01
9.895149702265771952e-01
9.896778512328773258e-01
9.898590743168810269e-01
9.900552606289949598e-01
9.902632812570874021e-01
9.904802809055824886e-01
9.907036917353021499e-01
9.909312388486215539e-01
9.911609387975921504e-01
9.913910923760775873e-01
9.916202728395216992e-01
9.918473105761036468e-01
9.920712751362392723e-01
9.922914554148412059e-01
9.925073386740179693e-01
9.927185889931262608e-01
9.929250256409977160e-01
9.931266017795390422e-01
9.933233838317210296e-01
9.935155317771728889e-01
9.937032805777670230e-01
9.938869228812213796e-01
9.940667931047919570e-01
9.942432529592116763e-01
9.944166784403938308e-01
9.945874482863096278e-01
9.947559338740150636e-01
9.949224905112071804e-01
9.950874500628492658e-01
9.952511148408018649e-01
9.954137526765537425e-01
9.955755930907757012e-01
9.957368244704188909e-01
9.958975921622548189e-01
9.960579973915666407e-01
9.962180969169364131e-01
9.963779033336771507e-01
9.965373859424196956e-01
9.966964721031401631e-01
9.968550489998635467e-01
9.970129657452982963e-01
9.971700357611071874e-01
9.973260393731330220e-01
9.974807265674933143e-01
9.976338198576806260e-01
9.977850172184328237e-01
9.979339950465232478e-01
9.980804111134784495e-01
9.982239074797515377e-01
9.983641133436225168e-01
9.985006478022926402e-01
9.986331225061758632e-01
9.987611441902679577e-01
9.988843170701107166e-01
9.990022450917896979e-01
9.991145340286909926e-01
9.992207934189022422e-01
9.993206383398772763e-01
9.994136910178961219e-01
9.994995822717150924e-01
9.995779527904096184e-01
9.996484542463212053e-01
9.997107502448888683e-01
9.997645171127673702e-01
9.998094445256759943e-01
9.998452359771570208e-01
9.998716090876081930e-01
9.998882957523816950e-01
9.998950421236638686e-01
9.998916084182013497e-01
9.998777685372162161e-01
9.998533094765965634e-01
9.998180304941782781e-01
9.997717419841545272e-01
9.997142639834819544e-01
9.996454241961997278e-01
9.995650553625085033e-01
9.994729917044070655e-01
9.993690640247491208e-01
9.992530927775816751e-01
9.991248779763164389e-01
9.989841839972167792e-01
9.988307158125979690e-01
9.986640801875950046e-01
9.984837191003159695e-01
9.982887885887822277e-01
9.980779219567565974e-01
9.978487233517662203e-01
9.975965485796857157e-01
9.973110438062740002e-01
9.969635189844147094e-01
9.964348316734344957e-01
9.939908477247743068e-01
9.974993582630021782e-01
9.966763312864264091e-01
9.962194407961325604e-01
9.958348869454216601e-01
9.954703691367959850e-01
9.951096836208259688e-01
9.947462188279000417e-01
9.943768042796474749e-01
9.939997554447782546e-01
9.936141174121404518e-01
9.932193297940236087e-01
9.928150627537423167e-01
9.924011305239522907e-01
9.919774431320057539e-01
9.915439783158405129e-01
9.911007647534574305e-01
9.906478719658642351e-01
9.901854043469229261e-01
9.897134978620755197e-01
9.892323185520852658e-01
9.887420623143517995e-01
9.882429556314730190e-01
9.877352570365880435e-01
9.872192591787269933e-01
9.866952913987013796e-01
9.861637227569183262e-01
9.856249654748414635e-01
9.850794787653301965e-01
9.845277730369097480e-01
9.839704144639394023e-01
9.834080299185214979e-01
9.828413122652619460e-01
9.822710260218182610e-01
9.816980133908379536e-01
9.811232006722918619e-01
9.805476050663181065e-01
9.799723418808479192e-01
9.793986321606161782e-01
9.788278107582326637e-01
9.782613348730486713e-01
9.777007930886388865e-01
9.771479149469241010e-01
9.766045811054708814e-01
9.760728341340313419e-01
9.755548900189645600e-01
9.750531504579220687e-01
9.745702160439040362e-01
9.741089004570685494e-01
9.736722458042810224e-01
9.732635392707592592e-01
9.728863312745438252e-01
9.725444553412301296e-01
9.722420499434399899e-01
9.719835825709458588e-01
9.717738763098210386e-01
9.716181392032353648e-01
9.715219966272170549e-01
9.714915268210583266e-01
9.715332995270640204e-01
9.716544173611997293e-01
9.718625589647853502e-01
9.721660220316985512e-01
9.725737627306458855e-01
9.730954254645829415e-01
9.737413526985561063e-01
9.745225576873023376e-01
9.754506315654319915e-01
9.765375373548172977e-01
9.777952116389755366e-01
9.792348403821827807e-01
9.808655812055733225e-01
9.826923378556002842e-01
9.847118913586830891e-01
9.869061338266429395e-01
9.892300858802278718e-01
9.915902833841464536e-01
9.938048515356325829e-01
9.955275561942259488e-01
9.960982361750980729e-01
9.942364016262004167e-01
9.873864452922976875e-01
9.702627640387033736e-01
9.315623008911342318e-01
8.470436549658018066e-01
6.709144574150111007e-01
3.651664760620591532e-01
6.220094674694275072e-02
1.682600214565413421e-02
1.459336574059975078e-01
3.359172968128250614e-01
4.529168285803978344e-01
5.375883871274605985e-01
5.985123696028928908e-01
6.432361313862207108e-01
6.769118476311404287e-01
7.028976251019229959e-01
7.233953593444366614e-01
