9.883671664138469204e-01
9.893015013923109890e-01
9.901520727591800464e-01
9.909214308537811489e-01
9.916136195688448618e-01
9.922337937296185073e-01
9.927878816818239693e-01
9.932822919520380989e-01
9.937236620872834658e-01
9.941186472262448781e-01
9.944737455686395444e-01
9.947951576632709791e-01
9.950886763085459163e-01
9.953596038248965217e-01
9.956126935011657686e-01
9.958521121203306459e-01
9.960814206153316697e-01
9.963035700856404109e-01
9.965209106078368739e-01
9.967352104866930018e-01
9.969476838167609101e-01
9.971590244451279395e-01
9.973694446444523187e-01
9.975787170155697714e-01
9.977862183390100448e-01
9.979909742819088603e-01
9.981917040412333630e-01
9.983868641633346641e-01
9.985746909255863724e-01
9.987532407951912328e-01
9.989204285972571595e-01
9.990740631255700110e-01
9.992118800200933126e-01
9.993315718103997769e-01
9.994308150916367817e-01
9.995072948534536872e-01
9.995587260292772003e-01
9.995828723690773909e-01
9.995775627695464571e-01
9.995407052172845530e-01
9.994702985180158317e-01
9.993644419957076197e-01
9.992213433530292566e-01
9.990393248874581689e-01
9.988168282570063505e-01
9.985524179874899486e-01
9.982447839074590767e-01
9.978927426905592757e-01
9.974952386766685608e-01
9.970513441342913064e-01
9.965602591157155521e-01
9.960213110472652120e-01
9.954339541844192674e-01
9.947977690520185545e-01
9.941124619778809457e-01
9.933778648179285575e-01
9.925939349601194950e-01
9.917607556846734784e-01
9.908785369487536077e-01
9.899476166546892220e-01
9.889684624532297796e-01
9.879416741263310486e-01
9.868679865878625668e-01
9.857482735370237670e-01
9.845835517960602745e-01
9.833749863648472145e-01
9.821238962272879069e-01
9.808317609530888825e-01
9.795002281521922871e-01
9.781311218628430115e-01
9.767264519910641152e-01
9.752884249769661063e-01
9.738194559535594541e-01
9.723221828037388326e-01
9.707994827453578779e-01
9.692544924375253723e-01
9.676906332043064829e-01
9.661116440059374089e-01
9.645216266143135098e-01
9.629251108150395089e-01
9.613271539399586008e-01
9.597335022067954302e-01
9.581508698750348385e-01
9.565874589741993894e-01
9.550540141239816094e-01
9.535662061877135942e-01
9.521508449970543797e-01
9.508657684986224767e-01
9.498889341948618670e-01
9.503396809907889153e-01
9.377168057543895374e-01
9.425675508418472903e-01
9.421127505436274197e-01
9.412501612040655719e-01
9.403274286670996185e-01
9.394363285544448106e-01
9.386164456000228862e-01
9.378912398802424777e-01
9.372780068485401239e-01
9.367914021627515853e-01
9.364449081965564581e-01
9.362515168472785865e-01
9.362240727855568601e-01
9.363754530177360591e-01
9.367186589683651476e-01
9.372668557705019499e-01
9.380333741374875522e-01
9.390316798824724920e-01
9.402753094257977340e-01
9.417777638874709201e-01
9.435523480225599391e-01
9.456119319576671289e-01
9.479686017988843139e-01
9.506331473689560996e-01
9.536143079475742912e-01
9.569176539899409972e-01
9.605439144790435257e-01
9.644864489524753726e-01
9.687273810351413328e-01
9.732316045954685357e-01
9.779373505403405886e-01
9.827410882952892779e-01
9.874729037455981517e-01
9.918555141010385601e-01
9.954345139179537894e-01
9.974568512943761123e-01
9.966541184815285170e-01
9.908481173213922188e-01
9.762248952916114941e-01
9.460171979718756674e-01
8.883093152369130330e-01
7.835015404958755036e-01
6.068792602098503908e-01
3.559373054822191351e-01
1.112682263794008836e-01
6.151659132508245989e-03
5.928354035550940926e-02
1.846323686125853625e-01
3.146608916061980898e-01
4.253944832767541095e-01
5.142409126007914111e-01
5.847810471358744211e-01
6.412526078057244616e-01
6.871454956640435929e-01
7.250681041670723470e-01
7.569140806226937190e-01
7.840526088086910983e-01
8.074799673983289461e-01
8.279287557751084936e-01
8.459104761630136249e-01
8.619443331867749913e-01
8.762365884354483825e-01
8.890689990927609365e-01
9.006339258385289703e-01
9.110848641735410647e-01
9.205460940329914798e-01
9.291197903171990458e-01
9.368912991123791167e-01
9.439330789742315098e-01
9.503076598723035895e-01
9.560698710166387615e-01
9.612685186911369417e-01
9.659476461850627915e-01
9.701474729561258004e-01
9.739050843580080441e-01
9.772549227093730861e-01
9.802291108740021075e-01
9.828576130300911151e-01
9.851681820187501160e-01
9.871858778266301426e-01
9.889312856609721036e-01
9.904128973908886691e-01
9.915728433106170137e-01
9.904643478866103079e-01
9.939864474155799545e-01
9.947931824094478070e-01
9.954189590837284607e-01
9.959244563432558817e-01
9.963211179373590021e-01
9.966187275130483636e-01
9.968260070234015169e-01
9.969501681729254772e-01
9.969965262573192710e-01
9.969680982785010803e-01
9.968650715332392220e-01
9.966840101078959790e-01
9.964166048383096275e-01
9.960476442520571627e-01
9.955516372741908260e-01
9.948870356300424378e-01
9.939860201208856605e-01
9.927357022408965781e-01
9.909417548867208714e-01
9.882535022290640514e-01
9.839967101036163344e-01
9.767579264278003492e-01
9.631776613196150194e-01
9.333806374581432586e-01
8.503684557433716096e-01
6.589817224361708137e-01
