8.902316580796313383e-01
8.833128189967669464e-01
8.781323224368761116e-01
8.731485061852620744e-01
8.727946128175033680e-01
8.734719735191222023e-01
8.754605220361121320e-01
8.784576552711128583e-01
8.821650023668183849e-01
8.863308936582529052e-01
8.907614286832649109e-01
8.953235914943370455e-01
8.999449257700528060e-01
9.046113783005098608e-01
9.093640648817151728e-01
9.142952235660659621e-01
9.195430477000995362e-01
9.252840788872029876e-01
9.317201377706045839e-01
9.390568281349335189e-01
9.474731392484114778e-01
9.568496133890546096e-01
9.671130894191009020e-01
9.428961323698156205e-01
9.996406696526235480e-01
1.005542897756173337e+00
1.000922158403228401e+00
9.680620491518813209e-01
8.781656297668912758e-01
7.005145445322362718e-01
4.469037137567741791e-01
2.050570489904144922e-01
5.800929394937544281e-02
4.817548090049887308e-03
2.733726001622243263e-03
1.634903569717945787e-02
2.547435490750756329e-02
1.749797877765016038e-02
2.135618089503275602e-03
4.412163793729205752e-01
8.658130950025193506e-01
6.496729348982125396e-01
5.597831500026985152e-01
5.221403836445133173e-01
5.058799045453964416e-01
4.998390415775848528e-01
4.992977355881921264e-01
5.019982769822410873e-01
5.067600862751587831e-01
5.129241525530051637e-01
5.201040974060548994e-01
5.280646384266833859e-01
5.366581143641787621e-01
5.457894945280061805e-01
5.553962182299766459e-01
5.654361402227716660e-01
5.758800907007786130e-01
5.867071601563652594e-01
5.979016663081000438e-01
6.094512772311247994e-01
6.213463279659784400e-01
6.335825924440923185e-01
6.462022279254351353e-01
6.587369460761310913e-01
6.719862424315848903e-01
6.854140197584018823e-01
6.990830737249874582e-01
7.129793452079516980e-01
7.270789914063752191e-01
7.413531127434894730e-01
7.557689886187679562e-01
7.702942864804407375e-01
7.844026462259034993e-01
7.994147734597938371e-01
8.139698206306786865e-01
8.284169562181867841e-01
8.427049604491191337e-01
8.567698922501690850e-01
8.705443416354097241e-01
8.839584490889121904e-01
8.969408570559552762e-01
9.094197630377965913e-01
9.213240472707985296e-01
9.325843512541431846e-01
9.431337031455947484e-01
9.529059411989131423e-01
9.618194345595978412e-01
9.693859553124004602e-01
9.776118152785679971e-01
9.837683882132070012e-01
9.891242215785698288e-01
9.935941790989816225e-01
9.971935106967408924e-01
9.999723538079021701e-01
1.002016414315863191e+00
1.003460926645107554e+00
1.004522454012547250e+00
1.005572520027385730e+00
1.007327743285473476e+00
1.011064458761367746e+00
1.023877808198994543e+00
1.079869168767658483e+00
6.983008848675194002e-01
9.035173254626909234e-01
9.218773056047478986e-01
9.190899388746960330e-01
8.462300528356340168e-01
9.605732851196391309e-01
9.455474934003353926e-01
9.391996258765088479e-01
9.351493682971375732e-01
9.323882035557490289e-01
9.307644261606069502e-01
9.304072779444736430e-01
9.315716323315311742e-01
9.345064415329038532e-01
9.394580963659865391e-01
9.466462722706657784e-01
9.560836585372213259e-01
9.670815892430599803e-01
9.768654442947637406e-01
9.765701771213445292e-01
9.399590276817294532e-01
7.997283115316827784e-01
4.693524584852022952e-01
1.094086006552842522e-01
2.951384265001680361e-03
7.141780842178120647e-02
1.677805031045093154e-01
2.483554871395680930e-01
3.096921012331675382e-01
3.559853010249126037e-01
3.914700338744640518e-01
4.192997635835509773e-01
4.415568557673568151e-01
4.608080156880804412e-01
4.475549258305996925e-01
4.871938604890966307e-01
4.994916453245890064e-01
5.102958229639680265e-01
5.201873353890318352e-01
5.294623649375409524e-01
5.383269000470920496e-01
5.469358856515600387e-01
5.554090010500865038e-01
5.638388194915348040e-01
5.722932571301638793e-01
5.808000325872177960e-01
5.893995365050466173e-01
5.986820523741491762e-01
6.077345878464905926e-01
6.170343568780188859e-01
6.265804892901839507e-01
6.363698759332152566e-01
6.463980224305789779e-01
6.566558921306340224e-01
6.671291894098682063e-01
6.777981692091157306e-01
6.886380671517889906e-01
6.996290817692891739e-01
7.103345634934625785e-01
7.209962248417487451e-01
7.335168672469719597e-01
7.444620921488692700e-01
7.554669936180342660e-01
7.663253566254689675e-01
7.768737685056034126e-01
7.866607426377597578e-01
7.977876393219829332e-01
8.072113510519699497e-01
8.159708302289945259e-01
8.238742190743131300e-01
8.306349319066522741e-01
8.358348806945044007e-01
8.388116586559268839e-01
8.384304850216165450e-01
8.325801774379211206e-01
8.169571915816082885e-01
7.818779612471126184e-01
7.037089724594638440e-01
5.292405529075684401e-01
2.372607158268621452e-01
8.863875820744999967e-02
1.039074527637149775e-01
5.113052944302114849e-02
2.664917554319161108e-01
9.761812826718004876e-01
6.608380181421495969e-01
2.270603861780674804e-02
6.442210574339993778e-01
9.008517977224245188e-01
9.789051512832642743e-01
1.008943691840564982e+00
1.021742996213567345e+00
1.026417783238227521e+00
1.026172332986232894e+00
1.021901543680357349e+00
1.015016804941336837e+00
1.004577258936210082e+00
9.914094527656107658e-01
