9.885865927929439190e-01
9.877501796697925052e-01
9.872606342498158050e-01
9.870702490165429444e-01
9.871326859267968157e-01
9.874038088763332777e-01
9.878423064626777883e-01
9.884101322632801168e-01
9.890727884782429813e-01
9.897994770968731038e-01
9.905631408510074953e-01
9.913404142077422154e-01
9.921115026035797202e-01
9.928600060876074940e-01
9.935727015663463613e-01
9.942392959609204217e-01
9.948521608186302601e-01
9.954060572828582476e-01
9.958978588265803289e-01
9.963262777959711602e-01
9.966916005970865022e-01
9.969954352815482146e-01
9.972404743444084341e-01
9.974302747304161221e-01
9.975690563454238102e-01
9.976615197777533028e-01
9.977126834420880774e-01
9.977277399538857505e-01
9.977119312185298572e-01
9.976704414644095298e-01
9.976083072566088727e-01
9.975303433878781600e-01
9.974410834503509848e-01
9.973447338345283741e-01
9.972451398804667022e-01
9.971457629082781660e-01
9.970496668811236196e-01
9.969595134946460657e-01
9.968775645430296706e-01
9.968056904758327841e-01
9.967453841320471630e-01
9.966977787132326183e-01
9.966636691364130218e-01
9.966435359859884269e-01
9.966375713616426602e-01
9.966457059961182363e-01
9.966676370890570347e-01
9.967028563733424384e-01
9.967506779959720564e-01
9.968102658572547403e-01
9.968806601082591534e-01
9.969608025601244261e-01
9.970495608050278236e-01
9.971457508931290681e-01
9.972481584478577465e-01
9.973555581368960254e-01
9.974667314464801260e-01
9.975804827335426062e-01
9.976956535535568271e-01
9.978111352814921231e-01
9.979258800605242952e-01
9.980389101271409658e-01
9.981493255725391034e-01
9.982563106100771355e-01
9.983591384250721790e-01
9.984571746894207456e-01
9.985498798265762810e-01
9.986368101154025068e-01
9.987176177222454321e-01
9.987920497510187623e-01
9.988599464000449402e-01
9.989212383129781880e-01
9.989759432094591496e-01
9.990241618780033583e-01
9.990660736108888385e-01
9.991019311579169004e-01
9.991320552717789516e-01
9.991568289154513227e-01
9.991766911969469644e-01
9.991921310945420798e-01
9.992036810317438400e-01
9.992119103578170902e-01
9.992174187867368662e-01
9.992208298448463921e-01
9.992227843750141059e-01
9.992239341426013555e-01
9.992249355874368577e-01
9.992264437647745412e-01
9.992291065175290532e-01
9.992335589232431703e-01
9.992404180596149432e-01
9.992502781365655284e-01
9.992637060458265941e-01
9.992812373866750697e-01
9.993033730358984457e-01
9.993305763430329058e-01
9.993632710515899520e-01
9.994018400740443120e-01
9.994466252854474764e-01
9.994979285550531500e-01
9.995560143129539332e-01
9.996211140606909851e-01
9.996934334027373081e-01
9.997731624246378734e-01
9.998604906286758798e-01
9.999556282359781667e-01
1.000058836626405823e+00
1.000170472264860333e+00
1.000291051138457288e+00
1.000421345413357477e+00
1.000562532544442274e+00
1.000716433284446483e+00
1.000885907501277039e+00
1.001075545776340503e+00
1.001292952841884354e+00
1.001551314752547439e+00
1.001875052043876835e+00
1.002313977054831273e+00
1.002985865798972087e+00
1.004247102597083607e+00
1.007876766085938680e+00
9.203684801796508941e-01
9.941768140603655102e-01
9.975227900462594333e-01
9.986923138553208679e-01
9.992908513928647762e-01
9.996509724980393585e-01
9.998845113693305420e-01
1.000039318904041519e+00
1.000139100986480178e+00
1.000196824679527863e+00
1.000220118031363681e+00
1.000213740127388728e+00
1.000180824863279083e+00
1.000123556674201497e+00
1.000043561258742386e+00
9.999421436790206785e-01
9.998204401040898803e-01
9.996795182686710746e-01
9.995204460878199804e-01
9.993443396212986496e-01
9.991523970358626716e-01
9.989459226103049039e-01
9.987263432844264432e-01
9.984952193117601071e-01
9.982542499861897234e-01
9.980052750342874868e-01
9.977502720202816588e-01
9.974913499485257296e-01
9.972307391429469092e-01
9.969707774155746050e-01
9.967138924957013035e-01
9.964625806716496115e-01
9.962193815935413976e-01
9.959868491949935843e-01
9.957675187146168838e-01
9.955638698309683399e-01
9.953782859692177354e-01
9.952130098935459968e-01
9.950700957653033640e-01
9.949513579253634887e-01
9.948583167488547208e-01
9.947921420219532074e-01
9.947535944048689904e-01
9.947429656716576529e-01
9.947600185565385056e-01
9.948039271875060985e-01
9.948732192510819639e-01
9.949657212047421373e-01
9.950785080377100300e-01
9.952078592695006165e-01
9.953492230722972289e-01
9.954971905994178805e-01
9.956454827976126687e-01
9.957869521691521397e-01
9.959136021242251946e-01
9.960166267199908052e-01
9.960864737092345322e-01
9.961129339107718250e-01
9.960852599536987872e-01
9.959923174260614243e-01
9.958227713603839959e-01
9.955653107993601703e-01
9.952089138854762762e-01
9.947431554907236739e-01
9.941585588253619710e-01
9.934469917174155729e-01
9.926021073126500838e-01
9.916198277883099266e-01
9.904988682764747088e-01
9.892412965374484113e-01
9.878531219869107760e-01
9.863449054503258262e-01
9.847323784831943927e-01
9.830370582536211987e-01
9.812868408450787783e-01
9.795165524226846498e-01
9.777684340598238322e-01
9.760925322059962328e-01
9.745469628873627554e-01
