9.764617838319258336e-01
9.405022168758258028e-01
8.760748669542465228e-01
7.738768187128596265e-01
6.303586283720388206e-01
4.562533228322752654e-01
2.798309402436952587e-01
1.353127070469384574e-01
4.345108088162900201e-02
4.015309752424411731e-03
3.879332282417751170e-03
2.789861772576470583e-02
6.439461836419255181e-02
1.059537347015991060e-01
1.484112010165526130e-01
1.896601801841227286e-01
2.287767918278370005e-01
2.654744935925457683e-01
2.997896178503352549e-01
3.319081188243840352e-01
3.620731639269400004e-01
3.905369164076786803e-01
4.175003758198454484e-01
4.433206283662002867e-01
4.680286946490605504e-01
4.918499308347719090e-01
5.149201124158681031e-01
5.373533299649730921e-01
5.592428443290313744e-01
5.806630505961886124e-01
6.016713932005922638e-01
6.223101040900769210e-01
6.426077574216114696e-01
6.625806653529741075e-01
6.822341487984526776e-01
7.015637180738649725e-01
7.205561956101929066e-01
7.391908082498119814e-01
7.574402709707662718e-01
7.752718776953173574e-01
7.926486084350841121e-01
8.095302556443784159e-01
8.258745665420607063e-01
8.416383926088769618e-01
8.567788328734384784e-01
8.712543546628437330e-01
8.850258759169301603e-01
8.980578028745723751e-01
9.103190641821198303e-01
9.217844653153555168e-01
9.324400510124583041e-01
9.421334894320456677e-01
9.511854576043295983e-01
9.593220830185711367e-01
9.666190914560616188e-01
9.730921363312187156e-01
9.787608623674930453e-01
9.836504384985809146e-01
9.877913660021236941e-01
9.912189690256788532e-01
9.939727693097658578e-01
9.960958066798919486e-01
9.976339384336890825e-01
9.986351416696889194e-01
9.991488377585642233e-01
9.992252543116487695e-01
9.989148363767589300e-01
9.982677149773628855e-01
9.973332372772182319e-01
9.961595578161730469e-01
9.947932813718879386e-01
9.932791212827498661e-01
9.916594098025141024e-01
9.899722334388268985e-01
9.881970143123663952e-01
9.866058372511026242e-01
9.849461856781829283e-01
9.833720014509151897e-01
9.819069913342863831e-01
9.805778598925675160e-01
9.794100640250232859e-01
9.784273841070197930e-01
9.776518915587246727e-01
9.771039668230605546e-01
9.768022198953920654e-01
9.767564753109726494e-01
9.770055171957207074e-01
9.775364295857377206e-01
9.783676943099145484e-01
9.795031823893184386e-01
9.809385659002074487e-01
9.826553987113592070e-01
9.846103183962051641e-01
9.867145051080133955e-01
9.887931327899932565e-01
9.905011957913915088e-01
9.909648644927324668e-01
9.892642002022169478e-01
9.815176550109148135e-01
9.597460851277468397e-01
9.017839672590465261e-01
7.439623743860654947e-01
3.597053521962517153e-01
1.026536365535725935e-02
2.222101127222901595e-01
4.923199770673931663e-01
6.518798735146890122e-01
7.442199274349383664e-01
8.020240391872507368e-01
8.412141128071510821e-01
8.696237146731398138e-01
8.913634798924853220e-01
9.087348522055782585e-01
9.230989440587787920e-01
9.352960302723295483e-01
9.458607101263549755e-01
9.551382466726303644e-01
9.633505366010988169e-01
9.703553685112770166e-01
9.770423844643960631e-01
9.826194513326600433e-01
9.873219978947895825e-01
9.910711966001188866e-01
9.937315739464949171e-01
9.950980298844337435e-01
9.948734093501967468e-01
9.926329310625133795e-01
9.877686711474342740e-01
9.794028717772277348e-01
9.662518667447431708e-01
9.464113368948748883e-01
9.169848129037734275e-01
8.738948141558037230e-01
8.105691751507831944e-01
7.183666136935525914e-01
5.873836807076576738e-01
4.134257765435114806e-01
2.156244378375248016e-01
5.472550021858590963e-02
6.401096618317368876e-03
8.498431546393002411e-02
2.315556063532633602e-01
3.836567127649809783e-01
5.126028519398472261e-01
6.135683170609324000e-01
6.908552633578649571e-01
7.497243566201245990e-01
7.948919104924732082e-01
8.298909042429738481e-01
8.572698387436247236e-01
8.788480262694716716e-01
8.959535913378866567e-01
9.095162762601576301e-01
9.202342630452158279e-01
9.286130572197373034e-01
9.350198802208270488e-01
9.397144208502342666e-01
9.428677832283932636e-01
9.445745000439650374e-01
9.446713153727642753e-01
9.435151952925464602e-01
9.404616278503381555e-01
9.355376357572561252e-01
9.279606069106167698e-01
9.170291133022306918e-01
9.015606137518132890e-01
8.798133766737203931e-01
8.492642933672918115e-01
8.063611264742061024e-01
7.463877367531710494e-01
6.638419260695584967e-01
5.541908197548334192e-01
4.181500533144723586e-01
2.680690869558776668e-01
1.307031507203592624e-01
3.723240055092153639e-02
3.792011599627369105e-03
2.291470444728989017e-02
7.402348277654517694e-02
1.377071395837109469e-01
2.017024001485532847e-01
2.601710862100907184e-01
3.111870643703153472e-01
3.547460241065402142e-01
3.916215731936303901e-01
4.228058679916781304e-01
4.492684454834692254e-01
4.718690425221729878e-01
4.913388991944912521e-01
5.082896457282546354e-01
5.232313434645518013e-01
5.365919213929889464e-01
5.487351242850493360e-01
5.599762358981023036e-01
5.705957464554992642e-01
5.808514997560317861e-01
5.909900136355037414e-01
6.012577854766644192e-01
6.119135799494270778e-01
6.232368514582747876e-01
