9.930997053043344458e-01
9.934195371852398981e-01
9.936534307313370507e-01
9.938223516800429591e-01
9.939450480110162411e-01
9.940379680524784600e-01
9.941152473317468319e-01
9.941887511679574629e-01
9.942681613692988529e-01
9.943610967394228561e-01
9.944732583913264978e-01
9.946085920899389032e-01
9.947694609919278674e-01
9.949568232067412810e-01
9.951704095675056871e-01
9.954088978728119486e-01
9.956700806359668476e-01
9.959510240672031500e-01
9.962482166152082375e-01
9.965577059124693937e-01
9.968752234146096569e-01
9.971962963960823156e-01
9.975163472758361571e-01
9.978307804992408991e-01
9.981350574049951963e-01
9.984247596620365872e-01
9.986956419793645567e-01
9.989436748744862093e-01
9.991650783407565184e-01
9.993563472827547978e-01
9.995142695977902170e-01
9.996359377731932616e-01
9.997187548482161512e-01
9.997604355553125766e-01
9.997590034165210193e-01
9.997127845227654630e-01
9.996203986744041092e-01
9.994807485066882213e-01
9.992930071707688544e-01
9.990566050853908475e-01
9.987712162214504863e-01
9.984367443289348110e-01
9.980533094663107674e-01
9.976212351446667181e-01
9.971410363540832433e-01
9.966134086989132390e-01
9.960392188294922011e-01
9.954194963231284277e-01
9.947554271352387900e-01
9.940483487132476537e-01
9.932997468396305152e-01
9.925112542494102241e-01
9.916846510465500142e-01
9.908218669284405422e-01
9.899249852129683447e-01
9.889962486519782159e-01
9.880380670055726178e-01
9.870530263453834996e-01
9.860439000504579443e-01
9.850136614564921622e-01
9.839654981185296245e-01
9.829028276478242176e-01
9.818293150849948248e-01
9.807488917749025426e-01
9.796657757110813769e-01
9.785844933214590258e-01
9.775099026684475056e-01
9.764472180377076205e-01
9.754020358865652662e-01
9.743803621161418738e-01
9.733886406156926352e-01
9.724337830023529472e-01
9.715231994390157721e-01
9.706648303502927178e-01
9.698671787649476572e-01
9.691393428804840893e-01
9.684910482562162359e-01
9.679326787779877206e-01
9.674753051726879827e-01
9.671307093608554339e-01
9.669114022925360263e-01
9.668306321132467129e-01
9.669023786258735820e-01
9.671413293440334069e-01
9.675628329024867913e-01
9.681828300019165168e-01
9.690177790932664736e-01
9.700846527203806913e-01
9.714012920159066367e-01
9.729882910647271732e-01
9.748784750336043636e-01
9.771873687934465869e-01
9.606924743246841869e-01
9.811948498582232503e-01
9.842733098115165058e-01
9.873504887291031373e-01
9.904540352370199141e-01
9.934481815517623993e-01
9.960854841554094286e-01
9.979670979186100466e-01
9.984646865573038044e-01
9.965938704977085338e-01
9.908151380091976268e-01
9.787290537702082460e-01
9.566366077638323029e-01
9.189927834625911673e-01
8.580027374786156624e-01
7.642136674458746004e-01
6.300371135114374299e-01
4.583508623208029098e-01
2.729740434375680369e-01
1.161671817660749062e-01
2.348520993457683601e-02
4.480374889219323250e-04
2.789087434020819101e-02
8.176908280495441550e-02
1.446783333465758437e-01
2.070777825044656240e-01
2.647634713880320789e-01
3.164155825224861385e-01
3.620636661344711071e-01
4.022788974029151143e-01
4.377891810435289854e-01
4.693112313068478203e-01
4.974865860701224163e-01
5.228647289731852554e-01
5.459060689217652973e-01
5.669921637767063594e-01
5.864375936704951942e-01
6.045011804310539416e-01
6.213957539179981726e-01
6.372963253801418038e-01
6.523467934798524714e-01
6.666653951119414501e-01
6.803491219408368540e-01
6.934773018755034935e-01
7.061145138708273539e-01
7.183129736425976075e-01
7.301145005785664166e-01
7.415521532320411557e-01
7.526516021245694965e-01
7.634322936053457020e-01
7.739084465805555757e-01
7.840899144467183834e-01
7.939829370422620824e-01
8.035908014683804668e-01
8.129144259068256106e-01
8.219528768342466707e-01
8.307038271077114011e-01
8.391639601266099868e-01
8.473293235432363124e-01
8.551956347003075720e-01
8.627585390355270167e-01
8.700138220347308771e-01
8.769575748643244628e-01
8.835863135000076030e-01
8.898970509155905706e-01
8.958873216252138949e-01
9.015551574966982340e-01
9.068990131751705208e-01
9.119176385723363198e-01
9.166098945873930592e-01
9.209745064885401789e-01
9.250097473858687191e-01
9.287130429666873299e-01
9.320804920689811368e-01
9.351063211182621959e-01
9.377824017694780245e-01
9.400985363974011522e-01
9.420483898712926907e-01
9.437157760743234425e-01
9.443054954824924296e-01
9.449585650770986334e-01
9.449292058367809721e-01
9.441726731914732440e-01
9.425274355949416760e-01
9.397364930025865482e-01
9.353963024887511635e-01
9.288522870185914604e-01
9.189905402761817665e-01
9.037950097575930819e-01
8.793212092801370172e-01
8.370615408284063363e-01
7.564617951687501174e-01
5.845139780516273031e-01
2.539213362511274497e-01
1.074450943460889402e-01
4.448671988215845974e-01
7.397810303178222746e-01
8.657330572869473828e-01
9.111336219217550658e-01
9.451423813610915214e-01
9.638990155948800043e-01
9.728795391814835103e-01
9.783067056337109157e-01
9.817918868638874086e-01
9.841254964387911031e-01
9.857496586298709618e-01
9.869302263901045258e-01
9.878359273584780276e-01
