9.615977728214860631e-01
9.580937449018824825e-01
9.545937334447693878e-01
9.511224557382034206e-01
9.477029221176984652e-01
9.443567141295000633e-01
9.411042718919934158e-01
9.379651816880576476e-01
9.349584567895021792e-01
9.321028062825572613e-01
9.294168882116575769e-01
9.269195446640690061e-01
9.246300174851131981e-01
9.225681441055446630e-01
9.207545334716318308e-01
9.192107222507193143e-01
9.179593112794194321e-01
9.170240815397142642e-01
9.164300876415503172e-01
9.162037246297743964e-01
9.163727605747936655e-01
9.169663223022423981e-01
9.180148139381786310e-01
9.195497363951843361e-01
9.216033584781914145e-01
9.242081637644683489e-01
9.273959567585202679e-01
9.311964489456486804e-01
9.356350471783888567e-01
9.407294119480578143e-01
9.464841062975539732e-01
9.528822589501138030e-01
9.598725201552578135e-01
9.673485332258711100e-01
9.751164103400413730e-01
9.828428565855642507e-01
9.899719824713356653e-01
9.955916598579760413e-01
9.982200192925333448e-01
9.954713470331979508e-01
9.835599014010238950e-01
9.566520125312758527e-01
9.062996135056589075e-01
8.218225422432960947e-01
6.936862175864695335e-01
5.223031491326357578e-01
3.294163904813013910e-01
1.572224511449783479e-01
4.437397496745690284e-02
1.374648260272946874e-03
1.297199429696677467e-02
5.651452953859734812e-02
1.141517856561305860e-01
1.752185587341025808e-01
2.343968323016935584e-01
2.894984311546593969e-01
3.399837169912898194e-01
3.840710757909236439e-01
4.271275259408590652e-01
4.652983601694110627e-01
5.003144966813312111e-01
5.326603215670299152e-01
5.627280538848906666e-01
5.908420901241310252e-01
6.172686504856763623e-01
6.422241701419225679e-01
6.658829855947198118e-01
6.883841468580255141e-01
7.098373042228401930e-01
7.303277285525728857e-01
7.499205732241303046e-01
7.686644963070217162e-01
7.865947530685962752e-01
8.037358528548560477e-01
8.201038566892150383e-01
8.357083752948593069e-01
8.505543127913895995e-01
8.646433893325208286e-01
8.779754662798834319e-01
8.905496896373554794e-01
9.023654601845387813e-01
9.134232284630500187e-01
9.237250852636577081e-01
9.332749957008381614e-01
9.420776245337455501e-01
9.501143032370499286e-01
9.575652590473024972e-01
9.641962861657381589e-01
9.701621662583153061e-01
9.754708688996133192e-01
9.801459136183794385e-01
9.842147202758754210e-01
9.877072247820517514e-01
9.906553086890929061e-01
9.930923693997707469e-01
9.950529274706334526e-01
9.965722529087973625e-01
9.976860103732034801e-01
9.984299272074647069e-01
9.988394885556970415e-01
9.989496630316261339e-01
9.987946613208504854e-01
9.984077289881330142e-01
9.978209737498110465e-01
9.970652266131193597e-01
9.961699355915620835e-01
9.951630901881294289e-01
9.940711744802748218e-01
9.929191464355948682e-01
9.917304410151499550e-01
9.905269946687081939e-01
9.893292889889162556e-01
9.881564115917809143e-01
9.870261328517996313e-01
9.859549984927036270e-01
9.849584429615444447e-01
9.840509560615847695e-01
9.832466406601454434e-01
9.825423930559794572e-01
9.819889807547295124e-01
9.815650310688432967e-01
9.812903020546250854e-01
9.811759085486377874e-01
9.812323255417223500e-01
9.814694271050745655e-01
9.818959877422891447e-01
9.825184543070957233e-01
9.833382667663232990e-01
9.843461156997791450e-01
9.855094159523506425e-01
9.867433761442682139e-01
9.875488275467595445e-01
9.883391950445808982e-01
9.869378565452878727e-01
9.799837392974255490e-01
9.549417065295673357e-01
8.567998507123415486e-01
4.193313257194601351e-01
1.056701525296873945e-01
5.560793723024890500e-01
7.518433020782743226e-01
8.328986094617573110e-01
8.739776340650837749e-01
8.988058234580144079e-01
9.150973670197631860e-01
9.268204456084989662e-01
9.357887009049498106e-01
9.429871856964250343e-01
9.489898073070365259e-01
9.541498701268498195e-01
9.586943525761005835e-01
9.627738390193191220e-01
9.664904719483136120e-01
9.699143031871102494e-01
9.730931675091406552e-01
9.760587333772660079e-01
9.788301487175210536e-01
9.814160346273579361e-01
9.838151841529956254e-01
9.860160411861415009e-01
9.879947559572621607e-01
9.897110797237184121e-01
9.910927636370814309e-01
9.920699175676169768e-01
9.924798180741635223e-01
9.920756508264965134e-01
9.904772476076845189e-01
9.870313616922599120e-01
9.805827128934793135e-01
9.689783195582685194e-01
9.479533870577486754e-01
9.084913592581194131e-01
8.305903663675805459e-01
6.726089505210222086e-01
3.931809986704284943e-01
1.194449085700852453e-01
1.163938108617430106e-01
3.679163883743439278e-01
5.836799254576380269e-01
7.104900173682532349e-01
7.845108354495393677e-01
8.302860946637380390e-01
8.602423756805193111e-01
8.807331253445064290e-01
8.951978497624399900e-01
9.056104314272844791e-01
9.131664108124603052e-01
9.186551707751053897e-01
9.216843791046899215e-01
9.245088585246573620e-01
9.257970103795527539e-01
9.260024583290513700e-01
9.251897215904238969e-01
9.233406897858418283e-01
9.202797680083605325e-01
9.121086952856702901e-01
9.106706818492888988e-01
9.039881963309134294e-01
8.951629732548372909e-01
8.840834655176204038e-01
