9.383074729340208364e-01
9.363097297509289652e-01
9.344210852481321661e-01
9.326501732569308922e-01
9.310104413155407821e-01
9.295198475185099118e-01
9.282005417670285974e-01
9.270785471803042466e-01
9.261834533858783747e-01
9.255481289559100988e-01
9.252084550720311995e-01
9.252030760479862392e-01
9.255731537735687464e-01
9.263621010841844861e-01
9.276152513205049299e-01
9.293793943677014502e-01
9.317020674491925947e-01
9.346304223212027473e-01
9.382093832526388066e-01
9.424786351742615587e-01
9.474676922176640259e-01
9.531878130896392909e-01
9.596187106476720130e-01
9.666866010860822866e-01
9.742277180470969578e-01
9.819272240652828776e-01
9.892162308092555811e-01
9.950975206680102714e-01
9.978516182481074193e-01
9.945507204247202582e-01
9.802985957611722867e-01
9.472066648854320370e-01
8.835835611511521082e-01
7.752225481987259359e-01
6.129956964151016541e-01
4.092494913022693970e-01
2.088062951797896305e-01
6.630760508167658773e-02
4.700586003088763273e-03
8.620127717965862107e-03
4.987330593796911182e-02
1.064178428456714204e-01
1.658127616444500796e-01
2.223532732067307338e-01
2.739798552428269751e-01
3.203469617065643482e-01
3.618208964700568853e-01
3.990065810964988913e-01
4.325397555551598328e-01
4.630043683097461726e-01
4.909064503722805894e-01
5.166721356102992324e-01
5.406550286751217183e-01
5.631464386628359797e-01
5.843862713896963434e-01
6.045793872992178963e-01
6.235994973957916798e-01
6.422832359090477894e-01
6.601202555731410238e-01
6.773590961034261504e-01
6.940699136169444783e-01
7.103035478184065443e-01
7.260974990556727793e-01
7.414784289152348551e-01
7.564639339925088857e-01
7.710639917094396223e-01
7.852821994485298385e-01
7.991168658961245175e-01
8.125619908295906857e-01
8.256081576764423557e-01
8.382433553388179970e-01
8.504537400261782398e-01
8.622243434328915601e-01
8.735397301934625380e-01
8.843846049249496355e-01
8.947443667459491490e-01
9.046055888332374950e-01
9.139566160227515779e-01
9.227875766588063966e-01
9.310911338395094772e-01
9.388624881226873553e-01
9.460996263828334030e-01
9.528034412050256918e-01
9.589777863283892589e-01
9.646294700456400362e-01
9.697681903752950472e-01
9.744064169293232824e-01
9.785592250246767376e-01
9.822440875337322685e-01
9.854806285416372047e-01
9.882903379228475949e-01
9.906962296508808885e-01
9.927223640033675522e-01
9.943928319554773410e-01
9.957269993748656400e-01
9.965780377308571802e-01
9.976367495003409802e-01
9.981443995111503042e-01
9.984522471753041195e-01
9.985727257940211210e-01
9.985293354241097097e-01
9.983464631157710212e-01
9.980480098628385921e-01
9.976569783335589303e-01
9.971952752108956819e-01
9.966835871359529531e-01
9.961412912434365330e-01
9.955863840725227565e-01
9.950354127970446605e-01
9.945033532636788909e-01
9.940029112012473966e-01
9.932751009062942282e-01
9.931571645295552697e-01
9.928233436046332017e-01
9.925630037209782763e-01
9.923822701964102322e-01
9.922862317552491040e-01
9.922766075959162935e-01
9.923229119493441885e-01
9.865764828443902568e-01
9.876665408417911740e-01
9.917883246707510647e-01
9.925077444062750942e-01
9.929827874438030832e-01
9.933979074464901471e-01
9.937734348705966614e-01
9.940941001063592353e-01
9.943287871852434234e-01
9.944343895983839277e-01
9.943556184657730279e-01
9.940230256000726072e-01
9.933404334194960716e-01
9.922345618485388652e-01
9.905346803565125979e-01
9.880871442571932395e-01
9.846812151595317752e-01
9.800510611830818286e-01
9.738595973435008046e-01
9.656777978146866559e-01
9.549582766321955685e-01
9.410021508584027750e-01
9.229175449151917343e-01
8.993207874312653116e-01
8.696360841441370670e-01
8.313362830069253029e-01
7.827639167953066579e-01
7.218867845624826751e-01
6.469661316737137513e-01
5.572821464683376247e-01
4.542369580869263790e-01
3.426009533519347450e-01
2.311810807397174927e-01
1.318485364033664953e-01
5.642555228029098868e-02
1.261104596552282096e-02
1.441141808300089571e-03
1.786760248593804654e-02
5.361850312604900942e-02
1.002296891469158374e-01
1.508593897619817659e-01
2.007904173066226705e-01
2.471620859382162028e-01
2.884513376267445195e-01
3.239842775572595035e-01
3.535702801277789131e-01
3.772583690537565926e-01
3.951864376023623837e-01
4.074928640807619074e-01
4.142676366623310735e-01
4.155283415655119383e-01
4.112131237987778909e-01
4.011880097789324862e-01
3.852665219875829328e-01
3.632727187222189458e-01
3.350825391061996172e-01
3.007732718045463272e-01
2.607732204571600598e-01
2.160713151866726911e-01
1.684298961214711066e-01
1.205155602297900419e-01
7.577157653555592620e-02
3.710938567220117140e-02
1.669980598496227653e-02
3.869143445865508377e-03
7.393364347441467449e-03
2.523722525276627521e-02
5.457724293298910068e-02
9.181915101171311822e-02
1.333444631902213628e-01
1.760709781161743093e-01
2.177043306195086403e-01
2.567424960506006215e-01
2.923501521163154870e-01
3.242089783028455074e-01
3.524564340370656690e-01
3.782010668831691236e-01
3.834883999898054396e-01
4.085184114507000586e-01
4.236813338629041858e-01
4.352976198342500824e-01
