8.023988227154109643e-01
8.176036917820044270e-01
8.360163885874924983e-01
8.566979260934038942e-01
8.787914950505596456e-01
9.015229426486891517e-01
9.241967268289723592e-01
9.461876167164509077e-01
9.669282291045233624e-01
9.858922684700724970e-01
1.002573073454496644e+00
1.016456773216495302e+00
1.026989049978812574e+00
1.033534264561828619e+00
1.035325707573495624e+00
1.031406376715349404e+00
1.020561737105323052e+00
1.001250895012438580e+00
9.715531171563434043e-01
9.291665621256598451e-01
8.715294617453788195e-01
7.961793083170405350e-01
7.015005515931284075e-01
5.879659158496953753e-01
4.597221789778598300e-01
3.258237192264179516e-01
1.998525591369721410e-01
9.694222028628336763e-02
2.897573936999414679e-02
6.992794343455310292e-04
9.184234723329106134e-03
4.643423079730036457e-02
1.029196597832933990e-01
1.701325496873881127e-01
2.416647754445057084e-01
3.132397902312459848e-01
3.822815151834564884e-01
4.474019606359636025e-01
5.079729987709608041e-01
5.638188093190462657e-01
6.150144643346594497e-01
6.617616637394265755e-01
7.043161370182322578e-01
7.429475962092930708e-01
7.779193585952920431e-01
8.094793914705106230e-01
8.378576796226996359e-01
8.632668472556800365e-01
8.859042374949137599e-01
9.059544332839249980e-01
9.235916758669543425e-01
9.389819186998583644e-01
9.522844191169088646e-01
9.636528627533322844e-01
9.732360641925850153e-01
9.811783079683342734e-01
9.876193954037795208e-01
9.926944450069937753e-01
9.965334387778397307e-01
9.992603195548909190e-01
1.000990577498323653e+00
1.001819711031270765e+00
1.001625934181017197e+00
1.001708781618652289e+00
1.000455456325427761e+00
9.988238755304780225e-01
9.968143859746593227e-01
9.944907541319687461e-01
9.919184200970023735e-01
9.891583999720647835e-01
9.862661169350913637e-01
9.832912115233498618e-01
9.802776447748852151e-01
9.772639174529689221e-01
9.742833452970505181e-01
9.713643644551157585e-01
9.685308533912906359e-01
9.658024626904865295e-01
9.631949467559015599e-01
9.607204929227527446e-01
9.583880445486326893e-01
9.562036154146684730e-01
9.541705933813418028e-01
9.522900317344272780e-01
9.505609270534043365e-01
9.489804827499475071e-01
9.475443576663620249e-01
9.462468992951591495e-01
9.450813612810208264e-01
9.440401048912838711e-01
9.431147840746413324e-01
9.422965135495032785e-01
9.415760190241706518e-01
9.409437680778246493e-01
9.403900792835691025e-01
9.399052055789116622e-01
9.394793845382845010e-01
9.391028505954280847e-01
9.387657696175624178e-01
9.384580977540226687e-01
9.381692622341958332e-01
9.378875636869050680e-01
9.375990319262968997e-01
9.372851556357245650e-01
9.369180575872003702e-01
9.364491572857845947e-01
9.357784608282028183e-01
9.346521683442180484e-01
9.321866402189237233e-01
9.226148106153971851e-01
4.278585000141103545e-01
9.024372470581661920e-01
9.419444733054280761e-01
9.399719238742344496e-01
9.393205320627489030e-01
9.389360998285070092e-01
9.386644838250888245e-01
9.384450093206898602e-01
9.382223176265452880e-01
9.378786081505263716e-01
9.369048760777940466e-01
9.250375450504497721e-01
9.410362290351245163e-01
9.409253560504168279e-01
9.409747166359810899e-01
9.412516919784332803e-01
9.416783724826836011e-01
9.422257079220180964e-01
9.428827937073187559e-01
9.436469470637058876e-01
9.445211153400607795e-01
9.455149270913074666e-01
9.466496933941570546e-01
9.479713008884435022e-01
9.495835646670653940e-01
9.517363917415946339e-01
9.546701239132114880e-01
5.925194101533324265e-01
9.332140485389286422e-01
9.431204865418832961e-01
9.462714512613836781e-01
9.478429099481057163e-01
9.486739805136252812e-01
9.489955095045837785e-01
9.489082674214314173e-01
9.485782925855946734e-01
9.487116646862457925e-01
9.549450230290087438e-01
8.996518424110679923e-01
9.184972231342359850e-01
9.128317287769458499e-01
9.014972158176576267e-01
8.845803203163535855e-01
8.602470207806152125e-01
8.251329079241347397e-01
7.736657025960939071e-01
6.969011296815029732e-01
5.816890090450037576e-01
4.145179087704148890e-01
2.041600693609862960e-01
3.081196772007809351e-02
2.016311398433351734e-02
1.673836411763247323e-01
3.518618310566196672e-01
5.021316014112225945e-01
6.087282523259986977e-01
6.816565420665218200e-01
7.315634338858671981e-01
7.661032144506125796e-01
7.903102669913742995e-01
8.074551973035826169e-01
8.196951597630989239e-01
8.284902077872550175e-01
8.348588375760812585e-01
8.395340837078429930e-01
8.430597475775081229e-01
8.458504675671658646e-01
8.482296139563996196e-01
8.504532998214686668e-01
8.527254966114188317e-01
8.552073141383471633e-01
8.580223634820095535e-01
8.612594355863599782e-01
8.649733083393724709e-01
8.691842275238730320e-01
8.738764116537562909e-01
8.789957044544322029e-01
8.844459366810617507e-01
8.900811387699707478e-01
8.956752754917732817e-01
9.006749114458234562e-01
8.929417685884259992e-01
9.056364703475758837e-01
9.124087309440540583e-01
9.144638044320134718e-01
9.141803377929270669e-01
9.113555025016144562e-01
9.055904059804467110e-01
8.965113244144029547e-01
8.841852174408950660e-01
