9.980246315218724851e-01
9.979446957086270942e-01
9.978525317125424010e-01
9.977528920185495531e-01
9.976498802252820042e-01
9.975469739630716814e-01
9.974470580661848329e-01
9.973524651550016440e-01
9.972650212082466714e-01
9.971860940945626028e-01
9.971166433840067400e-01
9.970572700747381001e-01
9.970082651489593495e-01
9.969696561166728754e-01
9.969412509172300707e-01
9.969226787315433880e-01
9.969134274111479677e-01
9.969128773596879212e-01
9.969203318094826960e-01
9.969350435206894012e-01
9.969562380004233226e-01
9.969831333910667004e-01
9.970149572165654117e-01
9.970509602033309493e-01
9.970904274104728238e-01
9.971326869134198301e-01
9.971771162887501649e-01
9.972231471449596318e-01
9.972702679381345581e-01
9.973180253006829199e-01
9.973660240994565163e-01
9.974139264248078618e-01
9.974614496979161693e-01
9.975083640661738249e-01
9.975544892418481968e-01
9.975996909220208320e-01
9.976438769133593176e-01
9.976869930690073218e-01
9.977290191318455292e-01
9.977699645642146287e-01
9.978098644323176725e-01
9.978487754016827083e-01
9.978867718900660266e-01
9.979239424146069126e-01
9.979603861612738047e-01
9.979962097979803159e-01
9.980315245452852091e-01
9.980664435133163037e-01
9.981010793084637012e-01
9.981355419093904668e-01
9.981699368076246692e-01
9.982043634063596516e-01
9.982389136670167806e-01
9.982736709927395591e-01
9.983087093354964248e-01
9.983440925130153687e-01
9.983798737206461826e-01
9.984160952229044206e-01
9.984527882095178830e-01
9.984899728003846509e-01
9.985276581844149124e-01
9.985658428775386897e-01
9.986045150853795072e-01
9.986436531571174502e-01
9.986832261171757485e-01
9.987231942627773362e-01
9.987635098153501145e-01
9.988041176152306910e-01
9.988449558494160163e-01
9.988859568032992797e-01
9.989270476276800315e-01
9.989681511132518787e-01
9.990091864658593446e-01
9.990500700758899733e-01
9.990907162761867299e-01
9.991310380836360139e-01
9.991709479195979293e-01
9.992103583060196748e-01
9.992491825331174526e-01
9.992873352961554323e-01
9.993247332990369269e-01
9.993612958225278620e-01
9.993969452554549715e-01
9.994316075877507366e-01
9.994652128645605815e-01
9.994976956005103830e-01
9.995289951539416684e-01
9.995590560611585795e-01
9.995878283305498213e-01
9.996152676974484619e-01
9.996413358398478222e-01
9.996660005565298768e-01
9.996892359081995805e-01
9.997110223233280912e-01
9.997313466707514751e-01
9.997502023007300842e-01
9.997675890572873536e-01
9.997835132653679624e-01
9.997979876962812540e-01
9.998110315164185913e-01
9.998226702255640364e-01
9.998329355918262884e-01
9.998418655935890076e-01
9.998495043800993409e-01
9.998559022677449004e-01
9.998611157923924520e-01
9.998652078474661309e-01
9.998682479454886751e-01
9.998703126566377275e-01
9.998714862986300966e-01
9.998718619827988707e-01
9.998715431681775012e-01
9.998706459472853636e-01
9.998693023982963002e-01
9.998676655194866925e-01
9.998659165581518238e-01
9.998642760514905303e-01
9.998630207868167696e-01
9.998625105171414784e-01
9.998632313865974952e-01
9.998658693188379187e-01
9.998714401521620054e-01
9.998815346521341407e-01
9.998988161976606337e-01
9.999281366774523949e-01
9.999793966851372451e-01
1.000076434459125974e+00
1.000294588378381810e+00
1.001046356844148555e+00
9.942207316604575462e-01
9.985648961218775987e-01
9.990068273622363382e-01
9.991603667604792571e-01
9.992303401624765824e-01
9.992642717461123203e-01
9.992789688180639951e-01
9.992818307025330693e-01
9.992765786843599285e-01
9.992652503575396583e-01
9.992490212097596691e-01
9.992285864732628475e-01
9.992043556751744049e-01
9.991765593320600658e-01
9.991453112035489914e-01
9.991106466678907339e-01
9.990725476270400085e-01
9.990309595068850301e-01
9.989858034712283397e-01
9.989369856662353442e-01
9.988844045898052082e-01
9.988279572630368586e-01
9.987675446312512806e-01
9.987030764676966266e-01
9.986344759542148397e-01
9.985616840472578692e-01
9.984846636932178665e-01
9.984034039241228564e-01
9.983179238403899758e-01
9.982282764685588283e-01
9.981345524653345569e-01
9.980368836258882714e-01
9.979354461417527800e-01
9.978304635418673296e-01
9.977222092395240383e-01
9.976110085974214670e-01
9.974972404130197923e-01
9.973813377167055627e-01
9.972637877667488437e-01
9.971451311159365005e-01
9.970259596192393436e-01
9.969069132443253434e-01
9.967886755442341151e-01
9.966719676484788737e-01
9.965575406301384609e-01
9.964461661103808376e-01
9.963386249691025265e-01
9.962356940429368812e-01
9.961381307091786708e-01
9.960466552775300020e-01
9.959619311421344934e-01
9.958845426847074966e-01
9.958149709663555171e-01
9.957535673032114065e-01
9.957005248883566972e-01
9.956558487023920989e-01
9.956193240469618511e-01
9.955904841418677931e-01
9.955685773455955623e-01
9.955525346945476306e-01
9.955409386045197540e-01
9.955319937428528387e-01
9.955235012565717412e-01
9.955128377328364975e-01
9.954969404692703971e-01
9.954723008407024842e-01
9.954349677633479443e-01
9.953805634702577176e-01
9.953043140195668714e-01
9.952010971492918356e-01
9.950655102634110571e-01
