8.626199179515765536e-01
2.383313324054212590e-01
8.754720423661934703e-01
9.639648749271799710e-01
9.858618791631730272e-01
9.901218155953783739e-01
9.871082692411760062e-01
9.803679138624816769e-01
9.715434994669572832e-01
9.615699186486100780e-01
9.510563070325660506e-01
9.404333132110119786e-01
9.300189600573789406e-01
9.200523236466391364e-01
9.107131408508738479e-01
9.021347110136783698e-01
8.944133161054073078e-01
8.876156499137489719e-01
8.817849751108169931e-01
8.769463688639400623e-01
8.731112472747641906e-01
8.702812770431206379e-01
8.684517435057026447e-01
8.676144280937525544e-01
8.677600670067527888e-01
8.688792195947520058e-01
8.709676398290612243e-01
8.740215049959543236e-01
8.780425878564492859e-01
8.830376647392129685e-01
8.890057122843453286e-01
8.959728199712141405e-01
9.039362965384595272e-01
9.128958761426042567e-01
9.228305043465566682e-01
9.336823383542111054e-01
9.453291814735890197e-01
9.575404063110605213e-01
9.699078557265653489e-01
9.817414504758888993e-01
9.919244630538669449e-01
9.987558895409193171e-01
9.999134129051002740e-01
9.925853789058538545e-01
9.586345107627176620e-01
9.695794414490120638e-02
3.304897402234024950e-01
3.061586178013043225e-01
1.828162679146660141e-01
7.168101156805212204e-02
1.097838537913866166e-02
2.169692453709414198e-03
2.940723211259999720e-02
7.571046175712423110e-02
1.293013261294319038e-01
1.836046534816139220e-01
2.355046856130638688e-01
2.838177213145304800e-01
3.283296840311472065e-01
3.692659827721619936e-01
4.070202297812480774e-01
4.420230915478416400e-01
4.746831459446703705e-01
5.053634413327724451e-01
5.343751077286928997e-01
5.619786542848353994e-01
5.883883489719805571e-01
6.137774857836386655e-01
6.382835509861027878e-01
6.620128951797286110e-01
6.850448043362581396e-01
7.074349941485188475e-01
7.292186059943092102e-01
7.504127991104087014e-01
7.710190320993424162e-01
7.910251175233105059e-01
8.104071208440061236e-01
8.291311615426503190e-01
8.471551608415274215e-01
8.644305674228968117e-01
8.809040800573655350e-01
8.965193742339754301e-01
9.112188288965890060e-01
9.249452394785057097e-01
9.376434948981404727e-01
9.492621893787007714e-01
9.597551352250901502e-01
9.690827403169436360e-01
9.772132142769199836e-01
9.841235633216757206e-01
9.898003842990463763e-01
9.942403328578404142e-01
9.974504126190686382e-01
9.994477712875275977e-01
1.000260094369429087e+00
9.999238443556921485e-01
9.984845917665405857e-01
9.959955504829399731e-01
9.925165044127118863e-01
9.881124964899422602e-01
9.828523613341816345e-01
9.768070774610788654e-01
9.700478536710147592e-01
9.626437411104024067e-01
9.546582923278148503e-01
9.461441392235817593e-01
9.371326175148254611e-01
9.276101761722920225e-01
9.174532164774110710e-01
9.061942770197005670e-01
8.917135384959367084e-01
8.439948446050683506e-01
9.041882309792952377e-01
8.841913335245328298e-01
8.719043012942949700e-01
8.614496459669268580e-01
8.518187470345620627e-01
8.427246444505918088e-01
8.340678714428640950e-01
8.258138580815170826e-01
8.179544157546151384e-01
8.104931053807941099e-01
8.034389421005185827e-01
7.968038020630693330e-01
7.906002852712714635e-01
7.848422115124149556e-01
7.795437111946528219e-01
7.747195105836350848e-01
7.703850956975729636e-01
7.665569551994850794e-01
7.632528196111378893e-01
7.604917935113660876e-01
7.582941829780410758e-01
7.566805958182888370e-01
7.556693560125143927e-01
7.552699222331048512e-01
7.554662916532284278e-01
7.561729243996616612e-01
7.571040482580823072e-01
7.573029895919266563e-01
7.527045353302598274e-01
7.035328050214952889e-01
8.849564203519804106e-01
8.466960495603226278e-01
8.571961390655239432e-01
8.809824311643967842e-01
9.087865064470078691e-01
8.619430374268813866e-01
2.453794441499411172e-01
1.063234735738723263e-01
3.469943792088169832e-01
4.731169964881072887e-01
5.429571638342717277e-01
5.873946508646684661e-01
6.189743570519318228e-01
6.434035662839625580e-01
6.635876302370874447e-01
6.811437903461784460e-01
6.970368433564925192e-01
7.118738818910398392e-01
7.260515798269724375e-01
7.398388040168534241e-01
7.534165584755835310e-01
7.669086430367832996e-01
7.803963689958572925e-01
7.939286984999668340e-01
8.075283728072476519e-01
8.211980985431348579e-01
8.349186754339325001e-01
8.486554516005673232e-01
8.623568138495354418e-01
8.759553970047128102e-01
8.893684660727612101e-01
9.024981237726543704e-01
9.152313528375685125e-01
9.274398264314623885e-01
9.389792995950587695e-01
9.496881927745122187e-01
9.593846170319220157e-01
9.678604058462700888e-01
9.748693462525678255e-01
9.801038759729485683e-01
9.831478085234159892e-01
9.833759012299789770e-01
9.797244680447719789e-01
9.701073363263228444e-01
9.496550152959035707e-01
9.034974070823851289e-01
7.344367256571792124e-01
8.341720693439204082e-01
2.105491808202352155e-01
2.001396273587704999e-01
5.607410730797199871e-01
4.805358765683401812e-01
3.616993839275425837e-01
8.631144949411222456e-01
9.042502102631360117e-01
9.090619395783957613e-01
9.066435282079562397e-01
9.023178264470235188e-01
