9.879258894185308781e-01
9.881551427908582541e-01
9.883890153392315137e-01
9.886273271458887457e-01
9.888698903053029232e-01
9.891165088403046646e-01
9.893669786226452212e-01
9.896210872983249862e-01
9.898786142175656222e-01
9.901393303691887748e-01
9.904029983195173914e-01
9.906693721556797394e-01
9.909381974335775833e-01
9.912092111307762021e-01
9.914821416038889224e-01
9.917567085515597292e-01
9.920326229827103326e-01
9.923095871903737653e-01
9.925872947319435147e-01
9.928654304157752408e-01
9.931436702945793948e-01
9.934216816664773742e-01
9.936991230837397548e-01
9.939756443699502286e-01
9.942508866462602679e-01
9.945244823670654766e-01
9.947960553660222249e-01
9.950652209126399361e-01
9.953315857806435130e-01
9.955947483284492971e-01
9.958542985926396307e-01
9.961098183949751439e-01
9.963608814644153711e-01
9.966070535740769731e-01
9.968478926947671459e-01
9.970829491654270571e-01
9.973117658820439546e-01
9.975338785053737833e-01
9.977488156890307325e-01
9.979560993286185067e-01
9.981552448333470551e-01
9.983457614209605424e-01
9.985271524374380592e-01
9.986989157026470165e-01
9.988605438829565308e-01
9.990115248927154967e-01
9.991513423254488879e-01
9.992794759165471996e-01
9.993954020386695003e-01
9.994985942318888039e-01
9.995885237694935865e-01
9.996646602619665423e-01
9.997264723001013653e-01
9.997734281395814770e-01
9.998049964286483959e-01
9.998206469809762797e-01
9.998198515956281396e-01
9.998020849262519993e-01
9.997668254017546552e-01
9.997135562006123077e-01
9.996417662811920568e-01
9.995509514706614196e-01
9.994406156147613851e-01
9.993102717913644462e-01
9.991594435902190208e-01
9.989876664621484270e-01
9.987944891402293912e-01
9.985794751363390453e-01
9.983422043160570247e-01
9.980822745554946973e-01
9.977993034833496644e-01
9.974929303116901735e-01
9.971628177597424703e-01
9.968086540741942780e-01
9.964301551502732224e-01
9.960270667581575532e-01
9.955991668788722881e-01
9.951462681551163092e-01
9.946682204614218925e-01
9.941649135992906006e-01
9.936362801230564923e-01
9.930822983023477324e-01
9.925029952273267675e-01
9.918984500636406354e-01
9.912687974644407429e-01
9.906142311467874828e-01
9.899350076409808574e-01
9.892314502216279504e-01
9.885039530298759258e-01
9.877529853974261753e-01
9.869790963830664676e-01
9.861829195344719023e-01
9.853651778879547463e-01
9.845266892208793807e-01
9.836683715727998489e-01
9.827912490522926481e-01
9.818964579487515776e-01
9.809852531706125811e-01
9.800590150329278050e-01
9.791192564201581794e-01
9.781676303533485273e-01
9.772059379928126344e-01
9.762361371126995202e-01
9.752603510860836655e-01
9.742808784255249099e-01
9.733002029272964650e-01
9.723210044752154113e-01
9.713461705642360000e-01
9.703788086123006362e-01
9.694222591362168240e-01
9.684801098750581705e-01
9.675562109536635091e-01
9.666546911882205606e-01
9.657799756437719374e-01
9.649368045635049462e-01
9.641302537958981178e-01
9.633657568508137148e-01
9.626491287161886845e-01
9.619865915603447171e-01
9.613848024262224845e-01
9.608508829898051440e-01
9.603924513925641282e-01
9.600176560573572271e-01
9.597352112368551236e-01
9.595544337948980207e-01
9.594852803405893305e-01
9.595383832556784176e-01
9.597250832796472286e-01
9.600574549918047262e-01
9.605483195232119575e-01
9.612112357829529774e-01
9.620604568301216464e-01
9.631108308723476119e-01
9.643776152944661950e-01
9.658761548040109002e-01
9.676213474087557165e-01
9.696267781577009304e-01
9.719033295864772937e-01
9.744569609742769201e-01
9.772851530822803667e-01
9.803711822605928328e-01
9.836748102340793221e-01
9.871169528388229475e-01
9.905540400318254557e-01
9.937343580693801526e-01
9.962222108489766637e-01
9.972633633812690857e-01
9.955413558963881471e-01
9.887290322650001961e-01
9.726607164985673348e-01
9.398517631549492268e-01
8.771804450991893543e-01
7.639232938134105089e-01
5.775413213187223782e-01
3.260574787178081024e-01
9.656697470940406314e-02
1.171653182878895985e-03
4.255335919923704247e-02
1.455915270969966036e-01
2.548123942316636303e-01
3.497697220478082070e-01
4.273177565349045581e-01
4.897412895808235245e-01
5.402265643751934521e-01
5.815618373943737263e-01
6.159158175918360012e-01
6.449120616499304237e-01
6.697544363934557765e-01
6.913377156096649490e-01
7.103318821508410874e-01
7.272432675808259139e-01
7.424581838404286094e-01
7.562740143807615834e-01
7.689214923515766964e-01
7.805808088039511983e-01
7.913933851823142795e-01
8.014705756976575612e-01
8.109001742310883998e-01
8.197513334132774387e-01
8.280783208421367281e-01
8.359234115825802114e-01
8.433191285757689615e-01
8.502899809152826283e-01
8.568538057377662609e-01
8.630227870096646159e-01
8.688041997728916943e-01
8.742009085128530366e-01
8.792116309052625533e-01
8.838309611888506279e-01
8.880491285742132535e-01
8.918514426678326723e-01
8.952173459497911878e-01
8.981189468712602597e-01
9.005188363389291517e-01
9.023668786378519213e-01
9.035954861798726201e-01
9.041125834057827104e-01
9.037909408848253667e-01
9.024516272860182431e-01
8.998376060354151829e-01
