8.653708325930011824e-01
8.575036004407254886e-01
8.526788402241615161e-01
8.503634917381536207e-01
8.500733542382654662e-01
8.513833221376340132e-01
8.539337132061060043e-01
8.574334223111728104e-01
8.616606237291287718e-01
8.664617037384529930e-01
8.717490387058215440e-01
8.774981431315861391e-01
8.837445884317832734e-01
8.905809095265240227e-01
8.981534091450766866e-01
9.066582006620207412e-01
9.163347014954442704e-01
9.274524578334564229e-01
9.402822496161931110e-01
9.550318527644304778e-01
9.717041911555234224e-01
9.897886637176555036e-01
1.007610985407591642e+00
1.021089431558739991e+00
1.022137702149886751e+00
1.002043686900747854e+00
1.004500100487335956e+00
2.000714497641557787e-02
6.039490187081080624e-02
6.805305723183315524e-03
7.999738041793656371e-03
5.053362339348375226e-02
1.059061599751253691e-01
1.599384110756291721e-01
2.079922515344783396e-01
2.494487246080081266e-01
2.850349196265429264e-01
3.157804138525339144e-01
3.426605261685808923e-01
3.664993443008403573e-01
3.879634534286698355e-01
4.075830196179756615e-01
4.257776401734699734e-01
4.428796665009321343e-01
4.591532677869675783e-01
4.748093903338047594e-01
4.900172917623761837e-01
5.049133738921726122e-01
5.196079354933768046e-01
5.341903370559436537e-01
5.487329539240134446e-01
5.632942011078067024e-01
5.779208418797805447e-01
5.926497390471049398e-01
6.075091685077381731e-01
6.225197859050369820e-01
6.376953162162976030e-01
6.530430209410308384e-01
6.685639867219599353e-01
6.842532716594683651e-01
7.000999404779277846e-01
7.160870164748868172e-01
7.321913763680709675e-01
7.483836133679280245e-01
7.646278937006687482e-01
7.808818320604290486e-01
7.970964117375314295e-01
8.132159750939627063e-01
8.291783092443372194e-01
8.449148498343784786e-01
8.603510222473340630e-01
8.754067339612520149e-01
8.899970236697990478e-01
9.040328616972437281e-01
9.174220816695444203e-01
9.300704046783472290e-01
9.418824932565255104e-01
9.527629415479730302e-01
9.626170666932507558e-01
9.713513082556509692e-01
9.788729554265211963e-01
9.850887833603908517e-01
9.899019493312162243e-01
9.932061052481829799e-01
9.948750227665462686e-01
9.947450884006829863e-01
9.925879386382270297e-01
9.880822411161876984e-01
9.809355922315771137e-01
9.746553156467266943e-01
9.295277902982519436e-01
8.940114850161612337e-01
7.961723662431338111e-01
4.600309370097436790e-01
1.760052696996264598e-01
8.641586507007487095e-01
9.709577429892369826e-01
9.862019727746469400e-01
9.841016016066367333e-01
9.773742551907448339e-01
9.692413086197221306e-01
9.607745166845290674e-01
9.524268890971506751e-01
9.444462384378856656e-01
9.370093456448386204e-01
9.302727868572128189e-01
9.243960159600325133e-01
9.195549742105714186e-01
9.159530240051927397e-01
9.138319149467095670e-01
9.134833601751352061e-01
9.152590216742695350e-01
9.195696552838311666e-01
9.268429847688186562e-01
9.373422622845140051e-01
9.505183673058896776e-01
9.627409203790339154e-01
9.591814583934574756e-01
8.864343783425843171e-01
6.096230465981101743e-01
1.640379228282599078e-01
4.969195607319024099e-03
1.758196452635507334e-01
2.489169175723101035e-01
3.233498913429856958e-01
3.784113688514837426e-01
4.188409225054888219e-01
4.492846864867109380e-01
4.729544847788841877e-01
4.919793720406605564e-01
5.077850265503236482e-01
5.213486216284408670e-01
5.333575653441884334e-01
5.443078291121429269e-01
5.545657540031633248e-01
5.644077010012699125e-01
5.740460212595925871e-01
5.836463831339614439e-01
5.933394966926198721e-01
6.032291030602817683e-01
6.133973909558089188e-01
6.239085662927710274e-01
6.348110184110510312e-01
6.461383303234859987e-01
6.579092260196658382e-01
6.701264007209137841e-01
6.827740033457759816e-01
6.958132809022060661e-01
7.091754551709922305e-01
7.227500834130551333e-01
7.363655093829701848e-01
7.497544529455579809e-01
7.624894475356798207e-01
7.738513306323991925e-01
7.825315674127478749e-01
7.858580540835652384e-01
7.773559497702563492e-01
7.365395681762023639e-01
5.623586680298431340e-01
4.527884327227724159e-02
9.191308795464926407e-01
9.898746789334853524e-01
9.935908768360545151e-01
9.854853005376873476e-01
9.654591648939164772e-01
9.239482768882206765e-01
8.360027632925713936e-01
6.123397784858296555e-01
2.596756195650167919e-03
1.001839013963667924e+00
9.056093726334289995e-01
6.809254766900251221e-01
4.219606157991797613e-01
1.785289676460375397e-01
2.720007734770156158e-02
1.063989405005392672e-02
1.008710371417472079e-01
2.391771474460103186e-01
3.818916371736977289e-01
5.090380181790240544e-01
6.153443125165370953e-01
7.018423908446300707e-01
7.714909897149369034e-01
8.274071329165026967e-01
8.722965363629143765e-01
9.083490914392975402e-01
9.372876458156793600e-01
9.604519425730079218e-01
9.788781537297773783e-01
9.933639351195410194e-01
1.004518977584160755e+00
1.012803729051841017e+00
1.018558954594599220e+00
1.022027613690777104e+00
1.023368093291043390e+00
1.022652274383059279e+00
1.019826759147516526e+00
1.014568355234751529e+00
1.005798819526936061e+00
9.899571950338815762e-01
