5.066126769720464829e-01
5.448751535114768618e-01
5.840071498910743841e-01
6.232770908507486718e-01
6.620280380936448550e-01
6.996849482338798332e-01
7.357588302575608363e-01
7.698482321749721136e-01
8.016384264115852254e-01
8.308986191865832538e-01
8.574774789535375419e-01
8.812972607481937004e-01
9.023467943606134911e-01
9.206736015575016641e-01
9.363754078305785988e-01
9.495913139977304462e-01
9.604928893533889456e-01
9.692754384179519400e-01
9.761496759526194777e-01
9.813340190585403411e-01
9.850476712354633291e-01
9.875046326024575771e-01
9.889087253024040347e-01
9.894496761735519508e-01
9.893002530322259069e-01
9.886144091644781806e-01
9.875263552124865507e-01
9.861504502150748586e-01
9.845817849901919994e-01
9.828973213991926139e-01
9.811574496823670666e-01
9.794078318362607893e-01
9.776814104043752840e-01
9.760004774120039084e-01
9.743787158661485481e-01
9.728231447874160498e-01
9.713359169329168763e-01
9.699159352873368833e-01
9.685602694414970903e-01
9.672653658230323526e-01
9.660280563320713387e-01
9.648463784172625068e-01
9.637202263389119672e-01
9.626518588078963878e-01
9.616462930463224312e-01
9.607116205331007741e-01
9.598592866389572542e-01
9.591043871588778025e-01
9.584660530153575886e-01
9.579680266120289556e-01
9.576395918172341259e-01
9.575171291743603819e-01
9.576467812675584224e-01
9.580891482479080290e-01
9.589278725542289550e-01
9.602861395471017358e-01
9.623605273120591219e-01
9.654962578930816886e-01
9.703690146240128156e-01
9.784052164695405951e-01
9.897060817545150213e-01
1.633434514006122940e-01
8.619073442986298073e-01
9.161838545556393321e-01
9.336939305502328645e-01
9.433865109502649338e-01
9.503518086721043368e-01
9.561507920741243449e-01
9.614015380583238457e-01
9.663779069043787473e-01
9.711967862562622678e-01
9.758873244431620630e-01
9.804178809527701599e-01
9.847045656146113934e-01
9.886097241862910057e-01
9.919331247684572972e-01
9.943960973604252240e-01
9.956173831606447422e-01
9.950782160202711335e-01
9.920729202481310960e-01
9.856401078739356336e-01
9.744689195309355068e-01
9.567763039238775802e-01
9.301592508120529734e-01
8.914498316054116911e-01
8.366605138160096988e-01
7.612339617793901780e-01
6.610252821444878579e-01
5.346391207111076405e-01
3.874097725389727409e-01
2.354490491542612363e-01
1.049726998201284817e-01
2.248604929093967614e-02
7.277109046136672962e-04
3.330324673819175241e-02
1.021047472650311039e-01
1.882100792297984604e-01
2.778627135510250423e-01
3.631620155231662928e-01
4.404691086951834644e-01
5.086377007374935921e-01
5.677579177335457805e-01
6.184102687799408749e-01
6.612548401659957831e-01
6.967933919185462788e-01
7.251765274694778052e-01
7.459185733952515829e-01
7.572478510697369103e-01
7.542345341782308310e-01
7.220111541804821176e-01
6.020801373090977071e-01
1.256244283634783132e-01
6.816396296374672703e-01
9.619665448488937676e-01
9.906946940017031800e-01
9.952658556862137296e-01
9.961619264611580871e-01
9.962166925666747774e-01
9.958536857049344881e-01
9.950945816389421550e-01
9.939128538303450000e-01
9.923005845226816612e-01
9.902774377369277792e-01
9.878886452934249052e-01
9.852026232225363778e-01
9.823107984141192794e-01
9.793306121543977616e-01
9.764128268940576172e-01
9.737552674894185412e-01
9.716271443889389348e-01
9.704119727843393273e-01
9.706843327167745672e-01
9.733463593076975284e-01
9.798362879146822468e-01
9.920361676910219861e-01
1.005738854166728258e+00
8.560774785194833481e-01
6.278874025038998219e-02
5.256589867541753280e-01
6.621045693661131715e-01
7.121179715902720142e-01
7.341274194802888120e-01
7.440091432022513107e-01
7.475987816714642076e-01
7.475005921133526243e-01
7.450369074117133561e-01
7.409411939496497457e-01
7.356450297061501997e-01
7.294109891905412590e-01
7.223995294909210108e-01
7.147047531086556660e-01
7.063742418879164209e-01
6.974200822533711541e-01
6.878245867612639008e-01
6.775424600630582939e-01
6.665002206446292154e-01
6.545931207895064885e-01
6.416793874001641695e-01
6.275712113088807165e-01
6.120214515604970318e-01
5.947044058488100138e-01
5.751881296123070308e-01
5.528945634762432171e-01
5.270421329009546962e-01
4.965639138342402559e-01
4.599949240344555768e-01
4.153323338830793299e-01
3.599198969072210375e-01
2.905871907223762096e-01
2.048931263402628267e-01
1.062101794227555129e-01
1.914172023648282039e-02
1.555577695322700980e-02
1.847956947684636086e-01
4.756459062701599017e-01
7.223363725311156003e-01
8.649480386001205945e-01
9.334140377070684336e-01
9.628827867882282510e-01
9.737423973372439923e-01
9.756215607681801849e-01
9.712704478536858810e-01
9.519795704842504147e-01
7.731284968472283969e-01
6.948595378804988121e-01
8.601161299470968524e-01
5.838912245062907180e-01
8.240207808616230312e-02
6.078654807778605118e-01
7.890796490219147419e-01
8.586350960974460378e-01
8.945997052927929793e-01
9.170773600164779937e-01
9.328272111507851516e-01
9.445591342709906968e-01
9.534668583130258002e-01
9.600878160688469665e-01
9.646483309648760107e-01
9.672230287995666753e-01
9.678188428920369013e-01
