9.993752794700837550e-01
9.993750951257641679e-01
9.993750884764660558e-01
9.993752597235163737e-01
9.993756089666671061e-01
9.993761362038600105e-01
9.993768413308943277e-01
9.993777241413195345e-01
9.993787843262773585e-01
9.993800214744182897e-01
9.993814350719191220e-01
9.993830245024913905e-01
9.993847890474247819e-01
9.993867278858356018e-01
9.993888400947130712e-01
9.993911246492388489e-01
9.993935804231535158e-01
9.993962061888788107e-01
9.993990006182009722e-01
9.994019622825131011e-01
9.994050896533965833e-01
9.994083811032336007e-01
9.994118349057489192e-01
9.994154492366709164e-01
9.994192221745232807e-01
9.994231517013367760e-01
9.994272357035741683e-01
9.994314719728828456e-01
9.994358582071161123e-01
9.994403920113096307e-01
9.994450708987820953e-01
9.994498922920257433e-01
9.994548535241162268e-01
9.994599518397461191e-01
9.994651843965819404e-01
9.994705482664004714e-01
9.994760404366477280e-01
9.994816578116640926e-01
9.994873972142620522e-01
9.994932553871184178e-01
9.994992289944253372e-01
9.995053146233946473e-01
9.995115087859235414e-01
9.995178079203735910e-01
9.995242083931171750e-01
9.995307065004580549e-01
9.995372984703996266e-01
9.995439804645381843e-01
9.995507485798779124e-01
9.995575988509096677e-01
9.995645272514027679e-01
9.995715296966350971e-01
9.995786020453135690e-01
9.995857401017289590e-01
9.995929396178315773e-01
9.996001962954379483e-01
9.996075057884471482e-01
9.996148637049969699e-01
9.996222656098242565e-01
9.996297070264893447e-01
9.996371834396839962e-01
9.996446902976559024e-01
9.996522230145034049e-01
9.996597769726568439e-01
9.996673475251938168e-01
9.996749299983913595e-01
9.996825196941556690e-01
9.996901118924945706e-01
9.996977018540348370e-01
9.997052848225833621e-01
9.997128560276672404e-01
9.997204106869967966e-01
9.997279440091197955e-01
9.997354511960289125e-01
9.997429274456838266e-01
9.997503679547079525e-01
9.997577679208251578e-01
9.997651225456811730e-01
9.997724270373947730e-01
9.997796766130863100e-01
9.997868665015985368e-01
9.997939919461790170e-01
9.998010482070198712e-01
9.998080305638480381e-01
9.998149343186532034e-01
9.998217547982445330e-01
9.998284873568518138e-01
9.998351273787928761e-01
9.998416702809433954e-01
9.998481115154790322e-01
9.998544465722516428e-01
9.998606709815152094e-01
9.998667803163742152e-01
9.998727701952506708e-01
9.998786362845123454e-01
9.998843743009072638e-01
9.998899800139049443e-01
9.998954492482635681e-01
9.999007778864299478e-01
9.999059618708148189e-01
9.999109972063006113e-01
9.999158799623591998e-01
9.999206062755725544e-01
9.999251723516644486e-01
9.999295744679932429e-01
9.999338089754157277e-01
9.999378723007056324e-01
9.999417609485961034e-01
9.999454715037563446e-01
9.999490006329342373e-01
9.999523450869616248e-01
9.999555017025474335e-01
9.999584674044006416e-01
9.999612392069090472e-01
9.999638142160068854e-01
9.999661896309985920e-01
9.999683627461993796e-01
9.999703309525402872e-01
9.999720917393584152e-01
9.999736426957624991e-01
9.999749815122349617e-01
9.999761059820513331e-01
9.999770140026486009e-01
9.999777035770046618e-01
9.999781728148328108e-01
9.999784199338234147e-01
9.999784432608469498e-01
9.999782412329613068e-01
9.999778123984340850e-01
9.999771554177405708e-01
9.999762690644232732e-01
9.999751522258373271e-01
9.999738039041285997e-01
9.999722232166533553e-01
9.999704093966751417e-01
9.999683617940022806e-01
9.999660798752577628e-01
9.999635632244689987e-01
9.999608115432007116e-01
9.999578246508691315e-01
9.999546024849399473e-01
9.999511451008693541e-01
9.999474526721890966e-01
9.999435254904216475e-01
9.999393639648225252e-01
9.999349686222127609e-01
9.999303401065638974e-01
9.999254791785798790e-01
9.999203867152225422e-01
9.999150637090382654e-01
9.999095112675159269e-01
9.999037306122647850e-01
9.998977230781357362e-01
9.998914901123500121e-01
9.998850332733200119e-01
9.998783542295640592e-01
9.998714547585021428e-01
9.998643367450663622e-01
9.998570021803950825e-01
9.998494531602479807e-01
9.998416918834164280e-01
9.998337206500848007e-01
9.998255418600709987e-01
9.998171580109412870e-01
9.998085716960847247e-01
9.997997856026683561e-01
9.997908025094719431e-01
9.997816252848629182e-01
9.997722568842152269e-01
9.997627003477628227e-01
9.997529587979494536e-01
9.997430354369459815e-01
9.997329335439711917e-01
9.997226564724233100e-01
9.997122076471250951e-01
9.997015905612770537e-01
9.996908087733739068e-01
9.996798659040323498e-01
9.996687656326241900e-01
9.996575116938570815e-01
9.996461078742449047e-01
9.996345580083635385e-01
9.996228659749856194e-01
9.996110356931073859e-01
9.995990711178526222e-01
9.995869762360458655e-01
9.995747550618826471e-01
9.995624116320744879e-01
9.995499500011767458e-01
9.995373742363641290e-01
9.995246884123222264e-01
9.995118966056657506e-01
9.994990028892346556e-01
9.994860113261859746e-01
9.994729259637236130e-01
9.994597508266697128e-01
9.994464899107124989e-01
9.994331471754124285e-01
9.994197265367513738e-01
9.994062318596937944e-01
