9.261048511250010717e-01
9.238207682220223038e-01
9.224260309714579220e-01
9.218757344073260640e-01
9.221212523366421054e-01
9.231125401061213154e-01
9.247998498910727783e-01
9.271348706632404069e-01
9.300713038166636970e-01
9.335648788387316266e-01
9.375728009562749321e-01
9.420526035380950569e-01
9.469603508770055855e-01
9.522480997767220900e-01
9.578604782202267964e-01
9.637301722061367704e-01
9.697720220878113251e-01
9.758753103207166157e-01
9.818936648600369299e-01
9.876317976400533771e-01
9.928280395693819260e-01
9.971313270432790032e-01
1.000070973556092424e+00
1.001017323709731954e+00
9.991314793699389574e-01
9.933032430254823408e-01
9.820793260237115074e-01
9.635907523668316710e-01
9.355026585415981977e-01
8.950359654061037507e-01
8.391518321229731736e-01
7.650385651732560799e-01
6.710563611112939642e-01
5.581788330957976330e-01
4.315901445557854821e-01
3.014859344673931907e-01
1.818197827020746615e-01
8.661840596946676629e-02
2.547057754422739004e-02
9.097054089688883958e-04
9.038732122730177426e-03
4.231615052708441460e-02
9.247647478150142208e-02
1.523702868692245194e-01
2.166343222770630850e-01
2.816285961676204264e-01
3.450767138468025519e-01
4.056680923798465788e-01
4.627282417758136757e-01
5.159791482490629910e-01
5.653778680197707462e-01
6.110131797585691693e-01
6.530419791687110953e-01
6.916515726547585174e-01
7.270382821838247134e-01
7.593960368830848795e-01
7.889109043230967400e-01
8.157590265615752845e-01
8.401064018738955141e-01
8.621095721983528248e-01
8.819166647592985298e-01
8.996684779048130798e-01
9.154994499668133168e-01
9.295384402363828791e-01
9.419093045654794993e-01
9.527312782756491849e-01
9.621191945807127111e-01
9.701835731075330038e-01
9.770306138647611993e-01
9.827621294756676562e-01
9.874754441756642409e-01
9.912632829799272738e-01
9.942136692038578971e-01
9.964098435787398511e-01
9.979302137916202797e-01
9.988483395149413413e-01
9.992329549169772784e-01
9.991480282451346007e-01
9.986528562933252307e-01
9.978021903332230380e-01
9.966463893186489065e-01
9.952315957794334311e-01
9.935999297239080930e-01
9.917896959940560864e-01
9.898356007996882422e-01
9.877689735432260143e-01
9.856179904929064373e-01
9.834078973333532092e-01
9.811612280929822294e-01
9.788980184008216900e-01
9.766360114452419250e-01
9.743908553907072445e-01
9.721762913470798351e-01
9.700043312833118714e-01
9.678854255316732269e-01
9.658286197432923714e-01
9.638417013362181596e-01
9.619313356270254856e-01
9.601031919602118769e-01
9.583620602551166101e-01
9.567119584818645217e-01
9.551562316632549177e-01
9.536976430903472135e-01
9.523384585423426696e-01
9.510805244381584922e-01
9.499253410336748749e-01
9.488741320564840764e-01
9.479279125856796551e-01
9.470875576326016620e-01
9.463538749029385411e-01
9.457276868791869573e-01
9.452099301161017708e-01
9.448017843438455410e-01
9.445048522695469462e-01
9.443214261832109102e-01
9.442549066418247650e-01
9.443104974394486151e-01
9.444964278003050717e-01
9.448262465564052359e-01
9.453234806898848097e-01
9.460320916249093104e-01
9.470433333997608782e-01
9.485795588127351463e-01
9.513519363790710059e-01
9.594400314240500993e-01
8.933632556608152031e-01
9.378477363795134636e-01
9.430893427476466639e-01
9.456897408784623593e-01
9.475866559136841838e-01
9.492239243463750364e-01
9.507559381287650213e-01
9.522485170430659007e-01
9.537327197795334444e-01
9.552235318003139408e-01
9.567275538387636225e-01
9.582465774623297738e-01
9.597794180864823721e-01
9.613229408745945781e-01
9.628726902334341364e-01
9.644233191556649265e-01
9.659689162102438331e-01
9.675032704124784111e-01
9.690200530801458267e-01
9.705127678597967877e-01
9.719739536622515885e-01
9.733919295151796103e-01
9.747389948126908843e-01
9.759263642158051422e-01
9.766020863408914066e-01
9.749201651461424367e-01
9.534024422504467910e-01
2.054519536529122170e-01
8.850539565632493666e-01
9.423571016266822920e-01
9.551696921378264316e-01
9.598049827603920559e-01
9.615198849477322174e-01
9.617305810519246601e-01
9.609397330072890764e-01
9.593450104025751379e-01
9.570153587563238196e-01
9.539526562911477825e-01
9.501148890565830341e-01
9.454235278258490416e-01
9.397627504374982399e-01
9.329730254038516302e-01
9.248394249129759936e-01
9.150738421721122950e-01
9.032893633629450747e-01
8.889641499020248805e-01
8.713913365928032118e-01
8.496110216619759958e-01
8.223216055015516446e-01
7.877736298227203671e-01
7.436672122146643638e-01
6.871196729552342397e-01
6.148696975826098976e-01
5.240616234254815708e-01
4.141389124609073380e-01
2.901555122534012487e-01
1.662418240435114269e-01
6.492700622765512630e-02
8.038150275133338837e-03
3.883810644763997094e-03
4.345557953258123718e-02
1.088132491034439486e-01
1.834085148258808584e-01
2.566108774475436283e-01
3.232837741698457168e-01
3.817884691797420182e-01
4.322660262041528312e-01
4.755841401957712766e-01
5.127952966649361732e-01
5.448936803284556429e-01
5.727243538608596252e-01
5.969628759886003166e-01
6.181242117836530658e-01
6.365817078107073312e-01
6.525878222768149994e-01
