9.400898030958598772e-01
9.276272263481983860e-01
9.175787296951666283e-01
9.097474445268073362e-01
9.039171762028196389e-01
8.998609673866589942e-01
8.973480785961847062e-01
8.961488698601302039e-01
8.960354397537813043e-01
8.967668041971718074e-01
8.979637765727817023e-01
8.957645280467706472e-01
9.005765548800193088e-01
9.058641060691627889e-01
9.090413822246412590e-01
9.122055001408221342e-01
9.154233724634545100e-01
9.186831287584646955e-01
9.208107687895815685e-01
9.260766478718487349e-01
9.300389068757756172e-01
9.346942803954286783e-01
9.404065305203118674e-01
9.478106156546982630e-01
9.579274307421743462e-01
9.723126892504320162e-01
9.923202351361284368e-01
1.005285198809031666e+00
7.209021265602469919e-01
9.967064433200395479e-02
5.051239544459703579e-01
6.428422147775004758e-01
6.996027851643081830e-01
7.275579769399391772e-01
7.422868994437379353e-01
7.497545044574980277e-01
7.526223314903059958e-01
7.521431527150825858e-01
7.488182619099874593e-01
7.425962666489435149e-01
7.327942682779053918e-01
7.176335730614401553e-01
6.927418336407136223e-01
6.455613135948354842e-01
5.247365753869780436e-01
3.960098551845095405e-02
1.032984843273517583e+00
9.354254266365319426e-01
8.865216946817732202e-01
8.601013098672039003e-01
8.434950055536367675e-01
8.319354790904384123e-01
8.232642399819551926e-01
8.163161866817417733e-01
8.102883927101650618e-01
8.042821944243760957e-01
7.960445974813964432e-01
7.668057301618380617e-01
8.277832627091392670e-01
8.131058214320536770e-01
8.078559448539504029e-01
8.050895198006146058e-01
8.033782386114909357e-01
8.022734199693427604e-01
8.015809500452670822e-01
8.011974493753298843e-01
8.010589739697523415e-01
8.011211809370816228e-01
8.013503820464926708e-01
8.017188731800214407e-01
8.022015028840185913e-01
8.027653056031390788e-01
8.024851979277390912e-01
8.040831871442415402e-01
8.048814511191315635e-01
8.056511805670193427e-01
8.064082250781193784e-01
8.071330002008065829e-01
8.078003253977615872e-01
8.083810528255385153e-01
8.088415236246639939e-01
8.091424388019924363e-01
8.092372908517846408e-01
8.090702695621233564e-01
8.085734543846988531e-01
8.076630005679095170e-01
8.062338754226030524e-01
8.041524661455240475e-01
8.012460023289499356e-01
7.972871119500390957e-01
7.919707742586491461e-01
7.848791047686015654e-01
7.754261617153707098e-01
7.627690661051815812e-01
7.456608208696363649e-01
7.221999758837350791e-01
6.893960772033933537e-01
6.424154158315026342e-01
5.733552046659211587e-01
4.698566960720182428e-01
3.172829744779002703e-01
1.236421452480291200e-01
1.444661360363548325e-03
1.346766073612618297e-01
4.217207661627996318e-01
6.485359315402035030e-01
7.823316820830360507e-01
8.571151377077718125e-01
8.998346271891248804e-01
9.251824322453751082e-01
9.407420688905190342e-01
9.504990063398163214e-01
9.566226975784418718e-01
9.603359100170660856e-01
9.623469876020392944e-01
9.630723625094804730e-01
9.627552618429594533e-01
9.615309099686322192e-01
9.594627906145312135e-01
9.565621494221371313e-01
9.527963743077834113e-01
9.480871118512153028e-01
9.422907824672401844e-01
9.351200373190566850e-01
9.257093232600075439e-01
9.072353976395626241e-01
8.189789948612216097e-01
8.810289842478276068e-01
8.675695616980575453e-01
8.363755597974977807e-01
8.140277714242537543e-01
7.667894727561637147e-01
6.938863686239250539e-01
5.693653746833072793e-01
3.393143747341104688e-01
3.320419849622534975e-02
3.348102200794171868e-01
7.993157883513181128e-01
9.410197828971261780e-01
9.503618675687228734e-01
9.664264500742957287e-01
9.620252578237897811e-01
9.502695846988835626e-01
9.367017913302837506e-01
9.225311786574640349e-01
9.081231013642055983e-01
8.935746124684924574e-01
8.788815734115513756e-01
8.639977838245274100e-01
8.488571661921049394e-01
8.333814459281896347e-01
8.174814735470560256e-01
8.010553053591721318e-01
7.839841496184699610e-01
7.661264739712914107e-01
7.473114550864624617e-01
7.273550137698212570e-01
7.061939863687823893e-01
6.825612353894651152e-01
6.566900849243055838e-01
6.274554822044758895e-01
5.930879007921069368e-01
5.495353038496825215e-01
4.827406808644339464e-01
2.601028450491364996e-01
6.851289988996835945e-01
5.131870120092784093e-01
4.280816495039558300e-01
3.500925448707451482e-01
2.679135700474212234e-01
1.799689771759530044e-01
9.213136523898879382e-02
2.255096477088804757e-02
6.123594663227485517e-03
8.231484136271692564e-02
2.543139912991467244e-01
4.665484298414562803e-01
6.523294303488625934e-01
7.833134104949194265e-01
8.642005070325126104e-01
9.097457654887860512e-01
9.328589995050192707e-01
9.419315739882186955e-01
9.406586639507047432e-01
9.252899799576617124e-01
8.639083901394396525e-01
5.321475846506442675e-01
3.575128617689197208e-01
1.345069372489928194e-01
4.961452435025494601e-01
6.488723080683183042e-01
6.984420089759347805e-01
7.214133834863500905e-01
7.315175830918483335e-01
7.333351463591712971e-01
7.272263002372443275e-01
7.094296571370288795e-01
6.672009293423133425e-01
5.554319910038248986e-01
1.901486739058333153e-01
