9.994276573589709889e-01
1.000231452761243478e+00
1.000797511738146239e+00
1.001134936548681020e+00
1.001256727847328998e+00
1.001178896906766536e+00
1.000919685093863754e+00
1.000498890613676695e+00
9.999373001339051381e-01
9.992562210140779611e-01
9.984771084215362524e-01
9.976212805506400327e-01
9.967097144113994389e-01
9.957629141417959628e-01
9.948008434546371515e-01
9.938429135705335593e-01
9.929080177095802595e-01
9.920146027959543256e-01
9.911807683011998327e-01
9.904243808781650893e-01
9.897631912830561207e-01
9.892149365328025690e-01
9.887974045235576881e-01
9.885284292276608209e-01
9.884257701673934138e-01
9.885068070459984702e-01
9.887879441701423744e-01
9.892835613128274641e-01
9.900042540219626819e-01
9.909539534014030204e-01
9.921252622218251771e-01
9.934919192832704082e-01
9.949965801001331434e-01
9.965308505564913766e-01
9.979023166479934481e-01
9.987794261728251133e-01
9.985981569882372844e-01
9.964021879630635681e-01
9.905675236021459495e-01
9.783310666222637675e-01
9.550115678626817095e-01
9.128552342898961225e-01
8.398588954545771479e-01
7.205727018191203648e-01
5.446081733322973850e-01
3.285525225815001393e-01
1.319259005121198314e-01
1.988569009821903460e-02
3.588864040432156958e-03
4.781318528185343059e-02
1.150967946352956101e-01
1.840049895664163937e-01
2.459199023954582730e-01
2.986870917618277832e-01
3.427261277052718880e-01
3.792486138972212539e-01
4.095567158769364835e-01
4.348077398423511042e-01
4.559612945708958476e-01
4.737909034268337205e-01
4.889137356192132522e-01
5.018215187381923625e-01
5.129072781793854174e-01
5.224868992942841572e-01
5.308159878386019548e-01
5.381028822210661700e-01
5.445186547026045210e-01
5.502048046926348857e-01
5.552791984945260051e-01
5.598406802420307082e-01
5.639726764289830774e-01
5.677460424234113123e-01
5.712213641802837971e-01
5.744510374416526011e-01
5.774834542067713850e-01
5.803059786828995703e-01
5.830618728708671927e-01
5.856970997620790653e-01
5.882555627520019703e-01
5.907607481881121947e-01
5.932324605612274704e-01
5.956878928204457635e-01
5.981420418150474871e-01
6.006079820843970296e-01
6.030970747757085082e-01
6.056191325532188641e-01
6.081825484720149166e-01
6.107943915352980202e-01
6.134604673789799678e-01
6.161853364933305155e-01
6.189722710633026592e-01
6.218231067872730389e-01
6.247378855038266954e-01
6.277140173399565759e-01
6.307441558801286652e-01
6.338098820079884899e-01
6.368571408493751695e-01
6.396363814004634163e-01
6.338090299450762632e-01
6.487092658382379584e-01
6.515861843327805936e-01
6.549224803379375404e-01
6.584060029332692299e-01
6.619681131900742033e-01
6.655802087395138456e-01
6.692242721800865102e-01
6.728855359475267583e-01
6.765500225878036122e-01
6.802035344171375453e-01
6.838311649202950537e-01
6.874170251558316957e-01
6.909440692693613606e-01
6.943939728216131924e-01
6.977470490757545774e-01
7.009822102228805418e-01
7.040770099012025884e-01
7.070078675804009061e-01
7.097507544719502404e-01
7.122832205943123718e-01
7.145911400938456115e-01
7.166973598290753422e-01
7.186654895954134314e-01
7.171254396148551979e-01
7.192689801330798272e-01
7.198631726235005246e-01
7.198038892305924641e-01
7.191410609614160565e-01
7.178568572695039895e-01
7.159310287274120999e-01
7.133739892520405412e-01
7.102894636481538182e-01
7.070667284085286886e-01
7.052228521530371497e-01
7.147585694578149074e-01
5.671348200240220461e-01
6.420758181084124105e-01
6.375485135671028480e-01
6.253002991296797708e-01
6.090232174570239243e-01
5.893876402439228723e-01
5.664664899609871407e-01
5.401587151872023762e-01
5.103202108838640338e-01
4.768311282804914009e-01
4.396506850696323965e-01
3.988744415084974348e-01
3.547976856896022380e-01
3.079820628674238558e-01
2.593163584801791988e-01
2.100558981805470127e-01
1.618200558638354936e-01
1.165272912934389726e-01
7.625589264380033816e-02
4.303784603902231776e-02
1.861917902958980589e-02
4.242819169760072423e-03
5.190030184870633116e-04
7.446011330788624566e-03
2.468059401245999498e-02
5.257863681944028450e-02
1.008296571685072252e-01
6.345574883258575660e-02
1.289661479739259431e-01
1.753664560747624224e-01
2.194373776563377232e-01
2.627254670772910528e-01
3.024266052323600906e-01
3.462378720345503647e-01
3.868191295321568579e-01
4.261614382789542521e-01
4.643690590950287356e-01
5.015245966281636214e-01
5.377383158932077523e-01
5.731415197475642209e-01
6.078760044161873877e-01
6.420838973742450939e-01
6.758983353019595297e-01
7.094358891564378489e-01
7.427970281291026433e-01
7.761149629457056998e-01
8.098522713475044821e-01
8.351282310667479392e-01
8.692510530304964345e-01
8.991388785328429112e-01
9.259724190518608955e-01
9.483978041378230417e-01
9.642088571479455750e-01
9.703028490241735193e-01
9.624632877033291178e-01
9.348405896269743609e-01
8.874414645099590881e-01
8.114562311902174807e-01
7.085634272107602660e-01
5.840898260178242207e-01
4.490217053965353533e-01
3.176421882877618619e-01
2.031850180578709253e-01
1.140706646894961707e-01
5.274208203885096674e-02
1.695874417405529230e-02
