6.426128862489103311e-01
8.086007871908961198e-01
8.814940935910788866e-01
9.202101289493687108e-01
9.444358360489231163e-01
9.611396403160402668e-01
9.730374063209993318e-01
9.812839821302209442e-01
9.864197314062839173e-01
9.887372718014044715e-01
9.884343001543692830e-01
9.856797590294392730e-01
9.806417735063232000e-01
9.734958661073935815e-01
9.643924563166629271e-01
9.538312891922081649e-01
9.415382840955720534e-01
9.280174888417979107e-01
9.134429339823576521e-01
8.980187614917616301e-01
8.819436015906672033e-01
8.654055197131931276e-01
8.485800653506453406e-01
8.316299772629874854e-01
8.147066231184185714e-01
7.979535727490633112e-01
7.815115459708544821e-01
7.654850100390481193e-01
7.504123517337816240e-01
7.362147863716983487e-01
7.239579055292373333e-01
7.155132228910479064e-01
7.055885264955266134e-01
7.658905010472549790e-01
5.173613698218567647e-01
5.798572020349413991e-01
5.811250125050244630e-01
5.724294533416457442e-01
5.600797520171558741e-01
5.457069796617864954e-01
5.298031427590783604e-01
5.124392181536860935e-01
4.934653167398337370e-01
4.725659061214592116e-01
4.492561314627582236e-01
4.228386479350363381e-01
3.923185853418664215e-01
3.563745871988910907e-01
3.150910015227035288e-01
2.645045669258480614e-01
1.999902819897997897e-01
1.215585754177097161e-01
3.824561279398500796e-02
1.218855215104826077e-02
3.626438086837339703e-01
2.502336997304320243e-01
8.026831715944841017e-01
9.684167426969423342e-01
9.754182450528038339e-01
7.748314022082039010e-01
8.902619792421732070e-01
8.540855057104308479e-01
8.212004458399591034e-01
7.924032129182764228e-01
7.670712856927118795e-01
7.443826010365537371e-01
7.234969547158676129e-01
7.035227905250106550e-01
6.833761625855754307e-01
6.614769750646944946e-01
6.350269100891470231e-01
5.979254446272609380e-01
5.329948446153929265e-01
3.687354507780371549e-01
1.434510470154906348e-01
9.650361135672396173e-01
8.604601914039763377e-01
8.100593481421367592e-01
7.828237785320922848e-01
7.663889116012746472e-01
7.559322563333671363e-01
7.492304319232240273e-01
7.451171325899049735e-01
7.429167807872533169e-01
7.422049078341137474e-01
7.426947610158618485e-01
7.441784484220571594e-01
7.464937296939845313e-01
7.495035811130384973e-01
7.530822366183920202e-01
7.571042585066383168e-01
7.614343683650581784e-01
7.659156820582243563e-01
7.703427080921585457e-01
7.737716887070231753e-01
7.779912643109753168e-01
7.804385996380245327e-01
7.810398767010993115e-01
7.786471984101711596e-01
7.712642163650090810e-01
7.551363811397091563e-01
7.224059236085160762e-01
6.543436296490626747e-01
5.005803051606650955e-01
1.615719266857879866e-01
1.393421858560181525e-01
6.411468435791590759e-01
8.662378942085561251e-01
9.163810765770769029e-01
6.165859416877669252e-01
1.003779260871321188e+00
9.979556139154091010e-01
9.886790131319920238e-01
9.775905988367900035e-01
9.621992841479750647e-01
9.402039061848759260e-01
9.082613861511935616e-01
8.606036250196473780e-01
7.853732001100410809e-01
6.656523529798017424e-01
4.576227508411255251e-01
1.400556881661833286e-01
4.939057278207781287e-02
5.798387562257227845e-01
3.410379243139634586e-01
9.057227366697344628e-01
1.000472861181558759e+00
9.638251006593502312e-01
9.917594416770700860e-01
9.853279962627407018e-01
9.702406237745790918e-01
9.512712755909947804e-01
9.299014385013962825e-01
9.068205321976376965e-01
8.823539800397157684e-01
8.566164529427380270e-01
8.295657023720732770e-01
8.010060341751207291e-01
7.705520013493543097e-01
7.375394212627535140e-01
7.008328401142870367e-01
6.583007526826973876e-01
6.047807423419755413e-01
4.965050051572105771e-01
4.960856220489145429e-01
3.711434678927023612e-01
1.920610084767347681e-01
1.638305820945087574e-02
3.504759258131223687e-01
8.940859393309683600e-01
9.767259089683650863e-01
9.466587199269851371e-01
9.065242489738587484e-01
8.719571434386989006e-01
8.443091434741173407e-01
8.228891071446674532e-01
8.070941710448634732e-01
7.968657774515904846e-01
7.932526735050305922e-01
7.851146803228538085e-01
8.057862054625762882e-01
8.388396808827346396e-01
9.035485625695020007e-01
9.398294114176248826e-01
3.785110425318011229e-02
1.794360285769930063e-01
3.263177921220136724e-01
3.915254736902101240e-01
4.239390696706256678e-01
4.408959024024378670e-01
4.533790929240159584e-01
4.575110138685200556e-01
4.605638979106357334e-01
4.635059162402516697e-01
4.698245486018675088e-01
4.870310880827038447e-01
5.364525945408954444e-01
6.796180686787024472e-01
4.947509473561643722e-01
4.307549355522713452e-02
2.670230897909376538e-02
9.911770974090546027e-02
3.084192424804729771e-01
6.079627361000026209e-01
8.246950379642663531e-01
9.183410678961400064e-01
9.392258382904297154e-01
9.470041288453873163e-01
9.418659372796353013e-01
9.367273487338827476e-01
9.339338870826203731e-01
9.340160869691674916e-01
9.368571202996472946e-01
9.421033473422510962e-01
9.493100104478963130e-01
9.579873903454352302e-01
9.676115517483543371e-01
9.776436884703854080e-01
9.874335421798522416e-01
9.957150956532556663e-01
