7.313077848670959114e-01
7.361958467693695551e-01
7.407718594206835760e-01
7.451112147351055537e-01
7.492776564955900831e-01
7.533202856140260861e-01
7.572722538607443710e-01
7.611497488790014421e-01
7.649509499984398220e-01
7.686547551680965595e-01
7.722190630009158063e-01
7.755783243204453781e-01
7.786399506745965704e-01
7.812789412259298905e-01
7.833296379807116461e-01
7.845723144544249905e-01
7.847064654264893635e-01
7.832102946816311695e-01
7.805559144491507340e-01
7.743957547730371260e-01
7.646401220842855562e-01
7.496420383175252944e-01
7.270769871812344798e-01
6.933754436072897542e-01
6.430033288137052550e-01
5.676875597734110102e-01
4.569254179917153214e-01
3.050471178960876828e-01
1.348822950025991285e-01
2.325344104164054834e-02
4.934494402400774887e-02
1.909393065267411538e-01
3.566161677093728777e-01
4.909293169862238293e-01
5.859415613065176442e-01
6.497659212966221398e-01
6.933852389369404845e-01
7.221359278407111226e-01
7.410354413085735725e-01
7.530185420514836636e-01
7.600284545165386652e-01
7.631262032998719080e-01
7.637713364361670143e-01
7.623738614680031223e-01
7.608358590240870134e-01
7.476754509466887466e-01
7.446486478193113934e-01
7.380291822882101282e-01
7.302856838936502282e-01
7.217873235030514145e-01
7.127105656794823219e-01
7.031762354584706332e-01
6.932786937048631692e-01
6.830959592769717537e-01
6.726946135618636635e-01
6.621329537553874989e-01
6.514637138940688743e-01
6.407372909748765277e-01
6.300068582931356298e-01
6.193385465356597841e-01
6.088360206904731564e-01
5.987138653708066194e-01
5.895963735351869017e-01
5.847508003269578092e-01
4.915991006495467608e-01
5.427866612198749552e-01
5.373209647794816579e-01
5.133225773515506241e-01
5.080269469278577699e-01
4.977414698250594016e-01
4.862110452559775808e-01
4.738709860690081266e-01
4.607358631795506754e-01
4.466460467592587857e-01
4.311980955946697613e-01
4.124697999664684867e-01
4.034946471524243350e-01
3.804456156494132602e-01
3.567019826059621423e-01
3.290092614015749928e-01
2.951008522871400586e-01
2.426616305518097816e-01
2.183391367571881070e-01
1.479348076034337212e-01
7.400912786843168167e-02
5.172890312070343305e-02
2.292182676570079236e-01
6.420181783165264111e-01
9.541876988969445472e-01
9.054866109756940507e-01
8.060365458364751046e-01
7.231386093330698372e-01
6.556103797597001570e-01
5.965681180966521113e-01
5.399988820718536475e-01
4.803512169481063410e-01
4.113906584415386591e-01
3.250715222407398186e-01
2.122917308072397868e-01
7.939909680590755137e-02
3.623228676904489964e-02
2.926250888598520561e-01
6.561652982158253655e-01
8.877729985707764060e-01
9.639791707941907095e-01
9.695904075998957872e-01
9.551286879747356018e-01
9.376633043254678501e-01
9.220648386629253235e-01
9.094272324644903094e-01
8.997226214337619155e-01
8.926255321731342285e-01
8.877689986774424113e-01
8.848191678760158885e-01
8.834910455206289592e-01
8.835461067427163862e-01
8.847863459588967139e-01
8.870543036156404160e-01
8.902815357705801125e-01
8.932532972983131536e-01
8.980235928881845631e-01
9.029540287277328936e-01
9.082130902371484682e-01
9.137155073369386260e-01
9.193516078552838033e-01
9.249959386037842624e-01
9.304975344349715183e-01
9.356523337800569662e-01
9.401254859817002041e-01
9.431739870072314291e-01
9.421485231208810429e-01
8.640060598350232102e-01
9.876455306315869986e-01
9.771866331964382812e-01
9.750484429647982010e-01
9.730383702771223664e-01
9.686839963213491611e-01
9.583677854087563341e-01
9.310976395416228346e-01
8.373332995286623115e-01
5.103775914839411287e-01
7.568836217062872851e-02
4.906477628534064994e-01
7.035531812052355782e-01
7.862416512000754976e-01
8.097015362400785676e-01
8.121385229054534083e-01
8.037365652241625913e-01
7.881871295723107407e-01
7.669567340875105277e-01
7.405366703009529372e-01
7.088434303856478991e-01
6.711669872896350864e-01
6.238974750779271439e-01
5.692670352301342218e-01
5.255390208769489258e-01
4.551068780230635991e-01
3.939862030633181078e-01
3.024639816461007213e-01
2.082361816605006744e-01
1.161577644339724796e-01
4.519486650742649686e-02
2.564041347885320440e-02
8.512317691696925925e-02
2.250596857913856608e-01
4.143232698698553484e-01
6.069288120760054639e-01
7.680019540087917873e-01
8.984279021093629636e-01
8.679934305255437854e-01
9.392762435026550394e-01
9.608186917967064256e-01
9.657682347155505109e-01
9.618520378906861845e-01
9.528964330670022242e-01
9.410908245230433788e-01
9.277470375579208728e-01
9.136690876386625026e-01
8.993570538371030709e-01
8.851255646696654100e-01
8.711749235874325370e-01
8.576350467907276620e-01
8.445937878658734688e-01
8.321201431333747900e-01
8.202075486385238534e-01
8.090240282611711464e-01
7.985637244357239872e-01
7.889618100505769727e-01
7.804739548548146333e-01
7.738271554844584621e-01
7.726179707699414312e-01
6.064325882854784133e-01
7.321987707752480867e-01
7.324134112888324166e-01
7.255604322391618899e-01
7.261695474459608501e-01
7.236709588646436098e-01
7.218216259533478674e-01
7.206682144037467319e-01
7.195294816105222147e-01
