9.641149594078386453e-01
9.823572517615754007e-01
9.996503201453129650e-01
1.014330643184421232e+00
1.023282584864450673e+00
1.018603174247295184e+00
8.934771566176641366e-01
-3.910741319060909334e-03
1.498398124358479577e-01
1.000495523951187155e-01
2.885413110125656377e-02
1.646610059743808816e-03
1.273397127471158699e-02
4.263448175082529962e-02
7.782544345369130090e-02
1.116050954709392612e-01
1.415247541994027192e-01
1.670965426953071320e-01
1.886347395858942178e-01
2.067154581578002359e-01
2.219478623149007124e-01
2.348873351495565087e-01
2.460099965647817855e-01
2.557121958892019098e-01
2.643191246929817995e-01
2.720956239708496871e-01
2.792568110360343359e-01
2.859772707229743527e-01
2.923988653308901564e-01
2.986371294266671472e-01
3.047865740502663234e-01
3.109247662841326809e-01
3.171159945673597269e-01
3.234139371075503422e-01
3.298639598163987108e-01
3.365049219547653903e-01
3.433705774220950357e-01
3.504905720798133228e-01
3.578909602629066211e-01
3.655939987717030659e-01
3.736165626153730157e-01
3.819652657780654992e-01
3.906208864047074347e-01
3.992845846646213004e-01
4.084110307522961225e-01
4.154048142546066247e-01
3.025053529511760320e-01
4.501689366520283397e-01
4.598999106278292004e-01
4.720481652675884154e-01
4.854705152035891924e-01
4.998903090986251407e-01
5.154829661167746879e-01
5.321926072671192554e-01
5.501459285489099793e-01
5.694794117887194140e-01
5.903604769636924265e-01
6.129940936407738405e-01
6.376316809032971378e-01
6.645827174098569712e-01
6.942281524728618480e-01
7.270315493594683431e-01
7.635341693220634163e-01
8.042904993322126384e-01
8.496074644948272692e-01
8.986440859639339696e-01
9.463772762102010683e-01
9.734060706460695434e-01
9.155916581032423895e-01
6.336903933901357755e-01
1.791878690298054355e-01
5.962941648767674380e-04
8.201453116501464247e-02
2.134580898809302629e-01
3.290003286978327446e-01
4.221693406186052822e-01
4.976143965709418637e-01
5.598594294195625709e-01
6.122724750014065798e-01
6.571037309639007340e-01
6.958387367585016081e-01
7.294633991356088698e-01
7.586536158324880263e-01
7.839742994672826981e-01
8.071812517814268562e-01
8.189078932642330777e-01
8.340511276055581069e-01
8.441140498103777423e-01
8.498118587081848752e-01
8.506897003732738494e-01
8.458564849729180990e-01
8.337884285328068801e-01
8.120979709480982134e-01
7.771952032614662942e-01
7.240571825665055306e-01
6.466083301222665947e-01
5.398578128473983107e-01
4.051874477829013332e-01
2.574679080411199639e-01
1.255349752646263695e-01
3.742942677387378625e-02
1.940196177952632816e-03
7.713125525165519074e-03
3.661350838641318217e-02
7.413602813377134781e-02
1.118070943921936344e-01
1.456556074570303505e-01
1.742030783115254000e-01
1.969783075462090971e-01
2.132397675659968295e-01
2.184531740548793510e-01
1.308026253045808107e-01
3.132147706956589506e-01
2.984801655814273147e-01
2.996227369714293820e-01
3.030872451628101594e-01
3.069295872551935922e-01
3.107147152404238777e-01
3.143796960163732779e-01
3.179818652976894588e-01
3.216254433846253424e-01
3.254391156234040516e-01
3.295724757304867025e-01
3.342006201179679170e-01
3.394857860021764928e-01
3.460497639988077134e-01
3.539105752322459497e-01
3.639893307055045435e-01
3.775238110897146115e-01
3.970032895433191489e-01
4.282855494370408911e-01
4.892145394016791382e-01
6.643910818313430999e-01
2.040378917813717718e-01
1.315543424069694212e-01
2.274622448857060997e-01
2.750146735575629275e-01
3.073076024854339283e-01
3.344762022952484926e-01
3.610880903327698399e-01
3.903149467345846113e-01
4.255748278618950442e-01
4.719776935561651454e-01
5.387634583248417375e-01
6.434645328098010930e-01
7.966238689251796679e-01
6.519291887592566503e-01
5.045905317824904424e-02
2.046889776746361328e-02
8.722558929703277952e-02
1.441940990971460057e-01
1.892053401343771202e-01
2.269279500400477878e-01
2.611017566034583570e-01
2.947038124064131348e-01
3.307521350617095290e-01
3.735107132890298498e-01
4.296145242387943708e-01
5.186270119235804055e-01
6.913418307017868969e-01
9.873700557196714023e-01
7.533265831457280903e-02
3.818116769025434870e-02
1.211169624591270089e-01
1.778152848134314790e-01
2.175159083993971065e-01
2.471474568225452695e-01
2.701014784521861833e-01
2.879337602099852345e-01
3.003612620222674834e-01
3.090058140806337117e-01
3.111485888650101228e-01
3.053475808533324121e-01
2.884669451372001703e-01
2.556207232309733457e-01
2.000283424691760015e-01
1.163883935401534009e-01
2.255770622572950829e-02
2.865169639452485456e-02
2.967796962212452261e-01
6.503995286732827674e-01
8.580680032607300722e-01
9.492999320850443734e-01
9.881506495986942529e-01
1.005396908193250338e+00
1.012978131449605357e+00
1.015172772186737182e+00
1.013029023209319313e+00
1.005729835698816910e+00
9.904289895235052210e-01
9.606920749819377603e-01
9.028865264909540223e-01
7.907915830486412778e-01
5.900361662263924334e-01
3.146034355357829049e-01
9.730107792008022005e-02
4.288186209367523399e-02
6.441750690294116843e-01
2.735640668150068899e-01
2.780585505871275287e-01
