9.928066615402628692e-01
9.937907997536471472e-01
9.947125975475945570e-01
9.955672546891644048e-01
9.963516121683190230e-01
9.970638813107566278e-01
9.977033902906703444e-01
9.982703509365952188e-01
9.987656476769152247e-01
9.991906496028901685e-01
9.995470459179252032e-01
9.998367044691172101e-01
1.000061552611575699e+00
1.000223479313417485e+00
1.000324257161164132e+00
1.000365482756113034e+00
1.000348533886636693e+00
1.000274541812067763e+00
1.000144376989501760e+00
9.999586466033938414e-01
9.997177023178035471e-01
9.994216567487290703e-01
9.990704072484303255e-01
9.986636656976602966e-01
9.982009931117439283e-01
9.976818379786352997e-01
9.971055773595193239e-01
9.964715598918363337e-01
9.957791499405976854e-01
9.950277722434138772e-01
9.942169564885338096e-01
9.933463813517627861e-01
9.924159175985418635e-01
9.914256699282619767e-01
9.903760173044550141e-01
9.892676515714518004e-01
9.881016142105009115e-01
9.868793311323669215e-01
9.856026454438103768e-01
9.842738481584513144e-01
9.828957068521620988e-01
9.814714922870829694e-01
9.800050030493064890e-01
9.785005882616991668e-01
9.769631684460958754e-01
9.753982546195918424e-01
9.738119657149038044e-01
9.722110444177698430e-01
9.706028715122685391e-01
9.689954788186134760e-01
9.673975607940383803e-01
9.658184848478627016e-01
9.642683003887495552e-01
9.627577465785890354e-01
9.612982587028868764e-01
9.599019729800509770e-01
9.585817295099562374e-01
9.573510728960286098e-01
9.562242498475077568e-01
9.552162027574109260e-01
9.543425578275355203e-01
9.536196057309519469e-01
9.530642720062328932e-01
9.526940732837623216e-01
9.525270539337350462e-01
9.525816956338677421e-01
9.528767894401531935e-01
9.534312558658560866e-01
9.542638927294107010e-01
9.553930223924855802e-01
9.568359983961394200e-01
9.586085148162281078e-01
9.607236375027402575e-01
9.631904411250760134e-01
9.660120841236365941e-01
9.691830768618668879e-01
9.726853835587810915e-01
9.764828260595592724e-01
9.805129967589953921e-01
9.846754952822529550e-01
9.888147603625272453e-01
9.926926179892008317e-01
9.959578145665741733e-01
9.980778876235593122e-01
9.982651814801810630e-01
9.953494907464091046e-01
9.876002091617473999e-01
9.724811669973676409e-01
9.463488021996939725e-01
9.041784890716976220e-01
8.395949666940715206e-01
7.458574181589615604e-01
6.188639650775711321e-01
4.627608855713655212e-01
2.955446971710325443e-01
1.471982578106671158e-01
4.588209975306368343e-02
2.582334554622839340e-03
9.281298736612505693e-03
4.906362552072612848e-02
1.059666775430783831e-01
1.689311890279674433e-01
2.316151850822973091e-01
2.909214268851756380e-01
3.456462635102576786e-01
3.955767493363364640e-01
4.409659696766358161e-01
4.822519488170498025e-01
5.199163721373196712e-01
5.544187158064575183e-01
5.861693513597857619e-01
6.155219863090632959e-01
6.427751682132092359e-01
6.681776123705487347e-01
6.919347596837128744e-01
7.142153404581091936e-01
7.351574159032804312e-01
7.548737138104774091e-01
7.734562380785175995e-01
7.909802025359981004e-01
8.075073643962757952e-01
8.230888358258255932e-01
8.377674458874664332e-01
8.515797157311262300e-01
8.645575003052977658e-01
8.767293413320736972e-01
8.881215692474213608e-01
8.987591862585858626e-01
9.086665584213042823e-01
9.178679414316495144e-01
9.263878623950697611e-01
9.342513779389328699e-01
9.414842274741702655e-01
9.481128990293616887e-01
9.541646237686978171e-01
9.596673139859134283e-01
9.646494580031195198e-01
9.691399839801433380e-01
9.731681031496688394e-01
9.767631414313701077e-01
9.799543666778490758e-01
9.827708167091921965e-01
9.852411297228190756e-01
9.873933683745197420e-01
9.892547764631728358e-01
9.908508607514988631e-01
9.919745842045514239e-01
9.933658092036746767e-01
9.943216739483380362e-01
9.951115602983745534e-01
9.957560959379724297e-01
9.962751988250657664e-01
9.966875419329014330e-01
9.970103662376722520e-01
9.972592743485035882e-01
9.974478498101159163e-01
9.975866468161568301e-01
9.976782010257149169e-01
9.975757150307776877e-01
9.978400279600226908e-01
9.978349138333615365e-01
9.977690957035820762e-01
9.975911052377774979e-01
9.971938527909484096e-01
9.963492853551239037e-01
9.945332782498899071e-01
9.903904496462173634e-01
9.797206154606511452e-01
9.451350983512641912e-01
7.697495082225809249e-01
7.308734658942531159e-02
7.355080078983932124e-01
8.963169425816013280e-01
9.415891365132782465e-01
9.606295330578054070e-01
9.706724927777625744e-01
9.767646925218604892e-01
9.808271334275147080e-01
9.837197257042896714e-01
9.858750585309835612e-01
9.875290615693965712e-01
9.888179620162758088e-01
9.898235250755029746e-01
9.905960046062805002e-01
9.911666283880469219e-01
9.915548189910251553e-01
9.917726132987343401e-01
9.918275211615712461e-01
9.917244817062613738e-01
9.914672844449825551e-01
9.910596729705839492e-01
9.905062781048188381e-01
9.898134970212005834e-01
9.889899724555537563e-01
9.880189984121807711e-01
9.863849967715935252e-01
9.856728760807292877e-01
9.844751432485397968e-01
9.831893615528716213e-01
9.818587717080764499e-01
