9.932913633693528643e-01
9.924730844533476981e-01
9.918014062065337866e-01
9.912688181037886404e-01
9.908658033818216193e-01
9.905814428257536663e-01
9.904039346105637520e-01
9.903210348434615673e-01
9.903204243606782420e-01
9.903900079079177576e-01
9.905181521394270661e-01
9.906938689588303815e-01
9.909069506446034348e-01
9.911480629907056805e-01
9.914088023839418007e-01
9.916817223626454014e-01
9.919603347774313962e-01
9.922390902255889822e-01
9.925133419715824745e-01
9.927792971064498539e-01
9.930339582537001109e-01
9.932750587005687581e-01
9.935009934297719392e-01
9.937107481511054941e-01
9.939038280862672048e-01
9.940801879452056955e-01
9.942401642495100056e-01
9.943844109053900926e-01
9.945138387072498531e-01
9.946295592580733924e-01
9.947328336262866166e-01
9.948250259157925823e-01
9.949075618073227600e-01
9.949818920286729318e-01
9.950494606326024671e-01
9.951116778961066611e-01
9.951698976066660762e-01
9.952253984633787631e-01
9.952793692966349637e-01
9.953328977931262811e-01
9.953869624056487231e-01
9.954424271252803047e-01
9.955000387982112509e-01
9.955604266778818046e-01
9.956241039148258087e-01
9.956914707023326594e-01
9.957628188117244594e-01
9.958383372698599301e-01
9.959181189499723974e-01
9.960021678668238287e-01
9.960904069855248677e-01
9.961826863738905136e-01
9.962787915451055687e-01
9.963784518567733173e-01
9.964813488485099180e-01
9.965871244169073329e-01
9.966953887412622892e-01
9.968057278877113792e-01
9.969177110323806934e-01
9.970308972555528282e-01
9.971448418700068483e-01
9.972591022561766438e-01
9.973732431851608515e-01
9.974868416189015541e-01
9.975994909827922141e-01
9.977108049128775580e-01
9.978204204838787561e-01
9.979280009294519971e-01
9.980332378692684525e-01
9.981358530609546476e-01
9.982355996970297962e-01
9.983322632691402632e-01
9.984256620237578206e-01
9.985156470340319501e-01
9.986021019136440691e-01
9.986849421990711129e-01
9.987641144263464943e-01
9.988395949294345266e-01
9.989113883857415610e-01
9.989795261349689870e-01
9.990440642968788643e-01
9.991050817125441963e-01
9.991626777331815701e-01
9.992169698801508515e-01
9.992680913989185898e-01
9.993161887286423628e-01
9.993614189087139943e-01
9.994039469427781208e-01
9.994439431396401341e-01
9.994815804505439161e-01
9.995170318205722770e-01
9.995504675727030497e-01
9.995820528410441774e-01
9.996119450703342402e-01
9.996402915981779103e-01
9.996672273356026484e-01
9.996928725616135436e-01
9.997173308475858500e-01
9.997406871261937944e-01
9.997630059201274566e-01
9.997843297458705036e-01
9.998046777070924707e-01
9.998240442933951089e-01
9.998423983987776431e-01
9.998596825760798223e-01
9.998758125418467646e-01
9.998906769485996771e-01
9.999041374395397641e-01
9.999160290025036479e-01
9.999261606401133040e-01
9.999343163728695583e-01
9.999402565929788045e-01
9.999437197874192496e-01
9.999444246483099041e-01
9.999420725906902341e-01
9.999363506976683968e-01
9.999269351140284146e-01
9.999134949107358894e-01
9.998956964442983208e-01
9.998732082357670858e-01
9.998457063975193515e-01
9.998128806375918831e-01
9.997744408751778611e-01
9.997301245049826646e-01
9.996797043531644444e-01
9.996229973746622033e-01
9.995598741494320372e-01
9.994902692454381565e-01
9.994141925285418004e-01
9.993317415139617577e-01
9.992431148701359511e-01
9.991486272033324179e-01
9.990487252671619300e-01
9.989440057479628265e-01
9.988352347675947263e-01
9.987233691905914590e-01
9.986095796819938197e-01
9.984952751468277876e-01
9.983821275137003681e-01
9.982720944591036982e-01
9.981674348850347878e-01
9.980707062651796857e-01
9.979847211222130365e-01
9.979124146204494394e-01
9.978565195148649813e-01
9.978188164085523004e-01
9.977984158662012160e-01
9.977877213883682428e-01
9.977624480275020247e-01
9.976549612962655189e-01
9.972747419788410284e-01
9.960303241749755010e-01
9.916960355545813011e-01
9.723477864138092563e-01
8.147745308462908120e-01
6.437413881010237704e-01
9.026414405989727774e-01
9.496860448864086202e-01
9.652014729647543367e-01
9.721068646548247649e-01
9.754252868960723299e-01
9.765006829004349020e-01
9.751266265963970392e-01
9.689323399749421029e-01
9.481091118941600282e-01
8.774935012469713413e-01
8.526398094012778150e-01
9.307613068177688076e-01
9.611781520675085622e-01
9.733175814195607067e-01
9.794976366021375114e-01
9.833055690080766409e-01
9.860118075098209811e-01
9.881510010930950605e-01
9.899777692475747459e-01
9.916218646325916097e-01
9.931459460634457503e-01
9.945630112109243859e-01
9.958261139288457908e-01
9.967767856847769004e-01
9.969905467191934045e-01
9.952951086454637775e-01
9.880147298383111787e-01
9.607884837875322326e-01
8.343323902335276765e-01
1.884956581873206138e-01
4.400922081340084002e-01
7.623575755449574221e-01
8.594701017789645459e-01
8.992718770535476080e-01
9.192937034557548959e-01
9.305627001527035924e-01
9.372402848340846138e-01
9.411932395275866003e-01
9.433703383603844195e-01
9.443030513081385191e-01
9.443150191233530277e-01
9.436196994874849198e-01
9.423700287595865310e-01
9.406855893267501711e-01
