9.711513493792227614e-01
9.682081109396067919e-01
9.660423808134555035e-01
9.645929826094242765e-01
9.637920759338665100e-01
9.635679304737432282e-01
9.638472734973290157e-01
9.645572392354359037e-01
9.656269521985221260e-01
9.669887785174199335e-01
9.685792801787429518e-01
9.703399068237875680e-01
9.722174588184865351e-01
9.741643537713520207e-01
9.761387267360298603e-01
9.781043921192513757e-01
9.800306929301783043e-01
9.818922605443449747e-01
9.836687056854880318e-01
9.853442589040318778e-01
9.869073764996891818e-01
9.883503256238154178e-01
9.896687602301141862e-01
9.908612976334072453e-01
9.919291036933712835e-01
9.928754930655524502e-01
9.937055495559118379e-01
9.944257703705328133e-01
9.950437369648501562e-01
9.955678142547872422e-01
9.960068791484845141e-01
9.963700786788363128e-01
9.966666174551734869e-01
9.969055736920200417e-01
9.970957427086727387e-01
9.972455065088445814e-01
9.973627278401158147e-01
9.974546669841762858e-01
9.975279194370703095e-01
9.975883725915447586e-01
9.976411795277371208e-01
9.976907480449377363e-01
9.977407431233940027e-01
9.977941010852923176e-01
9.978530538267375016e-01
9.979191616190105085e-01
9.979933531282543235e-01
9.980759714914076985e-01
9.981668255317412974e-01
9.982652455453524531e-01
9.983701436308972665e-01
9.984800794688565295e-01
9.985933342248812794e-01
9.987079989351143050e-01
9.988220921386106177e-01
9.989337427979387840e-01
9.990415354450274954e-01
9.991453189503549659e-01
9.992486386516623575e-01
9.993690660902704304e-01
9.996239721817594681e-01
9.977006108930588368e-01
9.989828696710688627e-01
9.990727470029292512e-01
9.990588542359327695e-01
9.989930481290737463e-01
9.988858760268258807e-01
9.987400732972081530e-01
9.985561520169752292e-01
9.983339046687265128e-01
9.980729297681085743e-01
9.977728491396551380e-01
9.974334081723988943e-01
9.970545249965264700e-01
9.966363146514785054e-01
9.961790997234701850e-01
9.956834129802116795e-01
9.951499948878749224e-01
9.945797876332479470e-01
9.939739266376308446e-01
9.933337302097193788e-01
9.926606877972136145e-01
9.919564471905848446e-01
9.912228009726935518e-01
9.904616724767643099e-01
9.896751015041576061e-01
9.888652300616006530e-01
9.880342884045428820e-01
9.871845817258994016e-01
9.863184779200599994e-01
9.854383969978248725e-01
9.845468029664801168e-01
9.836461993707810159e-01
9.827391303087210650e-01
9.818281897144436332e-01
9.809160431610204345e-01
9.800054681670632428e-01
9.790994187304036256e-01
9.782011043503880954e-01
9.773139684439008379e-01
9.764407767486298351e-01
9.755757777355963389e-01
9.746182811915767852e-01
9.697456305827811818e-01
9.659319190587770665e-01
9.704571199545020121e-01
9.702918219538767541e-01
9.697126504729136620e-01
9.690334935974670438e-01
9.683270233555527629e-01
9.676209235398093300e-01
9.669333595012706839e-01
9.662923387294060085e-01
9.657248068553436759e-01
9.635835517570588982e-01
9.637165645106346989e-01
9.631811815862045822e-01
9.625825023803376013e-01
9.619731568305305291e-01
9.613657593604174600e-01
9.607643197359282405e-01
9.601700320357993146e-01
9.595829112387919135e-01
9.590023897745458825e-01
9.584275786571373468e-01
9.578574005357773924e-01
9.572906675351822159e-01
9.567261330440164357e-01
9.561625303216293448e-01
9.555986040428228190e-01
9.550331378485021894e-01
9.544649794837414269e-01
9.538930643285906674e-01
9.533164376891034575e-01
9.527342759464658695e-01
9.521459064660230398e-01
9.515508259913229017e-01
9.509487170369795850e-01
9.503394614626942127e-01
9.497231497936959865e-01
9.491000835322361828e-01
9.484707645575477519e-01
9.478358573068534909e-01
9.471960837601943739e-01
9.465519180482274697e-01
9.459025163080028165e-01
9.452404043106904519e-01
9.444974317388054041e-01
9.429515474714912360e-01
9.433823228373441339e-01
9.427966056203104239e-01
9.422005189579870654e-01
9.416179004926152896e-01
9.410537143774128088e-01
9.405108934891859285e-01
9.399917521409179022e-01
9.394980677906697997e-01
9.390308996312195511e-01
9.385902588221981535e-01
9.381745748104806104e-01
9.377797710354980332e-01
9.373974686961215053e-01
9.370109418067026352e-01
9.365841137212476131e-01
9.360225683478329284e-01
9.349591466251281346e-01
9.291725111107487223e-01
9.376033574574480500e-01
9.373095505456376930e-01
9.365655508263939222e-01
9.358921112962375055e-01
9.351291902102294440e-01
9.341592720400963001e-01
9.328621446219741431e-01
9.311508579015378428e-01
9.202443254071367429e-01
9.230331069561761304e-01
9.162702058315108644e-01
9.039040843348064014e-01
8.775434676888279606e-01
7.973419074188715649e-01
4.264468645944784475e-01
8.997584056949672338e-01
9.347141596004744368e-01
8.709476991172001581e-01
7.265931374078742344e-01
9.510519335333961211e-01
9.699652989637311817e-01
9.695200861458950214e-01
9.663583350530486893e-01
9.625000517503499164e-01
9.582482663581167737e-01
9.535776113495884054e-01
9.483650196876659555e-01
9.424214138636812788e-01
9.354633042921053354e-01
9.270348128697210033e-01
9.163400364068441384e-01
9.018630531292494146e-01
8.804068873987412891e-01
