1.093841672729497949e+00
1.076184805414599710e+00
1.059176277798542287e+00
1.043135886673139279e+00
1.028305985449400550e+00
1.014859359359676416e+00
1.002907308697883249e+00
9.925076986858872852e-01
9.836727876334030451e-01
9.763766905829508458e-01
9.705623743442122198e-01
9.661481124167591306e-01
9.630333554479619806e-01
9.611039951894613242e-01
9.602370179836099418e-01
9.603045581697972066e-01
9.611773729376889008e-01
9.627277685286756981e-01
9.648320137041853650e-01
9.673722804300721734e-01
9.702381541041431579e-01
9.733277566701046268e-01
9.765485258782852229e-01
9.798176929981590177e-01
9.830624996576161623e-01
9.862201923481587196e-01
9.892378306402204169e-01
9.920719424182209423e-01
9.946880565742836078e-01
9.970601406731584015e-01
9.991699681879331330e-01
1.001006437056875642e+00
1.002564858569098938e+00
1.003846232974594743e+00
1.004856525759264096e+00
1.005605956231829357e+00
1.006108307947246816e+00
1.006380268531635203e+00
1.006440804672831923e+00
1.006310576376900912e+00
1.006011393043326985e+00
1.005565712442682891e+00
1.004996182243020453e+00
1.004325222254333960e+00
1.003574643943586198e+00
1.002765301868716152e+00
1.001916769258922590e+00
1.001047026682568619e+00
1.000172148031418518e+00
9.993059610038712570e-01
9.984596483785954657e-01
9.976412390719423540e-01
9.968549097999841457e-01
9.960999711632412268e-01
9.953693315399689823e-01
9.946470907568402131e-01
9.939046593382011574e-01
9.930943194788528494e-01
9.921382118328346822e-01
9.909088439215714139e-01
9.891932059990635739e-01
9.866235999776803434e-01
9.825369406926290905e-01
9.756701150288025204e-01
9.634519429397500057e-01
9.402316384400452032e-01
8.926187266266285558e-01
7.884991995034611456e-01
5.780363567324487972e-01
3.797621175002681149e-01
4.807613664756224536e-01
6.562052428714550967e-01
7.659801121441838223e-01
8.280849112379563559e-01
8.646938546654314717e-01
8.872158137170416126e-01
9.009979022878678023e-01
9.081525717471631287e-01
9.083250221294465465e-01
8.975273182162240015e-01
8.633440693957784573e-01
7.771425196829072624e-01
6.544890038058276405e-01
6.753888774878781254e-01
7.680628385120217283e-01
8.275908288581415029e-01
8.603211855264526475e-01
8.790560254067981694e-01
8.903181478211402711e-01
8.972364223043912679e-01
9.013842798043761873e-01
9.035863637466639009e-01
9.042654357219399586e-01
9.035837977789359377e-01
9.014671846652378973e-01
8.975012389626296772e-01
8.905283264527124043e-01
8.770608519730848096e-01
8.416720352165123487e-01
5.069966437546676863e-01
1.020849445990238857e+00
9.621216732252888537e-01
9.433574549209514659e-01
9.334111174428971758e-01
9.267660284465198961e-01
9.216901438085026710e-01
9.174719652474269127e-01
9.137690834176129817e-01
9.103987718935971918e-01
9.072563206405481750e-01
9.042786158984763567e-01
9.014262021756986876e-01
8.986737407163254421e-01
8.960046120022546745e-01
8.934077047901620716e-01
8.908754247118176872e-01
8.884024163569312904e-01
8.859847210385023430e-01
8.836192116934982188e-01
8.813032116544983197e-01
8.790342413516963882e-01
8.768098593010468234e-01
8.746275777604505253e-01
8.724848429046992981e-01
8.703790764786918377e-01
8.683077821131557350e-01
8.662687260754656782e-01
8.642602106518721961e-01
8.622814709889555784e-01
8.603332478421080731e-01
8.584186305755461266e-01
8.565443575963190836e-01
8.547230021272052003e-01
8.529772280468786994e-01
8.513503585639922155e-01
8.499453648738540812e-01
8.492260206831687697e-01
8.407030889138631391e-01
8.447503901482799060e-01
8.447432496989851769e-01
8.451659505889856927e-01
8.465575269543677006e-01
8.494976110725821483e-01
8.548545964801350650e-01
8.640085621354932632e-01
8.790291298175133550e-01
9.011776610148368727e-01
9.063375118636493033e-01
5.184290358606905569e-01
7.710274192566167473e-02
3.393509945972024711e-01
4.546552748871143801e-01
5.035954611808222126e-01
5.245208982315092694e-01
5.311084760670942151e-01
5.290660720517411653e-01
5.210987545493716011e-01
5.086040684575935389e-01
4.923460624867971869e-01
4.727617236426308600e-01
4.501204068430854632e-01
4.246214963329655867e-01
3.964674802028619882e-01
3.659302337752088352e-01
3.334186580552959689e-01
2.995486376177751153e-01
2.652082576940880676e-01
2.316012415055151707e-01
2.002413243622216121e-01
1.728656388145062839e-01
1.512459308715198569e-01
1.369107740350508640e-01
1.308448941766694462e-01
1.332759655777979169e-01
1.436556907342894651e-01
1.608733935192895315e-01
1.836374410707659610e-01
2.108824043146412530e-01
2.420472623641844734e-01
2.771177848134334654e-01
3.164102583630316046e-01
3.601751416651002291e-01
4.081908559437594786e-01
4.595433173197072674e-01
5.126986893073910423e-01
5.658143226889521538e-01
6.171152900190305379e-01
6.651719255178715207e-01
7.090111637175449122e-01
7.480888298550888438e-01
7.821892033520031484e-01
8.113099898785000041e-01
8.355653019527344849e-01
8.551171294025770031e-01
8.701330963271345365e-01
8.807629837655075455e-01
8.871243670756964184e-01
8.892841629886719668e-01
8.872095224926115353e-01
8.806082533109592658e-01
