9.550970658244908318e-01
9.498381879783037718e-01
9.453509904255747998e-01
9.415936984049266822e-01
9.385164826832967933e-01
9.360650834814098209e-01
9.341838998286894347e-01
9.328185523716165939e-01
9.319179400402753943e-01
9.314358201547787708e-01
9.313319477936772284e-01
9.315728138095726862e-01
9.321320220167570447e-01
9.329903449890253331e-01
9.341354947605199355e-01
9.355616396028483273e-01
9.372686909454548410e-01
9.392613752782433822e-01
9.415480942073088944e-01
9.441395611697995793e-01
9.470471847789385667e-01
9.502811450321545506e-01
9.538480777380050624e-01
9.577482417070626308e-01
9.619719885461286424e-01
9.664952807451647754e-01
9.712739024993697345e-01
9.762358690635104530e-01
9.812713510783684923e-01
9.862191742907100434e-01
9.908486163088042753e-01
9.948347918861717432e-01
9.977254150660793686e-01
9.988962408461915521e-01
9.974922818985507700e-01
9.923526009081637955e-01
9.819194868207649085e-01
9.641409259116838770e-01
9.363934814038437082e-01
8.954883358067716737e-01
8.378822961181338069e-01
7.602874485724592235e-01
6.608942533514372553e-01
5.412330305660246754e-01
4.081018744054960568e-01
2.741273797311196692e-01
1.553871658340001682e-01
6.629492294055211454e-02
1.464456301269939642e-02
4.476399977389123648e-05
1.610113808576500369e-02
5.404692282088840311e-02
1.055768828912485441e-01
1.641744666638042804e-01
2.253097913312617773e-01
2.861062505807459022e-01
3.448808191389394762e-01
4.007405602675168654e-01
4.532841238410881268e-01
5.024000987988979094e-01
5.481383423096207741e-01
5.906312537498121795e-01
6.300474155822513023e-01
6.665654926001988168e-01
7.003605134556422085e-01
7.315976930046322879e-01
7.604317347142518502e-01
7.870261499713873121e-01
8.113255167786226352e-01
8.337625043107108613e-01
8.542530971853976585e-01
8.729299958185057218e-01
8.898948755436675295e-01
9.052432193277706318e-01
9.190669372165853890e-01
9.314553112430047355e-01
9.424954700650604034e-01
9.522726136869945623e-01
9.608700700111905135e-01
9.683692332242130885e-01
9.748494223570048911e-01
9.803876913497803214e-01
9.850586162321892658e-01
9.889340798475759753e-01
9.920830697965876688e-01
9.945715009921104466e-01
9.964620704623731173e-01
9.978141488455354313e-01
9.986837103928257742e-01
9.991233012186366835e-01
9.991820439608919413e-01
9.989056758974422801e-01
9.983366165904419276e-01
9.975140621689535525e-01
9.964740989181483100e-01
9.952498363178927665e-01
9.938715517651568465e-01
9.923668451267655399e-01
9.907607992568240318e-01
9.890761435487923636e-01
9.873334179589501325e-01
9.855511353383505924e-01
9.837459402956595378e-01
9.819327631702762238e-01
9.801249680245922580e-01
9.783344938587944517e-01
9.765719885194446004e-01
9.748469350094163266e-01
9.731677701241673306e-01
9.715419955403267194e-01
9.699762816776654750e-01
9.684765648601669774e-01
9.670481385340816693e-01
9.656957395898071450e-01
9.644236312337237660e-01
9.632356844492616643e-01
9.621354610471533064e-01
9.611263029923310386e-01
9.602114359609453809e-01
9.593941022185582534e-01
9.586777561516006685e-01
9.580664128524436496e-01
9.575654743199834007e-01
9.571847963307043017e-01
9.569655270074922671e-01
9.565005977727897291e-01
9.566478396904033454e-01
9.568096772353276158e-01
9.571386540247226460e-01
9.576890701619790169e-01
9.585449768823137706e-01
9.598722376527476507e-01
9.620583427533615506e-01
9.660359810352359133e-01
9.727975417550669412e-01
8.757558758863035475e-01
9.379445044027676648e-01
9.468629385925374509e-01
9.507316552158581180e-01
9.531594237059599628e-01
9.550052343880472971e-01
9.565734676333160769e-01
9.579969542931390247e-01
9.593412377544511260e-01
9.606410865183657721e-01
9.619156229157035387e-01
9.631754272008808959e-01
9.644262398122940283e-01
9.656710938578052517e-01
9.669116885131869843e-01
9.681494013450487879e-01
9.693861604600145787e-01
9.706253220783191971e-01
9.718726737366861768e-01
9.731376837842071748e-01
9.744351161759137181e-01
9.757873221866990576e-01
9.772266812905689992e-01
9.787983309208145855e-01
9.805584471873727281e-01
9.825498252539367483e-01
9.846592666804878657e-01
9.857558774127561652e-01
9.764149603663522248e-01
7.988535628633592900e-01
4.114929364874445605e-01
7.599902451453354191e-01
8.972847015577226637e-01
9.187512044997035998e-01
9.286286432890524800e-01
9.337012086382652232e-01
9.362988202175192010e-01
9.374082258497701270e-01
9.375038213930821929e-01
9.368279377411924402e-01
9.355009384089085778e-01
9.335683798660733279e-01
9.310211830153434232e-01
9.278023784355682313e-01
9.238058560046346068e-01
9.188691767930313725e-01
9.127608863702124653e-01
9.051618448612843704e-01
8.956394789283222968e-01
8.836134918578841813e-01
8.683116208617915888e-01
8.487150666424081447e-01
8.234965107259462069e-01
7.909617658393823802e-01
7.490237990118993050e-01
6.952722932476499418e-01
6.272593208093331096e-01
5.431916233152349616e-01
4.432324514916148317e-01
3.313801466358569092e-01
2.171540240463365745e-01
1.152800970512177503e-01
4.167235071539875796e-02
6.867299722369174346e-03
1.154176469336618514e-02
