9.959971128660398687e-01
9.959564444640498504e-01
9.959603861105295053e-01
9.960007846797311881e-01
9.960700984202968122e-01
9.961614632129299762e-01
9.962687297233343564e-01
9.963864764874910129e-01
9.965100034733685996e-01
9.966353101702501993e-01
9.967590617751621584e-01
9.968785465845831917e-01
9.969916272650777289e-01
9.970966882729664915e-01
9.971925813222900503e-01
9.972785704655282579e-01
9.973542780497802740e-01
9.974196325443535072e-01
9.974748190023412509e-01
9.975202327140846315e-01
9.975564364377471627e-01
9.975841214436239612e-01
9.976040724859128739e-01
9.976171367143759072e-01
9.976241964567515996e-01
9.976261457379167474e-01
9.976238703530844187e-01
9.976182312755549342e-01
9.976100511552972172e-01
9.976001036484578588e-01
9.975891053108401074e-01
9.975777097867937204e-01
9.975665040302658104e-01
9.975560063014056178e-01
9.975466656953854150e-01
9.975388629726108514e-01
9.975329124762700728e-01
9.975290649384561670e-01
9.975275109944538032e-01
9.975283852411445107e-01
9.975317706931796646e-01
9.975377035067090059e-01
9.975461778567842330e-01
9.975571508695558753e-01
9.975705475242353515e-01
9.975862654538503183e-01
9.976041795850204563e-01
9.976241465687480936e-01
9.976460089639230810e-01
9.976695991447233069e-01
9.976947429102934750e-01
9.977212627835065906e-01
9.977489809902139184e-01
9.977777221171933997e-01
9.978073154506479359e-01
9.978375970015743723e-01
9.978684112270941320e-01
9.978996124597051542e-01
9.979310660586285797e-01
9.979626492986430897e-01
9.979942520133847639e-01
9.980257770108231785e-01
9.980571402788374069e-01
9.980882709995391178e-01
9.981191113903522538e-01
9.981496163904209906e-01
9.981797532095879610e-01
9.982095007575476631e-01
9.982388489694247191e-01
9.982677980439358389e-01
9.982963576089229907e-01
9.983245458284831786e-01
9.983523884653779934e-01
9.983799179108814315e-01
9.984071721937515242e-01
9.984341939792822362e-01
9.984610295678862935e-01
9.984877279030379693e-01
9.985143395960581758e-01
9.985409159756968300e-01
9.985675081693963229e-01
9.985941662221822224e-01
9.986209382586125338e-01
9.986478696927650889e-01
9.986750024907697920e-01
9.987023744893250843e-01
9.987300187737510049e-01
9.987579631185132811e-01
9.987862294923907092e-01
9.988148336308794173e-01
9.988437846769144812e-01
9.988730848921419936e-01
9.989027294391472633e-01
9.989327062358717146e-01
9.989629958829794321e-01
9.989935716641397123e-01
9.990243996195093956e-01
9.990554386926563391e-01
9.990866409501482082e-01
9.991179518734603082e-01
9.991493107226500081e-01
9.991806509703524686e-01
9.992119008055021512e-01
9.992429837045588847e-01
9.992738190692544986e-01
9.993043229278706363e-01
9.993344086986700736e-01
9.993639880118825314e-01
9.993929715873940411e-01
9.994212701647233743e-01
9.994487954809343488e-01
9.994754612918468339e-01
9.995011844318799632e-01
9.995258859059679146e-01
9.995494920077151457e-01
9.995719354563361581e-01
9.995931565442309763e-01
9.996131042864314642e-01
9.996317375623292589e-01
9.996490262382906611e-01
9.996649522598141102e-01
9.996795106999085689e-01
9.996927107494276710e-01
9.997045766340023620e-01
9.997151484403558053e-01
9.997244828340587919e-01
9.997326536486528248e-01
9.997397523248133799e-01
9.997458881766713157e-01
9.997511884606969934e-01
9.997557982207010419e-01
9.997598798809301801e-01
9.997636125577270549e-01
9.997671910573742160e-01
9.997708245274431471e-01
9.997747347260160788e-01
9.997791538712701431e-01
9.997843220330188130e-01
9.997904840244330460e-01
9.997978857515016360e-01
9.998067699747779091e-01
9.998173714359493980e-01
9.998299112994937232e-01
9.998445908562780815e-01
9.998615844326538271e-01
9.998810314443595804e-01
9.999030275283795621e-01
9.999276146790218034e-01
9.999547703039165514e-01
9.999843951022016064e-01
1.000016299648366358e+00
1.000050189538856937e+00
1.000085648922511616e+00
1.000122122184954332e+00
1.000158893485072920e+00
1.000195063741385892e+00
1.000229524521570212e+00
1.000260928082509881e+00
1.000287652511067105e+00
1.000307760481225827e+00
1.000318949503701482e+00
1.000318490587148723e+00
1.000303150778051986e+00
1.000269092804278559e+00
1.000211741516026098e+00
1.000125601129041364e+00
1.000003997874623574e+00
9.998387066686749147e-01
9.996193922874633264e-01
9.993327441640584841e-01
9.989610858507514957e-01
9.984800431458314973e-01
9.978544342011025359e-01
9.970305789930830054e-01
9.959208007084113801e-01
9.943690812575858295e-01
9.920646884555848199e-01
9.882825207764626141e-01
9.808556080595192128e-01
9.594742004531945367e-01
7.269351817041983521e-01
1.010924086748395512e+00
1.014677594367013436e+00
1.010276519808196216e+00
1.007138095790226950e+00
1.004768613164354285e+00
1.002816937999430280e+00
1.001099057715497898e+00
9.995157189679974019e-01
9.980116431809202826e-01
9.965562501126896677e-01
9.951340950451876832e-01
9.937398626996635231e-01
9.923756237776515388e-01
9.910492744051202507e-01
9.897736183404233223e-01
9.885658049521336421e-01
9.874469608826761391e-01
9.864419176629315444e-01
9.855789718496816842e-01
