9.988866598454130274e-01
9.988841926915751346e-01
9.988821549223003693e-01
9.988805327816850932e-01
9.988793122550246872e-01
9.988784794493715813e-01
9.988780208919381121e-01
9.988779237562663837e-01
9.988781760252722908e-01
9.988787666002674204e-01
9.988796853641424001e-01
9.988809232063411425e-01
9.988824720165806470e-01
9.988843246537114640e-01
9.988864748948937944e-01
9.988889173703799917e-01
9.988916474879238061e-01
9.988946613501410443e-01
9.988979556686475858e-01
9.989015276765563778e-01
9.989053750421545974e-01
9.989094957851144541e-01
9.989138881964771954e-01
9.989185507634757988e-01
9.989234821000143594e-01
9.989286808829689335e-01
9.989341457948788250e-01
9.989398754727474294e-01
9.989458684633181207e-01
9.989521231843809801e-01
9.989586378919835807e-01
9.989654106529499700e-01
9.989724393230815513e-01
9.989797215296529753e-01
9.989872546586739954e-01
9.989950358457777568e-01
9.990030619710433823e-01
9.990113296566422996e-01
9.990198352674344306e-01
9.990285749138273497e-01
9.990375444567809460e-01
9.990467395143467488e-01
9.990561554697070523e-01
9.990657874803801075e-01
9.990756304880378247e-01
9.990856792292244215e-01
9.990959282463749425e-01
9.991063718991128884e-01
9.991170043755666086e-01
9.991278197038453435e-01
9.991388117630607413e-01
9.991499742944967011e-01
9.991613009121228517e-01
9.991727851129110771e-01
9.991844202866283497e-01
9.991961997252716277e-01
9.992081166319635166e-01
9.992201641293024794e-01
9.992323352673306847e-01
9.992446230308850152e-01
9.992570203464911094e-01
9.992695200888476181e-01
9.992821150867206015e-01
9.992947981285449366e-01
9.993075619674238741e-01
9.993203993259545115e-01
9.993333029005221357e-01
9.993462653653325534e-01
9.993592793761110205e-01
9.993723375735630299e-01
9.993854325865884070e-01
9.993985570351286984e-01
9.994117035330375431e-01
9.994248646906916944e-01
9.994380331174045340e-01
9.994512014238660091e-01
9.994643622242069814e-01
9.994775081384122961e-01
9.994906317943484941e-01
9.995037258298096194e-01
9.995167828946569522e-01
9.995297956529783923e-01
9.995427567851078443e-01
9.995556589897158783e-01
9.995684949861043389e-01
9.995812575163854907e-01
9.995939393477470958e-01
9.996065332749343169e-01
9.996190321225583153e-01
9.996314287478200722e-01
9.996437160429437752e-01
9.996558869381306778e-01
9.996679344043025717e-01
9.996798514560191196e-01
9.996916311546955036e-01
9.997032666117471322e-01
9.997147509917849728e-01
9.997260775162168933e-01
9.997372394667571882e-01
9.997482301890378009e-01
9.997590430965395125e-01
9.997696716743335044e-01
9.997801094833332902e-01
9.997903501642486646e-01
9.998003874420963166e-01
9.998102151302925567e-01
9.998198271354101774e-01
9.998292174616644212e-01
9.998383802155552669e-01
9.998473096107386437e-01
9.998559999728980907e-01
9.998644457445376998e-01
9.998726414902106008e-01
9.998805819013947271e-01
9.998882618016451396e-01
9.998956761517978631e-01
9.999028200550177381e-01
9.999096887619020047e-01
9.999162776757510862e-01
9.999225823574643401e-01
9.999285985306378688e-01
9.999343220864452819e-01
9.999397490884112116e-01
9.999448757771147722e-01
9.999496985745519595e-01
9.999542140884515318e-01
9.999584191162996794e-01
9.999623106489824442e-01
9.999658858741685696e-01
9.999691421793458490e-01
9.999720771543608722e-01
9.999746885934779339e-01
9.999769744971566121e-01
9.999789330728164893e-01
9.999805627353081094e-01
9.999818621067119162e-01
9.999828300150961358e-01
9.999834654929073974e-01
9.999837677741219011e-01
9.999837362907586513e-01
9.999833706684150281e-01
9.999826707206579401e-01
9.999816364426131754e-01
9.999802680034194369e-01
9.999785657375267478e-01
9.999765301351285496e-01
9.999741618313130465e-01
9.999714615943577911e-01
9.999684303129582341e-01
9.999650689825182459e-01
9.999613786906933477e-01
9.999573606021533445e-01
9.999530159428602349e-01
9.999483459841082000e-01
9.999433520262221986e-01
9.999380353826725631e-01
9.999323973646870867e-01
9.999264392666525891e-01
9.999201623530739047e-01
9.999135678472270694e-01
9.999066569222597733e-01
9.998994306953598032e-01
9.998918902255395924e-01
9.998840365156715926e-01
9.998758705194832341e-01
9.998673931540831283e-01
9.998586053183788902e-01
9.998495079178341127e-01
9.998401018947147278e-01
9.998303882635658502e-01
9.998203681487958239e-01
9.998100428203396950e-01
9.997994137186245744e-01
9.997884824536451553e-01
9.997772507506924589e-01
9.997657202908742935e-01
9.997538923474910133e-01
9.997417670170878345e-01
9.997293416102588370e-01
9.997166071793966990e-01
9.997035405040853862e-01
9.996900834325365137e-01
9.996760796404221550e-01
9.996610183712665298e-01
9.996422558624459276e-01
9.995357839459941829e-01
9.996321921328911175e-01
9.996158733963312892e-01
9.996008435793380942e-01
9.995864541489533073e-01
9.995724364975558940e-01
9.995587267562613398e-01
9.995453353613588110e-01
9.995323062260446090e-01
9.995197013960478438e-01
9.995075939612804161e-01
9.994960638432049960e-01
9.994851944449056891e-01
9.994750692379370527e-01
9.994657677305915922e-01
