7.583358347356182749e-01
7.498553295360458337e-01
7.443415185105034526e-01
7.416195652190609167e-01
7.414951605813333568e-01
7.437394465329573157e-01
7.480895404292584594e-01
7.542534922264121366e-01
7.619159614206341136e-01
7.707426579838839720e-01
7.803821603649788718e-01
7.904952650900005651e-01
8.009502964297713357e-01
8.110907271499320226e-01
8.205349063619896688e-01
8.289641388025061897e-01
8.359448579948119962e-01
8.410000465139779724e-01
8.435092568651758604e-01
8.426734822209930309e-01
8.374023009508883009e-01
8.261110031661378361e-01
8.063447554340059664e-01
7.745113050829458556e-01
7.246078965151577789e-01
6.477884343014962409e-01
5.323913079459463571e-01
3.702618746744414380e-01
1.790254867889315149e-01
3.072195345987995332e-02
9.228870845555882385e-03
1.044885451224433076e-01
2.383761033041489341e-01
3.581762854785315309e-01
4.498228209986443460e-01
5.157688804012148243e-01
5.635693976063409494e-01
5.962011399354030239e-01
6.191071295701214838e-01
6.348963323215286447e-01
6.455304629229111635e-01
6.524166889185039064e-01
6.565799152749499656e-01
6.587892146644549474e-01
6.596440426834537796e-01
6.596358586865225249e-01
6.591958636775833158e-01
6.587374645223164071e-01
6.587019883641630491e-01
6.596180080239152366e-01
6.620712540695341541e-01
6.676115306863911192e-01
6.775599571472089577e-01
6.955365570300684475e-01
7.288204433716444219e-01
7.949842968793107145e-01
9.226646309986687999e-01
2.840799431670908426e-01
1.103776001475192392e-01
2.655926535430443436e-01
3.328428671461339250e-01
3.654247345439636252e-01
3.822296207851977878e-01
3.906152044396872247e-01
3.939337838527966484e-01
3.938906660980862617e-01
3.914114189979075453e-01
3.869948783756523292e-01
3.809061354667939714e-01
3.731581122916431403e-01
3.635057178096890440e-01
3.509278300718128296e-01
3.286259767289054223e-01
3.582603902022616915e-01
3.272352918970959368e-01
3.057513106513434775e-01
2.828911808350759172e-01
2.564641100389910555e-01
2.245310521508054880e-01
1.851564599636203734e-01
1.368865456821719562e-01
7.959340284140718758e-02
2.173663223124116042e-02
4.892229292778592711e-03
1.499891404589582256e-01
5.348210702987048482e-01
8.633529718315559043e-01
9.608070281900161769e-01
9.460385821533093820e-01
9.045048252438615544e-01
8.632582525220503511e-01
8.283368827720154481e-01
8.000027746568405540e-01
7.771784466945446113e-01
7.586128504366076442e-01
7.431129751433019903e-01
7.294778094327518669e-01
7.162454521448429201e-01
7.010569325679890662e-01
6.786397787223126254e-01
6.315290247616387465e-01
4.467730995709366937e-01
7.243946754804548860e-01
8.586829008488618964e-01
8.300467921897982659e-01
8.182104359976963837e-01
8.144014400554007160e-01
8.149112684582587862e-01
8.180905811233475378e-01
8.230879114918649986e-01
8.293927247151787752e-01
8.362355645657048031e-01
8.450280976865855997e-01
8.537299918812011335e-01
8.629356402326132658e-01
8.725269374422409685e-01
8.825510710870253517e-01
8.861996435552766949e-01
9.010656834215845512e-01
9.109980512057864743e-01
9.205660131773834021e-01
9.297800400048040759e-01
9.385646363094510836e-01
9.468305938482191042e-01
9.544849635282010025e-01
9.614148732445707557e-01
9.675920245655247331e-01
9.730231182523768618e-01
9.774951853480357000e-01
9.810371602752114839e-01
9.836503169819613701e-01
9.834834108439413081e-01
9.830072613809894833e-01
9.840708680708974976e-01
9.817575951660408862e-01
9.772268772607128895e-01
9.674511623333497123e-01
9.555265588152596079e-01
9.202324639571036746e-01
8.331386745041617914e-01
6.142668988271750008e-01
2.273420607371154922e-01
6.265185598727787339e-03
5.956313552328888761e-02
1.477271428623058436e-01
1.897704153163227436e-01
2.018105401523666576e-01
1.739102825458221924e-01
1.221941790880913953e-01
5.737931078146200903e-02
6.371898808886320743e-03
2.929880808102382564e-02
2.272739994558863053e-01
4.096758102292912262e-01
6.929717939287101114e-01
8.641776496957456200e-01
9.484170570873967643e-01
8.962915192262129738e-01
9.545992356858664651e-01
9.481475695503148726e-01
6.986299034847776035e-01
9.049697196619492789e-01
8.854740455718518310e-01
8.643921909793520486e-01
8.429220844474566432e-01
8.211839902202350272e-01
7.990863365154123876e-01
7.761078931248592827e-01
7.511117398226073716e-01
7.224888550011805410e-01
6.868946087799490119e-01
6.363423417862485998e-01
5.466712887234366214e-01
3.122273531974329996e-01
3.668256805430666900e-01
9.341255116171749417e-01
8.645808315048433279e-01
8.173131439952876498e-01
7.878527594497953812e-01
7.755295545495390908e-01
6.026467318980701648e-01
6.612583383774607304e-01
6.907128487966559538e-01
6.833196865575641432e-01
6.755984456690131701e-01
6.688547476876604003e-01
6.634724528637372387e-01
6.596469684715091653e-01
6.575227445970639462e-01
6.572272973308858068e-01
6.588711368744769592e-01
6.623661159347360439e-01
6.686767790728727068e-01
6.768400168389390181e-01
6.873523446594891340e-01
7.002260439922642909e-01
7.154400901450712613e-01
7.329208974160544843e-01
7.525299479006302139e-01
7.740531357865743090e-01
