9.861477707458865538e-01
9.862793098549067494e-01
9.864142438727248052e-01
9.865528365525615406e-01
9.866952979248206912e-01
9.868417875251549454e-01
9.869924180317616313e-01
9.871472591439619526e-01
9.873063415644592888e-01
9.874696609741659969e-01
9.876371819133493712e-01
9.878088415015940926e-01
9.879845529492955469e-01
9.881642088264528390e-01
9.883476840677144493e-01
9.885348387036495543e-01
9.887255203156340988e-01
9.889195662187590941e-01
9.891168053829221263e-01
9.893170601047597268e-01
9.895201474472192782e-01
9.897258804644893937e-01
9.899340692312715850e-01
9.901445216958003614e-01
9.903570443761057218e-01
9.905714429180511038e-01
9.907875225334455971e-01
9.910050883348610062e-01
9.912239455834712665e-01
9.914438998641326162e-01
9.916647572012063927e-01
9.918863241267067421e-01
9.921084077122270806e-01
9.923308155731208613e-01
9.925533558538848222e-01
9.927758372013362198e-01
9.929980687321902089e-01
9.932198599995654131e-01
9.934410209631325817e-01
9.936613619660672470e-01
9.938806937218194193e-01
9.940988273126012409e-01
9.943155742014579968e-01
9.945307462590704528e-01
9.947441558057602551e-01
9.949556156696811593e-01
9.951649392609659417e-01
9.953719406620024079e-01
9.955764347334703501e-01
9.957782372361889678e-01
9.959771649677332528e-01
9.961730359142181301e-01
9.963656694158418148e-01
9.965548863463815632e-01
9.967405093057578602e-01
9.969223628255158287e-01
9.971002735866327793e-01
9.972740706493782303e-01
9.974435856951625601e-01
9.976086532799793849e-01
9.977691110995872137e-01
9.979248002665711548e-01
9.980755655992599173e-01
9.982212559231440352e-01
9.983617243849508549e-01
9.984968287804690812e-01
9.986264318965001330e-01
9.987504018682917817e-01
9.988686125534677052e-01
9.989809439241289502e-01
9.990872824787110362e-01
9.991875216755630174e-01
9.992815623910279443e-01
9.993693134045369408e-01
9.994506919141665779e-01
9.995256240868723996e-01
9.995940456478424885e-01
9.996559025156258604e-01
9.997111514895986595e-01
9.997597609994013368e-01
9.998017119283799659e-01
9.998369985264915494e-01
9.998656294337244788e-01
9.998876288435262216e-01
9.999030378481585934e-01
9.999119160275521390e-01
9.999143433759051236e-01
9.999104227150543700e-01
9.999002828387701935e-01
9.998840828071953180e-01
9.998620181421224995e-01
9.998343303444885422e-01
9.998013225886878130e-01
9.997633877645962786e-01
9.997210634426141329e-01
9.996751522988199801e-01
9.996270263385588217e-01
9.995795638893496537e-01
9.995410941753414269e-01
9.995565491321539708e-01
9.985101184771209004e-01
9.991467804438739497e-01
9.991265178625050591e-01
9.990711201089401694e-01
9.990058848731626640e-01
9.989370925360887554e-01
9.988675259452799438e-01
9.987989742932706916e-01
9.987328974512508228e-01
9.986706577992633393e-01
9.986136172453279336e-01
9.985631829962221540e-01
9.985208298666655713e-01
9.984881089195150050e-01
9.984666451029322598e-01
9.984581227855556795e-01
9.984642550936493333e-01
9.984867294481113431e-01
9.985271165883458089e-01
9.985867221289970175e-01
9.986663456668314343e-01
9.987658875433660377e-01
9.988836972943664350e-01
9.990154689218248008e-01
9.991523094714273023e-01
9.992772376662173439e-01
9.993586125803368692e-01
9.993376715410524636e-01
9.991069442321361960e-01
9.984902278332904446e-01
9.973098856096527243e-01
9.956328615524357994e-01
9.935210938808143322e-01
9.901142754638782018e-01
9.835773885813493544e-01
9.706587350040074558e-01
9.444102700198030442e-01
8.881139570023222074e-01
7.594033166173781435e-01
4.702668642209312799e-01
7.092510118693202970e-02
8.725357415361205404e-02
3.642291605393448983e-01
5.624904174269416135e-01
6.775040935893446026e-01
7.461448315176489876e-01
7.896877459668170118e-01
8.188951611868190428e-01
8.393921639060606399e-01
8.542949938905962659e-01
8.654314769184096034e-01
8.739292328658592179e-01
8.805147632015719594e-01
8.856738173385113599e-01
8.897416399979241053e-01
8.929559868215743990e-01
8.954894687686144605e-01
8.974699531133629726e-01
8.989938144568569989e-01
9.001347676307678292e-01
9.009498919464795641e-01
9.014838235407240941e-01
9.017717245127531145e-01
9.018414171832238591e-01
9.017149362690006775e-01
9.014096661835375723e-01
9.009391750726729597e-01
9.003138197349718208e-01
8.995411688458776478e-01
8.986262707848858833e-01
8.975717725001691738e-01
8.963778721436999053e-01
8.950420523995936684e-01
8.935584768473477935e-01
8.919168000415013120e-01
8.900998459250034633e-01
8.880788750578808566e-01
8.858031214091189876e-01
8.831737312275119711e-01
8.799666557117965526e-01
8.755355443077353916e-01
8.669854088304215223e-01
8.168665466210239812e-01
8.792329355565026150e-01
8.764820734902839527e-01
8.719378893568126010e-01
8.677194959262070073e-01
8.635680471885177623e-01
8.593295626275585519e-01
8.549138367913120540e-01
8.502583704393498198e-01
8.453121907259811829e-01
8.400281256510097050e-01
8.343585924115163310e-01
8.282528888072042683e-01
8.216551056491434579e-01
8.145022300798431258e-01
8.067222009230994306e-01
7.982317625117624216e-01
7.889340058904914521e-01
