1.018443092349492707e+00
1.014155877401333949e+00
1.009896502945111463e+00
1.005779933335773313e+00
1.001897285708538865e+00
9.983179619632124302e-01
9.950918999476529025e-01
9.922518644740887517e-01
9.898157148844751729e-01
9.877885998709537985e-01
9.861650423177870106e-01
9.849308872228161871e-01
9.840650944486885043e-01
9.835413653047323512e-01
9.833295979249867536e-01
9.833971712370186413e-01
9.837100611449453025e-01
9.842337955125862736e-01
9.849342567475889432e-01
9.857783423617502150e-01
9.867344949228902262e-01
9.877731134017261327e-01
9.888668581399184809e-01
9.899908615894662534e-01
9.911228566639370685e-01
9.922432340499608427e-01
9.933350392030338982e-01
9.943839190305842068e-01
9.953780274854285848e-01
9.963078984763548140e-01
9.971662936785520293e-01
9.979480320075169164e-01
9.986498067256249778e-01
9.992699953858414919e-01
9.998084670974630717e-01
1.000266390922840865e+00
1.000646048591968151e+00
1.000950654149654229e+00
1.001184182634178299e+00
1.001351209421597277e+00
1.001456761458290323e+00
1.001506181241764937e+00
1.001505004095547546e+00
1.001458849013886043e+00
1.001373323123682546e+00
1.001253939622635425e+00
1.001106048898039891e+00
1.000934782410302093e+00
1.000745008833620942e+00
1.000541301882059475e+00
1.000327919207431249e+00
1.000108791736653124e+00
9.998875228119445957e-01
9.996673965095788095e-01
9.994513945316438885e-01
9.992422210867584198e-01
9.990423351870351132e-01
9.988539897735293493e-01
9.986792770117524087e-01
9.985201789230768732e-01
9.983786221547686912e-01
9.982565349934862109e-01
9.981559034367935013e-01
9.980788207910727960e-01
9.980275210113590534e-01
9.980043782554363085e-01
9.980118408539137009e-01
9.980522411427762419e-01
9.981273712858277358e-01
9.982376139912626511e-01
9.983802105332827415e-01
9.985458100290621752e-01
9.987114675404150654e-01
9.988259575225327813e-01
9.987774644506388633e-01
9.983178086428873277e-01
9.968691247108890652e-01
9.929726725616738747e-01
9.824654609558857166e-01
9.511133271231847486e-01
8.368298347758063027e-01
3.830649457936537994e-01
2.655803324159855539e-01
6.433084882553412598e-01
7.822032713889038869e-01
8.091032211508071281e-01
7.738851484030712102e-01
8.475938121132333691e-01
8.892692516000921810e-01
9.077657590827691303e-01
9.178869407308930528e-01
9.241652509254402181e-01
9.283269529176433332e-01
9.311777726283326784e-01
9.331511553630500444e-01
9.345046380182119306e-01
9.354027058282851081e-01
9.359563359261778848e-01
9.362437170844262191e-01
9.363219183532196510e-01
9.362338449028967391e-01
9.360125783678051592e-01
9.356841882479661754e-01
9.352696102833736314e-01
9.347859345547284704e-01
9.342473085609093175e-01
9.336655825197954783e-01
9.330507782031552955e-01
9.324114346873957349e-01
9.317548669460637978e-01
9.310873620470362377e-01
9.304143304543911475e-01
9.297404251661915975e-01
9.290696383088649091e-01
9.284053828703541233e-01
9.277505662162413014e-01
9.271076617912485940e-01
9.264787859770539091e-01
9.258657885306280644e-01
9.252703672524058565e-01
9.246942191508686903e-01
9.241392340454892551e-01
9.236076878068670837e-01
9.231021334362263797e-01
9.226232928888045137e-01
9.221553361066286980e-01
9.215468900188117374e-01
9.185880611782973881e-01
6.862901649542951787e-01
9.104540751012338839e-01
9.150178932441952462e-01
9.157678415069225863e-01
9.157456031709092503e-01
9.154393353967154034e-01
9.149892661327532206e-01
9.144481507646796681e-01
9.138389064370430193e-01
9.131722500760161010e-01
9.124533561640724155e-01
9.116847994310931513e-01
9.108680493695595626e-01
9.100043464769961288e-01
9.090953064628377600e-01
9.081434168338324842e-01
9.071525178574770809e-01
9.061283326872120458e-01
9.050791063427410243e-01
9.040164221127898747e-01
9.029562845754240952e-01
9.019205903713866102e-01
9.009391471849182986e-01
9.000524254548445402e-01
8.993151413321737175e-01
8.988002053420438564e-01
8.986000679150458748e-01
8.988116972625839196e-01
8.994395821498957222e-01
8.998224430319963218e-01
8.917218452604175338e-01
8.933135907917303387e-01
7.327366901743704863e-01
5.080701523904671557e-01
6.592007884532159467e-01
7.283528883305807611e-01
7.564112899735750961e-01
7.683942974724606856e-01
7.724769965960217588e-01
7.715752936876297818e-01
7.663118745517391028e-01
7.546644609990019736e-01
7.207551126624396343e-01
6.168564530485708408e-01
7.623484857877326215e-01
7.471001983537440827e-01
7.288650480243525909e-01
7.078028416814744483e-01
6.825816496822456614e-01
6.516877119340814817e-01
6.132827635623118168e-01
5.650828214636247626e-01
5.043624027719437741e-01
4.283066672859972002e-01
3.352604683235148597e-01
2.279030091644584921e-01
1.192057588120417205e-01
3.816528712159759917e-02
2.278838869104372195e-02
9.123879569395061673e-02
2.214668779720387060e-01
3.728753158122951050e-01
5.156714976040889242e-01
6.358003958791558219e-01
7.296933936494583994e-01
7.996614768900873749e-01
8.502384345548302802e-01
8.859311901542086254e-01
9.103744027941946815e-01
9.262499707561960838e-01
9.354648333034479846e-01
9.393587651214808654e-01
