1.010585187378841399e+00
1.017135392254451487e+00
1.019113257165839226e+00
1.017067038809723600e+00
1.011591902035928303e+00
1.003299751835349474e+00
9.927952406368171223e-01
9.806572068851459045e-01
9.674250807066852031e-01
9.535896126577447784e-01
9.395871737828598302e-01
9.257945506768564536e-01
9.125477424728324349e-01
9.000960959143795570e-01
8.886616241071696454e-01
8.784070391200026195e-01
8.694470170805722598e-01
8.618387592059374436e-01
8.556334564339113102e-01
8.507207194975993092e-01
8.469097334850406167e-01
8.435708115485772707e-01
8.381115338954846505e-01
7.931214507381673107e-01
8.830559236051325200e-01
8.736273345923234457e-01
8.764113389447306668e-01
8.826914689438907224e-01
8.910907818841867778e-01
9.011440146919795779e-01
9.125961433328302341e-01
9.252298174387947327e-01
9.387864110550990793e-01
9.528972358877285664e-01
9.669937791178285780e-01
9.801719743382869554e-01
9.909794152510305043e-01
9.970848478234636270e-01
9.947888865416001369e-01
9.783822021702930360e-01
9.395561052932406287e-01
8.676234560240626559e-01
7.523250871656159688e-01
5.914249582592688848e-01
4.013188104278499480e-01
2.189596379564100193e-01
8.375044274071681560e-02
1.369254146767031124e-02
1.415136009891002295e-03
2.796630322952829359e-02
7.554558554960202899e-02
1.320295548380443773e-01
1.904999825583685025e-01
2.474994997124284335e-01
3.015559401362699621e-01
3.522375869266372583e-01
3.996158785299977478e-01
4.439786046764458427e-01
4.856833911463960818e-01
5.250861298354468909e-01
5.625079801784279576e-01
5.982241135176977753e-01
6.324564930853221467e-01
6.653789130046604550e-01
6.971176689541658256e-01
7.277554092350586590e-01
7.573344557445955694e-01
7.858598412353664520e-01
8.133019662930621729e-01
8.395988274797743234e-01
8.646577163609010519e-01
8.883560697648968940e-01
9.105403541582257620e-01
9.310179533242233241e-01
9.495045178926223572e-01
9.642209430048065411e-01
9.815788118602721823e-01
9.928910533060614219e-01
1.002059542676534187e+00
1.010650229406801159e+00
8.524379348664290479e-01
9.863031557716327447e-01
9.763126091427053455e-01
9.537330725288378774e-01
9.159365606362909196e-01
8.554535066329559401e-01
7.582062596253106301e-01
5.996151561472393698e-01
3.511154595460183048e-01
6.629751733244031164e-02
4.947472204940682461e-02
3.772752501720634255e-01
6.793256329156104334e-01
8.487016179766881940e-01
9.333409431974637460e-01
9.738297622131474318e-01
9.911614358710695294e-01
9.957155421770093051e-01
9.928333916397387160e-01
9.854284778438516801e-01
9.751865013075941002e-01
9.631368112963134553e-01
9.499374564570370882e-01
9.360235304881041607e-01
9.216865261637755546e-01
9.071161069566946455e-01
8.924182694214836120e-01
8.776134369672170532e-01
8.626071700721539282e-01
8.471032337062641693e-01
8.303534658107386557e-01
8.102979457549436271e-01
7.792384957812621415e-01
6.720096269412824119e-01
9.618243590273457544e-01
8.542800818599778356e-01
8.258436714005804591e-01
8.099207223628973606e-01
7.987013710442686376e-01
7.900527864894619778e-01
7.831594737409578455e-01
7.776456692777812263e-01
7.733171404266239168e-01
7.700664352369724908e-01
7.678327300602912908e-01
7.665831355611224529e-01
7.663035653611998121e-01
7.669943754520958112e-01
7.686687038228052771e-01
7.713526196863769169e-01
7.750867870933824122e-01
7.799297291695957979e-01
7.859631217434812633e-01
7.932999650544926284e-01
8.020970932594606584e-01
8.125744039395972340e-01
8.250444266036950358e-01
8.399565005339577617e-01
8.579537965727753734e-01
8.798925338382019845e-01
9.064487360428695739e-01
9.345103522992135314e-01
9.235688539742895609e-01
4.805026706095020805e-01
9.721078056823032054e-02
4.436864283582727664e-01
6.078368270308663890e-01
6.940964039780498362e-01
7.489324620663349030e-01
7.904946395062545372e-01
8.243484692931651869e-01
8.538013260632488777e-01
8.803001308453626272e-01
9.046384664029765155e-01
9.267482329736828062e-01
9.462094431443337506e-01
9.620181463679531308e-01
9.724666120971341421e-01
9.749090916972001919e-01
9.654586534408505782e-01
9.386938061513010467e-01
8.875550422722972010e-01
8.033078708787481093e-01
6.467193666511704686e-01
5.564908593236764789e-01
3.815209176720758544e-01
2.197274417700957050e-01
1.016329673581265747e-01
5.231997704699289757e-03
2.107435876723333639e-03
3.325734438144500871e-02
9.196652081076174545e-02
1.660517164558814596e-01
2.469275077715136213e-01
3.290004015646537106e-01
4.091731189167765459e-01
4.857750824804094036e-01
5.579518190428328639e-01
6.252731725385224371e-01
6.875071536386323512e-01
7.444987204295088201e-01
7.961115724549358008e-01
8.422067294072109744e-01
8.826420409641911879e-01
9.172833171787415640e-01
9.460206241873646560e-01
9.687872181282239925e-01
9.855775124038905766e-01
9.964632411336817874e-01
1.001606525911792112e+00
1.001269288590723061e+00
9.958187651057828216e-01
9.857291590314911645e-01
9.715796887571098717e-01
9.540494239224285300e-01
9.339093720903292040e-01
9.120122651932162094e-01
8.892804040220085859e-01
8.666917121511393818e-01
8.452618373671086927e-01
