8.430704226449176053e-01
8.540509622425331848e-01
8.670289968561963878e-01
8.813182414807746445e-01
8.963241717226154703e-01
9.115408433856100334e-01
9.265463848488748599e-01
9.409974991654013188e-01
9.546232719661121857e-01
9.672185412417408923e-01
9.786370468432353809e-01
9.887845417427987282e-01
9.976120141434110522e-01
1.005109139641782390e+00
1.011298055930042850e+00
1.016227528944484648e+00
1.019967558841716970e+00
1.022604456550304075e+00
1.024236406724270410e+00
1.024969520492678976e+00
1.024914371236496979e+00
1.024182998496273811e+00
1.022886358790440431e+00
1.021132197386302787e+00
1.019023311700502088e+00
1.016656174815122160e+00
1.014119886398789694e+00
1.011495417951062237e+00
1.008855119593765837e+00
1.006262456480631950e+00
1.003771944167178631e+00
1.001429253875417480e+00
9.992714604116140764e-01
9.973274074729162608e-01
9.956181671495134555e-01
9.941575725353595239e-01
9.929528044625508532e-01
9.920050154326827130e-01
9.913099758104082504e-01
9.908587292434930527e-01
9.906382460689179270e-01
9.906320651417063194e-01
9.908209160785197422e-01
9.911833153357694215e-01
9.916961308429540489e-01
9.923351110881983850e-01
9.930753756058311454e-01
9.938918647527148487e-01
9.947597474848529631e-01
9.956547865663452068e-01
9.965536612642490466e-01
9.974342481160126672e-01
9.982758608031419012e-01
9.990594505391915403e-01
9.997677686834726130e-01
1.000385493535522086e+00
1.000899323453087852e+00
1.001298038576716953e+00
1.001572533541994270e+00
1.001715823621674550e+00
1.001723026771110137e+00
1.001591324054915244e+00
1.001319900916595618e+00
1.000909871720722100e+00
1.000364189951872929e+00
9.996875464029140179e-01
9.988862576282606653e-01
9.979681468833289104e-01
9.969424197213253569e-01
9.958195363804484002e-01
9.946110830732357577e-01
9.933296442943687632e-01
9.919886783041464984e-01
9.906023980344711433e-01
9.891856598241511866e-01
9.877538626464515970e-01
9.863228608833712885e-01
9.849088942882665565e-01
9.835285396438226968e-01
9.821986899038523955e-01
9.809365685056610218e-01
9.797597893814838921e-01
9.786864775067484201e-01
9.777354714646904199e-01
9.769266399438871762e-01
9.762813608595288795e-01
9.758232394542930566e-01
9.755791887150455644e-01
9.755810779353385476e-01
9.758683057540857853e-01
9.764919409475874001e-01
9.775216502108424743e-01
9.790578605049451433e-01
9.812544208518297895e-01
9.843640910991046100e-01
9.888389767106623429e-01
9.955820650864632970e-01
1.006696956753292405e+00
1.028346539902023071e+00
1.081170827766182008e+00
5.369371997058631774e-01
8.724226838006519102e-01
9.191313860337706476e-01
9.382220497335065357e-01
9.494343845929629211e-01
9.574415647934818585e-01
9.639064317292224127e-01
9.695617888159414610e-01
9.747706637639871330e-01
9.797176071003965703e-01
9.844814742887646464e-01
9.890601130987219936e-01
9.933689333647531816e-01
9.972183074397604763e-01
1.000265893130713790e+00
1.001932033006737832e+00
1.001255863127035184e+00
9.966542185910148843e-01
9.855248561465630441e-01
9.636218137686647367e-01
9.241816689046771227e-01
8.570950693491289352e-01
7.495013252176783158e-01
5.915154351801334975e-01
3.914516913046507951e-01
1.916276888482353891e-01
5.199918372733380867e-02
1.371152009806517842e-03
2.178169935073514391e-02
7.878572228750506390e-02
1.466616170419635379e-01
2.123094694552028205e-01
2.707736140895983246e-01
3.210409911734789512e-01
3.636801908619425872e-01
3.997494748556347788e-01
4.303495776285675145e-01
4.564653975714343948e-01
4.789272788709822981e-01
4.984174954773874511e-01
5.154908743395775206e-01
5.305973257311502600e-01
5.441019743566208877e-01
5.563017962517752268e-01
5.674388787344712970e-01
5.777108059209120627e-01
5.872787311525219378e-01
5.962736405728242817e-01
6.048012248128520341e-01
6.129456908874157950e-01
6.207727743763222783e-01
6.283321543234257067e-01
6.356594284209688972e-01
6.427777715118505597e-01
6.496993738563811016e-01
6.564267349440140453e-01
6.629538722496510772e-01
6.692674909609122036e-01
6.753481493464923435e-01
6.811714443304537348e-01
6.867092323898423833e-01
6.919308916317079561e-01
6.968046214435350549e-01
7.012987660999340234e-01
7.053831377812831427e-01
7.090303021439523512e-01
7.122167751368533306e-01
7.149240618669334690e-01
7.171394444052626715e-01
7.188563901076731044e-01
7.200743930333686205e-01
7.207979475379763246e-01
7.210340968881775447e-01
7.207873042738237590e-01
7.200480306253537188e-01
7.187606020599175416e-01
7.166783769008556737e-01
7.115658322195559382e-01
7.079976690507600035e-01
7.100403042094641792e-01
7.050703504376295561e-01
6.978646378107070669e-01
6.867690501366258138e-01
6.680586643650995304e-01
6.323830046145650918e-01
5.503082693454048879e-01
3.075061348346806445e-01
3.880031878953589253e-01
8.364851755073198225e-01
8.648563833630368292e-01
8.596502277317340512e-01
8.529136108726296239e-01
8.465660298766883862e-01
8.396431682044304123e-01
8.308809593868025090e-01
8.189914699918968699e-01
8.026552432021543115e-01
7.804881375481924621e-01
7.510211404066053920e-01
7.127029971879212944e-01
