1.135660718450035134e+00
1.122331629254001761e+00
1.107789038880243160e+00
1.092615081267871213e+00
1.077309781742704642e+00
1.062292905730009451e+00
1.047907480220273246e+00
1.034424561824056177e+00
1.022048886570500414e+00
1.010925092569242123e+00
1.001144257331629150e+00
9.927505370589998490e-01
9.857477357565437304e-01
9.801056678451330884e-01
9.757662093036119089e-01
9.726489595730005711e-01
9.706564598008886602e-01
9.696789328267682029e-01
9.695985269226046199e-01
9.702930590268741273e-01
9.716392643541599261e-01
9.735155681184844978e-01
9.758044019593465901e-01
9.783940927661315401e-01
9.811803552024955799e-01
9.840674215606165509e-01
9.869688438300356914e-01
9.898080032295747399e-01
9.925183620884577840e-01
9.950434920186910226e-01
9.973369109221015272e-01
9.993617596343077336e-01
1.001090347019687687e+00
1.002503590174192993e+00
1.003590374141374975e+00
1.004346853251555816e+00
1.004775713907029022e+00
1.004885416390782327e+00
1.004689431106141839e+00
1.004205482579659359e+00
1.003454812598632007e+00
1.002461472018566280e+00
1.001251649073167771e+00
9.998530404537062655e-01
9.982942699966713684e-01
9.966043585295003560e-01
9.948122472671677707e-01
9.929463761268589872e-01
9.910343174252392862e-01
9.891024646387913677e-01
9.871757752321469459e-01
9.852775659892130111e-01
9.834293588033022893e-01
9.816507744934693802e-01
9.799594719012233446e-01
9.783711292793322301e-01
9.768994648013991089e-01
9.755562928886676310e-01
9.743516129578886353e-01
9.732937271279781255e-01
9.723893833701280354e-01
9.716439405265575591e-01
9.710615515333500536e-01
9.706453610323386716e-01
9.703977132997174682e-01
9.703203659961568972e-01
9.704147045630934221e-01
9.706819510275855878e-01
9.711233593411515708e-01
9.717403868865349681e-01
9.725348280131873580e-01
9.735088897610867376e-01
9.746651813060522862e-01
9.760065755551805555e-01
9.775358812981294054e-01
9.792552334877485665e-01
9.811650613084403894e-01
9.832624184486759011e-01
9.855383404631382627e-01
9.879737018520341474e-01
9.905327321636073767e-01
9.931528328958130203e-01
9.957284707100707566e-01
9.980854545901408637e-01
9.999393928723304681e-01
1.000827808769801930e+00
9.999980169798470264e-01
9.962206148055379185e-01
9.874796948385550222e-01
9.704686415493490870e-01
9.398203129234767861e-01
8.871315107587628424e-01
8.004501575273730296e-01
6.666894943523877792e-01
4.821499367784620182e-01
2.722599984944455431e-01
9.683664322321552942e-02
9.005032766232230063e-03
1.095858558847646186e-02
6.894212003148518508e-02
1.504763274138536111e-01
2.391426112283092653e-01
3.351079786042173159e-01
4.684504359433837584e-01
5.699071011043744805e-01
1.670174306038337553e-01
3.082078737899854315e-01
3.746468474399382020e-01
4.182404329548174982e-01
4.510336444257634358e-01
4.774324500717728181e-01
4.995553636596553604e-01
5.186119795569790192e-01
5.353747916575204435e-01
5.503754280306708546e-01
5.639988621766216514e-01
5.765338844038359056e-01
5.882025437627840248e-01
5.991785069349451209e-01
6.095991251171510861e-01
6.195737066177181562e-01
6.291893868006303014e-01
6.385154155447955171e-01
6.476063691461166894e-01
6.565046128973595074e-01
6.652422316246552336e-01
6.738425771654051877e-01
6.823215374753224260e-01
6.906886024202375518e-01
6.989477809106313666e-01
7.070984096043267941e-01
7.151358829078432455e-01
7.230523261574496319e-01
7.308372278164028124e-01
7.384780417325799151e-01
7.459607665866613280e-01
7.532705063804583379e-01
7.603920130052077564e-01
7.673102094837351839e-01
7.740106903404584404e-01
7.804801936830860765e-01
7.867070379710622285e-01
7.926815151004978910e-01
7.983962303637280877e-01
8.038463790591310332e-01
8.090299490452920184e-01
8.139478383578082621e-01
8.186038771348088661e-01
8.230047435065575012e-01
8.271597637589279683e-01
8.310805879174621991e-01
8.347807328266053650e-01
8.382749856918805254e-01
8.415786617360522248e-01
8.447067098571534594e-01
8.476726596413950432e-01
8.504874013179040126e-01
8.531577865968725805e-01
8.556850318907708308e-01
8.580628950039513869e-01
8.602755812196095642e-01
8.622953191651905325e-01
8.640795721763293580e-01
8.655681372522698869e-01
8.660179498280411448e-01
8.672383722889045465e-01
8.671880722601732483e-01
8.662530082859040137e-01
8.641212991810972577e-01
8.602821062864953738e-01
8.536268907313073750e-01
8.412310819804754702e-01
8.306496012297970299e-01
8.010399870348909879e-01
7.071946801971932262e-01
4.187824604847284471e-01
8.396790085570723372e-01
8.159540260103995690e-01
7.804182883310489816e-01
7.379021856153046288e-01
6.858883533202875249e-01
6.213779228776221686e-01
5.413611713187166385e-01
4.436313639160540667e-01
3.288767389450421019e-01
2.046831626690524542e-01
9.032541605862279277e-02
1.624775909493566053e-02
9.633593918927487246e-03
7.270843790024192344e-02
1.797811613047128609e-01
2.979383835472206865e-01
4.053526118925253052e-01
4.941106369154405487e-01
5.724208195742606087e-01
6.214905188346530052e-01
6.634217302453508935e-01
6.983051058536885458e-01
7.283657802177594398e-01
7.557330333256009336e-01
