1.047059321751405037e+00
1.038402304016786015e+00
1.029718550686362644e+00
1.021243158004874640e+00
1.013166211344844525e+00
1.005636224412781221e+00
9.987639250408221203e-01
9.926262271183665664e-01
9.872702579227276010e-01
9.827173362464771689e-01
9.789668195337440926e-01
9.759997579704624560e-01
9.737823103846398043e-01
9.722688911514379972e-01
9.714050293155066518e-01
9.711299310840010302e-01
9.713787449341096947e-01
9.720845350436974064e-01
9.731799737949400342e-01
9.745987679086076660e-01
9.762768355203044202e-01
9.781532533648119587e-01
9.801709943389972368e-01
9.822774761959118806e-01
9.844249420988762100e-01
9.865706933354259078e-01
9.886771937480417494e-01
9.907120644559042066e-01
9.926479862890086325e-01
9.944625260855112225e-01
9.961379016648951312e-01
9.976606989207582599e-01
9.990215531114493563e-01
1.000214805086088621e+00
1.001238141894028155e+00
1.002092229996622175e+00
1.002780348149229672e+00
1.003308025953055571e+00
1.003682693103463919e+00
1.003913343487577103e+00
1.004010217522937065e+00
1.003984505495532087e+00
1.003848074183651518e+00
1.003613218805450735e+00
1.003292442435015586e+00
1.002898265779632814e+00
1.002443072244764588e+00
1.001938998113120149e+00
1.001397889587147150e+00
1.000831379540136679e+00
1.000251227454654002e+00
9.996703753368898493e-01
9.991064978229826643e-01
9.985979804747014965e-01
9.983461690941074496e-01
9.957105982945541056e-01
9.963089974044400110e-01
9.959384895891540967e-01
9.955076274465893826e-01
9.950815751126226294e-01
9.946769661007700547e-01
9.942999167345712985e-01
9.939527943970221102e-01
9.936361304030404407e-01
9.933493410041381866e-01
9.930910704779778442e-01
9.928593931081629576e-01
9.926519567712426273e-01
9.924661014504748691e-01
9.922989681090879088e-01
9.921476065266467970e-01
9.920090883936403259e-01
9.918806319515202086e-01
9.917597461339694442e-01
9.916444056919528904e-01
9.915332750449156185e-01
9.914260094781720545e-01
9.913236815659234313e-01
9.912294159720583808e-01
9.911493832461688580e-01
9.910944391111741192e-01
9.910829867920368796e-01
9.911463114402294661e-01
9.913393334476099383e-01
9.917645482043307981e-01
9.926328773412661510e-01
9.944506547187745849e-01
9.987972953101446061e-01
1.014246264285979304e+00
7.800999627873990150e-01
9.567892807338639338e-01
9.674634499746037619e-01
9.702799536675900116e-01
9.699447969800742975e-01
9.086999228302097276e-01
9.762871991926932447e-01
9.744438773128484277e-01
9.733478120204202000e-01
9.723586078287359546e-01
9.713639558021041065e-01
9.703373500589742573e-01
9.692740729961240032e-01
9.681761736280031228e-01
9.670479880771162273e-01
9.658946092200084710e-01
9.647213215948070575e-01
9.635333842446240915e-01
9.623359456763519448e-01
9.611340093728971690e-01
9.599324175468690878e-01
9.587358401291457000e-01
9.575487639027910891e-01
9.563754800214778751e-01
9.552200695514841966e-01
9.540863872475461305e-01
9.529780439797577163e-01
9.518983882805414076e-01
9.508504874688548103e-01
9.498371087733075147e-01
9.488607008339091653e-01
9.479233759231523448e-01
9.470268931884441299e-01
9.461726431821931849e-01
9.453616339081835074e-01
9.445944785687095946e-01
9.438713851394763266e-01
9.431921478130811387e-01
9.425561402138737943e-01
9.419623100479981304e-01
9.414091744130050898e-01
9.408948141348569827e-01
9.404168637207278580e-01
9.399724895397194580e-01
9.395583391506238113e-01
9.391704183957542140e-01
9.388037709022445387e-01
9.384515261779230455e-01
9.381013504091871846e-01
9.377151033553946524e-01
9.368616995196119568e-01
9.375339402374425202e-01
9.371076809351946979e-01
9.367583777705271730e-01
9.364189157691595877e-01
9.360726728850066181e-01
9.357153594006076824e-01
9.353672666023167270e-01
9.344480713816998296e-01
9.343051432304982917e-01
9.338282809896433223e-01
9.332851867325786532e-01
9.326857182179715267e-01
9.320287531617551524e-01
9.313109474104199759e-01
9.305279962493703261e-01
9.296747032500688457e-01
9.287446290986504094e-01
9.277294148474999336e-01
9.266176951327499411e-01
9.253933900888404729e-01
9.240329784246190670e-01
9.225010036815394221e-01
9.207423394253122506e-01
9.186681140708875537e-01
9.161282358188718167e-01
9.128527496266329866e-01
9.083112254681481312e-01
9.013181683814477374e-01
8.886463558480477420e-01
8.581184851544565451e-01
7.289681210946247214e-01
6.942717470730639384e-01
8.940653325350338410e-01
8.956107070501353462e-01
8.557132108502615297e-01
6.536373721960228034e-01
8.548163497869555316e-01
9.554621672068425164e-01
9.612381201588104940e-01
9.608040681600293897e-01
9.601124040140728289e-01
9.598002114658283901e-01
9.598581888192300182e-01
9.601820116324059073e-01
9.606582961851507507e-01
9.611759737093784617e-01
9.616240996534488605e-01
9.618874644000020568e-01
9.618419598574209362e-01
9.613495149210573576e-01
9.602515274922927002e-01
9.583578865249423595e-01
9.554143393644822790e-01
9.487297379754192628e-01
9.455341503207739251e-01
9.373579040414099506e-01
9.260407675783255410e-01
9.099769984220736907e-01
8.860048406215127459e-01
8.468566964247401518e-01
