9.932418772877203983e-01
9.935005130363375736e-01
9.937587939216888655e-01
9.940167206504481046e-01
9.942742435924625255e-01
9.945312615895234298e-01
9.947876218371134449e-01
9.950431206330391243e-01
9.952975048074660380e-01
9.955504736720208747e-01
9.958016813472039264e-01
9.960507393466606629e-01
9.962972193168104784e-01
9.965406558464616760e-01
9.967805492763833763e-01
9.970163684541355487e-01
9.972475533904106015e-01
9.974735177844942235e-01
9.976936513968971409e-01
9.979073222534955434e-01
9.981138786745247238e-01
9.983126511262269132e-01
9.985029538983597464e-01
9.986840866146127205e-01
9.988553355863768468e-01
9.990159750223261970e-01
9.991652681086102827e-01
9.993024679752983142e-01
9.994268185663475190e-01
9.995375554300403032e-01
9.996339064479075054e-01
9.997150925192400672e-01
9.997803282195506513e-01
9.998288224490476939e-01
9.998597790886804004e-01
9.998723976792815993e-01
9.998658741401412753e-01
9.998394015413767377e-01
9.997921709451537131e-01
9.997233723293816876e-01
9.996321956075628901e-01
9.995178317574934246e-01
9.993794740715721270e-01
9.992163195408119147e-01
9.990275703840524324e-01
9.988124357344562165e-01
9.985701334941511353e-01
9.982998923683951142e-01
9.980009540901471077e-01
9.976725758463919069e-01
9.973140329166569895e-01
9.969246215354802265e-01
9.965036619892262415e-01
9.960505019590326636e-01
9.955645201209667450e-01
9.950451300152433065e-01
9.944917841960995153e-01
9.939039786744386928e-01
9.932812576656891990e-01
9.926232186552572667e-01
9.919295177946696462e-01
9.911998756417257361e-01
9.904340832581247644e-01
9.896320086790318937e-01
9.887936037689422086e-01
9.879189114797859439e-01
9.870080735272506178e-01
9.860613385034736611e-01
9.850790704457704772e-01
9.840617578843685598e-01
9.830100233966337919e-01
9.819246337027955907e-01
9.808065103511356408e-01
9.796567410612838644e-01
9.784765918322421152e-01
9.772675199910101362e-01
9.760311884896468726e-01
9.747694820279020345e-01
9.734845261540656658e-01
9.721787118368094838e-01
9.708547314103961323e-01
9.695156415715712184e-01
9.681650019078537062e-01
9.668072748250482462e-01
9.654494878064998620e-01
9.641148131846114522e-01
9.624251817030791134e-01
9.612852914932116244e-01
9.599606836097814844e-01
9.586425807412349842e-01
9.573459608066520188e-01
9.560793997922958365e-01
9.548506347762847346e-01
9.536675044729777673e-01
9.525382179439730868e-01
9.514714635926189157e-01
9.504764683866805397e-01
9.495630385024332876e-01
9.487415919152212274e-01
9.480231868097154235e-01
9.474195471291360082e-01
9.469430853736117149e-01
9.466069219909128973e-01
9.464249000131327305e-01
9.464115927955811802e-01
9.465823016522093569e-01
9.469530386924006615e-01
9.475404880094167037e-01
9.483619352203173092e-01
9.494351506958629283e-01
9.507782048600785796e-01
9.524091834529607725e-01
9.543457546857988527e-01
9.566045156461283616e-01
9.592000070398220002e-01
9.621432249754346966e-01
9.654393618930492416e-01
9.690843518512014532e-01
9.730595364621994481e-01
9.773233330787959305e-01
9.817980437337655575e-01
9.863486474760037037e-01
9.907480574190875577e-01
9.946202621033063407e-01
9.973401498599782089e-01
9.978677859072655476e-01
9.944504975432866267e-01
9.841030410099153025e-01
9.617079137050500437e-01
9.185763399836331944e-01
8.407019158492171629e-01
7.089935466793586549e-01
5.098006344244248034e-01
2.673962056198760373e-01
6.947717482495090191e-02
1.345596474190274567e-04
4.932168082331672698e-02
1.529158871550996557e-01
2.636968155158110338e-01
3.625828827425895406e-01
4.455903755490107643e-01
5.141305326039653512e-01
5.708536145658743566e-01
6.182692332825232562e-01
6.584136190753698825e-01
6.928522348484695836e-01
7.227663078187011036e-01
7.490438259418567002e-01
7.723544877911199258e-01
7.932066945888528453e-01
8.119896089725701094e-01
8.290039068995691540e-01
8.444842712648449323e-01
8.586159274130291674e-01
8.715468830162890201e-01
8.833970538237558845e-01
8.942651116033457637e-01
9.042336481455663932e-01
9.133730803016604227e-01
9.217446034870885319e-01
9.294024189822431836e-01
9.363954025730664155e-01
9.427683408245620678e-01
9.485628308391681474e-01
9.538179137409740216e-01
9.585704723253318793e-01
9.628551424750938503e-01
9.667089959709549429e-01
9.701608210102282692e-01
9.732396996857978211e-01
9.759770040303820116e-01
9.784000343561319868e-01
9.805347203078730312e-01
9.824054044870582647e-01
9.840347480917441825e-01
9.854436449934167452e-01
9.866511119094975024e-01
9.876740827591569127e-01
9.885267616502073640e-01
9.892167174271953023e-01
9.896693062640227190e-01
9.900958872393615939e-01
9.904841445298943059e-01
9.906590201643771243e-01
9.907006968893742327e-01
9.906108354519033155e-01
9.903819675876928130e-01
9.899999649590527362e-01
9.894428595254497472e-01
9.886784386586764395e-01
9.876605123442337986e-01
9.863232068477787440e-01
9.845721024264153520e-01
9.822701321005448127e-01
9.792144788762248142e-01
9.750974171858628470e-01
9.694372871112986179e-01
9.614512010138075437e-01
9.498077931315754840e-01
9.321177688165783737e-01
