1.877972254325007777e+123
1.534681886675770347e+123
1.256669573620301510e+123
1.031090961544837719e+123
8.477067439589714589e+122
6.983397033545742716e+122
5.764477625811029780e+122
4.767876894714379280e+122
3.951497573882507972e+122
3.281480359014816899e+122
2.730543680871044008e+122
2.276667117942903458e+122
1.902045562731047658e+122
1.592257066361328675e+122
1.335599595147488814e+122
1.122561530652838830e+122
9.453982404111522468e+121
7.977929095540244525e+121
6.745844169306610445e+121
5.715486434633972238e+121
4.852224330441117930e+121
4.127616557775284855e+121
3.518265811015917431e+121
3.004891560969289154e+121
2.571578818824621363e+121
2.205168502027933485e+121
1.894761919256114010e+121
1.631317369867515496e+121
1.407321212423828892e+121
1.216519230672186823e+121
1.053696897993568420e+121
9.144993573710022192e+120
7.952837080580099634e+120
6.929976124137725573e+120
6.050793783567765243e+120
5.293755911878408260e+120
4.640731079789900353e+120
4.076428241242324555e+120
3.587931032807818014e+120
3.164311515188136863e+120
2.796309320453721627e+120
2.476064728315789667e+120
2.196896274029384771e+120
1.953115181931022635e+120
1.739870296560618195e+120
1.553018307409351803e+120
1.389014981615732950e+120
1.244823870262466884e+120
1.117839569314520563e+120
1.005823121165868541e+120
9.068475575300030134e+119
8.192519255990969609e+119
7.416024204689760944e+119
6.726594786670842868e+119
6.113498791363388848e+119
5.567430563863893906e+119
5.080309617519985359e+119
4.645109174601359972e+119
4.255709985709527042e+119
3.906775529751998403e+119
3.593645321906862231e+119
3.312243578457647517e+119
3.059000922772620650e+119
2.830787180558461074e+119
2.624853617239552379e+119
2.438783225356626920e+119
2.270447884310433459e+119
2.117971394513823576e+119
1.979697539590665428e+119
1.854162457637599630e+119
1.740070710204267962e+119
1.636274528392268068e+119
1.541755792305973304e+119
1.455610365048288752e+119
1.377034457538071459e+119
1.305312747220594418e+119
1.239808013381934219e+119
1.179952085647359721e+119
1.125237930964851190e+119
1.075212728945820006e+119
1.029471806383098730e+119
9.876533196836945649e+118
9.494335892909102729e+118
9.145230033121492381e+118
8.826624188671861475e+118
8.536199993450218653e+118
8.271884341327513590e+118
8.031824945592711075e+118
7.814368860241816922e+118
7.618043616418897844e+118
7.441540674258175776e+118
7.283700930528153350e+118
7.143502058087882374e+118
7.020047483781360788e+118
6.912556838686774193e+118
6.820357738415095703e+118
6.742878772109354853e+118
6.679643597993595891e+118
6.630266059815898457e+118
6.594446254269504578e+118
6.571967493068459882e+118
6.562694116762266403e+118
6.566570129260394780e+118
6.583618633856898251e+118
6.613942062813687006e+118
6.657723203682483854e+118
6.715227036763442567e+118
6.786803409553460220e+118
6.872890586091693986e+118
6.974019721514452412e+118
7.090820325904148675e+118
7.224026796100023410e+118
7.374486110386043459e+118
7.543166798918860688e+118
7.731169322805947179e+118
7.939738017449291229e+118
8.170274781255394275e+118
8.424354720121313840e+118
8.703743991171717501e+118
9.010420127664233184e+118
9.346595170483314070e+118
9.714741982517619640e+118
1.011762418025365741e+119
1.055833018462596016e+119
1.104031197132809719e+119
1.156742919146454757e+119
1.214399943928017089e+119
1.277485556636787732e+119
1.346541108513778502e+119
1.422173487181056099e+119
1.505063657438312237e+119
1.595976436037282174e+119
1.695771690686764318e+119
1.805417185064671560e+119
1.926003328540949028e+119
2.058760132822003296e+119
2.205076728944973606e+119
2.366523858420189392e+119
2.544879823611549748e+119
2.742160466702372639e+119
2.960653846339030352e+119
3.202960399158235510e+119
3.472039513647842456e+119
3.771263610305576977e+119
4.104481020115957629e+119
4.476089189302644995e+119
4.891120019572251979e+119
5.355339488908524432e+119
5.875364099499147033e+119
6.458797179923100246e+119
7.114388644867847913e+119
7.852222506878826663e+119
8.683937265515207935e+119
9.622985298980652045e+119
1.068493858772185203e+120
1.188784955321830452e+120
1.325267754998010997e+120
1.480379367393710702e+120
1.656957912250252244e+120
1.858313546267029102e+120
2.088312895476534061e+120
2.351479569040579636e+120
2.653113991912159802e+120
2.999436478881079287e+120
3.397758309099542691e+120
3.856686583527936830e+120
4.386369901005804826e+120
4.998793425965822343e+120
5.708133808737812948e+120
6.531186741941541620e+120
7.487882796847303950e+120
8.601910712278802537e+120
9.901471667351107855e+120
1.142019346179817890e+121
1.319824020768943102e+121
1.528366142519466603e+121
1.773403473305774436e+121
2.061846913988949685e+121
2.402005191197859646e+121
2.803884192560069650e+121
3.279553732393690484e+121
3.843597648610646934e+121
4.513667041335340407e+121
5.311161372981129251e+121
6.262068322924924338e+121
7.398001064884414706e+121
8.757481442358004787e+121
1.038752990706575205e+122
1.234563876158283311e+122
1.470222511270090422e+122
1.754368515544729532e+122
2.097620345790860770e+122
2.513051172261582867e+122
3.016784353293968400e+122
3.628739804522362530e+122
4.373571058884602995e+122
5.281843703175956281e+122
6.391519849215659262e+122
7.749831253460470824e+122
9.415646808507605769e+122
