4.163929144256762194e-01
4.215772577232504981e-01
4.344299386353770442e-01
4.534977211815983122e-01
4.774165514959503587e-01
5.049446103555130794e-01
5.349608590384109519e-01
5.664709025730568781e-01
5.986072581535899495e-01
6.306272639036463179e-01
6.619091095769612521e-01
6.919465776201345619e-01
7.203435935288547975e-01
7.468130022850774097e-01
7.712254358369368124e-01
7.919927227241906342e-01
8.124410941276333231e-01
8.298349664825350747e-01
8.449155640328258610e-01
8.578257813413376898e-01
8.687187210736000420e-01
8.777706587381342018e-01
8.851766375135093901e-01
8.911440897067230971e-01
8.958864503603294338e-01
8.996172213729264344e-01
9.025446393224099140e-01
9.048670132370889574e-01
9.067687642881382404e-01
9.084171800864188073e-01
9.099598813485828552e-01
9.115229846464965036e-01
9.132099304634364589e-01
9.151009303054763455e-01
9.172529698549023447e-01
9.197002867445627228e-01
9.224552207778948798e-01
9.255093098164175469e-01
9.288344729483403173e-01
9.323840772325981963e-01
9.360936105097056315e-01
9.398805454742421572e-01
9.436426878507707672e-01
9.472535828012169645e-01
9.505514702191104615e-01
9.533108644342833671e-01
9.551508035132415531e-01
9.550704583187371588e-01
9.436827642680977180e-01
9.678637678888726281e-01
9.611449502303335279e-01
9.544057233718395983e-01
9.451104384370400124e-01
9.314621829835795230e-01
9.116700029391773263e-01
8.834990246696471372e-01
8.441274894199812806e-01
7.901939103912044571e-01
7.182092995380899847e-01
6.256352111938424665e-01
5.128328719121797441e-01
3.850382852897669128e-01
2.586474233084217755e-01
1.443566309885221111e-01
6.045804216591085106e-02
1.329816709484597272e-02
5.153250046770489669e-04
1.436320999618334419e-02
4.645016620739250007e-02
9.112053100464581612e-02
1.483143347222617148e-01
2.329768010084045660e-01
4.628799975234199615e-01
2.452884095688197263e-01
6.395663864864725712e-02
1.352463253717828551e-01
1.784014498183763286e-01
2.094414218475195988e-01
2.338350540851105996e-01
2.539460114219645459e-01
2.710247286397656219e-01
2.858344831734058733e-01
2.988898412043164421e-01
3.105620653257857855e-01
3.211315860847208103e-01
3.308167918849997391e-01
3.397911432734324610e-01
3.481940259394815662e-01
3.561379820873101232e-01
3.637136918115152495e-01
3.709934511696836301e-01
3.780335600349661318e-01
3.848758349483351049e-01
3.915483236211827478e-01
3.980651728123583144e-01
4.044254506516242187e-01
4.106104950508623896e-01
4.165789547376212987e-01
4.222579021287525269e-01
4.275267432874957363e-01
4.321868898712975526e-01
4.359007913796454914e-01
4.380578051427190256e-01
4.374400132601170554e-01
4.312275102971869778e-01
4.110962369183502885e-01
3.379243321207263118e-01
2.685191295262493449e-01
6.728219288809579313e-01
6.071127440345991388e-01
5.874945736019789866e-01
5.802269700780458006e-01
5.773610119777129457e-01
5.757050230845179861e-01
5.730748692209880479e-01
5.666413521039378454e-01
5.491865912420539342e-01
4.194621022535407473e-01
4.777116109986662140e-01
1.892306998473112234e-01
8.876797161090749233e-01
8.362844397295521315e-01
7.998389320025788285e-01
7.864939571411584396e-01
7.831327177930759165e-01
7.849211611526408783e-01
7.896574308078080362e-01
7.961971386824272523e-01
8.044528533257184755e-01
8.135507250804344670e-01
8.233493893370660288e-01
8.338136688102776306e-01
8.448662914859301765e-01
8.564849062214385800e-01
8.687074211103056331e-01
8.816615438960305751e-01
8.956433164875722275e-01
9.113291858887642150e-01
9.304536180106587340e-01
9.587785393856852467e-01
1.031745708319234511e+00
5.828193776014386485e-01
8.718533979790756838e-01
9.130771187320848581e-01
9.346074631497529595e-01
9.500558208456745257e-01
9.625887078006744035e-01
9.732992629924539507e-01
9.826413335142223371e-01
9.908195325438260426e-01
9.979261901293430270e-01
1.003996887095860879e+00
1.008842870345310505e+00
1.013070068141317170e+00
1.015992369785854388e+00
1.017661000356314682e+00
1.014740492103647140e+00
1.020507959463610170e+00
1.018538330688288918e+00
1.015683509636363446e+00
1.011197089485125877e+00
1.004256364973753035e+00
9.932640904763070377e-01
9.748743394233244652e-01
9.418566055868720088e-01
8.784211881174556202e-01
7.521933049394959880e-01
5.172167886272922566e-01
1.999724407521338843e-01
1.036694607987512576e-02
4.114435342762778197e-02
1.524792908772247269e-01
2.522974125636542886e-01
3.235325541760858403e-01
3.709419515542329848e-01
4.013374682942530969e-01
4.198323041061563510e-01
4.297649125777334156e-01
4.331011397569236587e-01
4.306850160989991183e-01
4.222117327617371241e-01
4.057768179691028654e-01
3.765663465212916172e-01
3.234992248780983459e-01
2.224973354061638708e-01
6.294526175047800154e-02
2.758431534192136714e-01
7.633562334282297801e-01
8.410615561151647546e-01
8.471658594780100415e-01
8.537121388420555457e-01
8.681444518737789773e-01
8.840140193199321761e-01
9.276916322180526198e-01
9.698715222170476435e-01
1.023466839048729371e+00
1.089092480125228413e+00
1.107867785649271131e+00
4.301252901457491840e-01
1.943666013634437195e-01
