9.969384223316377636e-01
9.969443731415128518e-01
9.969507307979930122e-01
9.969575632101254081e-01
9.969649359431502766e-01
9.969729109469402939e-01
9.969815456035269197e-01
9.969908920515855311e-01
9.970009967479751545e-01
9.970119002293763577e-01
9.970236370401810433e-01
9.970362357958062471e-01
9.970497193539650249e-01
9.970641050696643637e-01
9.970794051122486845e-01
9.970956268264927758e-01
9.971127731216603562e-01
9.971308428751154418e-01
9.971498313400679603e-01
9.971697305476170392e-01
9.971905296966236953e-01
9.972122155255278564e-01
9.972347726619963382e-01
9.972581839474086163e-01
9.972824307345785622e-01
9.973074931572749602e-01
9.973333503716490522e-01
9.973599807694613073e-01
9.973873621643417620e-01
9.974154719519306989e-01
9.974442872454947207e-01
9.974737849883467122e-01
9.975039420455792394e-01
9.975347352760397523e-01
9.975661415871888149e-01
9.975981379741342137e-01
9.976307015453073079e-01
9.976638095358989489e-01
9.976974393112737483e-01
9.977315683615805009e-01
9.977661742893586538e-01
9.978012347911803248e-01
9.978367276348795167e-01
9.978726306334064766e-01
9.979089216160805798e-01
9.979455783986250772e-01
9.979825787524096992e-01
9.980199003737083574e-01
9.980575208535308329e-01
9.980954176487591978e-01
9.981335680545074807e-01
9.981719491788055842e-01
9.982105379190908678e-01
9.982493109412823307e-01
9.982882446613038363e-01
9.983273152293639097e-01
9.983664985168944073e-01
9.984057701061991308e-01
9.984451052829446116e-01
9.984844790312351615e-01
9.985238660313495718e-01
9.985632406601272493e-01
9.986025769936508478e-01
9.986418488124355619e-01
9.986810296086379157e-01
9.987200925955980191e-01
9.987590107191557376e-01
9.987977566708632349e-01
9.988363029028320961e-01
9.988746216442209169e-01
9.989126849190576030e-01
9.989504645652337311e-01
9.989879322548466112e-01
9.990250595154408497e-01
9.990618177521358723e-01
9.990981782705875558e-01
9.991341123004164881e-01
9.991695910195610431e-01
9.992045855787531350e-01
9.992390671264069768e-01
9.992730068339374938e-01
9.993063759211754382e-01
9.993391456818414564e-01
9.993712875090381420e-01
9.994027729208679878e-01
9.994335735858180803e-01
9.994636613479817022e-01
9.994930082522133219e-01
9.995215865687868684e-01
9.995493688180581149e-01
9.995763277943935377e-01
9.996024365901381437e-01
9.996276686188441118e-01
9.996519976380816574e-01
9.996753977720086448e-01
9.996978435331959068e-01
9.997193098438922343e-01
9.997397720569984880e-01
9.997592059763318328e-01
9.997775878762584778e-01
9.997948945210107796e-01
9.998111031831308226e-01
9.998261916618054190e-01
9.998401383002830656e-01
9.998529220033101073e-01
9.998645222536957089e-01
9.998749191291493865e-01
9.998840933186897706e-01
9.998920261391548436e-01
9.998986995522816112e-01
9.999040961823629781e-01
9.999081993350775743e-01
9.999109930185864359e-01
9.999124619671955205e-01
9.999125916695723593e-01
9.999113684032977512e-01
9.999087792785034123e-01
9.999048122950070505e-01
9.998994564196171941e-01
9.998927016929323175e-01
9.998845393819494332e-01
9.998749622035251194e-01
9.998639646614433385e-01
9.998515435713504207e-01
9.998376989078118227e-01
9.998224352301634532e-01
9.998057642051587646e-01
9.997877093511639002e-01
9.997683156704616492e-01
9.997476712422870282e-01
9.997259625557771701e-01
9.997036463378562443e-01
9.996821731676697187e-01
9.996693128715579135e-01
9.995144969021545478e-01
9.995628612275060387e-01
9.995395824701779341e-01
9.995093238398803370e-01
9.994759648075631775e-01
9.994404137961743206e-01
9.994029947737401720e-01
9.993638525429751063e-01
9.993230621338019537e-01
9.992806669549642029e-01
9.992366945272382894e-01
9.991911637979122851e-01
9.991440888653242425e-01
9.990954810185325163e-01
9.990453499243739932e-01
9.989937043566111674e-01
9.989405526672446856e-01
9.988859031069953209e-01
9.988297640551839773e-01
9.987721441943128164e-01
9.987130526502825401e-01
9.986524991120078187e-01
9.985904939387089119e-01
9.985270482602862652e-01
9.984621740747502416e-01
9.983958843446468778e-01
9.983281930941779736e-01
9.982591155077885636e-01
9.981886680304463688e-01
9.981168684694144977e-01
9.980437360970902949e-01
9.979692917540143871e-01
9.978935579507515197e-01
9.978165589673880786e-01
9.977383209481207604e-01
9.976588719895634894e-01
9.975782422193463228e-01
9.974964638626234725e-01
9.974135712927713060e-01
9.973296010626153674e-01
9.972445919122194802e-01
9.971585847484611964e-01
9.970716225916882447e-01
9.969837504842143927e-01
9.968950153551027205e-01
9.968054658355428588e-01
9.967151520190072889e-01
9.966241251599690099e-01
9.965324373055236551e-01
9.964401408541343486e-01
9.963472880362049811e-01
9.962539303116259015e-01
9.961601176807441949e-01
9.960658979055946327e-01
9.959713156407220547e-01
9.958764114736076145e-01
9.957812208782403918e-01
9.956857730870269929e-01
9.955900898903092822e-01
9.954941843764286702e-01
9.953980596294764727e-01
9.953017074075788395e-01
9.952051068298716219e-01
9.951082231074324103e-01
9.950110063599869603e-01
9.949133905693704483e-01
