9.573437297746353325e-01
9.595839323259787168e-01
9.620957539507709599e-01
9.647789673391444776e-01
9.675471660173099453e-01
9.703272438111210096e-01
9.730586665550652326e-01
9.756925933953505270e-01
9.781908968531431992e-01
9.805251232062427436e-01
9.826754277696327922e-01
9.846295133396221200e-01
9.863815944141284264e-01
9.879314048063591036e-01
9.892832618975846426e-01
9.904451970017155160e-01
9.914281580913357761e-01
9.922452884227594971e-01
9.929112823494500306e-01
9.934418177765560465e-01
9.938530632510165219e-01
9.941612565405852919e-01
9.943823507049852628e-01
9.945317230533718966e-01
9.946239419823516004e-01
9.946725864635804770e-01
9.946901128704662698e-01
9.946877638702041891e-01
9.946755142407386341e-01
9.946620486753052770e-01
9.946547668991264635e-01
9.946598117206817413e-01
9.946821159671175305e-01
9.947254645922178895e-01
9.947925685936418461e-01
9.948851477198499271e-01
9.950040192856609567e-01
9.951491907394880432e-01
9.953199539359609549e-01
9.955149793581931084e-01
9.957324088059450462e-01
9.959699453157702109e-01
9.962249393087965199e-01
9.964944701691575979e-01
9.967754226423484187e-01
9.970645576098987606e-01
9.973585769425443726e-01
9.976541822630575762e-01
9.979481275608490520e-01
9.982372656959388468e-01
9.985185889095977707e-01
9.987892635273006858e-01
9.990466590930539015e-01
9.992883722195381457e-01
9.995122454720291039e-01
9.997163816303978878e-01
9.998991536915601275e-01
1.000059210986996572e+00
1.000195481796690711e+00
1.000307172842534564e+00
1.000393766043174315e+00
1.000455012907813579e+00
1.000490926939593850e+00
1.000501774412017930e+00
1.000488063872414068e+00
1.000450534718640538e+00
1.000390145186005553e+00
1.000308060074962535e+00
1.000205638544008568e+00
1.000084422289074793e+00
9.999461244293483819e-01
9.997926194214619144e-01
9.996259343291155064e-01
9.994482417821610731e-01
9.992618549688455643e-01
9.990692250140991160e-01
9.988729411009477088e-01
9.986757336859749534e-01
9.984804811258363166e-01
9.982902199504115615e-01
9.981081588432513252e-01
9.979376960466439517e-01
9.977824392628702466e-01
9.976462259324039294e-01
9.975331395919045940e-01
9.974475140316197974e-01
9.973939096383930281e-01
9.973770326340529735e-01
9.974015419553305950e-01
9.974716380845102259e-01
9.975902273300574219e-01
9.977572465315854844e-01
9.979662837105540696e-01
9.981976126448635078e-01
9.984033156444587220e-01
9.984738653701334954e-01
9.981577857496123363e-01
9.968502208456795355e-01
9.929643445639051436e-01
9.817203900586055632e-01
9.453960183594491973e-01
8.019612732642094066e-01
1.933611753412736445e-01
2.965452877227880424e-01
6.877955671259130543e-01
8.178720657840750086e-01
8.719499852545634644e-01
8.996303014661720665e-01
9.158521873449335660e-01
9.262772606543848708e-01
9.334614272743996244e-01
9.387450277628246464e-01
9.429887956258862225e-01
9.470810656793888782e-01
9.536284356220301461e-01
7.771268448846874177e-01
9.372154245675148321e-01
9.424894266367008777e-01
9.444489538312548227e-01
9.454309566642222773e-01
9.459326981467545137e-01
9.461350178821341661e-01
9.461246364659817720e-01
9.459509365461741259e-01
9.456454836100209871e-01
9.452301766437001262e-01
9.447211624454854295e-01
9.441309252472508406e-01
9.434694974496594666e-01
9.427452073949490474e-01
9.419651646555040614e-01
9.411355870322015704e-01
9.402620269264576613e-01
9.393495307299237762e-01
9.384027517592170575e-01
9.374260297403600450e-01
9.364234453486622867e-01
9.353988555184521436e-01
9.343559134446368653e-01
9.332980760147118193e-01
9.322286005987824309e-01
9.311505325432208879e-01
9.300666842516179811e-01
9.289796062774073881e-01
9.278915501876061622e-01
9.268044215138225850e-01
9.257197168775049834e-01
9.246384235406446273e-01
9.235607799844135490e-01
9.224851480209026455e-01
9.213871514853007039e-01
9.203609827683274514e-01
9.193003850258183451e-01
9.182328918119896377e-01
9.171600849964224311e-01
9.160770377189801916e-01
9.149777969333566796e-01
9.138552678262062967e-01
9.127010811567984883e-01
9.115054732770067059e-01
9.102571676512635213e-01
9.089432521298631551e-01
9.075490483418707788e-01
9.060579698191345566e-01
9.044513648378430526e-01
9.027083387678171977e-01
9.008055489770651070e-01
8.987169629478418686e-01
8.964135670258582822e-01
8.938630088563315201e-01
8.910291506316130317e-01
8.878715021759154835e-01
8.843444917223620694e-01
8.803965166701537282e-01
8.759686946424593001e-01
8.709932037316275855e-01
8.653910551243716442e-01
8.590690736850640219e-01
8.519157600060517366e-01
8.437955498332291304e-01
8.345407371066260183e-01
8.239399195606988968e-01
8.117211385479586871e-01
7.975266785774725031e-01
7.808742757273581248e-01
7.610951851544209834e-01
7.372306679115462336e-01
7.078486219725612649e-01
6.706936632545296151e-01
6.219527090480958531e-01
5.545190750004297398e-01
4.533214419523613481e-01
2.831167895880059571e-01
6.379985883838389105e-02
6.380195462252128413e-01
6.325174451592577851e-01
4.437986414701073912e-01
2.567348765263254284e-01
9.781976590046183306e-02
1.304696666101757586e-02
