9.825220911294716419e-01
9.833388627324862741e-01
9.841231792836963033e-01
9.848766892151995522e-01
9.856011706233156477e-01
9.862984477240148706e-01
9.869703224023308463e-01
9.876185196008168132e-01
9.882446452178409446e-01
9.888501551602988382e-01
9.894363342085941149e-01
9.900042833925232211e-01
9.905549146405943084e-01
9.910889515434712083e-01
9.916069351603289395e-01
9.921092338922530285e-01
9.925960565417701886e-01
9.930674677732184152e-01
9.935234052814277961e-01
9.939636980612915895e-01
9.943880852520401437e-01
9.947962351001760073e-01
9.951877636465918942e-01
9.955622527931199395e-01
9.959192674405266121e-01
9.962583714101734822e-01
9.965791418641231081e-01
9.968811819163470034e-01
9.971641310769453481e-01
9.974276730798878887e-01
9.976715405011452598e-01
9.978955153563625613e-01
9.980994245478860272e-01
9.982831285610485050e-01
9.984465011287769753e-01
9.985893965837524533e-01
9.987116001485768502e-01
9.988127542297148276e-01
9.988922505041976097e-01
9.989490726052883129e-01
9.989815665377004272e-01
9.989871039440215705e-01
9.989615842419544700e-01
9.988986907012665784e-01
9.987887643569270946e-01
9.986170731411475598e-01
9.983611036931916427e-01
9.979862362805713705e-01
9.974386729143503993e-01
9.966335569730760957e-01
9.954343827749129181e-01
9.936159998153246686e-01
9.907953023103337475e-01
9.862949054785614678e-01
9.788594440287651244e-01
9.660259887198763273e-01
9.426291144084317786e-01
8.970230925009190504e-01
8.009867729366217937e-01
5.891057019059942057e-01
2.054457336629388342e-01
6.504877719457107660e-03
2.477889112062607868e-01
4.966708745646405410e-01
6.449080822922208522e-01
7.304924497646728687e-01
7.826642571730084708e-01
8.163933497040992693e-01
8.392911758974598291e-01
8.554383653391516296e-01
8.671562969122025288e-01
8.758390772777669975e-01
8.823643189555309130e-01
8.873073065841772245e-01
8.910584927506357555e-01
8.938909687326115350e-01
8.960008035446793695e-01
8.975320346775553793e-01
8.985926446356543584e-01
8.992650641370479869e-01
8.996132526150381059e-01
8.996875828487894688e-01
8.995282875859559324e-01
8.991679553682455639e-01
8.986334153381984047e-01
8.979473149723340430e-01
8.971299071399382319e-01
8.962030929205031526e-01
8.952153525276715929e-01
8.924729256733742178e-01
8.925703096844997964e-01
8.913053230393793713e-01
8.899307209991388357e-01
8.884793969695767846e-01
8.869621833488507967e-01
8.853854727500083399e-01
8.837539649450099066e-01
8.820714208304275550e-01
8.803409512666692249e-01
8.785651570179384695e-01
8.767462087877598842e-01
8.748858982353070468e-01
8.729856725606354173e-01
8.710466585098715075e-01
8.690696788372475057e-01
8.670552629447957349e-01
8.650036527432531930e-01
8.629148043902818976e-01
8.607883863233121158e-01
8.586237738413045051e-01
8.564200403695604313e-01
8.541759454468682566e-01
8.518899193936894099e-01
8.495600445459736694e-01
8.471840328709883128e-01
8.447591997124574981e-01
8.422824333441146782e-01
8.397501599430448049e-01
8.371583035314728027e-01
8.345022403900828056e-01
8.317767474561461594e-01
8.289759443810189588e-01
8.260932295351597343e-01
8.231212123205828846e-01
8.200516517198851441e-01
8.168754447456694212e-01
8.135829243921334220e-01
8.101677416907506757e-01
8.065584074976970275e-01
8.028557848395221352e-01
7.989620441218332481e-01
7.948744166494690067e-01
7.905734319080188754e-01
7.860360597682869432e-01
7.812361346713345700e-01
7.761441240580821965e-01
7.707267956344591164e-01
7.649469624331070028e-01
7.587636683353607969e-01
7.521338026521250386e-01
7.449882564279318720e-01
7.360269151893118478e-01
7.285103962029785274e-01
7.194489931539639338e-01
7.094847940583802748e-01
6.984458342258237362e-01
6.866212781037885904e-01
6.734861599068948657e-01
6.592888065768930383e-01
6.291634318248320312e-01
6.225251570232865905e-01
6.025344467869931941e-01
5.797482397448012748e-01
5.540295626237062843e-01
5.250232460873047735e-01
4.923136983653985110e-01
4.554711674424138379e-01
4.141045249814125362e-01
3.679472643010087141e-01
3.169980687558816013e-01
2.617374339039335029e-01
2.034329778283697210e-01
1.445127049298724209e-01
8.890859856169956721e-02
4.214890196621473573e-02
1.086605406954514914e-02
1.455768221273823345e-03
1.804595516979017739e-02
6.036824656611146367e-02
1.288381435467507719e-01
2.068782154442560528e-01
2.924792725979024621e-01
3.774615441327850984e-01
4.568746607158891693e-01
5.280800393430570283e-01
5.901708998506386417e-01
6.433375687289811795e-01
6.883520284312475424e-01
7.262207334315745610e-01
7.579811224912631484e-01
7.845977138947639595e-01
8.069189467899219315e-01
8.256675126187722480e-01
8.414472482397610253e-01
8.547569309299352103e-01
8.660058630272674529e-01
8.755287736317546310e-01
8.835990091991672291e-01
8.904397296871073841e-01
8.962331819442670433e-01
9.011282692269576566e-01
9.052466774507149649e-01
9.086878106134147481e-01
9.115327587383603714e-01
9.138474858111418353e-01
9.156853880643770482e-01
9.170893337463388306e-01
9.180932436044872968e-01
9.187231655835431665e-01
9.189974576350194990e-01
