9.997367201779921997e-01
9.994610834300494684e-01
9.991124775680800818e-01
9.986937857089427384e-01
9.982081578044063042e-01
9.976590248134360461e-01
9.970501205363192510e-01
9.963855101125892455e-01
9.956696242700233679e-01
9.949072985080497089e-01
9.941038164960942503e-01
9.932649570578271359e-01
9.923970441962881583e-01
9.915069996789588336e-01
9.906023977415588933e-01
9.896915214744388400e-01
9.887834204044183561e-01
9.878879686628675438e-01
9.870159229028652170e-01
9.861789787480005343e-01
9.853898239630911604e-01
9.846621856305979303e-01
9.840108672602299045e-01
9.834517697425858573e-01
9.830018870700235611e-01
9.826792633210591488e-01
9.825028908304381803e-01
9.824925196598368604e-01
9.826683337734006818e-01
9.830504271021072160e-01
9.836579788590007478e-01
9.845079755413055356e-01
9.856132465993894254e-01
9.869794548740394857e-01
9.886004840034330332e-01
9.904513476090396340e-01
9.924772339235129470e-01
9.945764699523066410e-01
9.965738363765557217e-01
9.981784592942376522e-01
9.989169487565370265e-01
9.980268917264322193e-01
9.942877343972787996e-01
9.857565248396210622e-01
9.693721904226968444e-01
9.404213577738500529e-01
8.920019465478989940e-01
8.150593406141288799e-01
7.004992323749472671e-01
5.456759931760786220e-01
3.647759493547556575e-01
1.926520092642286797e-01
6.813393372681858517e-02
8.293964226738091000e-03
3.407584966917282313e-03
3.246988099792656041e-02
7.716544591632555627e-02
1.260291893992020185e-01
1.732029174092744317e-01
2.162241645149911851e-01
2.543954124131330152e-01
2.878386056899282508e-01
3.170058747814913924e-01
3.424442766117052339e-01
3.646907653117941184e-01
3.842307184953346888e-01
4.014861615220958191e-01
4.168170661635620111e-01
4.305278384697317495e-01
4.428761277187152623e-01
4.540474599379471510e-01
4.642954954491826935e-01
4.737152776449232161e-01
4.824527941082544236e-01
4.906205809867149048e-01
4.983146706785309132e-01
5.056176603120133839e-01
5.126009312347641345e-01
5.193264208906308577e-01
5.258480619019992863e-01
5.322129575400615931e-01
5.384623448154975955e-01
5.446323851912642233e-01
5.507548146655342203e-01
5.568574786053666070e-01
5.629647717251924366e-01
5.690979996809159003e-01
5.752756756583359277e-01
5.815137628973778838e-01
5.878258721756463023e-01
5.942234217681998665e-01
6.007157662268571841e-01
6.073102994190326953e-01
6.140125366002049390e-01
6.208261798604149950e-01
6.277531711536349368e-01
6.347937375581892416e-01
6.419464353631584297e-01
6.492082066746944768e-01
6.565744920004190632e-01
6.640396132452576206e-01
6.715995065349091853e-01
6.790940155012396007e-01
6.869079489170116792e-01
6.946719265970822121e-01
7.024750798805252661e-01
7.103049111847737906e-01
7.181456447202010374e-01
7.259800654880758097e-01
7.337899663088366387e-01
7.415565083548982805e-01
7.492608239812750259e-01
7.568855797995898138e-01
7.644212089527443466e-01
7.719157855638881793e-01
7.780194855562682088e-01
7.857801324811609645e-01
7.926940041191334885e-01
7.993426113741289862e-01
8.057360640166951748e-01
8.118600024985871411e-01
8.176955927027794724e-01
8.232228720844874115e-01
8.284216144451055364e-01
8.332715657540499254e-01
8.377524469168000643e-01
8.418438330310551443e-01
8.455249435460204799e-01
8.487743537548547712e-01
8.515696290924926748e-01
8.538868797812636524e-01
8.557002312452047788e-01
8.569812042402231711e-01
8.576979973775994415e-01
8.578146635043630841e-01
8.572901702391285683e-01
8.560773339564590190e-01
8.541216158861341112e-01
8.513597691070010631e-01
8.477183266356874691e-01
8.431119243799702900e-01
8.374414596955482848e-01
8.305920984661139261e-01
8.224311636155025029e-01
8.128059694139423419e-01
8.015417138903728755e-01
7.884396128410693372e-01
7.732755619690584448e-01
7.557997589756665358e-01
7.357379160778922955e-01
7.127949546082766874e-01
6.866623985012038078e-01
6.570310553942226850e-01
6.236109385380841363e-01
5.861606207358880383e-01
5.445281044740628573e-01
4.987044917984305714e-01
4.488897713494215957e-01
3.955664148246846867e-01
3.395709440519819045e-01
2.821465698412003453e-01
2.249515029758490658e-01
1.699421839987408089e-01
1.199476325782023872e-01
7.657974198431438673e-02
4.002413145062483357e-02
1.664038972893283619e-02
3.705552353783821227e-03
2.427140337394999899e-03
9.887253220307539933e-03
2.842770576935662805e-02
5.468231586538581379e-02
8.710569449352030535e-02
1.240751673740936312e-01
1.640994331735973477e-01
2.059024841533338979e-01
2.484505765466516469e-01
2.909535178715568771e-01
3.328075981350014367e-01
3.736354352999408102e-01
4.123800576740629942e-01
4.507244694090706827e-01
4.871415894901194865e-01
5.219235694686508165e-01
5.551176290810384550e-01
5.867797477701669484e-01
6.169797688144319503e-01
6.457965032147323647e-01
6.733129108800932627e-01
6.996123231208135618e-01
7.247755862409165362e-01
7.488788363334361042e-01
7.719915931481996507e-01
7.941748478580860082e-01
8.154787748563615546e-01
8.359395937784727115e-01
8.555749064595247200e-01
8.743764667474132057e-01
8.922986806973913776e-01
9.092399266897142063e-01
