7.855976302907216047e-01
7.800872616714905616e-01
7.717129783733324144e-01
7.613148275773697904e-01
7.495103663871767186e-01
7.370475130875651093e-01
7.244831654934091869e-01
7.123148506835956795e-01
7.009575538428310937e-01
6.907346912979221987e-01
6.818193888679719983e-01
6.724388328437266305e-01
6.708295240818399341e-01
6.670469927279559785e-01
6.655039030939657874e-01
6.659762137764665413e-01
6.686268383269907689e-01
6.705984509897515711e-01
6.773343680685398605e-01
6.846473934357902857e-01
6.932469911718083244e-01
7.030208205875998484e-01
7.138097294812555393e-01
7.254420580474691960e-01
7.377427468045086867e-01
7.505379706624480951e-01
7.636583570482472494e-01
7.769414960586906727e-01
7.902339622349691117e-01
8.033929354857956007e-01
8.162874657722560823e-01
8.287994099263072956e-01
8.408240617743961698e-01
8.522704928482928155e-01
8.630616183047301604e-01
8.731340003591450127e-01
8.824373991018487073e-01
8.909340776366434511e-01
8.985978646653690616e-01
9.054129724158648251e-01
9.113725604614489884e-01
9.164770254966121410e-01
9.207319820703548929e-01
9.241458775278516002e-01
9.267271528419276372e-01
9.284808148681946705e-01
9.294042173712360189e-01
9.294817458658080067e-01
9.286779444548691753e-01
9.269283749218629742e-01
9.241270894702779959e-01
9.201088828798641428e-01
9.146231296582489900e-01
9.072931232950606217e-01
8.975477603334236498e-01
8.844917405744286976e-01
8.666052573453839614e-01
8.407965834286921236e-01
7.974158921833305325e-01
6.197674022652780446e-01
8.488278405290339279e-01
7.460151157284519163e-01
6.620287430491561542e-01
5.665902478155118160e-01
4.552155408600780939e-01
3.319543726184651100e-01
2.240698718527783240e-01
1.195584141210555285e-01
4.654777248370928211e-02
9.096715372260918281e-03
3.705950568157765149e-03
2.172141461835732507e-02
5.371014531207390919e-02
9.211590665527254196e-02
1.319394279089524946e-01
1.702942751227695395e-01
2.057949686343278073e-01
2.379594954522748773e-01
2.668349260591371674e-01
2.927804374095176465e-01
3.163903485309038643e-01
3.385824380586004434e-01
3.610737496620642362e-01
3.885684448467827679e-01
4.470341838988403649e-01
2.269890952298334874e-01
3.129048497492493142e-01
3.555300888420925287e-01
3.738252885722453400e-01
3.857354438457001322e-01
3.946889591004694164e-01
4.018982339707470319e-01
4.079338737471348009e-01
4.131171961631655010e-01
4.176525546270907774e-01
4.216810722471554529e-01
4.253053889913937513e-01
4.286020147736762653e-01
4.316276510076301753e-01
4.344221232024728097e-01
4.370089951417955865e-01
4.393941137301534683e-01
4.415617100902252679e-01
4.434669204143184551e-01
4.450222758023111846e-01
4.460729995765378986e-01
4.463496998426177420e-01
4.453710536085832561e-01
4.422228484668251358e-01
4.349830842101049533e-01
4.188999853696205866e-01
3.785050056867083068e-01
2.291078193993444367e-01
8.220348055371773377e-01
6.787940301266123244e-01
6.225270595463371359e-01
6.031412497687274055e-01
5.962789512143130688e-01
5.952157358054407377e-01
5.973909711779158416e-01
6.016151842254090498e-01
6.072527961090227189e-01
6.139229722660010102e-01
6.213709007075884916e-01
6.294037150220733734e-01
6.378468360489095712e-01
6.465110656940851186e-01
6.552982063813401759e-01
6.637931333145620227e-01
6.715533227643106784e-01
6.776299925852314887e-01
6.796750958798865039e-01
6.707521817934405384e-01
6.085735028287569959e-01
3.672256323794451105e-01
8.110966149262491820e-01
8.097483313360368529e-01
8.130780469333864779e-01
8.197888528359674742e-01
8.281205383429122158e-01
8.371682245445977166e-01
8.467394227393578721e-01
8.563021423449924674e-01
8.657724922801418588e-01
8.750499960767503804e-01
8.840743200142978653e-01
8.922102596366580096e-01
9.050463983996626105e-01
8.989774948843233249e-01
9.113998518386963177e-01
9.187215507615212884e-01
9.249322688545588145e-01
9.304185077008728655e-01
9.352861163171759529e-01
9.395776207389955337e-01
9.433006840251985103e-01
9.463864756048231408e-01
9.484350451796010883e-01
9.390782130333314992e-01
9.585957936078420838e-01
9.587458835051512196e-01
9.596477950105364307e-01
9.602133348090022835e-01
9.600055152705571082e-01
9.584513702688531867e-01
9.545468398625476247e-01
9.464024225305368576e-01
9.303113911889465681e-01
8.987278777471371383e-01
8.360070321827517414e-01
7.114845741686782743e-01
4.816533974756803671e-01
1.678509244561467717e-01
1.067748805527910481e-02
1.214249651631073429e-01
2.988154146864624994e-01
4.371386072822574520e-01
5.310786970910515992e-01
5.937547781503561550e-01
6.358376068010459514e-01
6.641154882992711395e-01
6.827512367914965186e-01
6.943313318220906138e-01
7.005095930560660822e-01
7.023821297940432418e-01
7.007074335728344927e-01
6.960391831911859617e-01
6.888093089240890921e-01
6.793821923843004207e-01
6.680921374508250743e-01
6.552724914291381264e-01
6.412866903146374753e-01
6.265922940069952318e-01
6.120269765655231842e-01
6.024344124211549190e-01
5.645051253958877080e-01
5.553466435608099827e-01
5.392449332962560016e-01
5.189120274255362153e-01
4.836650109315718815e-01
