9.887601264965475423e-01
9.868780947880168020e-01
9.858163635467002139e-01
9.857238015020998168e-01
9.868192266553430514e-01
9.894233890103681928e-01
9.939343738175376863e-01
1.000244813761894669e+00
1.001466919680286560e+00
8.766243326959770599e-01
1.179152966485054882e-01
6.422182292388407543e-01
7.907208634125666435e-01
8.401534253223235105e-01
8.630425948653785984e-01
8.755325571094261239e-01
8.829396931636220858e-01
8.874864631496340861e-01
8.902582562369517616e-01
8.918486060381605185e-01
8.926152580463377895e-01
8.928021443361967568e-01
8.926318211201957897e-01
8.926060840555735121e-01
8.633419884893064333e-01
8.872694928815010318e-01
8.863749553130798597e-01
8.848795236647220008e-01
8.831375474506903966e-01
8.812443292585513399e-01
8.792487639275367028e-01
8.771877059285149159e-01
8.751039301339369469e-01
8.731261262970614334e-01
8.688835290595294802e-01
8.681190375659714187e-01
8.660583425702861327e-01
8.639470038138973296e-01
8.618499651161327657e-01
8.597891845871681316e-01
8.577775982955639922e-01
8.558247396028525467e-01
8.539382781055726568e-01
8.521245889032628140e-01
8.503890180377081665e-01
8.487360337255848153e-01
8.471693285578523192e-01
8.456918982492915848e-01
8.443061079838805050e-01
8.430137514458697634e-01
8.418161049687610253e-01
8.407139779703270976e-01
8.397077602090731174e-01
8.387974660747438138e-01
8.379827759569152823e-01
8.372630746511849908e-01
8.366374867210967237e-01
8.361049087162053528e-01
8.356640381398309225e-01
8.353133990560314137e-01
8.350513642199324238e-01
8.348761736035615888e-01
8.347859491667087850e-01
8.347787056850736187e-01
8.348523573878784410e-01
8.350047200668082592e-01
8.352335081802538808e-01
8.355363262702645288e-01
8.359106536921809827e-01
8.363538211600888284e-01
8.368629768027825433e-01
8.374350380410678918e-01
8.380666230432584074e-01
8.387539502586665030e-01
8.394926818998963425e-01
8.402776499311578329e-01
8.411022608255356303e-01
8.419566394196739134e-01
8.428179095634104057e-01
8.435410885234416734e-01
8.341178209828906676e-01
8.433150861140585874e-01
8.447108716086714209e-01
8.439325533268707824e-01
8.220345607731167625e-01
8.576681437641430206e-01
8.550476653301258834e-01
8.550218081028411188e-01
8.554966001436580258e-01
8.560931999984137120e-01
8.566617260350192220e-01
8.570895658089843216e-01
8.572135689728764829e-01
8.565705413246291755e-01
8.508918125809236122e-01
8.640765921116086989e-01
8.595881390157625868e-01
8.223725055166835052e-01
8.598374531568903079e-01
8.566400403316567491e-01
8.530885725434599332e-01
8.483717690264412914e-01
8.418634908127263783e-01
8.327208006654566175e-01
8.196279202315863710e-01
8.003678925295555358e-01
7.709561293868963938e-01
7.238385580208783754e-01
6.448193039342533517e-01
5.151518629211561118e-01
3.553351615114902495e-01
2.471080194950567854e-01
2.598537599043612700e-01
5.291698702513002450e-01
7.784058683345433938e-01
8.945589912997955473e-01
9.445366885870284390e-01
9.677095313168302404e-01
9.794502838001072353e-01
9.858797711508413553e-01
9.896380675139282435e-01
9.919546248821239365e-01
9.934382536167305489e-01
9.944041093772798545e-01
9.950196209441990458e-01
9.953739262321510406e-01
9.955126558322729968e-01
9.954559772528170924e-01
9.952079873301074020e-01
9.947611789894873491e-01
9.940975299533529874e-01
9.931863241938772013e-01
9.919771479650622004e-01
9.903830310756390753e-01
9.882385779713372953e-01
9.851804741717722358e-01
9.802129532107196619e-01
9.692410678333028828e-01
8.912741943652663368e-01
1.026672577264719832e+00
1.002326980210719531e+00
9.943320032334761471e-01
9.893952500408216277e-01
9.854688567888900685e-01
9.819097445494608944e-01
9.783053445474314547e-01
9.721955101694004231e-01
9.623882216404633372e-01
9.662861688271690008e-01
9.626088172032485346e-01
9.553836516453604322e-01
9.112063085046667732e-01
9.603851163165849636e-01
9.565611581146949982e-01
9.523726996036717685e-01
9.481940395785902753e-01
9.436959244548581704e-01
9.383221849477645371e-01
9.306804077213441939e-01
9.154230362882915806e-01
8.315794440546324662e-01
9.348532063487756671e-01
9.759288950006875796e-01
9.651416699259708354e-01
9.600128206792450936e-01
9.598352911003793508e-01
9.600986279523233691e-01
9.624267818490923609e-01
9.663344136666149886e-01
9.693360310556733417e-01
9.528503956080304205e-01
8.947961307599004988e-01
5.864272814091365804e-01
2.064048440650685934e-01
4.753655445869411911e-01
6.319776946538865348e-01
4.613304382914497070e-01
5.882660078975169293e-01
6.852651019335953553e-01
7.290328659936917699e-01
7.541751052417988710e-01
7.707496180674779929e-01
7.826596977980683212e-01
7.917564688007554530e-01
7.989447348606520949e-01
8.036432151029122561e-01
7.418433903766794568e-01
7.879789662562336483e-01
8.108249181043473142e-01
8.181876905002579692e-01
8.235704828835401781e-01
8.284749978514651669e-01
8.333552787380694715e-01
8.384430861337581753e-01
8.439027023017382501e-01
8.498743804832422644e-01
8.564888122397682491e-01
8.638702371950816028e-01
8.721314954940092568e-01
8.813584699403494982e-01
