8.642441483762216548e-01
8.746505742084760282e-01
8.848812642022879649e-01
8.949029775613672744e-01
9.046726333443528834e-01
9.141382191673225188e-01
9.229910441903861340e-01
9.319849226600268599e-01
9.402249448931264686e-01
9.479560870496914760e-01
9.551313193918291589e-01
9.617134744810483804e-01
9.676748513691266762e-01
9.729979448099893569e-01
9.776758054118386276e-01
9.817117133297696974e-01
9.851177802387767191e-01
9.879113420764372711e-01
9.901020960247294278e-01
9.913287260342872331e-01
9.930223234207016247e-01
9.934913629218740105e-01
9.933089727952484349e-01
9.922046469918933687e-01
9.896439523199535016e-01
9.845049110062034092e-01
9.743857635845888376e-01
9.539400278486047657e-01
9.106563721600597905e-01
8.145044050295671134e-01
6.031276045050308898e-01
2.466375293734665852e-01
1.675680930009312841e-02
1.487279226050305936e-01
3.688840599273406351e-01
5.264989931429878700e-01
6.285702997863927832e-01
6.975697865887602322e-01
7.477732321168020224e-01
7.872682127805238350e-01
8.207285410507764167e-01
8.508894239330218046e-01
8.799074757394973467e-01
9.080008139003171719e-01
9.355180357664099056e-01
9.611202762482234929e-01
9.811952371811127893e-01
9.879788146561605533e-01
9.669291264849372292e-01
8.955986865770910743e-01
7.519007394791152876e-01
5.403143416267179866e-01
3.132242703807778250e-01
1.375356518286399155e-01
3.944710324374307853e-02
3.654066514144066382e-03
4.256054773579282663e-03
2.205202553346481339e-02
4.574125949368594568e-02
6.990017727633580924e-02
9.195102213411655845e-02
1.108070135092276975e-01
1.260581647239034098e-01
1.375668526012532034e-01
1.452690182499951355e-01
1.490904053393057038e-01
1.491306794391524526e-01
1.428982378757663874e-01
1.335136413742664396e-01
1.183151816928045275e-01
9.710726203665660805e-02
7.000784195607444305e-02
3.902045441106855722e-02
1.135501253602178712e-02
6.481956568657017831e-03
6.435682344428783619e-02
2.318037077874204599e-01
4.951160323742199720e-01
7.467435587425337307e-01
9.021378050797721482e-01
9.692981152183408611e-01
9.877257911295209691e-01
9.853167209227448042e-01
9.759010664085472353e-01
9.654419165165462058e-01
9.562682690583129697e-01
9.491372879394265327e-01
9.441510074189249924e-01
9.411532349910669559e-01
9.398983172214742110e-01
9.401052367526701037e-01
9.416636152008274196e-01
9.441291592923597431e-01
9.474189649695798909e-01
9.513345284137956215e-01
9.557079519699223091e-01
9.603880447946095966e-01
9.652369672329517147e-01
9.701281425188341689e-01
9.749447756937857923e-01
9.795788243267206097e-01
9.839303320650775175e-01
9.879070513300924894e-01
9.914242893760286668e-01
9.944049193498490924e-01
9.967794953322366425e-01
9.985077564526161353e-01
9.994838647390544839e-01
9.996820005834109457e-01
9.990966180894245152e-01
9.976756767690507788e-01
9.953985477925889613e-01
9.922514636428979573e-01
9.882275060869157857e-01
9.833260186306160833e-01
9.775517294639403110e-01
9.709136411120304899e-01
9.634236808002751840e-01
9.550950814871834726e-01
9.459404319145880979e-01
9.359692659233264100e-01
9.251848685226331526e-01
9.135792196899858997e-01
9.011203032364066834e-01
8.876550124907192085e-01
8.742902157814810282e-01
8.587079887460969951e-01
8.422978904313435100e-01
8.245759429707079091e-01
8.052268969106497476e-01
7.838231236301234084e-01
7.597485973668604009e-01
7.320982391293346936e-01
6.995187028932013940e-01
6.599491506332345603e-01
6.102044176759677807e-01
5.453682430184938479e-01
4.583172652858018559e-01
3.431822750832538294e-01
1.729875858078446793e-01
3.385139769150831424e-02
1.904980473483509559e-02
1.707154006774970201e-01
3.145825556765950992e-01
3.112828453756158464e-01
1.659975518954892315e-01
1.125325304892682010e-01
2.813057794801141487e-01
4.618545027054700713e-01
5.715510541853662252e-01
6.331324233909567667e-01
6.686964901287488772e-01
6.900878252515565414e-01
7.033988272381292983e-01
7.118956461189160922e-01
7.174238666955287114e-01
7.210759563416696549e-01
7.235175750255046223e-01
7.251347177385856213e-01
7.259055486376573274e-01
5.138243777021630487e-01
7.281836415777674931e-01
7.299702986053345777e-01
7.308438190788807409e-01
7.318203468193683614e-01
7.328587263684779307e-01
7.340801625579524980e-01
7.354959938493744742e-01
7.370504210194305239e-01
7.387655197750555569e-01
7.406455573434549411e-01
7.426907428744414785e-01
7.448989080250214556e-01
7.472658940105622039e-01
7.497854955438066904e-01
7.524490667650602926e-01
7.552447567623346014e-01
7.581563132824081785e-01
7.611615945170859820e-01
7.642337345660623615e-01
7.674861486499814367e-01
7.702488638961717538e-01
7.730912033083997548e-01
7.755786585559055757e-01
7.774413819332716136e-01
7.782140605060609007e-01
7.770573534421419959e-01
7.723166825792106005e-01
7.602659184140885262e-01
7.305572563355240412e-01
6.416138351117267602e-01
1.980500130580238327e-01
1.009608104017768460e+00
1.006626138023187789e+00
9.805658594705207731e-01
9.701822982844289234e-01
9.671572965383480325e-01
9.643229734465059710e-01
9.743491058292118590e-01
9.778818235462817254e-01
