1.007352843077660820e+00
1.007128219970368166e+00
1.006669814955058806e+00
1.006021996147705488e+00
1.005226726467197462e+00
1.004323192023111710e+00
1.003347604954712757e+00
1.002333153612299244e+00
1.001310074501920777e+00
1.000305821533599371e+00
9.993453083826780992e-01
9.984511985047573868e-01
9.976442134040998111e-01
9.969434211775586308e-01
9.963664506674173582e-01
9.959295454306998918e-01
9.956473143682695870e-01
9.955319296821601993e-01
9.955913234010954627e-01
9.958255507694417918e-01
9.962197324932835496e-01
9.967304429044780978e-01
9.972591284095215780e-01
9.975988416836217842e-01
9.973234873195374606e-01
9.955463773837932573e-01
9.903629971998935133e-01
9.774801968307643696e-01
9.466451103042452520e-01
8.724028620247687993e-01
6.965226745471619907e-01
3.458647446475432430e-01
2.098720114416754642e-02
9.260798091484902239e-02
3.036225986875883409e-01
4.619685353032014774e-01
5.641184067476053832e-01
6.299574965559457951e-01
6.741993612206291786e-01
7.050415594894443583e-01
7.272095488488391490e-01
7.435236208208131359e-01
7.557388525587445116e-01
7.649918974260625504e-01
7.720458374505048127e-01
7.774295199440561799e-01
7.815198840577775030e-01
7.845923354778415737e-01
7.868525655560940635e-01
7.884572323364604785e-01
7.895277496656698535e-01
7.901596889828733650e-01
7.904293020369845824e-01
7.903980357643973775e-01
7.901150296650299998e-01
7.895970849001758829e-01
7.889806603789683015e-01
7.881718892194500281e-01
7.872465437607730765e-01
7.862240658745031086e-01
7.851221863600230666e-01
7.839563998981683435e-01
7.827401636190579604e-01
7.814851672237463909e-01
7.802015758968868786e-01
7.788982353608222553e-01
7.775828425919396603e-01
7.762620876817077908e-01
7.749417718574749259e-01
7.736269057721885112e-01
7.723217912696963561e-01
7.710300889984665895e-01
7.697548734217851685e-01
7.684986757979709315e-01
7.672635142365642480e-01
7.660509071366337075e-01
7.648618598845492444e-01
7.636967974898966061e-01
7.625553619816429762e-01
7.614357880528296318e-01
7.603325303079645492e-01
7.592222669174248928e-01
7.577885521330689489e-01
7.573563024943251731e-01
7.563489582973055292e-01
7.553570725107545680e-01
7.543898077253576862e-01
7.534398012597668393e-01
7.525019302977355995e-01
7.515716034002590806e-01
7.506441309052849231e-01
7.497144635570662796e-01
7.487770510022491166e-01
7.478257409503163977e-01
7.468536900434779024e-01
7.458532740291810015e-01
7.448159908177317545e-01
7.437323522646820395e-01
7.425917612885007957e-01
7.413823710300020409e-01
7.400909224878150505e-01
7.387025565384187642e-01
7.372005955025949797e-01
7.355662884349014607e-01
7.337785130473583051e-01
7.318134255480024386e-01
7.296440475568298778e-01
7.272397764389179065e-01
7.245658014960612014e-01
7.215824027261455997e-01
7.182440995161457620e-01
7.144985984020481018e-01
7.102854399698067533e-01
7.055340123120341644e-01
7.001573105558447363e-01
6.940861280540390199e-01
6.871696779093338092e-01
6.792692102974612345e-01
6.701806127833888072e-01
6.595035148840848738e-01
6.451310270656137602e-01
6.252085885118173758e-01
6.241810837290908687e-01
6.055030352195001075e-01
5.852111511136758315e-01
5.621318558248415975e-01
5.356825678711333305e-01
5.053319154060222917e-01
4.705649538791098485e-01
4.309237715680576120e-01
3.861003322696380802e-01
3.360921032500530647e-01
2.814318995080865027e-01
2.234837239472494408e-01
1.647476470679257177e-01
1.090394762240640136e-01
6.134263655410779337e-02
2.715551149310245146e-02
1.134756510482875548e-02
1.683292062264321598e-02
4.358787209092568338e-02
8.851384824314645350e-02
1.463003611041653051e-01
2.108974869941703245e-01
2.768925543783594678e-01
3.402878716628393585e-01
3.986333577004510520e-01
4.507607981208951453e-01
4.963898682539555907e-01
5.357660584147490024e-01
5.693594694639918519e-01
5.968699913229925658e-01
6.214169997165894799e-01
6.426411153064994775e-01
6.597983913274103607e-01
6.740675361763153184e-01
6.858936213601197762e-01
6.956250260697710575e-01
7.035521874761216932e-01
7.099198634178436329e-01
7.149352416801021404e-01
7.187744202799793980e-01
7.215877596189079757e-01
7.235043055537030421e-01
7.246354259152696375e-01
7.250777840857628442e-01
7.249157581171022935e-01
7.242233978359725599e-01
7.230659949133164677e-01
7.215013198120902027e-01
7.195805455978592224e-01
7.173487950642891686e-01
7.148449404634701354e-01
7.120986209651379850e-01
7.091067956673896555e-01
7.060615917898120930e-01
7.030180878722027682e-01
6.996269470868412554e-01
6.961590243808438716e-01
6.926158111066635925e-01
6.890070124533810292e-01
6.853421745410347432e-01
6.816285037832596760e-01
6.778682878553713431e-01
6.740386919213604555e-01
6.703243625088621815e-01
6.664515096540050143e-01
6.625499130209666632e-01
6.586112152378168494e-01
6.546270686347712697e-01
6.505890439583008611e-01
6.464869336191835236e-01
6.423066758465690862e-01
6.380231322301955776e-01
6.335598253874749064e-01
6.282318393543161461e-01
6.173562905428148229e-01
6.200477849002694608e-01
6.153694515366996409e-01
6.103191546623621955e-01
