8.503991656897035512e+00
7.166612455317890706e+00
6.099120609192222986e+00
5.244591740468176333e+00
4.557970042724711845e+00
4.003629712233431448e+00
3.553441464477577139e+00
3.185236407735835495e+00
2.881583361682503508e+00
2.628814099695741202e+00
2.416245219975128311e+00
2.235556378565112023e+00
2.080293183329432249e+00
1.945469717161941281e+00
1.827250863864889219e+00
1.722698683266567166e+00
1.629570278568029273e+00
1.546157114903199403e+00
1.471157734912324599e+00
1.403577391413165509e+00
1.342649369153066319e+00
1.287773766856215918e+00
1.238470311439607618e+00
1.194342420290771312e+00
1.155050247647027906e+00
1.120290872847440333e+00
1.089784131626475805e+00
1.063262872340043463e+00
1.040466649662996401e+00
1.021138058814810678e+00
1.005021072014673944e+00
9.918608726103430584e-01
9.814047975060516960e-01
9.734041015815787512e-01
9.676163564060780153e-01
9.638084005653806408e-01
9.617598883394770093e-01
9.612676707809063581e-01
9.621515566491344318e-01
9.642625894869535363e-01
9.674961934067835001e-01
9.718152826774789643e-01
9.772952190829321539e-01
9.842212509866332670e-01
9.933283786971138785e-01
1.006496024523598543e+00
1.029197516881187546e+00
1.072199263858203411e+00
5.118424282383809976e-01
8.674326767607870581e-01
9.114392139052084341e-01
8.620740579400921755e-01
9.420994442101016109e-01
9.625590262458780799e-01
9.670832813229383040e-01
9.688562149496726672e-01
9.713963701579758636e-01
9.724899769796060411e-01
9.727981082341042862e-01
9.725790322557319456e-01
9.719272934191296454e-01
9.709124753751627868e-01
9.695936815169443612e-01
9.680235665551184532e-01
9.662500280239995076e-01
9.643170156966961448e-01
9.622649200721112850e-01
9.601307426793566080e-01
9.579481543515291353e-01
9.557475024938688613e-01
9.535558046628846984e-01
9.513967532278724271e-01
9.492907515201123303e-01
9.472550090356020025e-01
9.453037629412796017e-01
9.434488755244359037e-01
9.417021857369951565e-01
9.400954276196602510e-01
9.382216137007342027e-01
9.369781868332098806e-01
9.356659612162769868e-01
9.344392463725702536e-01
9.333008370302877665e-01
9.322445763149875830e-01
9.312614966783306913e-01
9.303410933706562913e-01
9.294718580792951101e-01
9.286416291695775982e-01
9.278378787015927331e-01
9.270479692540136707e-01
9.262593906066507454e-01
9.254599790972708462e-01
9.246381199215274460e-01
9.237829317119734540e-01
9.228844324128399057e-01
9.219336854006098259e-01
9.209229248430159664e-01
9.198456593769208656e-01
9.186967532883500986e-01
9.174724844832177206e-01
9.161705786339553459e-01
9.147902189693610797e-01
9.133320312394641594e-01
9.117980434244697951e-01
9.101916197649347895e-01
9.085173686544759653e-01
9.067810238499169895e-01
9.049892982919558460e-01
9.031497095715957935e-01
9.012703756801087041e-01
8.993597790819282123e-01
8.974264962535004608e-01
8.954788884708883012e-01
8.935247475135251749e-01
8.915708865397913296e-01
8.896226605839545609e-01
8.876833905245071765e-01
8.857536432017460992e-01
8.838302730744063140e-01
8.819050098170292395e-01
8.799620105123844294e-01
8.779724245569329177e-01
8.758770503036945598e-01
8.734883099167534137e-01
8.678717848566743776e-01
8.706447997639026326e-01
8.674759819429181951e-01
8.642706389306110681e-01
8.605857136795853624e-01
8.561298313218621558e-01
8.504558775569315276e-01
8.367268752817625943e-01
8.341670928540743102e-01
8.217331517571719868e-01
8.037617537924273137e-01
7.769583387183790490e-01
7.343874288348849477e-01
6.606638263160772295e-01
5.182555398990036366e-01
2.316229569345453487e-01
5.939619305671148264e-02
6.287722650047117279e-01
9.066015011993667772e-01
9.762860907569179680e-01
9.925963852491329620e-01
9.942317046919799672e-01
9.930559925912576524e-01
9.911472621060903876e-01
9.881512099435900698e-01
9.846742756732465018e-01
9.810621195586717302e-01
9.774352950369814552e-01
9.738326619205656121e-01
9.702711624117130729e-01
9.667686132785839881e-01
9.633527029254200791e-01
9.600646274030280036e-01
9.569604988558353398e-01
9.541117507892528105e-01
9.516050311174142351e-01
9.495417710883868878e-01
9.480374748186267686e-01
9.472206521917447830e-01
9.472309411232496812e-01
9.482128454519233030e-01
9.501279098951154189e-01
9.539035609365418278e-01
9.588224344750669870e-01
9.654296114120989314e-01
9.738900583650965670e-01
9.843808126191144758e-01
9.970778577245835717e-01
1.012152895423718224e+00
1.029771604402708762e+00
1.050092825549214126e+00
1.073268846022380485e+00
1.099447150222654601e+00
1.128774136755164026e+00
1.161401444946735362e+00
1.197495733493861625e+00
1.237253089942172313e+00
1.280920001860414548e+00
1.328825217360743771e+00
1.381438290421144410e+00
1.439567140829546732e+00
1.508391912227041498e+00
1.571397555477087149e+00
1.650754043175216346e+00
1.740134614212905273e+00
1.842184758442568127e+00
1.960255877246348311e+00
2.098673625621611194e+00
2.263034857379928155e+00
2.460551429689643577e+00
2.700470696961792427e+00
2.994596163064097816e+00
3.357935135857018416e+00
3.809507237382127265e+00
4.373357925990990935e+00
5.079836210798585938e+00
