9.944642518964212918e-01
9.961731302127813104e-01
9.973962347432009379e-01
9.981927606742685422e-01
9.986218617638867867e-01
9.987412323811452053e-01
9.986059980643973155e-01
9.982678783764112884e-01
9.977745871096914687e-01
9.971694366946656229e-01
9.964911158318475737e-01
9.957736117759393712e-01
9.950462512397331150e-01
9.943338364732742241e-01
9.936568556413163389e-01
9.930317491180907785e-01
9.924712157031909676e-01
9.919845450060718051e-01
9.915779643348232586e-01
9.912549903383546246e-01
9.910167773923819201e-01
9.908624562816572556e-01
9.907894581207652429e-01
9.907938196783222518e-01
9.908704673338883939e-01
9.910134778116932441e-01
9.912163146141256265e-01
9.914720397298156795e-01
9.917735007301448080e-01
9.921134938039044560e-01
9.924849036254954626e-01
9.928808212176115644e-01
9.932946411665973807e-01
9.937201396831969458e-01
9.941515350886115376e-01
9.945835323465972433e-01
9.950113532704117913e-01
9.954307540094843310e-01
9.958380313762353886e-01
9.962300195084075050e-01
9.966040782851464108e-01
9.969580748266314574e-01
9.972903593130694189e-01
9.975997362601798368e-01
9.978854322877861449e-01
9.981470613194703967e-01
9.983845880520303417e-01
9.985982904394302695e-01
9.987887218446316329e-01
9.989566734269866854e-01
9.991031372511555153e-01
9.992292705293623900e-01
9.993363613377611587e-01
9.994257960851123945e-01
9.994990289532101890e-01
9.995575534765444026e-01
9.996028763815428819e-01
9.996364937641730730e-01
9.996598696482875690e-01
9.996744169348109610e-01
9.996814807244460699e-01
9.996823239734391464e-01
9.996781154215147458e-01
9.996699197156366790e-01
9.996586896393583332e-01
9.996452603479444310e-01
9.996303455009576400e-01
9.996145351791247968e-01
9.995982954684368149e-01
9.995819695930983073e-01
9.995657804785654799e-01
9.995498346272420065e-01
9.995341271923451343e-01
9.995185481383680459e-01
9.995028893813543425e-01
9.994868528076552572e-01
9.994700590751912639e-01
9.994520571089615668e-01
9.994323342083476502e-01
9.994103266925087325e-01
9.993854310184139278e-01
9.993570153144158974e-01
9.993244312820755981e-01
9.992870264291995319e-01
9.992441566080795257e-01
9.991951988443759092e-01
9.991395644554506017e-01
9.990767124710703273e-01
9.990061633844924405e-01
9.989275132797775791e-01
9.988404483986100812e-01
9.987447602311723127e-01
9.986403612347724001e-01
9.985273013050344204e-01
9.984057851406374917e-01
9.982761906496604443e-01
9.981390885336128838e-01
9.979952631332021928e-01
9.978457344867005530e-01
9.976917812619727766e-01
9.975349636136209286e-01
9.973771437406978579e-01
9.972204991907730465e-01
9.970675178206683809e-01
9.969209485241294910e-01
9.967836423890470421e-01
9.966580989891339337e-01
9.965450982576599115e-01
9.964388112097448680e-01
9.963031255217169591e-01
9.958864998071789154e-01
9.945595996522829108e-01
9.959849651608503329e-01
9.963219736610456900e-01
9.963643142523349594e-01
9.961405852897354807e-01
9.953173909202914782e-01
9.929352052892636005e-01
9.860878559542350930e-01
9.640375674297099184e-01
8.715534576518373377e-01
3.380289046633477290e-01
3.119097936315258779e-01
7.342030571571788178e-01
8.511842656491905856e-01
8.960569905945284797e-01
9.180904360850766777e-01
9.306441255582524885e-01
9.385092903367342476e-01
9.437627568936782785e-01
9.474324682737678138e-01
9.500792456855776669e-01
9.520326435069192961e-01
9.534979400580261277e-01
9.546091169370595209e-01
9.554570014852706850e-01
9.561051008485527136e-01
9.565989484281067767e-01
9.569718494416606935e-01
9.572485381638421442e-01
9.574475775512891751e-01
9.575829764294121471e-01
9.576653059035431514e-01
9.577024872872542671e-01
9.577003599386650912e-01
9.576630989373364766e-01
9.575935287653440930e-01
9.574933641101851522e-01
9.573633991704251223e-01
9.572036604164200213e-01
9.570135334323278675e-01
9.567918715005441221e-01
9.565370915211709457e-01
9.562472613885144579e-01
9.559201818794610395e-01
9.555534653183502813e-01
9.551446126799156833e-01
9.546910903192066256e-01
9.541904071334275095e-01
9.536401926347904956e-01
9.530382761274847070e-01
9.523827669185778166e-01
9.516721352416882551e-01
9.509052933256051388e-01
9.500816757913738142e-01
9.492013183057937953e-01
9.482649331538849369e-01
9.472739801154065331e-01
9.462307307381527810e-01
9.451383237964131601e-01
9.440008094012121154e-01
9.428231788970922178e-01
9.416113773346843629e-01
9.403722949557346000e-01
9.391137337703653332e-01
9.378443449503961471e-01
9.365735324178132704e-01
9.353113176853410371e-01
9.340681607285906685e-01
9.328547314766696408e-01
9.316816264821748961e-01
9.305590256624457490e-01
9.294962851757901934e-01
9.285014658503795149e-01
9.275808061323506104e-01
9.267381756438582974e-01
9.259745771327377861e-01
9.252847558727821387e-01
9.238778015338119376e-01
9.239969553376967681e-01
9.234661025361226017e-01
9.229091416684441773e-01
9.222981871127781117e-01
9.215813425981297380e-01
9.206908268329914158e-01
9.195422072989772877e-01
9.180323368703359188e-01
9.160367374584856837e-01
9.134064883512117428e-01
9.099645058245533491e-01
