1.118620864639912282e+00
1.105951875754350944e+00
1.092323810425506414e+00
1.078232958791371932e+00
1.064104540848906710e+00
1.050294965002411818e+00
1.037095317997035693e+00
1.024735752965546753e+00
1.013390492712208601e+00
1.003183210875592035e+00
9.941925944313121377e-01
9.864579273081213184e-01
9.799845669521902725e-01
9.747492137381275068e-01
9.707048974793794915e-01
9.677856262276003374e-01
9.659106603562025439e-01
9.649883898980597952e-01
9.649198055299957888e-01
9.656015637422074027e-01
9.669286548663414971e-01
9.687966889994995556e-01
9.711038196925876331e-01
9.737523287770307734e-01
9.766498980829476650e-01
9.797105952295951381e-01
9.828556013072642372e-01
9.860137082586417634e-01
9.891216132359386126e-01
9.921240362645675770e-01
9.949736862814867466e-01
9.976310991160544095e-01
1.000064369311272960e+00
1.002248795892032307e+00
1.004166460320316423e+00
1.005805752950924781e+00
1.007160862327732387e+00
1.008231239616045105e+00
1.009021048305336343e+00
1.009538606932828042e+00
1.009795829790671506e+00
1.009807667064681169e+00
1.009591541047666352e+00
1.009166767977492940e+00
1.008553943870251546e+00
1.007774254130918701e+00
1.006848634415469901e+00
1.005796651826693866e+00
1.004634865939207033e+00
1.003374215289877025e+00
1.002015539376769571e+00
1.000541414947085483e+00
9.989003794308959350e-01
9.969745264083590408e-01
9.945081512835572957e-01
9.909367927689010092e-01
9.849314893631820889e-01
9.730018256143564415e-01
9.443313994614047635e-01
8.563801590165086575e-01
5.045604044142791844e-01
2.929495335496234282e-02
5.471532643205135882e-01
7.681330133694252993e-01
8.500881571640005463e-01
8.888033416714027357e-01
9.103583732997903022e-01
9.240529071682402895e-01
9.338436333279683810e-01
9.417265362841275023e-01
9.489421218285712945e-01
9.565236866776022362e-01
9.656969057410624835e-01
9.783479695994131697e-01
9.960664360883872970e-01
9.187096504899697758e-01
4.511070234078581320e-01
7.898022229478589562e-01
8.528460213517830013e-01
8.773739641614948237e-01
8.898853377559540201e-01
8.982356848170114372e-01
9.031945718708922488e-01
9.066733797438937259e-01
9.091483956030163016e-01
9.109196875768823531e-01
9.121719484218088203e-01
9.130237124816444894e-01
9.135540958592450744e-01
9.138177015883797161e-01
9.138533170192185695e-01
9.136892122045247033e-01
9.133464913439622856e-01
9.128412821083393691e-01
9.121862053337838061e-01
9.113913842395207077e-01
9.104651501781236833e-01
9.094145429540212433e-01
9.082456685929478635e-01
9.069639558822216729e-01
9.055743394265590718e-01
9.040813882129493662e-01
9.024893929142724369e-01
9.008024212841677647e-01
8.990243483396841429e-01
8.971588661694884781e-01
8.952094768831274640e-01
8.931794712505563005e-01
8.910718948619519297e-01
8.888895030836903022e-01
8.866347056439058960e-01
8.843095013129661508e-01
8.819154028211952934e-01
8.794533518552237750e-01
8.769236236817443686e-01
8.743257206452470509e-01
8.716582534663827042e-01
8.689188089231425494e-01
8.661038021297964296e-01
8.632083112577512152e-01
8.602258922292852494e-01
8.571483707992781920e-01
8.539656098599658351e-01
8.506652515363997136e-01
8.472324385228456878e-01
8.436495315920637950e-01
8.398958712351354272e-01
8.359477064697008464e-01
8.317785639761845484e-01
8.273600949470883981e-01
8.226500954807320909e-01
8.170397058880338736e-01
8.100481146853659720e-01
8.047466450677277505e-01
7.982757163111247056e-01
7.909361435042717714e-01
7.826750581764546633e-01
7.733359117189897436e-01
7.626931548446536091e-01
7.504424388534769452e-01
7.361718328342982121e-01
7.193117215694192490e-01
6.990498735609326220e-01
6.741825525370011007e-01
6.428398066456365578e-01
6.019468223604590440e-01
5.460967754424866927e-01
4.650728250237181061e-01
3.388206278549241168e-01
1.393932973409588716e-01
2.817293399440099627e-02
6.352220795933128938e-01
9.094276171974323697e-01
8.775754198156542341e-01
7.993476633817688803e-01
7.137498538726601005e-01
6.223081572125367389e-01
5.217683909618424654e-01
4.098055020780743685e-01
2.879664318828474290e-01
1.655648958651516067e-01
6.342401291939064878e-02
1.139802662963491052e-02
3.273531714995215475e-02
1.240724682169064008e-01
2.556622606389334362e-01
3.932685041427023132e-01
5.154657514785635497e-01
6.149262975351991178e-01
6.924482406815311020e-01
7.517991418023129979e-01
7.970907569775590451e-01
8.318350164476772113e-01
8.587657820820306931e-01
8.799287437867980843e-01
8.968307779632551657e-01
9.105771740146368920e-01
9.219795024554066076e-01
9.316353938970762805e-01
9.399858432534639041e-01
9.473247291016977378e-01
9.529030432422613828e-01
9.596517103799481196e-01
9.652244635108131465e-01
9.703107457138764325e-01
9.749740854503081700e-01
9.792101194475779646e-01
9.829575521536698668e-01
9.850799925703588311e-01
9.892555824095928818e-01
9.912242053048773149e-01
9.924499433248794578e-01
9.927724161339355202e-01
9.920531583449927471e-01
9.901550452221128396e-01
9.869437708002709586e-01
9.822926716893997101e-01
9.760888522465042128e-01
9.682400811899447568e-01
9.586818297521095822e-01
