9.914042799546490814e-01
9.919961901915572700e-01
9.923465270149497419e-01
9.924993574582826605e-01
9.924957009204565805e-01
9.923730861056544450e-01
9.921652781579305413e-01
9.919021480590562989e-01
9.916096588670073597e-01
9.913099459320823259e-01
9.910214707676499035e-01
9.907592307175023816e-01
9.905350089141344849e-01
9.903576512303637891e-01
9.902333589738392394e-01
9.901659879499887795e-01
9.901573462150362603e-01
9.902074843609618426e-01
9.903149735213337967e-01
9.904771674656500657e-01
9.906904461733304634e-01
9.909504391536888557e-01
9.912522275178422548e-01
9.915905244256850715e-01
9.919598340359749855e-01
9.923545894931823375e-01
9.927692708031238267e-01
9.931985036898631769e-01
9.936371407012674073e-01
9.940803259483915744e-01
9.945235449328125865e-01
9.949626609456559967e-01
9.953939395192624717e-01
9.958140623807577585e-01
9.962201323075623449e-01
9.966096702163586007e-01
9.969806057396933818e-01
9.973312624560977113e-01
9.976603388489810875e-01
9.979668859741563924e-01
9.982502827216622743e-01
9.985102094632328784e-01
9.987466207862578660e-01
9.989597179269691374e-01
9.991499214316594824e-01
9.993178444961976492e-01
9.994642673581510817e-01
9.995901130454842853e-01
9.996964247177727581e-01
9.997843447709076070e-01
9.998550958103831210e-01
9.999099635326262892e-01
9.999502814796811245e-01
9.999774175502156304e-01
9.999927620469948319e-01
9.999977169092366669e-01
9.999936855990678719e-01
9.999820628599623840e-01
9.999642232022697419e-01
9.999415064352241700e-01
9.999151977624648469e-01
9.998864987356484990e-01
9.998564834726719752e-01
9.998260315894638151e-01
9.997957245868293041e-01
9.997656848194873547e-01
9.997353236257479070e-01
9.997029440975861991e-01
9.996651076798476199e-01
9.996156097708732702e-01
9.995437933166906319e-01
9.994317116799246170e-01
9.992492290000782873e-01
9.989452893589708671e-01
9.984317658342475310e-01
9.975522149876575595e-01
9.960180832093955550e-01
9.932696636080807773e-01
9.881478044279412565e-01
9.780385337242949451e-01
9.563597236261686119e-01
9.041132495876158526e-01
7.596505383902546482e-01
3.867919229148913951e-01
2.184516224176556165e-01
5.256993777054629335e-01
7.065188147074030756e-01
7.762284782692316920e-01
7.764873079608560769e-01
7.582877920562683949e-01
8.174471553076758656e-01
8.680674039202732617e-01
8.944990619962994716e-01
9.093305056300657885e-01
9.185543912537214029e-01
9.247189603474863517e-01
9.290301898089357024e-01
9.321260260875871007e-01
9.343759602800462138e-01
9.360097422166727688e-01
9.371784164109633330e-01
9.379857901982066037e-01
9.385058212597335858e-01
9.387927908652448084e-01
9.388875458728684897e-01
9.388214840830462204e-01
9.386191856945634848e-01
9.383002011819492338e-01
9.378802961447728626e-01
9.373723365509910588e-01
9.367869298532767175e-01
9.361328967020969838e-01
9.354176227963583168e-01
9.346473244344958298e-01
9.338272509522413944e-01
9.329618403466931609e-01
9.320548397292127696e-01
9.311093990442065316e-01
9.301281442486249995e-01
9.291132345538604120e-01
9.280664071856988828e-01
9.269890122789246067e-01
9.258820399020745162e-01
9.247461407395375366e-01
9.235816415979983818e-01
9.223885566213259057e-01
9.211665948666895032e-01
9.199151646982089980e-01
9.186333752765886151e-01
9.173200352500853194e-01
9.159736485692450136e-01
9.145924071392701471e-01
9.131741797681166561e-01
9.117164965348940608e-01
9.102165272526299145e-01
9.086710520618244136e-01
9.070764212664328419e-01
9.054285001451987114e-01
9.037225923555172180e-01
9.019533322199859704e-01
9.001145307931180950e-01
8.981989515926194212e-01
8.961979762790057702e-01
8.941010924785836034e-01
8.918950830463241441e-01
8.895626910995348968e-01
8.870803136668222733e-01
8.844137737179214032e-01
8.815099697750468088e-01
8.782787195045396178e-01
8.745478583682366747e-01
8.699299579722100662e-01
8.632962653876040671e-01
8.492112651124529288e-01
6.578590651517332022e-01
8.863948150710123652e-01
8.716557370867182852e-01
8.634239575545417100e-01
8.561577118292216237e-01
8.480391345295549277e-01
8.367329147040996062e-01
8.146028876315347667e-01
7.220220397313562577e-01
6.008347369781220637e-01
8.638554191919195491e-01
8.641875813630504055e-01
8.632022513703356825e-01
8.678044981767994992e-01
8.854128723553632563e-01
9.156316161659150410e-01
3.854958873349383919e-01
6.448494620349310980e-01
6.867164083978209987e-01
6.945667665254214862e-01
6.904675712367348561e-01
6.797769814648124687e-01
6.641394091734547089e-01
6.439418272327444015e-01
6.189955537640077221e-01
5.887769071285560152e-01
5.525433536722045291e-01
5.094425418528361060e-01
4.587172387203409252e-01
4.004462553275054959e-01
3.271006383472382928e-01
2.569191165359555051e-01
1.825938146129090500e-01
1.146730496426208445e-01
6.423193900451767968e-02
4.219583935772493188e-02
5.519304582177630286e-02
1.027766512079579114e-01
1.781397923942599493e-01
2.710738006399227018e-01
3.708541868494856786e-01
4.683202057140957719e-01
5.571473904147126177e-01
6.341029479296764748e-01
6.984061389481462934e-01
7.507551390214616260e-01
