7.219090071295229949e-01
2.535115975696647025e-02
3.277838419971990658e-01
5.884132819286158611e-01
6.702159533648794909e-01
6.852730873874067763e-01
6.756884220168263289e-01
6.570829788987202491e-01
6.360523957649716342e-01
6.155444717174531899e-01
5.968606879490150341e-01
5.804692969355186305e-01
5.663748624995279535e-01
5.542947317806802277e-01
5.437338843720207482e-01
5.339838295538658075e-01
5.240239568619078359e-01
5.122190027347344188e-01
4.954298130152699486e-01
4.658795797676786310e-01
3.951495676378067312e-01
7.971569650945677099e-02
8.762870110737551732e-01
7.066570229336573972e-01
6.562218108723842924e-01
6.309453416253529845e-01
6.178982693328743947e-01
6.081346014070735384e-01
6.004949779047911163e-01
5.939855211435254301e-01
5.880776090732112715e-01
5.824885311872963767e-01
5.771023595204270995e-01
5.720459876197813154e-01
5.646900129277728775e-01
5.594077297836432816e-01
5.537585159126748868e-01
5.477899134945395376e-01
5.413687443630090801e-01
5.340465922309206581e-01
5.244584675226192649e-01
5.066650129771683719e-01
3.764401373517884397e-01
5.798824090372255435e-01
5.486276202213953290e-01
5.381587137769462403e-01
5.322838664961094812e-01
5.283712859275092599e-01
5.255020422574879779e-01
5.221840881166119885e-01
5.198516307579736928e-01
5.250486595866140638e-01
5.256337429272793793e-01
5.270342042499905899e-01
5.291930962748936373e-01
5.320823260555188616e-01
5.356903408409939837e-01
5.400129672050520968e-01
5.450500102172720629e-01
5.508040785564427555e-01
5.572802318006379041e-01
5.644846063388443413e-01
5.723983022359637740e-01
5.812266029107687748e-01
5.907669530105221778e-01
6.010932654850859036e-01
6.116778401868778747e-01
6.266985197562335852e-01
6.403341770143068379e-01
6.571082647242111330e-01
6.774621177600945732e-01
7.106326560884369536e-01
8.174558597097553170e-01
6.060703246895927654e-01
7.106373016429918810e-01
7.897650836243592654e-01
1.026929922382456617e+00
6.314382650966829380e-02
4.469044583707653118e-01
5.255784565181006451e-01
5.458316719475500012e-01
5.354631203951276675e-01
4.924973403530519822e-01
3.836984663849170030e-01
2.371876460668078390e-01
3.828467216468062206e-02
3.949579385541435866e-02
1.742522134100029652e-01
9.054521046028028708e-02
1.686276696638413786e-01
5.489482608005198383e-01
8.268126938783957325e-01
9.040264848435090039e-01
9.294512982484021135e-01
9.241594322325428212e-01
7.532418967423177847e-01
9.988970917601210919e-01
1.010001507892070549e+00
1.003857265587514425e+00
9.989768177322240206e-01
9.934896484870157085e-01
9.872588942268727408e-01
9.800602269586049520e-01
9.687712018855051399e-01
9.637035373925759707e-01
9.528264945782288775e-01
8.001542177800944344e-01
9.402276042605686168e-01
9.308823028627840612e-01
9.231393816501858307e-01
9.164962761046044903e-01
9.126993376657059898e-01
9.135716779036788804e-01
9.231531501033001241e-01
9.286798552449246902e-01
9.676668914075566841e-01
4.437502278704449354e-01
1.918235179068014662e-01
4.418968162445519599e-01
5.247785195297769434e-01
5.570031269625148607e-01
5.694517611666305434e-01
5.724785412029251841e-01
5.704228451505631847e-01
5.654005530273507052e-01
5.585559545081992816e-01
5.505506594020851407e-01
5.417763760463334410e-01
5.324483093846807957e-01
5.226276143770696159e-01
5.121557484166878726e-01
5.003223346375689218e-01
4.839460898695430169e-01
4.249787510733851192e-01
5.178126130971580920e-01
4.917238610081463568e-01
4.792783838088574000e-01
4.699981865387991564e-01
4.623457237768452410e-01
4.546764177210452784e-01
4.481940084783864742e-01
4.427015950636485342e-01
4.380383567058479533e-01
4.337500808686171050e-01
4.305538138274597748e-01
4.280407808855926644e-01
4.244850529769737535e-01
4.342570957468241954e-01
4.369729986525198173e-01
4.468727280843314276e-01
4.695967865546565312e-01
5.350203425003143831e-01
7.041180075569766217e-01
9.159072443779185668e-02
2.564775518526616893e-01
3.003968797109355937e-01
3.195257736304316087e-01
3.342960941230161409e-01
3.429968734916231110e-01
3.428231303154891108e-01
3.540556288345627078e-01
3.632560200225374847e-01
3.765962326352899070e-01
4.017549235905035765e-01
4.635393756373097363e-01
5.793368975929137354e-01
5.093572452771519959e-02
2.199959761108536971e-01
3.267317736932201511e-01
2.524519814150420483e-01
2.020953151668774261e-01
1.459351300284409680e-01
8.987981220602983545e-02
2.848963160716576348e-02
2.518880295644593693e-03
1.036281191696292459e-01
3.969108430901057694e-01
7.225863909142202779e-01
9.167015606875357214e-01
9.900632098474071441e-01
1.005024472994533902e+00
9.978981436317898579e-01
9.837353114509368446e-01
9.680644921200159958e-01
9.528134551377914763e-01
9.385521733596607907e-01
9.253635054881316213e-01
9.131924366549217797e-01
9.019382258785337836e-01
8.912329339099721581e-01
8.754552120103290536e-01
8.850894893723055823e-01
8.775324077230194364e-01
8.753415074093844339e-01
8.761547375701994600e-01
8.786408014399522681e-01
8.896143894930194085e-01
9.041711941626487947e-01
9.238089041464965234e-01
9.488898714288116487e-01
