9.755441458061008264e-01
9.740491045037599216e-01
9.732714160986717378e-01
9.731202645887564451e-01
9.735050179187961783e-01
9.743373352349052885e-01
9.755328316858281612e-01
9.770123464693363236e-01
9.787028602511911313e-01
9.805381072376817553e-01
9.824589253835520619e-01
9.844133857331921478e-01
9.863567389392706719e-01
9.882512137606412894e-01
9.900656989470878466e-01
9.917753364886615630e-01
9.933610508226861091e-01
9.948090353199191549e-01
9.961102142561920614e-01
9.972596955434777088e-01
9.982562267628500852e-01
9.991016645066213009e-01
9.998004646852604038e-01
1.000359199256487530e+00
1.000786102737494909e+00
1.001090649788615838e+00
1.001283162988942710e+00
1.001374447474931095e+00
1.001375446092856114e+00
1.001296904652680064e+00
1.001149030989316513e+00
1.000941122518063997e+00
1.000681122522362854e+00
1.000375041433910539e+00
1.000026138334810133e+00
9.996336855629267548e-01
9.991910077065735418e-01
9.986822386276709151e-01
9.980767559955266988e-01
9.973192641270058889e-01
9.963113725881489469e-01
9.948756799180776822e-01
9.926815415849595814e-01
9.890801774261674950e-01
9.827034758381086865e-01
9.703760663825348187e-01
9.440776540839646014e-01
8.807898126501321201e-01
6.953799783707812487e-01
1.925984453817342346e-01
1.212337941222592502e-01
5.357095532353070011e-01
7.318318208733544106e-01
8.185422586923942756e-01
8.628121883370718503e-01
8.882351727999019397e-01
9.040996813675441501e-01
9.145870324138419827e-01
9.217976124334706922e-01
9.268817790511301169e-01
9.305145704732137313e-01
9.331152248758457501e-01
9.349573898799200533e-01
9.362292001350016601e-01
9.370712887715509920e-01
9.376179776269294441e-01
9.381875329712614509e-01
9.331163744616145506e-01
9.362751591062925538e-01
9.360253011085878372e-01
9.354451191194985693e-01
9.346790224264723834e-01
9.337711337026334268e-01
9.327446157103528313e-01
9.316150605795746609e-01
9.303943243104298988e-01
9.290920268525649783e-01
9.277162781396826041e-01
9.262740854154618564e-01
9.247716057803575529e-01
9.232143134140771146e-01
9.216071151103155668e-01
9.199544324061477152e-01
9.182602614398310825e-01
9.165282184816780919e-01
9.147615788975411721e-01
9.129633226012597857e-01
9.111362247373228085e-01
9.092831746851341990e-01
9.074092980369607986e-01
9.053405839290583623e-01
9.035533969536367893e-01
9.016120837116985420e-01
8.996459160794594290e-01
8.976581956908944449e-01
8.956494499050570157e-01
8.936194211981183244e-01
8.915673517938451642e-01
8.894920454100584406e-01
8.873918776929893282e-01
8.852647900701484662e-01
8.831082764014739350e-01
8.809193653615667863e-01
8.786945994351537115e-01
8.764300106171331040e-01
8.741210925265346932e-01
8.717627684088885553e-01
8.693493543093058218e-01
8.668745165136794162e-01
8.643312221524203087e-01
8.617116816263614698e-01
8.590072812359944576e-01
8.562085040589304530e-01
8.533048367083676533e-01
8.502846591013574207e-01
8.471351137397669095e-01
8.438419502291796270e-01
8.403893397880247695e-01
8.367596532744164817e-01
8.329331947069172903e-01
8.288878802809175328e-01
8.245988503481415099e-01
8.200379985550533268e-01
8.151733980774539257e-01
8.099685992992459171e-01
8.043817658806198256e-01
7.983646062517848474e-01
7.918610441484493778e-01
7.848055533765293523e-01
7.771210562665366028e-01
7.687162486341960754e-01
7.594821605491128835e-01
7.492876815378436417e-01
7.379736521608267763e-01
7.253449142181411791e-01
7.111593405279680313e-01
6.951121487984335268e-01
6.768122631695384639e-01
6.557436690092504072e-01
6.311931132181981541e-01
6.020750016051643616e-01
5.660509418106633994e-01
5.215986697636456615e-01
4.620017312350673810e-01
3.306028171982497432e-01
5.059854043530056522e-01
4.155070131570356429e-01
3.196694472385652186e-01
2.308675361138333715e-01
1.460845967423668457e-01
7.289494053627465497e-02
2.502609262876127200e-02
1.840949805378183646e-02
6.335955341879499769e-02
1.558988609427173488e-01
2.774425366076857524e-01
4.049826944411434315e-01
5.216323669415210418e-01
6.197205980228843725e-01
6.983106705720248941e-01
7.597202195113182954e-01
8.070981164574247968e-01
8.446205143111035207e-01
8.731210026781156541e-01
8.956204625502217631e-01
9.135151801793913728e-01
9.279177965173520670e-01
9.396589858580193244e-01
9.493542670203038991e-01
9.574598646807837010e-01
9.643162328979052456e-01
9.701859362302054368e-01
9.753140002983352597e-01
9.690445590845022661e-01
9.823893161109293892e-01
9.857368005746950379e-01
9.883975560930484683e-01
9.905274390420991670e-01
9.921619601401675537e-01
9.933103838630333859e-01
9.939708122929943324e-01
9.941356201907616263e-01
9.937946410814239018e-01
9.929376000176926009e-01
9.915562292605740735e-01
9.896462301617237056e-01
9.872091516630363550e-01
9.842542150529242084e-01
9.808000918020381986e-01
9.768766255490906047e-01
9.725264766071025635e-01
9.678066560375497840e-01
9.627899056356764573e-01
9.575658697799938057e-01
9.522419948788439781e-01
9.469440821633728911e-01
9.418164099571071368e-01
9.370213325477915189e-01
9.327382547319977846e-01
9.291618744358473014e-01
