9.875126324907527176e-01
9.915472610224269623e-01
9.949228780418462037e-01
9.976701083550703064e-01
9.998295689125997754e-01
1.001449043819934159e+00
1.002581037524957752e+00
1.003280686497274976e+00
1.003604005679691991e+00
1.003606443346119814e+00
1.003341716499236425e+00
1.002860898372229137e+00
1.002211729773311299e+00
1.001438126767713488e+00
1.000579858389307297e+00
9.996723695935441079e-01
9.987467264039306958e-01
9.978296620834438135e-01
9.969437051114699022e-01
9.961073717072322919e-01
9.953354075735439954e-01
9.946390654003075538e-01
9.940264064436780123e-01
9.935026161641372644e-01
9.930703254534046787e-01
9.927299303973310396e-01
9.924799048097343590e-01
9.923171009268664244e-01
9.922370346812996456e-01
9.922341528775778796e-01
9.923020803807883761e-01
9.924338461075554729e-01
9.926220871879725127e-01
9.928592311505268775e-01
9.931376563852576389e-01
9.934498314647466355e-01
9.937884341627278850e-01
9.941464512079548621e-01
9.945172599598344210e-01
9.948946932940851973e-01
9.952730890515046891e-01
9.956473254340173495e-01
9.960128437370028287e-01
9.963656597885885979e-01
9.967023654300815050e-01
9.970201213216941527e-01
9.973166422953394505e-01
9.975901764066135158e-01
9.978394787622894002e-01
9.980637811209009946e-01
9.982627581820022744e-01
9.984364913998633462e-01
9.985854310753887741e-01
9.987103574031030995e-01
9.988123410735375574e-01
9.988927039596192659e-01
9.989529803468529812e-01
9.989948791029373831e-01
9.990202471226401482e-01
9.990310343278269167e-01
9.990292604517452268e-01
9.990169837899439687e-01
9.989962720574017130e-01
9.989691754537218804e-01
9.989377020030636434e-01
9.989037952056044611e-01
9.988693140088952260e-01
9.988360150841358864e-01
9.988055373698774275e-01
9.987793888271467857e-01
9.987589353317729568e-01
9.987453916139136245e-01
9.987398141396161000e-01
9.987430958130477654e-01
9.987559623617908722e-01
9.987789702485844190e-01
9.988125059291712571e-01
9.988567862469872605e-01
9.989118597140460576e-01
9.989776083734623890e-01
9.990537498615811307e-01
9.991398391772001730e-01
9.992352695066285539e-01
9.993392712216225826e-01
9.994509078249818046e-01
9.995690671071278954e-01
9.996924450048482180e-01
9.998195184685665371e-01
9.999485018003870795e-01
1.000077278007071691e+00
1.000203292004469890e+00
1.000323384763843304e+00
1.000433534442367156e+00
1.000528448003782822e+00
1.000600906781022648e+00
1.000640695930929525e+00
1.000632807877662733e+00
1.000554332501858879e+00
1.000368870037039892e+00
1.000016034732495340e+00
9.993906422337012208e-01
9.982986252904292312e-01
9.963556564799124216e-01
9.927282402379498105e-01
9.853745140017338144e-01
9.683530641918881576e-01
9.192985461011586867e-01
7.153929648737062941e-01
1.068408644099901224e-02
6.039053200448242231e-01
8.471512751976774114e-01
9.169037085805508136e-01
9.452606584914092780e-01
9.595368430577149166e-01
9.677279327174183043e-01
9.728392820662934426e-01
9.762092090342311401e-01
9.785103629107143597e-01
9.801129302348136063e-01
9.812355935212384583e-01
9.820151531098966213e-01
9.825413632908136519e-01
9.828749846258424405e-01
9.830322029384658267e-01
9.831130832106192985e-01
9.830932611563079071e-01
9.829942076263600281e-01
9.828338243834884302e-01
9.826245207152870531e-01
9.823762048105929567e-01
9.820970993410411687e-01
9.817941636194570387e-01
9.814733615484634299e-01
9.811398425087346498e-01
9.807980652547872991e-01
9.804518819562929588e-01
9.801045933495805551e-01
9.797589824471167885e-01
9.794173320472374655e-01
9.790814298299747032e-01
9.787525638240062165e-01
9.784315103220722065e-01
9.781185158038808725e-01
9.778132740251062049e-01
9.775148990996362919e-01
9.772218950962963113e-01
9.769321223491166384e-01
9.766427602967636679e-01
9.763502661565411911e-01
9.760503280109554813e-01
9.757378097915377912e-01
9.754066839410842071e-01
9.750499447991194391e-01
9.746594912276536071e-01
9.742259592667422696e-01
9.737384719617679929e-01
9.731842484353605549e-01
9.725479661093624495e-01
9.718106724253600115e-01
9.709478321114507482e-01
9.699256073944220180e-01
9.686932234820101462e-01
9.671657071301685837e-01
9.651793939782858933e-01
9.623535305608232893e-01
9.575115196393306771e-01
9.444357348571622568e-01
7.008270168932648758e-01
9.686506763333413428e-01
9.671491628673604124e-01
9.635397843107276206e-01
9.602656291579590997e-01
9.571242344252761658e-01
9.539733074329215246e-01
9.507342754403665941e-01
9.473618610082858993e-01
9.438284961131578887e-01
9.401166357478221158e-01
9.362146628295645590e-01
9.321144224722662797e-01
9.278094684124993385e-01
9.232935508655555346e-01
9.185590668625835953e-01
9.135952716303011867e-01
9.083860695615014746e-01
9.029071878675696272e-01
8.971224913501055775e-01
8.909791201348361556e-01
8.844010137030355878e-01
8.772802059128763652e-01
8.694650073326840589e-01
8.607437867149526634e-01
8.508224516657951764e-01
8.392928039820328756e-01
8.255875622294425176e-01
8.089158383707382161e-01
7.881701660056718017e-01
7.617933142538412250e-01
7.275927120778277191e-01
6.825019410674002529e-01
