1.031180129557315750e+00
1.021703351875344890e+00
1.012914856876332426e+00
1.004930122131372450e+00
9.978246561796604297e-01
9.916393985395276500e-01
9.863859307437912172e-01
9.820514093000275446e-01
9.786031572751988650e-01
9.759928727610135413e-01
9.741604302719909514e-01
9.730372656051656799e-01
9.725493462693206581e-01
9.726197386510827547e-01
9.731707899793757832e-01
9.741259481970325762e-01
9.754112463335629091e-01
9.769564801570241874e-01
9.786961089943246872e-01
9.805699098476903242e-01
9.825234144823222771e-01
9.845081581664453241e-01
9.864817673443404544e-01
9.884079118292383725e-01
9.902561452103154638e-01
9.920016551559964757e-01
9.936249432308478235e-01
9.951114517766497247e-01
9.964511533837073776e-01
9.976381165254940564e-01
9.986700590758090801e-01
9.995478996865759802e-01
1.000275315391348174e+00
1.000858312315335619e+00
1.001304815026545114e+00
1.001624278846450222e+00
1.001827328354567115e+00
1.001925424358294014e+00
1.001930560754308308e+00
1.001854991966919961e+00
1.001710991004505891e+00
1.001510637612355925e+00
1.001265635506393137e+00
1.000987157228639512e+00
1.000685714751509137e+00
1.000371053549152567e+00
1.000052067411628665e+00
9.997367307576467965e-01
9.994320445320211688e-01
9.991439908559102134e-01
9.988774902759812724e-01
9.986363534995021940e-01
9.984232165264010916e-01
9.982394434985178977e-01
9.980849743820400244e-01
9.979580831179425404e-01
9.978549932556771696e-01
9.977692673125789780e-01
9.976908341501017352e-01
9.976044288417873496e-01
9.974870600342460314e-01
9.973038280260144717e-01
9.970008645952894710e-01
9.964930798052268335e-01
9.956421709702630851e-01
9.942155351108853401e-01
9.918057229108332429e-01
9.876632048895022109e-01
9.803244342589226834e-01
9.667139212710783580e-01
9.397597252962360814e-01
8.814109969294472435e-01
7.415710106417467973e-01
4.054722601611069899e-01
9.814696055356788087e-03
2.139866905409634756e-01
5.194460458834626593e-01
6.854661242530540877e-01
7.727568549300087852e-01
8.226365204108775364e-01
8.534948037908477447e-01
8.737997190474113829e-01
8.877857118099875544e-01
8.977432103386943085e-01
9.049969902519559017e-01
9.103575138401939215e-01
9.143445379824337582e-01
9.173050198501920827e-01
9.194787105553954287e-01
9.210363667040462055e-01
9.221029128706252909e-01
9.227719738146169526e-01
9.231152693229739414e-01
9.231888482906706050e-01
9.230373197715334710e-01
9.226967796700805691e-01
9.221968651499335978e-01
9.215622079658372101e-01
9.208134551505998688e-01
9.199679510860444553e-01
9.190401023244373357e-01
9.180413292526220514e-01
9.169792059875387924e-01
9.158543068682766242e-01
9.146479648880264657e-01
9.132516112704948119e-01
9.099652548001830876e-01
9.126616717510319665e-01
9.109092269093731487e-01
9.096062345706650287e-01
9.084059086345949163e-01
9.072588533083666418e-01
9.061554174977434206e-01
9.050971465274922911e-01
9.040909493159089427e-01
9.031481228594515631e-01
9.022852390649108711e-01
9.015264941206907467e-01
9.009080671781635186e-01
9.004860256948560293e-01
9.003512827021750153e-01
9.006599868486923066e-01
9.017016025296604731e-01
9.040732448621694450e-01
9.092213661095940314e-01
9.217391833091433950e-01
9.676834400261707936e-01
4.985684224870940984e-01
8.111455157791744863e-01
8.384808734920456974e-01
8.471072837548863088e-01
8.503617663400481197e-01
8.512654508358877825e-01
8.508713811194843490e-01
8.496357142753737657e-01
8.477824298575384887e-01
8.454294258638395121e-01
8.426401850343865352e-01
8.394476372360064609e-01
8.358661949528549684e-01
8.318982306165951801e-01
8.275377213176031699e-01
8.227723446343830904e-01
8.175846693147115207e-01
8.119527793362433243e-01
8.058505152808022043e-01
7.992474347007402224e-01
7.921085481200891287e-01
7.843938636164951017e-01
7.760577647241276855e-01
7.670482554154152144e-01
7.573061440120081311e-01
7.467643352661396117e-01
7.353476046000442246e-01
7.229733267617239889e-01
7.095481310229446725e-01
6.948098955576128555e-01
6.732916888311351045e-01
6.567588255015631704e-01
6.386935742276678152e-01
6.175017690107538204e-01
5.936777338296622686e-01
5.670554337524549293e-01
5.373126631806162123e-01
5.040632867232520686e-01
4.668992507395295366e-01
4.254398544334395127e-01
3.794107499573141085e-01
3.287721217602063706e-01
2.739154011582670689e-01
2.159400475643412365e-01
1.569935339419042675e-01
1.005934118051930309e-01
5.174749509192842073e-02
1.659323213761366295e-02
1.319836673311436783e-03
1.046731453983709356e-02
4.524881338098857286e-02
1.028484725149273332e-01
1.772118270303242593e-01
2.608976900169117652e-01
3.469747489829893561e-01
4.301835599408645461e-01
5.072253212262120003e-01
5.764773528282578496e-01
6.375096541809270878e-01
6.907106120017008077e-01
7.331156922005821475e-01
7.739271573620410960e-01
8.069228644065522538e-01
8.344292859574199417e-01
8.571060025507932778e-01
8.754412290693257548e-01
8.898201072830038694e-01
9.005208228465885201e-01
9.075819628769062897e-01
9.098114982923596328e-01
8.927458488290578309e-01
4.177836887407381794e-01
8.112041079690404111e-01
