9.823528437936990265e-01
9.729220383744362488e-01
9.643991783328742518e-01
9.568347115476305564e-01
9.502464129668630743e-01
9.446253824637595997e-01
9.399417318097914587e-01
9.361498546954191147e-01
9.331932048674685953e-01
9.310085344950832509e-01
9.295295678639046155e-01
9.286901045281588107e-01
9.284265612725840500e-01
9.286799738092049727e-01
9.293974872406610688e-01
9.305333691261824525e-01
9.320495806177653275e-01
9.339159396652078060e-01
9.361099056870436641e-01
9.386160071884400713e-01
9.414249221927504241e-01
9.445322053420658337e-01
9.479366340074428798e-01
9.516381170251848598e-01
9.556350712071268738e-01
9.599211188704780406e-01
9.644808889996313583e-01
9.692846078126021725e-01
9.742810311140981394e-01
9.793880869942153122e-01
9.844803455210819898e-01
9.893720918688229116e-01
9.937943332350052117e-01
9.973635176689170656e-01
9.995391379016808076e-01
9.995669250535976769e-01
9.964045083812487213e-01
9.886283962081809928e-01
9.743273862752839243e-01
9.510027280460205956e-01
9.155270907219205112e-01
8.642709293824942796e-01
7.935832741619530672e-01
7.008665737301528198e-01
5.863669300804754680e-01
4.552855305593718760e-01
3.189085941510600430e-01
1.929876072147599930e-01
9.298137715867389741e-02
2.864032454410636239e-02
1.514376025006864855e-03
6.475700651566508245e-03
3.525707084683864234e-02
7.953477439413583761e-02
1.325394268493602090e-01
1.894370828186709710e-01
2.470789288604957890e-01
3.035651429784749777e-01
3.578387330425157331e-01
4.093762486968773873e-01
4.579749066859495343e-01
5.036147106047073052e-01
5.463728620756062027e-01
5.863725233884666821e-01
6.237533331063693787e-01
6.586553438717190900e-01
6.912110572081147097e-01
7.215422196140528488e-01
7.497593176717295416e-01
7.759625099635949486e-01
8.002432313942695608e-01
8.226860140325579218e-01
8.433702598151069374e-01
8.623718193238172347e-01
8.797643050511886331e-01
8.956201140152233453e-01
9.100111635619648753e-01
9.230093619480898015e-01
9.346868456405629244e-01
9.451160205815078985e-01
9.543694464627435758e-01
9.625196023671753753e-01
9.696385697047852359e-01
9.757976647674114767e-01
9.810670489025878904e-01
9.855153396320733838e-01
9.892092413156701181e-01
9.922132094172179118e-01
9.945891582414840837e-01
9.963962182951785485e-01
9.976905462475159636e-01
9.985251878536195447e-01
9.989499921429656482e-01
9.990115736350526632e-01
9.987533182691097355e-01
9.982154280620464393e-01
9.974349991736169985e-01
9.964461279922823822e-01
9.952800399964986111e-01
9.939652364411564189e-01
9.925276543169770926e-01
9.909908354919452211e-01
9.893761014385070718e-01
9.877027304491569071e-01
9.859881347338490531e-01
9.842480352568878654e-01
9.824966326079407342e-01
9.807467726017344845e-01
9.790101056704214599e-01
9.772972394510528460e-01
9.756178842852576416e-01
9.739809916485402397e-01
9.723948858245805571e-01
9.708673894480791544e-01
9.694059438834948805e-01
9.680177258077709013e-01
9.667097618641824486e-01
9.654890439023585680e-01
9.643626481924715277e-01
9.633378632099027783e-01
9.624223323023518573e-01
9.616242200301530207e-01
9.609524146254337928e-01
9.604167845024812467e-01
9.600285151505739689e-01
9.598005658673899321e-01
9.597483067689264180e-01
9.598904308637689065e-01
9.602502937341911293e-01
9.608579332660039940e-01
9.617531999386847996e-01
9.629907553642692575e-01
9.646483142652527709e-01
9.668406852170652321e-01
9.697443337818962839e-01
9.736401444837741170e-01
9.789761191738195478e-01
9.863212034302223374e-01
9.941263673801867817e-01
9.322200884490847717e-01
3.586917503582554567e-01
8.150423348219160147e-01
8.851872465254029265e-01
9.108624751852052448e-01
9.244155097097840335e-01
9.331175756371308250e-01
9.394365387567233938e-01
9.444235400166464123e-01
9.485944487623004795e-01
9.522270821274445574e-01
9.554802772954554824e-01
9.584479077350477327e-01
9.611858271107612817e-01
9.637263729211337226e-01
9.660866928252165309e-01
9.682738092513354378e-01
9.702878764742590700e-01
9.721243990239659682e-01
9.737758393963862336e-01
9.752328651986039709e-01
9.764853898876399985e-01
9.775235090111926706e-01
9.783384070405732880e-01
9.789233002611466006e-01
9.792744866188147768e-01
9.793925970507781908e-01
9.792841947948262016e-01
9.789639718585270156e-01
9.784579910785164980e-01
9.778088058350814515e-01
9.770839842540920417e-01
9.763903982347906796e-01
9.758934863577686247e-01
9.757844531667113630e-01
9.752437655608298117e-01
9.296379283049854836e-01
7.599162568969226594e-01
9.129315009043638129e-01
9.303812357345029316e-01
9.350521278682415449e-01
9.362961318166623803e-01
9.362896680549113171e-01
9.358236672752185958e-01
9.352726533158211009e-01
9.348469669985935981e-01
9.346755367815821058e-01
9.348358260810252229e-01
9.353635903595941548e-01
9.362533499256965319e-01
9.374536615282130780e-01
9.388587951270049858e-01
9.402974183169269251e-01
9.415184608537306987e-01
9.421741756195020079e-01
9.418004476470379638e-01
9.397946534023271514e-01
9.353919453709258480e-01
9.276419339435645339e-01
9.153896822442200154e-01
8.972681786638081469e-01
