9.859929096444528529e-01
9.867138484287808486e-01
9.874049964657990452e-01
9.880689448667187014e-01
9.887079771751612345e-01
9.893240502373265022e-01
9.899187870142228673e-01
9.904934792161138590e-01
9.910490978479792323e-01
9.915863099656445634e-01
9.921055001487997238e-01
9.926067953892387941e-01
9.930900922799157371e-01
9.935550855583925589e-01
9.940012972159477656e-01
9.944281055269508229e-01
9.948347734800395692e-01
9.952204762067263788e-01
9.955843271048967491e-01
9.959254024400954197e-01
9.962427642855843368e-01
9.965354817253645470e-01
9.968026502992671789e-01
9.970434097155876918e-01
9.972569598936020796e-01
9.974425754293564372e-01
9.975996186025958279e-01
9.977275510618541787e-01
9.978259443405126383e-01
9.978944893676061634e-01
9.979330051466389628e-01
9.979414467822846913e-01
9.979199130417295560e-01
9.978686536408624130e-01
9.977880764525943746e-01
9.976787548387960891e-01
9.975414353156283331e-01
9.973770457691206737e-01
9.971867044497921828e-01
9.969717299872887795e-01
9.967336526826590104e-01
9.964742273542990247e-01
9.961954480362110731e-01
9.958995648512066756e-01
9.955891034072331669e-01
9.952668870903221832e-01
9.949360626459854418e-01
9.946001294480389943e-01
9.942629728343870266e-01
9.939289018242487561e-01
9.936026913817291861e-01
9.932896290994492894e-01
9.929955656315381241e-01
9.927269672272541756e-01
9.924909669589606631e-01
9.922954080527386367e-01
9.921488667751023893e-01
9.920606305645189860e-01
9.920405815606514466e-01
9.920988711842141372e-01
9.922450654611992826e-01
9.924855059423380865e-01
9.928101146782825071e-01
9.928311049867185600e-01
9.941340263197839811e-01
9.947496629933082479e-01
9.954711397033904063e-01
9.961476008706643404e-01
9.965521947530752156e-01
9.962330976238009672e-01
9.942533352882372277e-01
9.885896433922704007e-01
9.746229873783164299e-01
9.410646748107236448e-01
8.586336529709638343e-01
6.553195544553269691e-01
2.575497148849978934e-01
4.033958508527672802e-04
1.687924385825011475e-01
3.898256194152077692e-01
5.356544715891644604e-01
6.257521965852858026e-01
6.833683287767681191e-01
7.223943216528222466e-01
7.494783602294411429e-01
7.691458671499528110e-01
7.837880086575744754e-01
7.949103811654383289e-01
8.034877317524473650e-01
8.101738212090197067e-01
8.154212246457289703e-01
8.195520570029142249e-01
8.228012215938849128e-01
8.253437257701243812e-01
8.273124422658283406e-01
8.288099623891984624e-01
8.299166926839298686e-01
8.306965022734151827e-01
8.312007363881090960e-01
8.314711171686269831e-01
8.315418719711784590e-01
8.314413155616544593e-01
8.311930391655547590e-01
8.308168105888102950e-01
8.303292556568934168e-01
8.297443647919401366e-01
8.290738417672595117e-01
8.283272687103375720e-01
8.275119518098540405e-01
8.266319188262030160e-01
8.256835831017450555e-01
8.246295886895685934e-01
8.228369280489147286e-01
8.230611912224612414e-01
8.218813130624983421e-01
8.207381401150091182e-01
8.195894750976098209e-01
8.184230679036453848e-01
8.172352806614519016e-01
8.160246545581562039e-01
8.147902473058145079e-01
8.135310804931766837e-01
8.122459173201090898e-01
8.109331564111257329e-01
8.095907704681150063e-01
8.082162624372950521e-01
8.068066273998641957e-01
8.053583144957365825e-01
8.038671857600750981e-01
8.023284698642357826e-01
8.007367092011367093e-01
7.990856988624917001e-01
7.973684159469648369e-01
7.955769373355863205e-01
7.937023435108642166e-01
7.917346049593131374e-01
7.896624456082902421e-01
7.874731729625763510e-01
7.851524518850886425e-01
7.826839588439655770e-01
7.800486965517151594e-01
7.772229158747830935e-01
7.741660966760929297e-01
7.704810335556081524e-01
7.674884153821240895e-01
7.637031262354579964e-01
7.595638633483523527e-01
7.550564950465291636e-01
7.501330092089897317e-01
7.447387574981263469e-01
7.388115509124446589e-01
7.322801932611009423e-01
7.250628364015188065e-01
7.170650861448392144e-01
7.081777912261023600e-01
6.982744586983670176e-01
6.872082500253062776e-01
6.748085319050518560e-01
6.608769956759587005e-01
6.451834356345530486e-01
6.274614162466894962e-01
6.074043036349136004e-01
5.846625550099326940e-01
5.588438530435879681e-01
5.295187870004726127e-01
4.962365066013176285e-01
4.585572934443279403e-01
4.161123407178310973e-01
3.687046995288070783e-01
3.164674856058733998e-01
2.600914814996234115e-01
2.011155362356708554e-01
1.422278551935490798e-01
8.744883510240554492e-02
4.198153657809040873e-02
1.150857801498854707e-02
9.054960995902716766e-04
1.274456440528198668e-02
4.631166035445079959e-02
9.773509145157932565e-02
1.611829992887217622e-01
2.304617568730497335e-01
3.002662863033014329e-01
3.666725375142791399e-01
4.253418815656633267e-01
4.845435855159631044e-01
5.325317834013485463e-01
5.743503919467064511e-01
6.104581530043240445e-01
6.414609934305756100e-01
6.679955604274537828e-01
6.906633206466291641e-01
7.100044982733868526e-01
7.264907712215084024e-01
7.405271451519670478e-01
7.524580058082775968e-01
7.625746791475049857e-01
7.711231173465080690e-01
7.783110486244479986e-01
7.843143231406518590e-01
