9.931567075669230915e-01
9.937117607690312271e-01
9.942509521085531876e-01
9.947729950369061935e-01
9.952766579450924578e-01
9.957607434726915008e-01
9.962240704180013173e-01
9.966654582572835874e-01
9.970837142230843941e-01
9.974776228516424315e-01
9.978459378792169376e-01
9.981873763448104731e-01
9.985006147465143034e-01
9.987842870900092151e-01
9.990369846673323728e-01
9.992572574081872716e-01
9.994436166505599184e-01
9.995945391870748598e-01
9.997084724542485423e-01
9.997838407414075812e-01
9.998190523101999627e-01
9.998125073261419082e-01
9.997626065158167208e-01
9.996677604755299651e-01
9.995263995672267754e-01
9.993369843477364345e-01
9.990980164867212521e-01
9.988080501361858987e-01
9.984657037223093612e-01
9.980696721354599399e-01
9.976187392998308034e-01
9.971117911075054741e-01
9.965478287057656370e-01
9.959259821269201840e-01
9.952455242526830892e-01
9.945058851044382697e-01
9.937066664514120351e-01
9.928476567268330610e-01
9.919288462418394126e-01
9.909504426842414837e-01
9.899128868877570264e-01
9.888168688543801377e-01
9.876633440106312722e-01
9.864535496756146049e-01
9.851890217161298757e-01
9.838716113626120308e-01
9.825035021567797289e-01
9.810872270007425788e-01
9.796256852758394862e-01
9.781221599990983506e-01
9.765803349841255532e-01
9.750043119748766918e-01
9.733986277199239145e-01
9.717682709576133115e-01
9.701186992830590494e-01
9.684558558703005859e-01
9.667861860240788419e-01
9.651166535368388422e-01
9.634547568264778539e-01
9.618085448276182392e-01
9.601866326041126332e-01
9.585982166399594773e-01
9.570530897483268129e-01
9.555616555116742683e-01
9.541349421242196760e-01
9.527846154483265995e-01
9.515229910083020659e-01
9.503630445211529443e-01
9.493184203876994243e-01
9.484034373203080737e-01
9.476330899371264715e-01
9.470230446682814662e-01
9.465896276422498534e-01
9.463498012702385997e-01
9.463211249119981572e-01
9.465216931238041864e-01
9.469700423201329320e-01
9.476850128783218530e-01
9.486855482577621901e-01
9.499904047957421493e-01
9.516177222204996733e-01
9.535844884512494346e-01
9.559055503819554600e-01
9.585925082954835919e-01
9.616518617236979871e-01
9.650824283248429225e-01
9.688715522268140923e-01
9.729895224286219113e-01
9.773812868478818361e-01
9.819540378059253838e-01
9.865584285816891841e-01
9.909598669661741077e-01
9.947942167360553922e-01
9.974988652160133862e-01
9.982048893604109630e-01
9.955685152762326906e-01
9.875111145732651252e-01
9.708330808541982826e-01
9.406927288405581011e-01
8.900715344387575279e-01
8.097603380869707879e-01
6.903443795562291818e-01
5.287400030187380251e-01
3.397297392927089987e-01
1.622367959260435366e-01
4.214981625591131958e-02
2.414641504264737853e-04
2.342936039655147545e-02
8.434876215260224408e-02
1.599787633512970153e-01
2.367840781978466091e-01
3.085368279134865221e-01
3.731354193947256093e-01
4.304339965880166208e-01
4.810737568856198743e-01
5.259270842444309091e-01
5.658583734165106849e-01
6.016349718560528581e-01
6.339048320706553996e-01
6.632015171039024048e-01
6.899587587174641490e-01
7.145269026906543308e-01
7.371882103733197189e-01
7.581700405012181676e-01
7.776558009038962993e-01
7.957938875688386204e-01
8.127049207636362071e-01
8.284875832044217292e-01
8.432233259971201322e-01
8.569801613180870747e-01
8.698157173694242017e-01
8.817796945890997717e-01
8.929158328400486067e-01
9.032634765552488565e-01
9.128588074308878753e-01
9.217358010873532015e-01
9.299269541555694740e-01
9.374638206670096174e-01
9.443773907725165895e-01
9.506983401915648502e-01
9.564571750229424740e-01
9.616842933649645264e-01
9.664099824124443572e-01
9.706643671965049514e-01
9.744773248393082676e-01
9.778783760683745774e-01
9.808965637551773087e-01
9.835603264078047747e-01
9.858973728565185723e-01
9.879345628284115222e-01
9.896977967111723062e-01
9.912119165496384721e-01
9.925006191879415240e-01
9.935863814387428938e-01
9.944903961900370959e-01
9.952325173946857673e-01
9.958312108426088383e-01
9.963035063727011531e-01
9.966649455595515406e-01
9.969295166291400889e-01
9.971095649591646959e-01
9.972156611703707485e-01
9.972562254073112920e-01
9.972381014075171191e-01
9.971643865002123297e-01
9.970353324934670969e-01
9.968464098107822080e-01
9.965865599116122686e-01
9.962350839392210000e-01
9.957563467587916550e-01
9.950904548156419560e-01
9.941361516658920872e-01
9.927178193201888767e-01
9.905178138617738437e-01
9.869269214526424916e-01
9.806814001023450578e-01
9.688702357092074946e-01
9.437636824220384524e-01
8.804478830765468667e-01
6.789045275300650273e-01
1.109940937398780914e-01
3.415309828586747809e-01
7.181265550808730858e-01
8.490772477902154280e-01
9.031165269589317424e-01
9.302254607741762271e-01
9.458052699737938829e-01
9.556524878129220024e-01
9.623222651135650008e-01
9.670821210611690866e-01
9.706200104896284264e-01
9.733365644853204657e-01
9.754787840684713274e-01
9.772061500205283524e-01
9.786259381669593083e-01
9.798128334443721998e-01
9.808205069461768399e-01
9.816886715550520170e-01
9.824475298138271029e-01
9.831206514833246146e-01
