8.291522594513547782e+99
6.777703832199910840e+99
5.551426216584129214e+99
4.556169289950068399e+99
3.746865125652804769e+99
3.087513424185610298e+99
2.549305750982446403e+99
2.109147719940740497e+99
1.748492724349809813e+99
1.452419977446973386e+99
1.208904452394098608e+99
1.008237803519643377e+99
8.425682715465329947e+98
7.055345111508578007e+98
5.919736798759074940e+98
4.976883394688419463e+98
4.192600108404062462e+98
3.538997979330295522e+98
2.993285128167347736e+98
2.536803173394274556e+98
2.154251409930810461e+98
1.833061143036645867e+98
1.562890295273110704e+98
1.335214504833505728e+98
1.142995759030073766e+98
9.804134292555832287e+97
8.426456068497598516e+97
7.256910493228248958e+97
6.262239645630707005e+97
5.414753894819151137e+97
4.691361400311447391e+97
4.072772852285585971e+97
3.542848791397661112e+97
3.088063111293461105e+97
2.697061379177918241e+97
2.360296655102338445e+97
2.069728750164636465e+97
1.818575492503352260e+97
1.601106693600020912e+97
1.412473225372820162e+97
1.248565010322928137e+97
1.105892856240156447e+97
9.814899843794765450e+96
8.728298465456727053e+96
7.777574347217303856e+96
6.944317831762963461e+96
6.212777684895916250e+96
5.569456447525530108e+96
5.002770230568187812e+96
4.502762274894274267e+96
4.060861431185854099e+96
3.669678222960178954e+96
3.322832398206744140e+96
3.014806900576206719e+96
2.740824037692567675e+96
2.496740324925964385e+96
2.278957063333155484e+96
2.084344191796606997e+96
1.910175353364745223e+96
1.754072448234758313e+96
1.613958222855184360e+96
1.488015675484727552e+96
1.374653251408039939e+96
1.272474962202228398e+96
1.180254698383369786e+96
1.096914117890984455e+96
1.021503587797928663e+96
9.531857363913222152e+95
8.912212399178841530e+95
8.349565247981976855e+95
7.838131138684941806e+95
7.372783854153412247e+95
6.948975479126181948e+95
6.562666621526103983e+95
6.210265669444817883e+95
5.888575852905399341e+95
5.594749055899658126e+95
5.326245474227619563e+95
5.080798342464474771e+95
4.856383062420514131e+95
4.651190158592897960e+95
4.463601565642248577e+95
4.292169821173426427e+95
4.135599795517872463e+95
3.992732640323376387e+95
3.862531681037232113e+95
3.744070015272595623e+95
3.636519611346595190e+95
3.539141728692012844e+95
3.451278505963451596e+95
3.372345583300412117e+95
3.301825643364915616e+95
3.239262771403492201e+95
3.184257548442067413e+95
3.136462803714289685e+95
3.095579963156553531e+95
3.061355940166471328e+95
3.033580523322235938e+95
3.012084223262288529e+95
2.996736547886595576e+95
2.987444681218701636e+95
2.984152547264004264e+95
2.986840245585812176e+95
2.995523850670977525e+95
3.010255572215240602e+95
3.031124278623181982e+95
3.058256391021849420e+95
3.091817160410914662e+95
3.132012346027548846e+95
3.179090318788877710e+95
3.233344619948621109e+95
3.295117011855791949e+95
3.364801065247763292e+95
3.442846335729167091e+95
3.529763191529840079e+95
3.626128364952032299e+95
3.732591311962297217e+95
3.849881477849059053e+95
3.978816582300315652e+95
4.120312055127537518e+95
4.275391774055118560e+95
4.445200279720324361e+95
4.631016670043497409e+95
4.834270407600567655e+95
5.056559310071349217e+95
5.299670036149392308e+95
5.565601428473664224e+95
5.856591132458989034e+95
6.175145976687368100e+95
6.524076678624776066e+95
6.906537530458599282e+95
7.326071826871256064e+95
7.786663921512143308e+95
8.292798945933068907e+95
8.849531397295125707e+95
9.462564004200436425e+95
1.013833851916631125e+96
1.088414036828082046e+96
1.170821942182136643e+96
1.261992954283732833e+96
1.362989003760245026e+96
1.475017268347013219e+96
1.599451866574257626e+96
1.737859053361622896e+96
1.892026521234398477e+96
2.063997521205138563e+96
2.256110649026877611e+96
2.471046299754770829e+96
2.711880981486492134e+96
2.982150904280732680e+96
3.285926530046759683e+96
3.627900093112275550e+96
4.013488490540195854e+96
4.448954409832783832e+96
4.941549126405262770e+96
5.499681084801608509e+96
6.133115201048831654e+96
6.853208820191853630e+96
7.673191470355558203e+96
8.608497019800490528e+96
9.677158623132042455e+96
1.090027900836213625e+97
1.230259129467515131e+97
1.391312874918542598e+97
1.576602582246693875e+97
1.790147761395126876e+97
2.036689080965456490e+97
2.321826636579176309e+97
2.652186309264706002e+97
3.035620222144395287e+97
3.481448649967483658e+97
4.000752397237177702e+97
4.606726713192148464e+97
5.315110351728161591e+97
6.144706531695531306e+97
7.118016458908090898e+97
8.262010925699511750e+97
9.609071545897131126e+97
1.119814071511299306e+98
1.307612878853005925e+98
1.529963872402039928e+98
1.793708315808212080e+98
2.107128734072487021e+98
2.480269453851382943e+98
2.925331967581329092e+98
3.457163372013894081e+98
4.093860766796600189e+98
4.857520355807498913e+98
5.775167406777567408e+98
6.879912621027447953e+98
8.212392394194879521e+98
9.822565616918426183e+98
1.177195898115850983e+99
1.413647739614132169e+99
1.700992759308840284e+99
2.050844326960425736e+99
2.477605173158095606e+99
2.999168822567590950e+99
3.637804929727221765e+99
4.421278612183235888e+99
