8.315001954625855785e-01
8.275428796660259101e-01
8.287577762696271000e-01
8.339240196735374644e-01
8.419192328790935376e-01
8.517411918934723047e-01
8.625209200035632851e-01
8.735282693913773988e-01
8.841712582688411315e-01
8.939904852659056322e-01
9.026498931801630876e-01
9.099250393670679227e-01
9.156898781543292287e-01
9.199028926464588585e-01
9.225932443429684104e-01
9.238474495435741174e-01
9.237969481080627876e-01
9.226068062619797727e-01
9.204656919008602500e-01
9.175771778818113678e-01
9.141523642306930153e-01
9.104037620508282913e-01
9.065403472817337160e-01
9.027636686847549941e-01
8.992648786540001771e-01
8.962225448804348460e-01
8.938010927066891709e-01
8.921497192365248630e-01
8.914016078842607049e-01
8.916732525767228079e-01
8.930636753211075307e-01
8.956533063086261626e-01
8.995024538765586941e-01
9.046510438951200772e-01
9.108441678317058532e-01
9.187294174313687112e-01
9.276079003417750934e-01
9.374844334551950542e-01
9.480857921523256904e-01
9.589659909797482173e-01
9.694241467911182131e-01
9.783734274404010112e-01
9.841430688184321651e-01
9.841914471550765597e-01
9.747232018850278124e-01
9.502703095341623607e-01
9.034895504282917100e-01
8.258446125675863447e-01
7.103969711999267300e-01
5.577184975884776907e-01
3.828607942286109678e-01
2.156852802411402537e-01
8.818559931003458474e-02
1.742181720035754569e-02
5.018222694419322743e-04
2.296116864419465303e-02
6.898912992191012783e-02
1.265232233911608994e-01
1.879366066151272885e-01
2.489790314797976634e-01
3.075436731879857000e-01
3.627529320144743386e-01
4.143840978691592514e-01
4.625373134055842383e-01
5.074531246346055680e-01
5.494162438612819610e-01
5.887071403712659245e-01
6.255794940983174790e-01
6.602513148446024216e-01
6.929030777279563402e-01
7.236793052966706830e-01
7.526917152324493765e-01
7.800229704856765922e-01
8.057305634544712492e-01
8.298506297404849574e-01
8.524016268948982900e-01
8.733878903732155141e-01
8.928031308171426872e-01
9.106339944325372304e-01
9.268639095875050860e-01
9.414776577139705172e-01
9.544675965071702795e-01
9.658436534930008310e-01
9.756523577750658704e-01
9.840195615523712469e-01
9.912644546800190026e-01
9.982795251766004574e-01
1.008342184035811329e+00
1.046795517108448870e+00
8.813095413212501672e-01
9.441157929319073938e-01
9.461117730533556980e-01
9.376282171194079140e-01
9.223621771938386171e-01
8.998643418998238941e-01
8.675810056102584156e-01
8.198513388827285420e-01
7.442226606186639337e-01
6.111241492674991393e-01
3.527813684950982798e-01
1.032879560537616932e-02
4.203440190013481570e-01
8.576772593992574301e-01
9.717959851508298774e-01
9.917566426239724509e-01
9.862737318092230643e-01
9.730427287129677083e-01
9.573263413691522894e-01
9.408882703548688831e-01
9.243552521917811626e-01
9.079390854398966537e-01
8.916817482504272308e-01
8.755416893716199134e-01
8.594188806682955262e-01
8.431491177730042752e-01
8.264721461937931668e-01
8.089598479444286561e-01
7.898593814614721653e-01
7.677181452817858354e-01
7.393384379296028541e-01
6.960898321003770040e-01
6.044231211599160325e-01
1.683259524033960397e-01
1.122030001241856034e+00
9.266260888553859987e-01
8.647490174067005153e-01
8.329801009712476390e-01
8.128118392404953818e-01
7.985702313245550688e-01
7.879587841112437596e-01
7.798828294816150253e-01
7.737635824721015299e-01
7.692746539798501759e-01
7.662261504226658415e-01
7.645085425889064368e-01
7.640636605719991481e-01
7.648692718926280998e-01
7.669311929009589024e-01
7.702801719111271872e-01
7.749724302956130240e-01
7.810937681808917121e-01
7.887680190570551808e-01
7.981716957102434895e-01
8.095582097060255444e-01
8.232972571716237198e-01
8.399368078370315072e-01
8.602871342669833332e-01
8.854425845643948412e-01
9.159990991365720703e-01
9.436690131047269503e-01
8.516899756126465881e-01
6.530268750095861996e-02
3.146327385978284763e-01
5.563562642305888151e-01
6.677143053503059589e-01
7.326251356222350797e-01
7.777412919121994284e-01
8.129047414084673573e-01
8.423925466914422566e-01
8.682698766942441582e-01
8.915789789346528771e-01
9.128204763669531818e-01
9.321641451218009022e-01
9.495401739682556297e-01
9.646678880333794392e-01
9.770430739870513692e-01
9.858887592158027680e-01
9.900650030095208276e-01
9.879270102550091748e-01
9.771185942054122497e-01
9.542974371917033460e-01
9.148232133987868053e-01
8.520881506986915932e-01
5.269750886616062502e-01
6.191192164828498434e-01
4.578697923451262031e-01
2.755787445509393363e-01
1.132287825169032841e-01
1.638757528176270836e-02
4.645560170955134564e-03
7.382405693545676661e-02
1.787591366694021022e-01
2.974418879680582051e-01
4.130827025779673090e-01
5.186599827736113610e-01
6.124751817045553937e-01
6.951738261831883481e-01
7.681634027758446059e-01
8.328937271834813139e-01
8.905755198441320797e-01
9.420988223284735286e-01
9.880350809033132675e-01
1.028670712888797745e+00
1.064050290047847680e+00
1.094020999486749135e+00
1.118275755789631898e+00
1.136394572598888209e+00
1.147884554130184753e+00
1.152219029576119436e+00
1.148876311875228540e+00
