9.977317746950387090e-01
9.980862089291503425e-01
9.983974209299425473e-01
9.986671826230629767e-01
9.988975862322901911e-01
9.990909952976625430e-01
9.992499880113125954e-01
9.993772884749123619e-01
9.994756799370466682e-01
9.995478919910523175e-01
9.995964508745232013e-01
9.996234780794648334e-01
9.996304169897437530e-01
9.996176595100120243e-01
9.995840336195350728e-01
9.995260969512197446e-01
9.994371585661919744e-01
9.993059175966939600e-01
9.991145580417557515e-01
9.988360655048880155e-01
9.984304212840343640e-01
9.978391619434672233e-01
9.969775368600686249e-01
9.957231027971834569e-01
9.938989861578443330e-01
9.912491021822864568e-01
9.874011735234045073e-01
9.818112119598234599e-01
9.736800011463282445e-01
9.618281257744834001e-01
9.445125578066805305e-01
9.191700819175985249e-01
8.820975877457702952e-01
8.281705453974460562e-01
7.509522767352944106e-01
6.440680727912062586e-01
5.052868134118168042e-01
3.437703088583243805e-01
1.854760931927522949e-01
6.548230376085785454e-02
6.572602598089659701e-03
6.065364130578560289e-03
4.446291870675400659e-02
1.010956093456121668e-01
1.618654047135538177e-01
2.193933651853288147e-01
2.706898105664251597e-01
3.150804765840697352e-01
3.529348804558123387e-01
3.850053694131234661e-01
4.121185310455764417e-01
4.350464084831565104e-01
4.544628292680115145e-01
4.709373183985407496e-01
4.849439632229088359e-01
4.968749299641095352e-01
5.070542199902312586e-01
5.157499829263574309e-01
5.231849219991778766e-01
5.295448367943796919e-01
5.349855338177192943e-01
5.396383774374310383e-01
5.436147375770508106e-01
5.470095544391350151e-01
5.499042013243465865e-01
5.523687909018166753e-01
5.544640401373570615e-01
5.562427845866990683e-01
5.577512132363871000e-01
5.590298795901811335e-01
5.601145320495667379e-01
5.610367938676339428e-01
5.618246877423799246e-01
5.625020370023856575e-01
5.630966080323410727e-01
5.636213530991354137e-01
5.640975244854036230e-01
5.645410414206181171e-01
5.649664015490653002e-01
5.653866778305249863e-01
5.658136425751557619e-01
5.662578839678489295e-01
5.667289065874375753e-01
5.672352164749454584e-01
5.677843923968599604e-01
5.683831449337215513e-01
5.690373648218891578e-01
5.697521617607058664e-01
5.705318947050531664e-01
5.713801945037307872e-01
5.722999796158453334e-01
5.732934655491893627e-01
5.743621686330314668e-01
5.755069048394888531e-01
5.767277848767187187e-01
5.780242089529311622e-01
5.793948762077680836e-01
5.808379265731502539e-01
5.821714923675808118e-01
5.839239505820709164e-01
5.855626060722883830e-01
5.872561417296503494e-01
5.889985929339970339e-01
5.907826975784338241e-01
5.926001264913062228e-01
5.944414686078518528e-01
5.962961844760754637e-01
5.981525499143705016e-01
5.999975938689359189e-01
6.018170313475714739e-01
6.035951914679943409e-01
6.053149403420097219e-01
6.069575983495016924e-01
6.085028512605002993e-01
6.099286546744981941e-01
6.112111315514431320e-01
6.123244639640089693e-01
6.132407861972848373e-01
6.139301210956130683e-01
6.143607731441965703e-01
6.144748851837278369e-01
6.142919231102462740e-01
6.137219382137830692e-01
6.127344436822537155e-01
6.112828790685769231e-01
6.093166892661850964e-01
6.067813983772467612e-01
6.036184002393021331e-01
5.997647150313470954e-01
5.951527570610463114e-01
5.897101479866823093e-01
5.833596400859190068e-01
5.760178519803124120e-01
5.675996303847843372e-01
5.580121012726905194e-01
5.471600250525088249e-01
5.349452733527489956e-01
5.212683326186471344e-01
5.060344414891342346e-01
4.891452771132652755e-01
4.705201185809023134e-01
4.500893239420514225e-01
4.278058248436766298e-01
4.036535967958206905e-01
3.776581190577712466e-01
3.498982366239830610e-01
3.205188708564359890e-01
2.897436397781184003e-01
2.578859787935349757e-01
2.253568772067814086e-01
1.926669842096735974e-01
1.604207536823398228e-01
1.293006696721025472e-01
1.000405561346370681e-01
7.338851732021547947e-02
5.006190593084741680e-02
3.069796569511708262e-02
1.579831484839278738e-02
6.003738835416948944e-03
9.096237253165608558e-04
8.894203861374854088e-04
5.723713500320914103e-03
1.506596519028081602e-02
2.847083048583571446e-02
4.542257054122183363e-02
6.537195080438941430e-02
8.776953356472133594e-02
1.120921895187131923e-01
1.378618879503404060e-01
1.646571098702222791e-01
1.921179802353875365e-01
2.199465450005234357e-01
2.479036416009868793e-01
2.758036463960394924e-01
3.035081298357807378e-01
3.309191805987840018e-01
3.579729157176935184e-01
3.846334940698815652e-01
4.108877997357435752e-01
4.367408553123771631e-01
4.622119551307516949e-01
4.873314530855970550e-01
5.121344879375294701e-01
5.366755101386772031e-01
5.609966765269310818e-01
5.851511692368522866e-01
6.091817854108172448e-01
6.331998622146003397e-01
6.571905642515599721e-01
6.812371124029252822e-01
7.053857411646311526e-01
7.296119912926075646e-01
7.541925933092635814e-01
7.788607029837639750e-01
8.037136977807030069e-01
8.286890533626157795e-01
8.536570895419377525e-01
8.783774444104672785e-01
9.024338085314509428e-01
9.251304396722270784e-01
