9.998033769872608501e-01
9.999533506047483256e-01
1.000035103000733283e+00
1.000049229827537411e+00
9.999967839075712961e-01
9.998792471190396380e-01
9.996985067320985907e-01
9.994568366781112490e-01
9.991568841307105764e-01
9.988016617043610212e-01
9.983945455313776307e-01
9.979392794564441171e-01
9.974399855878298693e-01
9.969011814588649711e-01
9.963278040729363072e-01
9.957252411147822224e-01
9.950993695687517793e-01
9.944566018169384014e-01
9.938039388094409565e-01
9.931490286385994404e-01
9.925002255244014249e-01
9.918666347853788423e-01
9.912580990406771875e-01
9.906849625730889120e-01
9.901568263737964282e-01
9.896737759543653423e-01
9.886939094708818709e-01
9.891587177038043688e-01
9.889573249422786150e-01
9.889194451514603523e-01
9.890466830339095239e-01
9.893590270997409952e-01
9.898794592563318062e-01
9.906300593958512479e-01
9.916275507466109085e-01
9.928753372769754115e-01
9.943481839594912053e-01
9.959619978564747678e-01
9.975127083659509619e-01
9.985490946766969467e-01
9.981110287725982744e-01
9.937482627856000228e-01
9.810333680525178401e-01
9.478284221469778226e-01
8.655445590787179677e-01
6.717477566294668412e-01
3.128282180282809244e-01
1.791623813846410229e-02
6.634406603127325497e-02
2.452696825499718625e-01
3.934503175713751078e-01
4.953207767176344700e-01
5.644475969675341043e-01
6.125292199043353980e-01
6.469946365833778579e-01
6.723832009120684905e-01
6.915159774491100864e-01
7.062008571448800121e-01
7.176348797203969676e-01
7.266354764411864231e-01
7.337767316440068077e-01
7.394720796349102399e-01
7.440259970287482760e-01
7.476672269395948645e-01
7.505706850552401610e-01
7.528722366344381411e-01
7.546788594410454021e-01
7.560757267831290651e-01
7.571311293788308694e-01
7.578996739183799791e-01
7.584234772215940890e-01
7.587283937179807314e-01
7.587908727347951743e-01
7.576200859792702191e-01
7.594761287227236313e-01
7.590986508213110051e-01
7.588057298702990394e-01
7.584872151651360639e-01
7.581343848983084222e-01
7.577516477780230630e-01
7.573459039283642058e-01
7.569242044235418021e-01
7.564930999945782553e-01
7.560584560881068450e-01
7.556254191435108902e-01
7.551984347515596774e-01
7.547812820815107404e-01
7.543771107911224627e-01
7.539884749283144449e-01
7.536173617104602318e-01
7.532652144897650226e-01
7.529329498083326966e-01
7.526209686689455669e-01
7.523291622003498436e-01
7.520569118645042961e-01
7.518030842782675860e-01
7.515660206181200564e-01
7.513435204412143298e-01
7.511328195675677222e-01
7.509305613725745232e-01
7.507327602868508754e-01
7.505347550718965977e-01
7.503311461868905630e-01
7.501157011697436872e-01
7.498811702952604685e-01
7.496187229046171741e-01
7.493143767054480930e-01
7.486913948576591205e-01
7.486123727039603049e-01
7.481433806815002141e-01
7.475946380585585249e-01
7.469489152574453339e-01
7.461880825298767839e-01
7.452922545977519464e-01
7.442392475541124153e-01
7.430041627377965696e-01
7.415589593472380336e-01
7.398719711626845497e-01
7.379073429737164069e-01
7.356243656014103127e-01
7.329766867593618951e-01
7.299113712930583864e-01
7.263677793583240838e-01
7.222762251023877589e-01
7.175563715883898075e-01
7.121153104061874739e-01
7.058452673760584606e-01
6.986208704418861437e-01
6.902959150182649273e-01
6.806995706770629928e-01
6.696319998913393690e-01
6.568594196851654798e-01
6.421087559673656076e-01
6.250622602959871044e-01
6.053528481019249119e-01
5.825615826443928391e-01
5.562198284753790967e-01
5.258203479986923723e-01
4.908442685319266419e-01
4.508146290496486963e-01
4.053923356877436879e-01
3.545388075758303947e-01
2.987805217454362894e-01
2.367101462862835626e-01
1.768176671350898677e-01
1.179044878649297551e-01
6.590470544229043437e-02
2.635867467914953730e-02
4.173492923491588756e-03
2.280657852002900259e-03
2.068442911558963232e-02
5.648011559737049769e-02
1.048321468904483272e-01
1.603543451963315436e-01
2.182541386785381843e-01
2.749268402416688017e-01
3.280463495012022612e-01
3.763644465002481954e-01
4.194364503043107595e-01
4.569596487946147034e-01
4.898515664134211467e-01
5.181302541788758154e-01
5.423574607235704947e-01
5.630184985441634149e-01
5.805605758776010150e-01
5.953851355146471125e-01
6.078457584903589339e-01
6.182502489694025050e-01
6.268649068819679426e-01
6.339198731972973677e-01
6.396156158331327557e-01
6.441349806395725297e-01
6.477223783760677200e-01
6.496333879093275643e-01
6.515509308245470699e-01
6.525593002143427190e-01
6.529031446567090669e-01
6.526720229351760105e-01
6.519342769102037805e-01
6.507479469870731670e-01
6.491637030627317451e-01
6.472262587777654064e-01
6.449752911965062063e-01
6.424461234223263206e-01
6.396702605831352528e-01
6.366758209285204861e-01
6.334878859697194997e-01
6.301287857932458270e-01
6.266183315268371024e-01
6.229739940580204527e-01
6.192106564230429600e-01
6.153056978100176488e-01
6.113713296451994683e-01
6.073249037400817452e-01
6.031978682481127230e-01
5.989967254260524232e-01
5.947245430937603272e-01
5.903819201786295601e-01
5.859669540042398150e-01
5.814750349802357832e-01
