9.939177641058480894e-01
9.940405765364020985e-01
9.941648466885705249e-01
9.942878994221056033e-01
9.944076164954803732e-01
9.945223818778842206e-01
9.946310258038486563e-01
9.947327691483833778e-01
9.948271693602627197e-01
9.949140688963575840e-01
9.949935468464244925e-01
9.950658742226501374e-01
9.951314732083162973e-01
9.951908805112161804e-01
9.952447148462540971e-01
9.952936484761429892e-01
9.953383826638000365e-01
9.953796268338915842e-01
9.954180812017239255e-01
9.954544225990551443e-01
9.954892932125556371e-01
9.955232919429890526e-01
9.955569680944934552e-01
9.955908171101742754e-01
9.956252780817291814e-01
9.956607327750501835e-01
9.956975059313613041e-01
9.957358666215143650e-01
9.957760304512370819e-01
9.958181624341282401e-01
9.958623803693641419e-01
9.959087585795587394e-01
9.959573318835881484e-01
9.960080996948004195e-01
9.960610301529010391e-01
9.961160642112970587e-01
9.961731196166497826e-01
9.962320947283800354e-01
9.962928721382139363e-01
9.963553220588177162e-01
9.964193054598955435e-01
9.964846769371774604e-01
9.965512873066474375e-01
9.966189859218465008e-01
9.966876227163251611e-01
9.967570499780473714e-01
9.968271238647963273e-01
9.968977056727076347e-01
9.969686628715667132e-01
9.970398699224635175e-01
9.971112088934038775e-01
9.971825698904283053e-01
9.972538513204082244e-01
9.973249600031433015e-01
9.973958111490697220e-01
9.974663282191500446e-01
9.975364426824174791e-01
9.976060936861379513e-01
9.976752276529683439e-01
9.977437978180614397e-01
9.978117637187557953e-01
9.978790906482513101e-01
9.979457490836429745e-01
9.980117140980905299e-01
9.980769647655294285e-01
9.981414835660272766e-01
9.982052557983427388e-01
9.982682690060687980e-01
9.983305124224555183e-01
9.983919764387483298e-01
9.984526520997831778e-01
9.985125306299899028e-01
9.985716029929633253e-01
9.986298594863096678e-01
9.986872893736385981e-01
9.987438805549267995e-01
9.987996192758981095e-01
9.988544898773717984e-01
9.989084745841196877e-01
9.989615533333758846e-01
9.990137036427635397e-01
9.990649005168444896e-01
9.991151163913688515e-01
9.991643211144430881e-01
9.992124819635929134e-01
9.992595636971846051e-01
9.993055286390457592e-01
9.993503367949094773e-01
9.993939459988907537e-01
9.994363120888579699e-01
9.994773891084695050e-01
9.995171295349124518e-01
9.995554845298993962e-01
9.995924042125887699e-01
9.996278379526170044e-01
9.996617346811760285e-01
9.996940432182360725e-01
9.997247126144334084e-01
9.997536925051321299e-01
9.997809334748287702e-01
9.998063874300794351e-01
9.998300079783355443e-01
9.998517508111971486e-01
9.998715740890916637e-01
9.998894388258420252e-01
9.999053092698787504e-01
9.999191532806449567e-01
9.999309426967827319e-01
9.999406536938260093e-01
9.999482671287980295e-01
9.999537688686549464e-01
9.999571500996058404e-01
9.999584076147162159e-01
9.999575440759911338e-01
9.999545682483444997e-01
9.999494952018691540e-01
9.999423464789444216e-01
9.999331502228220314e-01
9.999219412644824168e-01
9.999087611635264494e-01
9.998936582003158380e-01
9.998766873153953627e-01
9.998579099928216474e-01
9.998373940842271157e-01
9.998152135700711929e-01
9.997914482554832727e-01
9.997661833977188328e-01
9.997395092628705848e-01
9.997115206099697060e-01
9.996823161011634262e-01
9.996519976369915295e-01
9.996206696168946637e-01
9.995884381261167517e-01
9.995554100502969108e-01
9.995216921216255601e-01
9.994873899009479867e-01
9.994526067016014093e-01
9.994174424636765863e-01
9.993819925879477983e-01
9.993463467423707725e-01
9.993105876555627987e-01
9.992747899146056101e-01
9.992390187879395258e-01
9.992033290963858727e-01
9.991677641588437853e-01
9.991323548424317913e-01
9.990971187489234850e-01
9.990620595719981178e-01
9.990271666599149780e-01
9.989924148167410589e-01
9.989577643699019127e-01
9.989231615193737701e-01
9.988885389616126709e-01
9.988538167409308777e-01
9.988189032110336152e-01
9.987836958703422141e-01
9.987480816275797757e-01
9.987119356930629355e-01
9.986751176463769530e-01
9.986374620433954297e-01
9.985987586566248408e-01
9.985587128899423570e-01
9.985168672131021772e-01
9.984724422149292566e-01
9.984239998223565227e-01
9.983686720277339388e-01
9.983001687320657291e-01
9.982025805261607321e-01
9.980242017724734183e-01
9.974749646471605669e-01
9.781774721514779891e-01
9.988793803824141948e-01
9.986823133563585975e-01
9.985229481437509769e-01
9.983267655133630791e-01
9.979811643337889171e-01
9.972630906066285439e-01
9.956209267573172816e-01
9.914370260651115263e-01
9.786925578645297996e-01
9.236706508596596032e-01
5.235931412449843503e-01
4.244567023863229371e-01
8.407287606667930291e-01
9.203325857407032018e-01
9.470168321973799763e-01
9.593392732065125772e-01
9.661238898309106871e-01
9.702913999444918725e-01
9.730520393885796482e-01
9.749892036888742064e-01
9.764169396199852136e-01
9.775194289521188518e-01
9.784125090093845900e-01
9.791734570051280340e-01
9.798564921970799313e-01
9.805013111134320836e-01
9.811379890205942367e-01
9.817898740167027016e-01
9.824753140005141328e-01
