9.939421063581123095e-01
9.939870914892176001e-01
9.940341684936381261e-01
9.940833139252250872e-01
9.941345027982867455e-01
9.941877085747198306e-01
9.942429031516902826e-01
9.943000568501534353e-01
9.943591384044344617e-01
9.944201149529646733e-01
9.944829520303186676e-01
9.945476135605462176e-01
9.946140618519468957e-01
9.946822575933574884e-01
9.947521598516332331e-01
9.948237260708236995e-01
9.948969120726769422e-01
9.949716720583120511e-01
9.950479586116666164e-01
9.951257227038521336e-01
9.952049136990318567e-01
9.952854793614940299e-01
9.953673658639050625e-01
9.954505177966694873e-01
9.955348781786218515e-01
9.956203884686128935e-01
9.957069885783732532e-01
9.957946168861822045e-01
9.958832102518052620e-01
9.959727040323178571e-01
9.960630320990063735e-01
9.961541268549836126e-01
9.962459192542454378e-01
9.963383388212248004e-01
9.964313136716236308e-01
9.965247705338873274e-01
9.966186347719755423e-01
9.967128304087599089e-01
9.968072801505866165e-01
9.969019054126079249e-01
9.969966263452678668e-01
9.970913618615150353e-01
9.971860296651129385e-01
9.972805462799667620e-01
9.973748270801474636e-01
9.974687863212076122e-01
9.975623371722793786e-01
9.976553917492356760e-01
9.977478611487256011e-01
9.978396554834256804e-01
9.979306839179448163e-01
9.980208547061524271e-01
9.981100752291532929e-01
9.981982520344687693e-01
9.982852908761257194e-01
9.983710967558623306e-01
9.984555739653011575e-01
9.985386261291111509e-01
9.986201562492802442e-01
9.987000667503453943e-01
9.987782595256303741e-01
9.988546359846348643e-01
9.989290971012829701e-01
9.990015434633650049e-01
9.990718753228281512e-01
9.991399926472918080e-01
9.992057951724284681e-01
9.992691824554849056e-01
9.993300539296993135e-01
9.993883089598953884e-01
9.994438468990247681e-01
9.994965671456068623e-01
9.995463692024153524e-01
9.995931527360458757e-01
9.996368176375203252e-01
9.996772640839404200e-01
9.997143926009841586e-01
9.997481041267695101e-01
9.997783000764078887e-01
9.998048824076387620e-01
9.998277536875833649e-01
9.998468171605335852e-01
9.998619768166074895e-01
9.998731374614737710e-01
9.998802047872628052e-01
9.998830854443716554e-01
9.998816871143162421e-01
9.998759185837748920e-01
9.998656898194857590e-01
9.998509120445358000e-01
9.998314978153601817e-01
9.998073611002894490e-01
9.997784173589425727e-01
9.997445836228279203e-01
9.997057785773503236e-01
9.996619226448696383e-01
9.996129380689490196e-01
9.995587490002140196e-01
9.994992815833699806e-01
9.994344640456028772e-01
9.993642267866839068e-01
9.992885024702721219e-01
9.992072261172716408e-01
9.991203352004517368e-01
9.990277697413153524e-01
9.989294724083250809e-01
9.988253886176989838e-01
9.987154666360045230e-01
9.985996576850028061e-01
9.984779160491350503e-01
9.983501991854598634e-01
9.982164678362117627e-01
9.980766861447142313e-01
9.979308217740345821e-01
9.977788460293389727e-01
9.976207339838837340e-01
9.974564646088813769e-01
9.972860209076374050e-01
9.971093900545247024e-01
9.969265635386036495e-01
9.967375373128919414e-01
9.965423119493801440e-01
9.963408928003458787e-01
9.961332901665875816e-01
9.959195194729620892e-01
9.956996014521204419e-01
9.954735623369534991e-01
9.952414340624771150e-01
9.950032544781028943e-01
9.947590675712104646e-01
9.945089237028599261e-01
9.942528798568716075e-01
9.939909999036522503e-01
9.937233548794868199e-01
9.934500232834446720e-01
9.931710913932596529e-01
9.928866536015934496e-01
9.925968127753623804e-01
9.923016806395054124e-01
9.920013781882008885e-01
9.916960361259090639e-01
9.913857953410810664e-01
9.910708074160883285e-01
9.907512351768076320e-01
9.904272532858537925e-01
9.900990488841862058e-01
9.897668222858202469e-01
9.894307877315139388e-01
9.890911742075295665e-01
9.887482263365158230e-01
9.884022053484360359e-01
9.880533901402639430e-01
9.877020784344487936e-01
9.873485880473678034e-01
9.869932582800138299e-01
9.866364514455326917e-01
9.862785545494033856e-01
9.859199811403237534e-01
9.855611733526431495e-01
9.852026041633329401e-01
9.848447798902713046e-01
9.844882429619991049e-01
9.841335749934050359e-01
9.837814002066762598e-01
9.834323892426203306e-01
9.830872634140568334e-01
9.827467994604510704e-01
9.824118348722893357e-01
9.820832738631024572e-01
9.817620940804945295e-01
9.814493541599540460e-01
9.811462022427627216e-01
9.808538855974360260e-01
9.805737615063451207e-01
9.803073096048359192e-01
9.800561458888216171e-01
9.798220386409373095e-01
9.796069265630111822e-01
9.794129394453178206e-01
9.792424217495785399e-01
9.790979595322502060e-01
9.789824111836759046e-01
9.788989425033347569e-01
9.788510666611595079e-01
9.788426895942269335e-01
9.788781613296002604e-01
9.789623335616227662e-01
9.791006234656239871e-01
9.792990830700442073e-01
9.795644723061519565e-01
9.799043317274187537e-01
9.803270471670291197e-01
9.808418921140004132e-01
9.814590222502475036e-01
9.821893766240656909e-01
9.830444043574023683e-01
9.840354713761239047e-01
9.851726827531662734e-01
9.864626315509500420e-01
9.879041485231525588e-01
