9.959484376589461396e-01
9.964338514484880616e-01
9.968843649173534383e-01
9.972997810901236271e-01
9.976800678726280847e-01
9.980253764123738769e-01
9.983360593671471994e-01
9.986126886429137484e-01
9.988560720667466475e-01
9.990672683336091486e-01
9.992475993923495281e-01
9.993986591988891499e-01
9.995223174490575069e-01
9.996207164756679697e-01
9.996962589212603500e-01
9.997515830279966043e-01
9.997895213433224404e-01
9.998130372303751789e-01
9.998251316538956379e-01
9.998287100872589317e-01
9.998263957828863457e-01
9.998202706630905379e-01
9.998115181588980160e-01
9.997999326265071263e-01
9.997832463107821921e-01
9.997562054537619813e-01
9.997092994887909478e-01
9.996270075016997492e-01
9.994853686077301846e-01
9.992485991201621731e-01
9.988643567480749441e-01
9.982570717886042333e-01
9.973184997914388283e-01
9.958942598498539134e-01
9.937645532152739047e-01
9.906164410034609125e-01
9.860039337503712087e-01
9.792907099161959339e-01
9.695687745629555376e-01
9.555457278471464200e-01
9.353962583361127292e-01
9.065868774665810648e-01
8.657219691234541159e-01
8.085514668086741796e-01
7.304552700735302828e-01
6.279352754342240051e-01
5.015823644024187677e-01
3.598673825954604721e-01
2.206095172125597803e-01
1.059568840328339451e-01
3.201595863855715568e-02
1.698284432254591487e-03
6.649923267607147671e-03
3.431849690146841075e-02
7.355517641458676759e-02
1.166479739084579359e-01
1.590768754786135997e-01
1.985603563220623979e-01
2.341724420235330173e-01
2.657299176944628027e-01
2.934197677141623384e-01
3.175897052487238748e-01
3.386372019655071730e-01
3.569543277741213938e-01
3.729028948692952872e-01
3.868054508623894328e-01
3.989441880078910541e-01
4.095635204653468864e-01
4.188741121909649312e-01
4.270572384310022396e-01
4.342689512887993875e-01
4.406438288631817080e-01
4.462982583845824802e-01
4.513267349480981627e-01
4.558358794769956090e-01
4.598840666219181084e-01
4.635445672146905061e-01
4.668766778067820478e-01
4.699327754472707452e-01
4.727593095236602427e-01
4.753976182558229402e-01
4.778846124871382051e-01
4.802533504647266138e-01
4.825335219928615915e-01
4.847518568709467957e-01
4.869324698166995757e-01
4.890971518862416989e-01
4.912656166215115250e-01
4.934557077034205097e-01
4.956835737059040459e-01
4.979638145803528815e-01
5.003096037139748153e-01
5.027327887649108984e-01
5.052439739575446120e-01
5.078525861018384768e-01
5.105669262644426665e-01
5.133942087564190571e-01
5.163405889045322716e-01
5.194111809390387080e-01
5.226100672725317864e-01
5.259403004949381177e-01
5.294038996646115436e-01
5.330018432024151709e-01
5.367340627011942811e-01
5.405994480442728456e-01
5.445958959513725883e-01
5.487205337332845545e-01
5.529709418772548180e-01
5.573603905211683696e-01
5.617443862484116091e-01
5.663442822946124222e-01
5.710129395833999366e-01
5.757585997154957003e-01
5.805711375075214287e-01
5.854374546703653426e-01
5.903427011930175716e-01
5.952705110646890896e-01
6.002030487141606363e-01
6.051208361387540036e-01
6.099596713669691583e-01
6.148313602941984923e-01
6.195774653647049268e-01
6.242185281690749710e-01
6.287286405721418392e-01
6.330804746213046785e-01
6.372453804096406271e-01
6.411933841281969304e-01
6.448931704355376215e-01
6.483120489850604518e-01
6.514159015216549609e-01
6.541691056487514144e-01
6.565344313744025939e-01
6.584729066903313166e-01
6.599436487313732336e-01
6.609036575403274272e-01
6.613075701655646288e-01
6.611073738068847794e-01
6.602520780783757148e-01
6.586873482817675596e-01
6.563551040305785067e-01
6.531930908292510329e-01
6.491344365560980378e-01
6.441072105656617808e-01
6.380340107493785995e-01
6.308316139187770677e-01
6.224107379597703105e-01
6.126759811137525435e-01
6.015260253063099416e-01
5.888542174818111041e-01
5.745496760438479900e-01
5.584991088888704436e-01
5.405895743130922915e-01
5.207124636750277702e-01
4.987690296278012303e-01
4.746778161018089803e-01
4.483843498351480772e-01
4.198734037230386629e-01
3.891840057801236874e-01
3.564271018095639398e-01
3.218053397329829757e-01
2.856337941856876839e-01
2.483595924314086212e-01
2.105774245192306715e-01
1.730071691371410370e-01
1.366350136420595163e-01
1.024001073025589265e-01
7.143964067706358445e-02
4.488284126262022389e-02
2.379899962260834806e-02
9.109896839632227600e-03
1.506861864870012377e-03
1.386222965059837053e-03
8.814667311208525952e-03
2.353060845064682341e-02
4.498056607240726035e-02
7.238310213746053379e-02
1.048094951998513324e-01
1.412746227091301598e-01
1.808897614604897952e-01
2.214255419859282592e-01
2.645163110004737361e-01
3.077806573966365700e-01
3.508941158763270174e-01
3.934166659872899152e-01
4.349896460708221890e-01
4.753457710059312835e-01
5.143515806294355341e-01
5.518426174958722674e-01
5.877713387237862852e-01
6.221197952557355748e-01
6.548943550254617829e-01
6.861209484840629091e-01
7.158375558551409723e-01
7.440880025736401615e-01
7.709167599491245637e-01
7.963644235424127693e-01
8.204635398749419162e-01
8.432344372403643984e-01
8.646806807957976293e-01
8.847837058349291572e-01
