9.911869160265022183e-01
9.919655105023599262e-01
9.927001435864531986e-01
9.933911680771505548e-01
9.940393253762062065e-01
9.946456453170402501e-01
9.952113595055954720e-01
9.957378276800078476e-01
9.962264764016622864e-01
9.966787492552442451e-01
9.970960676487878871e-01
9.974798012576253647e-01
9.978312471426940000e-01
9.981516165853830946e-01
9.984420287135462591e-01
9.987035100429920709e-01
9.989369991180062636e-01
9.991433555036214331e-01
9.993233724574630550e-01
9.994777926847905336e-01
9.996073266605657315e-01
9.997126730795724558e-01
9.997945410720993076e-01
9.998536738958645476e-01
9.998908738837212207e-01
9.999070284885811510e-01
9.999031373222091457e-01
9.998803401270337510e-01
9.998399456484470260e-01
9.997834613790105296e-01
9.997126241172007433e-01
9.996294312022110384e-01
9.995361721279713008e-01
9.994354599555248519e-01
9.993302614704480114e-01
9.992239242516509634e-01
9.991201975539450997e-01
9.990232418547133619e-01
9.989376185826339682e-01
9.988682460903000049e-01
9.988202989161765188e-01
9.987990122877834498e-01
9.988093281660623823e-01
9.988552747461469927e-01
9.989388929339730883e-01
9.990583815467007911e-01
9.992048696159576693e-01
9.993567197228585552e-01
9.994692658362753779e-01
9.994558245707687583e-01
9.991513605661530573e-01
9.982400467419418888e-01
9.961034894222985381e-01
9.914832407542584214e-01
9.816758686700450820e-01
9.604556558682482148e-01
9.122996711671018666e-01
7.962716867493605521e-01
5.196864177741711277e-01
9.504438935843451119e-02
5.245070356324989941e-02
3.117143434917049039e-01
5.106402429690363176e-01
6.285641146557953141e-01
6.996099367127801560e-01
7.448465433369515498e-01
7.752306545683619321e-01
7.956520787147316476e-01
8.113142400510370278e-01
8.225713540531537360e-01
8.309754802941198282e-01
8.373166588688679690e-01
8.421175465148705852e-01
8.457396224451535494e-01
8.484405866118059913e-01
8.504088027427103569e-01
8.517849517530217129e-01
8.526761065267651762e-01
8.531651362770424907e-01
8.533171421360932207e-01
8.531839550801156857e-01
8.528073393897317445e-01
8.522213131493437954e-01
8.514538550495941438e-01
8.505281772944036645e-01
8.494636869058312945e-01
8.482767200148844111e-01
8.469811085527889638e-01
8.455886216681055556e-01
8.441093124154425142e-01
8.425517920223521973e-01
8.409234482035937708e-01
8.392306197994915395e-01
8.374787369701333084e-01
8.356724339358385656e-01
8.338156395826884504e-01
8.319116499864136483e-01
8.299631859284022362e-01
8.279724376936050678e-01
8.259410987798506687e-01
8.238703895387390341e-01
8.217610711261531531e-01
8.196134493430543566e-01
8.174273667720570735e-01
8.152021796328241532e-01
8.129367120455415208e-01
8.106291727220900079e-01
8.082770019412995888e-01
8.058765745414918635e-01
8.034225690663763242e-01
8.009064471740823254e-01
7.983120778756194191e-01
7.955992688458439765e-01
7.926030898582278050e-01
7.862332893922409083e-01
7.887793581462265724e-01
7.854513845086894541e-01
7.823480764287059630e-01
7.792288146657044834e-01
7.760365411046434847e-01
7.727453921716420648e-01
7.693379804009515821e-01
7.658033400559408621e-01
7.619859650905551618e-01
7.582116162693148809e-01
7.541678236551894177e-01
7.499119445484779822e-01
7.454238629790537196e-01
7.406784331096921692e-01
7.356470054509094414e-01
7.302972932298197328e-01
7.245929518603391184e-01
7.184930327795969740e-01
7.119513351665266443e-01
7.049156517814543221e-01
6.973268974179865909e-01
6.891181057074053928e-01
6.802132794549733408e-01
6.705260811754875094e-01
6.599583549492219481e-01
6.483984799193470705e-01
6.357195726110052014e-01
6.217775843308537276e-01
6.064093882239975919e-01
5.894310287748510957e-01
5.706364305048142738e-01
5.497970553941835536e-01
5.266632923810766753e-01
5.009687995396492344e-01
4.724396498379885845e-01
4.408109987523645135e-01
4.058550998782430308e-01
3.674257269168861306e-01
3.255250268556675874e-01
2.803986065538068839e-01
2.326614512927178968e-01
1.834482399578500345e-01
1.345634746414933469e-01
8.857856338680683561e-02
4.879173196758702230e-02
1.895482773073160765e-02
2.714843597247358978e-03
2.840977685525148105e-03
2.047296673479512275e-02
5.472024023222429867e-02
1.029348953679436879e-01
1.597288058712885150e-01
2.231819510278234553e-01
2.879436372114628218e-01
3.486267203766246214e-01
4.084162870258778444e-01
4.622817381367275158e-01
5.105180731968816943e-01
5.531653551575094196e-01
5.905111219878075302e-01
6.229890392853607572e-01
6.510928032604031968e-01
6.753204201454080513e-01
6.961419612162466075e-01
7.139826997829598065e-01
7.292145570928207921e-01
7.421479631074132666e-01
7.530040784772615847e-01
7.617385626807761101e-01
7.651495846000353485e-01
7.731363716182674262e-01
7.828976138970665799e-01
7.873195932940906250e-01
7.906826671735570633e-01
7.932032299096594130e-01
7.949736689984641114e-01
7.960638131282272711e-01
7.965322929858039691e-01
7.964293804290895062e-01
7.957984061685050570e-01
7.946767873762141665e-01
7.930968702749772170e-01
7.910866456234669775e-01
7.886703636984947474e-01
7.858690670728247785e-01
