9.866003859931582465e-01
9.869226623479711025e-01
9.872481228775867867e-01
9.875755004425377237e-01
9.879037701315677156e-01
9.882321219182585992e-01
9.885599332435448527e-01
9.888867421729871099e-01
9.892122216313696814e-01
9.895361550908415849e-01
9.898584139810039373e-01
9.901789369971458754e-01
9.904977114065234289e-01
9.908147563892679699e-01
9.911301083988395266e-01
9.914438084879695356e-01
9.917558915134655484e-01
9.920663771108781948e-01
9.923752623145738472e-01
9.926825156869629740e-01
9.929880728166673443e-01
9.932918330432142229e-01
9.935936572675875267e-01
9.938933667124749682e-01
9.941907425023682743e-01
9.944855259408440507e-01
9.947774193715790414e-01
9.950660875182463228e-01
9.953511592088107873e-01
9.956322293986317185e-01
9.959088614167693754e-01
9.961805893687035729e-01
9.964469206383961275e-01
9.967073384394649072e-01
9.969613043745757519e-01
9.972082609680540388e-01
9.974476341444936667e-01
9.976788356307855210e-01
9.979012652655900872e-01
9.981143132040347643e-01
9.983173620104154322e-01
9.985097886346464557e-01
9.986909662719651859e-01
9.988602661078123113e-01
9.990170589518088118e-01
9.991607167675888856e-01
9.992906141055829528e-01
9.994061294480304225e-01
9.995066464758960434e-01
9.995915552686140959e-01
9.996602534472692758e-01
9.997121472732799496e-01
9.997466527135235870e-01
9.997631964840374419e-01
9.997612170834556666e-01
9.997401658278787240e-01
9.996995078980246419e-01
9.996387234095560625e-01
9.995573085171687300e-01
9.994547765623559288e-01
9.993306592746260542e-01
9.991845080356406283e-01
9.990158952148356919e-01
9.988244155854494322e-01
9.986096878286766509e-01
9.983713561342132392e-01
9.981090919041709641e-01
9.978225955678842185e-01
9.975115985142577468e-01
9.971758651484953218e-01
9.968151950795419713e-01
9.964294254444985288e-01
9.960184333764727782e-01
9.955821386218185465e-01
9.951205063128946149e-01
9.946335499027577631e-01
9.941213342677063247e-01
9.935839789848580628e-01
9.930216617907904331e-01
9.924346222286360986e-01
9.918231654912426087e-01
9.911876664682347515e-01
9.905285740053564325e-01
9.898464153856080250e-01
9.891418010423080887e-01
9.884154295148175340e-01
9.876680926592572574e-01
9.869006811276189728e-01
9.861141901297556522e-01
9.853097254951674877e-01
9.844885100520905929e-01
9.836518903449000817e-01
9.828013437116791540e-01
9.819384857472122086e-01
9.810650781793740505e-01
9.801830371892175098e-01
9.792944422087455081e-01
9.784015452339108743e-01
9.775067806928213754e-01
9.766127759128339081e-01
9.757223622328814461e-01
9.748385868079493255e-01
9.739647251533327665e-01
9.731042944704187958e-01
9.722610677872000062e-01
9.714390889240228644e-01
9.706426882578393922e-01
9.698764991854204043e-01
9.691454750575135835e-01
9.684549061171175977e-01
9.678104355209951049e-01
9.672180726251136118e-01
9.666841998343784770e-01
9.662155650936649076e-01
9.658192417553574938e-01
9.655025092504040396e-01
9.652725184928296898e-01
9.651352610970872492e-01
9.650915751386645036e-01
9.651122597228896094e-01
9.643105509966171107e-01
9.661437042077463122e-01
9.665536407478455549e-01
9.672130135771881410e-01
9.680715231309673374e-01
9.691304690255959642e-01
9.703992473310215638e-01
9.718889194663313802e-01
9.736099698230004096e-01
9.755705693881574492e-01
9.777744092538207532e-01
9.802175149525776954e-01
9.828833206873958117e-01
9.857348899581593882e-01
9.887024425450030574e-01
9.916630555335704811e-01
9.944070895653950304e-01
9.965816764969297470e-01
9.975938353375705114e-01
9.964413965937350959e-01
9.914136781758965400e-01
9.795590184033041714e-01
9.557552349990574569e-01
9.112124394586350595e-01
8.316694689365183857e-01
6.978089574646367810e-01
4.968621204691515136e-01
2.564680065710211454e-01
6.581540990605640185e-02
1.694300258115494402e-03
4.755642671961377715e-02
1.414868952342459296e-01
2.406697893100706864e-01
3.283942455056192422e-01
4.013772874729942819e-01
4.610382173009072715e-01
5.098470874172601475e-01
5.501250921456575238e-01
5.837591654784635153e-01
6.122081043759118879e-01
6.365811740596921675e-01
6.577200135920618917e-01
6.762660031994259802e-01
6.927114923553898684e-01
7.074376102109034559e-01
7.207419078956778247e-01
7.328585707114265713e-01
7.439732733676993615e-01
7.542341822200390178e-01
7.637601768772542821e-01
7.726470518663054454e-01
7.809722385307293901e-01
7.887984324180337126e-01
7.961764025665544198e-01
8.031471823114730846e-01
8.097437866902241765e-01
8.159925624584516424e-01
8.219142484426688045e-01
8.275248032026524259e-01
8.328360414713118498e-01
8.378561089473463008e-01
8.425898155275198809e-01
8.470388390389801403e-01
8.512018041638280685e-01
8.550742337698000739e-01
8.586483614177766732e-01
8.619127833269210059e-01
8.648519140104797831e-01
8.674451898250372661e-01
8.696659350717113046e-01
8.714797598285822788e-01
8.728422866248181089e-01
8.736958851520056912e-01
8.739648947776549326e-01
8.735484648746629777e-01
8.723095043067139454e-01
8.700570106640335144e-01
8.665165922042835644e-01
8.612787455571725426e-01
8.537024528359844489e-01
