9.986497416948478811e-01
9.985341739342635803e-01
9.983887663687269765e-01
9.982029852703538930e-01
9.979667164030220361e-01
9.976704441278499980e-01
9.973053929834940767e-01
9.968636360964333587e-01
9.963381746978392517e-01
9.957229928639393934e-01
9.950130913720804937e-01
9.942045042876195282e-01
9.932943015956298138e-01
9.922805808653957227e-01
9.911624506046778915e-01
9.899400076325479692e-01
9.886143104751732302e-01
9.871873504813266642e-01
9.856620220641898467e-01
9.840420932036402224e-01
9.823321770981863210e-01
9.805377056305131234e-01
9.786649051128634147e-01
9.767207746038027993e-01
9.747130669386135926e-01
9.726502724879549922e-01
9.705416055546186582e-01
9.683969932325753316e-01
9.662270664854973878e-01
9.640431531489869199e-01
9.618572725213618835e-01
9.596821311765790785e-01
9.575311196082422205e-01
9.554183092872700067e-01
9.533584496875987524e-01
9.513669647928426620e-01
9.494599485376934433e-01
9.476541585481438323e-01
9.459670074149363339e-01
9.444165505446291409e-01
9.430214693639538126e-01
9.418010482733952804e-01
9.407751432182108742e-01
9.399641390128670171e-01
9.393888915442057952e-01
9.390706495858157643e-01
9.390309490313980545e-01
9.392914696938533536e-01
9.398738411191229769e-01
9.407993787056623258e-01
9.420887241803120871e-01
9.437613542617733220e-01
9.458349068129277004e-01
9.483242529854221115e-01
9.512402138605448032e-01
9.545877764942899413e-01
9.583636004273923259e-01
9.625525115154029976e-01
9.671225399433525105e-01
9.720178499540481631e-01
9.771485942762598853e-01
9.823762524820901509e-01
9.874923001527750044e-01
9.921869938919505305e-01
9.960035076225647321e-01
9.982704950766579932e-01
9.980034324099084087e-01
9.937625136852490382e-01
9.834550590259723002e-01
9.640810166705749973e-01
9.314604488197996135e-01
8.800926525443822923e-01
8.035392010031714438e-01
6.961010630350933370e-01
5.567054584564429254e-01
3.946110156305868699e-01
2.326538541563440421e-01
1.010542697595183670e-01
2.227164740712304566e-02
1.323913901059346569e-04
2.283899271666132991e-02
7.342985244140015633e-02
1.374835297836209391e-01
2.054667873317813087e-01
2.720531769061328431e-01
3.347021324836118583e-01
3.924751167576954747e-01
4.452656760175124351e-01
4.933550037546836076e-01
5.371737493430680521e-01
5.771821759165993715e-01
6.138145130139106564e-01
6.474567394319005187e-01
6.784410660899272694e-01
7.070482734710316075e-01
7.335133388065160354e-01
7.580320651258561915e-01
7.807676168294019892e-01
8.018564807574513065e-01
8.214136808942886780e-01
8.395372246255862203e-01
8.563118261897976202e-01
8.718119794107377363e-01
8.861044582792751978e-01
8.992503214375575649e-01
9.113064905864991516e-01
9.223269658974471152e-01
9.323637347746396298e-01
9.414674241750116135e-01
9.496877411833803961e-01
9.570737415729075881e-01
9.636739615333956843e-01
9.695364435184194996e-01
9.747086831760499726e-01
9.792375205572695362e-01
9.831689952309459191e-01
9.865481815919217023e-01
9.894190175526396125e-01
9.918241369843957544e-01
9.938047137436678558e-01
9.954003228990556673e-01
9.966488228667531590e-01
9.975862605656500293e-01
9.982468004020879082e-01
9.986626768681028388e-01
9.988641697610162185e-01
9.988796004745102985e-01
9.987353474431305278e-01
9.984558786112667228e-01
9.980637987149140189e-01
9.975799091818626785e-01
9.970232785504766770e-01
9.964113214555853082e-01
9.957598844139042837e-01
9.950833368473444018e-01
9.943946659923151854e-01
9.937055745469917101e-01
9.930265800930392350e-01
9.923671154735994593e-01
9.917356293973990100e-01
9.911396865287871449e-01
9.905860661573273607e-01
9.900808581138881292e-01
9.896295537262008724e-01
9.892371279561726904e-01
9.889081058244009181e-01
9.886466006669032414e-01
9.884563015102401096e-01
9.883403676119348891e-01
9.883011513139147164e-01
9.883395975535895772e-01
9.884540197377165160e-01
9.886376355915160730e-01
9.888735410412914373e-01
9.891241315788827926e-01
9.893077497201210324e-01
9.892436573755564178e-01
9.885105899521511308e-01
9.860382832832836897e-01
9.787236826989786920e-01
9.555495409223442316e-01
8.630098641135962589e-01
3.717526637846388371e-01
2.709346828088679549e-01
7.144869309003052393e-01
8.433917258365575265e-01
8.929449972987749673e-01
9.174877324115653376e-01
9.317533519269497466e-01
9.409871274188587043e-01
9.474458821040533385e-01
9.522393625030582953e-01
9.559696743637333682e-01
9.589890502656307492e-01
9.615161689036185733e-01
9.636934731234207963e-01
9.656174731376073739e-01
9.673557125844185478e-01
9.689567277204030882e-01
9.704561284714922076e-01
9.718804360758358518e-01
9.732495733943242744e-01
9.745785203429861987e-01
9.758784391677397529e-01
9.771574578490878071e-01
9.784212329833970045e-01
9.796733746036043744e-01
9.809157933305350241e-01
9.821490191579288487e-01
9.833725383865007386e-01
9.845852002251190838e-01
9.857857587689957679e-01
9.869736428618778312e-01
9.881500908270811623e-01
9.893198513124618065e-01
9.904937074770734373e-01
9.916919288929850751e-01
9.929472461522084181e-01
9.942961789047235488e-01
9.956795248539014320e-01
