5.437529844193653705e-01
5.782714178213129719e-01
6.106009433518017060e-01
6.410927540247213230e-01
6.700143637940376706e-01
6.975619023609904712e-01
7.238719298690570181e-01
7.490322252145696913e-01
7.730914220437524742e-01
7.960675372693579721e-01
8.179554916166303924e-01
8.387337252168972634e-01
8.583699950590886196e-01
8.768264201945299430e-01
8.940638218705126983e-01
9.100453920890918535e-01
9.247397162255102110e-01
9.381231729974081057e-01
9.501817373679583012e-01
9.609122177046137692e-01
9.703229663973358399e-01
9.784341118633492762e-01
9.852773682537975253e-01
9.908954862577611378e-01
9.953414134663896018e-01
9.986772354086969061e-01
1.000972968503542893e+00
1.002305273969793520e+00
1.002756157627813671e+00
1.002411715121288127e+00
1.001360976162072092e+00
9.996948958213972558e-01
9.975055366600632523e-01
9.948854837506831972e-01
9.919275368251421199e-01
9.887247317778190547e-01
9.853707603345837063e-01
9.819608860912952819e-01
9.785935040655390216e-01
9.753725701971410755e-01
9.724112539992963988e-01
9.698373672303696180e-01
9.678014242804728884e-01
9.664885974641502786e-01
9.661361422167982216e-01
9.670568616045612798e-01
9.696605925675155779e-01
9.744162795223757501e-01
9.814043735647965949e-01
9.870049016359934146e-01
9.538055578621126296e-01
4.673859941458843870e-01
1.750874631678469573e-01
5.546484637546463814e-01
6.857221953610449505e-01
7.425023634243513859e-01
7.726523655403541024e-01
7.908814391593889104e-01
8.029489622388599201e-01
8.115226085711259030e-01
8.179946278607451715e-01
8.231586621961185513e-01
8.274988323105513244e-01
8.313267669786662539e-01
8.348521061839366819e-01
8.382212682451717356e-01
8.415399815923573223e-01
8.448870217660877646e-01
8.483229551101525434e-01
8.518959382621683618e-01
8.556457318455892302e-01
8.596066130433267505e-01
8.638096101417668260e-01
8.682843331191566483e-01
8.730605868220978616e-01
8.781698988446641208e-01
8.836470541571164183e-01
8.895316850619527926e-01
8.958698918063006111e-01
9.027157141667070395e-01
9.101319221906071233e-01
9.181887748266424065e-01
9.269574499455160987e-01
9.364901083165151352e-01
9.467665929363571209e-01
9.575562979687644027e-01
9.680570677877528007e-01
9.759241757301728715e-01
9.745806947977772028e-01
9.458452182923643425e-01
8.434917467348514997e-01
5.921789844835976258e-01
2.389042366127937800e-01
3.588346470308347025e-02
1.537290098225477415e-04
4.816131439753452482e-04
8.858564972312698432e-03
1.275968033060046469e-01
4.454727396261068395e-01
7.484688402652419636e-01
8.998858295483517233e-01
9.594820817456961581e-01
9.821015820196655755e-01
9.909172651762370165e-01
9.945560167470028912e-01
9.962332837873345559e-01
9.971630449121881012e-01
9.977928526500141615e-01
9.982673146114179330e-01
9.986100472887049495e-01
9.987978647575682656e-01
9.987917488607930272e-01
9.985498101367772383e-01
9.980325400920359025e-01
9.972047227690573612e-01
9.960359091886598071e-01
9.945002972859070534e-01
9.925763903048645531e-01
9.902465947619849551e-01
9.874968227732765502e-01
9.843161200820227386e-01
9.806963221354380034e-01
9.766317329125694391e-01
9.721188187273681613e-01
9.671559089910726215e-01
9.617428965224643633e-01
9.558809307797972998e-01
9.495720980416907375e-01
9.428190829360115766e-01
9.356248057246325800e-01
9.279920293426028310e-01
9.199229293039866695e-01
9.114186181459875691e-01
9.024786139760898607e-01
8.931002397592183728e-01
8.832779360013982561e-01
8.730024641348035352e-01
8.622599707275580005e-01
8.510308729759537005e-01
8.392885128591390798e-01
8.269975095055487335e-01
8.141117148049149543e-01
8.005716432895352286e-01
7.863011996942329551e-01
7.712034603597890392e-01
7.551551689140574286e-01
7.379994694952357603e-01
7.195362034947609953e-01
6.995088123432480209e-01
6.775864856656457214e-01
6.533396363425812980e-01
6.262060633095796192e-01
5.954443918024627802e-01
5.600710864483411378e-01
5.187793470361727888e-01
4.698483306311651564e-01
4.110871798641107522e-01
3.399733347682416529e-01
2.544884625923166666e-01
1.560820692164198720e-01
5.801055628490634636e-02
1.666344469924360867e-03
6.116798686804049423e-02
2.725928869161711732e-01
5.445046709201450952e-01
7.583692243845329140e-01
8.852369820834082859e-01
9.492306471313086691e-01
9.771659941531525284e-01
9.861373255729963816e-01
9.855395552981254248e-01
9.803318507451224129e-01
9.731229685118903960e-01
9.652960591757538955e-01
9.575910419594981793e-01
9.504064710861944709e-01
9.439587301592736734e-01
9.383680914968614006e-01
9.337067382611964339e-01
9.300267955741040593e-01
9.273779226494190953e-01
9.258197103404059991e-01
9.254318256123365005e-01
9.263232606133440239e-01
9.286397787257406611e-01
9.325622464252272259e-01
9.382654698602549415e-01
9.457135654337746056e-01
9.537307814231393843e-01
9.552960904506558881e-01
9.077203629597588863e-01
5.352740211549867899e-01
6.382284197848014928e-02
4.211006429690775099e-01
6.094318864974826999e-01
6.984013537231488211e-01
7.490671420701227046e-01
7.826655776436434175e-01
8.077269259168089466e-01
8.282676734072177416e-01
