9.794264001198278446e-01
9.815337534294807931e-01
9.833933057292197910e-01
9.850107971795540873e-01
9.863970469831121468e-01
9.875667264892937780e-01
9.885372776446109677e-01
9.893279732080569877e-01
9.899591125654714219e-01
9.904513450930994001e-01
9.908251117236613892e-01
9.911001945617157194e-01
9.912953639892728708e-01
9.914281126206287986e-01
9.915144656387309130e-01
9.915688574169886360e-01
9.916040648478036124e-01
9.916311884223895090e-01
9.916596727993747251e-01
9.916973593290061562e-01
9.917505637503972737e-01
9.918241730193858574e-01
9.919217559514371674e-01
9.920456830575825613e-01
9.921972516070720616e-01
9.923768125608818380e-01
9.925838965832232130e-01
9.928173368496922002e-01
9.930753868332183876e-01
9.933558316590781478e-01
9.936560919843729911e-01
9.939733196732662979e-01
9.943044848138180569e-01
9.946464538535052524e-01
9.949960588279426199e-01
9.953501578181483955e-01
9.957056869040781244e-01
9.960597039854425239e-01
9.964094249219147548e-01
9.967522525031206060e-01
9.970857988001647909e-01
9.974079014748334915e-01
9.977166346348659287e-01
9.980103148239678479e-01
9.982875027261148837e-01
9.985470011485954034e-01
9.987878498252440451e-01
9.990093175552133831e-01
9.992108921628457541e-01
9.993922687321802334e-01
9.995533365355914190e-01
9.996941650431521165e-01
9.998149893636515406e-01
9.999161954361238669e-01
9.999983052571744802e-01
1.000061962398631987e+00
1.000107918039855770e+00
1.000137017711081766e+00
1.000150188918086824e+00
1.000148429793318305e+00
1.000132798896374853e+00
1.000104406265354573e+00
1.000064405800375589e+00
1.000013989042230156e+00
9.999543803900255989e-01
9.998868337836472886e-01
9.998126308557987452e-01
9.997330805361878125e-01
9.996495200617235843e-01
9.995633173110237690e-01
9.994758743325672379e-01
9.993886318690794468e-01
9.993030745859696751e-01
9.992207365753477122e-01
9.991432065102702209e-01
9.990721315366953847e-01
9.990092185673350444e-01
9.989562310173099036e-01
9.989149780870600903e-01
9.988872922968018431e-01
9.988749888484614869e-01
9.988797971278542409e-01
9.989032496000734840e-01
9.989465054006831934e-01
9.990100732531065342e-01
9.990933778168133994e-01
9.991940797290345122e-01
9.993070026879893319e-01
9.994224230767452255e-01
9.995233052313874378e-01
9.995807532881352264e-01
9.995463677105161926e-01
9.993390683772161998e-01
9.988216841558241743e-01
9.977578636183392913e-01
9.957294059852085377e-01
9.919697718603429637e-01
9.850093391114153052e-01
9.718693955005254237e-01
9.461005590450624059e-01
8.927278019804602005e-01
7.755539597362454129e-01
5.199093190514589846e-01
1.265407008956123958e-01
2.571731505528692535e-02
2.672999319341917701e-01
4.853276547813906716e-01
6.198476995555481928e-01
7.014647678050819346e-01
7.533851913169913317e-01
7.881565833234281948e-01
8.124869265712513222e-01
8.301220025475861686e-01
8.432638238770856498e-01
8.532707674876505166e-01
8.610172400627387201e-01
8.670873310344355822e-01
8.718839220664650336e-01
8.756927613581427794e-01
8.787215104918630892e-01
8.811243353470524786e-01
8.830178518083869887e-01
8.844917373914580327e-01
8.856159581624900579e-01
8.864457929837571415e-01
8.870253912054459899e-01
8.873903334373054452e-01
8.875695016489845157e-01
8.875864622981078922e-01
8.874605004051048240e-01
8.872073994248745876e-01
8.868400329926992010e-01
8.863688149836436159e-01
8.858020405664706054e-01
8.851461409290624083e-01
8.844058666103170596e-01
8.835844077173018452e-01
8.826834525709770229e-01
8.817031779835157179e-01
8.806421518959022254e-01
8.794971075506804459e-01
8.782625070666308931e-01
8.769297261342527960e-01
8.754854964189661137e-01
8.739087572008868987e-01
8.721637166079446724e-01
8.701825588119135313e-01
8.678139352117948402e-01
8.646197258942434072e-01
8.585021017127153486e-01
7.649681900831533099e-01
8.722373351147029163e-01
8.654450206680612823e-01
8.615509526647443517e-01
8.582534070974774387e-01
8.550781232810097388e-01
8.518527288518419338e-01
8.484864275198058525e-01
8.449123658926697145e-01
8.410637512440122254e-01
8.368553590311826884e-01
8.321563343106780364e-01
8.267317453778737502e-01
8.200840249028459317e-01
8.108995504024583134e-01
7.941483388298228308e-01
7.202941317516530217e-01
8.552263330614318093e-01
8.328040191170192896e-01
8.193083283168129949e-01
8.099429090896039796e-01
8.020153567953974827e-01
7.946640875966876072e-01
7.875417859123392539e-01
7.804937191794769635e-01
7.734596040937448125e-01
7.664450413669837703e-01
7.595269916651243847e-01
7.528940248675367597e-01
7.469539391268383843e-01
7.426224734183932696e-01
7.422285804992564406e-01
7.532340131794669214e-01
8.063688911210520338e-01
3.541367617723129579e-01
5.506345268619403654e-01
5.710045141815858205e-01
5.661896700089900092e-01
5.517257649922262530e-01
5.312719477030150017e-01
5.058940575403209072e-01
4.758259179766709535e-01
4.410014165331772040e-01
4.013067529574688708e-01
3.561667134468325946e-01
3.066287169050632699e-01
2.537538896710955227e-01
1.983975704685314312e-01
1.433294571295032072e-01
9.224587257761321379e-02
