9.940809627636639778e-01
9.940966492266597454e-01
9.941160845219155773e-01
9.941392482067487046e-01
9.941660764934102668e-01
9.941964711370778751e-01
9.942303073937913682e-01
9.942674410495024873e-01
9.943077145425492924e-01
9.943509622183758223e-01
9.943970147671391535e-01
9.944457029029258877e-01
9.944968603485400127e-01
9.945503261924787397e-01
9.946059466848329311e-01
9.946635765386038219e-01
9.947230797999797591e-01
9.947843303479773081e-01
9.948472120809371821e-01
9.949116188415069173e-01
9.949774541287742524e-01
9.950446306406490748e-01
9.951130696852458213e-01
9.951827004955083877e-01
9.952534594772108889e-01
9.953252894158719499e-01
9.953981386648956819e-01
9.954719603330972610e-01
9.955467114872513790e-01
9.956223523818162890e-01
9.956988457256026326e-01
9.957761559926703310e-01
9.958542487834667334e-01
9.959330902389974538e-01
9.960126465109390148e-01
9.960928832879243355e-01
9.961737653784592528e-01
9.962552563487411250e-01
9.963373182140482509e-01
9.964199111810598808e-01
9.965029934385485344e-01
9.965865209931289437e-01
9.966704475469605473e-01
9.967547244139589591e-01
9.968393004707786220e-01
9.969241221395735986e-01
9.970091333987989302e-01
9.970942758188221511e-01
9.971794886191911456e-01
9.972647087447650271e-01
9.973498709573467291e-01
9.974349079409616792e-01
9.975197504175318253e-01
9.976043272712693533e-01
9.976885656794193258e-01
9.977723912477378665e-01
9.978557281488457109e-01
9.979384992620464745e-01
9.980206263133954980e-01
9.981020300146999924e-01
9.981826302006074902e-01
9.982623459629741403e-01
9.983410957816095666e-01
9.984187976511154083e-01
9.984953692029803207e-01
9.985707278230215866e-01
9.986447907634888876e-01
9.987174752498847452e-01
9.987886985822890251e-01
9.988583782312484560e-01
9.989264319281282445e-01
9.989927777499155725e-01
9.990573341989007483e-01
9.991200202770664784e-01
9.991807555554400588e-01
9.992394602387465463e-01
9.992960552252080353e-01
9.993504621624287321e-01
9.994026034988687801e-01
9.994524025315196791e-01
9.994997834502512557e-01
9.995446713788918025e-01
9.995869924132902984e-01
9.996266736568444333e-01
9.996636432539792727e-01
9.996978304216204148e-01
9.997291654792819227e-01
9.997575798782928347e-01
9.997830062303765253e-01
9.998053783366901426e-01
9.998246312173830752e-01
9.998407011433594338e-01
9.998535256706629903e-01
9.998630436793132237e-01
9.998691954187131081e-01
9.998719225619124851e-01
9.998711682725671679e-01
9.998668772903480662e-01
9.998589960420365408e-01
9.998474727901791592e-01
9.998322578374094771e-01
9.998133038140224471e-01
9.997905660951330598e-01
9.997640034230179662e-01
9.997335788682897295e-01
9.996992613700621533e-01
9.996610283158455790e-01
9.996188700905352942e-01
9.995727986161057066e-01
9.995228646793162808e-01
9.994691967854083536e-01
9.994121007861241912e-01
9.993523691803019027e-01
9.992925736597396691e-01
9.992453333268646043e-01
9.989728105246489243e-01
9.990067331238311477e-01
9.989361919479051721e-01
9.988521410336504980e-01
9.987609452264745169e-01
9.986641183432650726e-01
9.985621934110454623e-01
9.984553997641276712e-01
9.983438483719662138e-01
9.982275970477718641e-01
9.981066775303154559e-01
9.979811081641634107e-01
9.978509004130106108e-01
9.977160624685732504e-01
9.975766013855045244e-01
9.974325244218812392e-01
9.972838399302602630e-01
9.971305579843626754e-01
9.969726908444107583e-01
9.968102533223193173e-01
9.966432630829269446e-01
9.964717409034717921e-01
9.962957109063457217e-01
9.961152007734443981e-01
9.959302419486802949e-01
9.957408698320905360e-01
9.955471239678104212e-01
9.953490482275200169e-01
9.951466909897161983e-01
9.949401053148274610e-01
9.947293491161149914e-01
9.945144853252213535e-01
9.942955820517683785e-01
9.940727127356102644e-01
9.938459562902683953e-01
9.936153972361863040e-01
9.933811258218310236e-01
9.931432381309561741e-01
9.929018361741434040e-01
9.926570279622939363e-01
9.924089275604579541e-01
9.921576551198006966e-01
9.919033368856459143e-01
9.916461051800585791e-01
9.913860983569811047e-01
9.911234607287449094e-01
9.908583424628603087e-01
9.905908994484218244e-01
9.903212931319701484e-01
9.900496903234665691e-01
9.897762629736601703e-01
9.895011879251101039e-01
9.892246466404284178e-01
9.889468249118117393e-01
9.886679125587494177e-01
9.883881031208449075e-01
9.881075935558837342e-01
9.878265839544705385e-01
9.875452772851532890e-01
9.872638791867563990e-01
9.869825978266519861e-01
9.867016438473154016e-01
9.864212304262012232e-01
9.861415734773502084e-01
9.858628920265156692e-01
9.855854087950336462e-01
9.853093510307910918e-01
9.850349516282441709e-01
9.847624505822101248e-01
9.844920968227443003e-01
9.842241504801552132e-01
9.839588856305667708e-01
9.836965935714497844e-01
9.834375866752036455e-01
9.831822028631760357e-01
9.829308107352844326e-01
9.826838153764010375e-01
9.824416648404457053e-01
9.822048572819365164e-01
9.819739486556460228e-01
9.817495608299438015e-01
9.815323898370880151e-01
9.813232137821006340e-01
9.811228995818238596e-01
9.809324070755639502e-01
