9.957664821520039178e-01
9.954471980285837240e-01
9.951835022921710072e-01
9.949852786271186078e-01
9.948784206939415009e-01
9.948592956963404621e-01
9.949448619959443407e-01
9.951427787967324079e-01
9.954572811303818991e-01
9.958873151262179757e-01
9.964242881627677351e-01
9.970490528904005778e-01
9.977278229344602734e-01
9.984066251656488200e-01
9.990037523216696025e-01
9.993994901367969641e-01
9.994221489947396897e-01
9.988291341109166721e-01
9.972814693118811080e-01
9.943099387048889293e-01
9.892710524789871673e-01
9.812918685384334205e-01
9.692052907064429013e-01
9.514835928583831315e-01
9.261903766675326777e-01
8.909932229061034992e-01
8.433116284615173042e-01
7.807069145639067287e-01
7.016154674740542330e-01
6.064110605314433355e-01
4.984920723632351169e-01
3.847203275999199756e-01
2.744851758342571890e-01
1.773496341918826269e-01
1.003451554575920529e-01
4.639533487691728519e-02
1.450679959387112146e-02
1.162300064091732581e-03
1.908349560867900674e-03
1.248760429842601591e-02
2.938990947275084767e-02
4.998091323836090227e-02
7.241160136011176585e-02
9.545249593825000378e-02
1.183275950097796431e-01
1.405690186286193966e-01
1.619505559688399210e-01
1.823428202874516901e-01
2.017309927357479049e-01
2.201478929193131928e-01
2.376575736828928087e-01
2.543407597564298905e-01
2.702855190551550213e-01
2.855814238153505658e-01
3.003160003371376230e-01
3.145726627611661885e-01
3.284295968905879826e-01
3.419592416953451397e-01
3.552281371615192973e-01
3.682969874819032596e-01
3.812208417964362828e-01
3.940493299006853634e-01
4.068269136267162467e-01
4.195931300028116762e-01
4.323828124932365680e-01
4.452262833829593314e-01
4.581495148789133109e-01
4.711742595284593715e-01
4.843181526182112617e-01
4.975947906481905103e-01
5.110137909913341492e-01
5.245808385804162643e-01
5.382977259905290524e-01
5.521623936429176371e-01
5.661689770580136116e-01
5.803078681246698345e-01
5.945657972118387757e-01
6.089259426062912928e-01
6.233680731905523187e-01
6.378687294632661153e-01
6.524014469379775250e-01
6.669370246394492607e-01
6.814438398687087117e-01
6.958882086657253163e-01
7.102347895177487658e-01
7.244470259152665514e-01
7.384876214360123203e-01
7.523190392383121150e-01
7.659040162711883148e-01
7.792060812603019970e-01
7.921900646907051868e-01
8.048225886496290782e-01
8.170725245518241087e-01
8.289114074581418468e-01
8.403137968875117325e-01
8.512575756538347527e-01
8.617241802439395970e-01
8.716987584729166683e-01
8.811702524662041736e-01
8.901314072501584906e-01
8.985787071200883602e-01
9.065122429312143515e-01
9.139355117145431251e-01
9.208551375060979316e-01
9.272804287330285167e-01
9.332220058169280463e-01
9.386507263515971866e-01
9.437439747039759741e-01
9.483368323119738541e-01
9.525230373289061969e-01
9.563408244128480673e-01
9.595456719752050168e-01
9.627119180152680089e-01
9.654474611146780516e-01
9.678594304156388217e-01
9.699725586719445403e-01
9.718058010229629895e-01
9.733757897667371095e-01
9.746972556255379949e-01
9.757829980058494446e-01
9.766438208952087363e-01
9.772891396035361389e-01
9.776854288688029415e-01
9.779367370243527979e-01
9.779526700456844246e-01
9.777550146903115635e-01
9.773369104083052816e-01
9.766866552674215995e-01
9.757876363511920337e-01
9.746177609312700607e-01
9.731486962845677935e-01
9.713449239556711801e-01
9.691625728427453179e-01
9.665479779132377658e-01
9.634358951863519760e-01
9.597472844962197103e-01
9.553865477233036696e-01
9.502380803895040806e-01
9.441619577492391668e-01
9.369885323649916886e-01
9.285116696872898201e-01
9.184802957517095301e-01
9.065878881134118439e-01
8.924595329336942884e-01
8.756362504180181805e-01
8.555565622538847670e-01
8.315359391878658357e-01
8.027461972451105376e-01
7.681997710721008010e-01
7.267491917768629239e-01
6.771216884464669183e-01
6.180245075841851454e-01
5.483787084737219431e-01
4.677614125092965924e-01
3.771334578765481726e-01
2.798403246742144357e-01
1.826092716531253490e-01
9.581536295285961180e-02
3.198951191244672060e-02
2.164304012742022422e-03
1.149738667798632687e-02
5.705999969077948236e-02
1.295159257106882345e-01
2.170868566994486049e-01
3.093744995130617848e-01
3.990617014149980823e-01
4.819747484928387227e-01
5.563179613421107561e-01
6.217909355193088627e-01
6.788991972448712442e-01
7.285049707673230124e-01
7.715682079554688766e-01
8.090124157217321033e-01
8.416635269878778303e-01
8.702274568995720383e-01
8.952851814233746541e-01
9.172917343245563515e-01
9.365733303904114626e-01
9.532994369189551342e-01
9.674100984414708559e-01
9.786324902768239742e-01
9.859331448339224702e-01
9.872105018874611781e-01
9.777168926808760263e-01
9.464308746967406982e-01
8.664965601233683978e-01
6.750566854992152699e-01
2.983558268388111778e-01
5.072842909797170043e-03
1.722542308862984317e-01
4.369501133295349837e-01
6.147810778250132335e-01
7.238411192584983667e-01
7.933296264322736713e-01
8.401192784107986977e-01
8.732207816906237818e-01
8.975969710749397423e-01
9.161232020651043362e-01
9.305517685942177319e-01
9.420005632284315089e-01
