9.907734177764498940e-01
9.914113554455918909e-01
9.920207775305982523e-01
9.926027748173652521e-01
9.931584900490181278e-01
9.936890553111666913e-01
9.941955419962532625e-01
9.946789221988585616e-01
9.951400403721322174e-01
9.955795940864408111e-01
9.959981227674853388e-01
9.963960033433217900e-01
9.967734517973040331e-01
9.971305296985134570e-01
9.974671548615244854e-01
9.977831153722315216e-01
9.980780862982928658e-01
9.983516484852019701e-01
9.986033089188306455e-01
9.988325222078550114e-01
9.990387128117840243e-01
9.992212977026734277e-01
9.993797092083768208e-01
9.995134178369408096e-01
9.996219549291007755e-01
9.997049350253470745e-01
9.997620778690760046e-01
9.997932299951391988e-01
9.997983858761811948e-01
9.997777086148660342e-01
9.997315501806591787e-01
9.996604711930191511e-01
9.995652602505564754e-01
9.994469527927152264e-01
9.993068494617849407e-01
9.991465339004662605e-01
9.989678898768913351e-01
9.987731175664225081e-01
9.985647487383438881e-01
9.983456604850131644e-01
9.981190869859920545e-01
9.978886286066133149e-01
9.976582573759864569e-01
9.974323175506749628e-01
9.972155195201413136e-01
9.970129247099649428e-01
9.968299183329926150e-01
9.966721657561203873e-01
9.965455467863113537e-01
9.964560601922984873e-01
9.964096880651326371e-01
9.964122059011438770e-01
9.964689191572251303e-01
9.965842999108818212e-01
9.967614873242688356e-01
9.970016016711481521e-01
9.973028019988138260e-01
9.976589895293082044e-01
9.980580189350110043e-01
9.984792221850712357e-01
9.988899667086694745e-01
9.992408493603854858e-01
9.994589529405324413e-01
9.994383382872098487e-01
9.990265783085656714e-01
9.980056169708694247e-01
9.960645077142973314e-01
9.927606208252682807e-01
9.874647597552957956e-01
9.792845992785932374e-01
9.669609303693250668e-01
9.487349317229302192e-01
9.221980392002316895e-01
8.841710489534940764e-01
8.307354439631563503e-01
7.576731317300279267e-01
6.617166234666415070e-01
5.429326367530110664e-01
4.077505708673386797e-01
2.704304202004066404e-01
1.499155239845121612e-01
6.217640765564112770e-02
1.351366931754293885e-02
6.000987310687214832e-05
1.237695849229056635e-02
4.043953158181953778e-02
7.631336652996613401e-02
1.147043545489785932e-01
1.524926150373026312e-01
1.880486946880213783e-01
2.206622658166645934e-01
2.501414521859693929e-01
2.765903609917929606e-01
3.002270832519829402e-01
3.213323734364933459e-01
3.401944729660730804e-01
3.570886151617430615e-01
3.722672331730437212e-01
3.859566541927607619e-01
3.983571820494062332e-01
4.096448144740448272e-01
4.199736318098778454e-01
4.294783436895979745e-01
4.382767304869661928e-01
4.464718460007372491e-01
4.541538781683646664e-01
4.614013276161053057e-01
4.682779673030619261e-01
4.740179661578373116e-01
4.812218536960772286e-01
4.873679105646818166e-01
4.933549218789323176e-01
4.992250607347744062e-01
5.050123395052220632e-01
5.107467202239960313e-01
5.164546755806240785e-01
5.221595182088540898e-01
5.278816610369396756e-01
5.336388316083787720e-01
5.394462489898116386e-01
5.453167693304745711e-01
5.512610052069535360e-01
5.572874232887597978e-01
5.634024243883649641e-01
5.696104095699286995e-01
5.759138356650794766e-01
5.823132632654905994e-01
5.888074000170276934e-01
5.953931418151318100e-01
6.020656142849208914e-01
6.088182167164758463e-01
6.156426704214690293e-01
6.225290733228617812e-01
6.294659626492963289e-01
6.364403886059896154e-01
6.434380077472079407e-01
6.504432418996878296e-01
6.574060640526957489e-01
6.644042992558060190e-01
6.713260986296806232e-01
6.781807052637414124e-01
6.849477243875443655e-01
6.916057683851676297e-01
6.981328483775327554e-01
7.045065178470839573e-01
7.107039800248478034e-01
7.167021761271704650e-01
7.224778543464769331e-01
7.280076165198594573e-01
7.332679386744150873e-01
7.382351614469139234e-01
7.428854463255952778e-01
7.471946936466175027e-01
7.511384182383079589e-01
7.546915784981644837e-01
7.578283544705216590e-01
7.605218701233050771e-01
7.627438544599335346e-01
7.644642353047514938e-01
7.656506585240119289e-01
7.662679240520841040e-01
7.662773283461300489e-01
7.656359007676071249e-01
7.642955188744119388e-01
7.622018847257701069e-01
7.592933411282611900e-01
7.554995034563506406e-01
7.507396795964927927e-01
7.449210482876862383e-01
7.379365657090873887e-01
7.296625733560702098e-01
7.199560899867910591e-01
7.086517915046093297e-01
6.955587228182943393e-01
6.804568573282311350e-01
6.630937420480395028e-01
6.431816690787007795e-01
6.203961409835346830e-01
5.943769096412493402e-01
5.647336410823760033e-01
5.310593595514284671e-01
4.929562213400879300e-01
4.500794270316469947e-01
4.022042154562456839e-01
3.493089387155702275e-01
2.915903465205124667e-01
2.286040945863685170e-01
1.704688374961407515e-01
1.208890394493139092e-01
6.717550767345197016e-02
2.684320441318875303e-02
4.361758177576535375e-03
3.691699504271045602e-03
2.651314871105734869e-02
7.143674112356226957e-02
1.342554400046054308e-01
2.090687887241361453e-01
2.897084757983447445e-01
3.708721883203790481e-01
4.486857366849743012e-01
