7.209436121355892180e-01
7.301302619650381631e-01
7.381758824792458151e-01
7.453626237658639297e-01
7.519533202721276899e-01
7.581869899901446663e-01
7.642755871238026133e-01
7.704018532135142872e-01
7.767181251033948852e-01
7.833459715012928148e-01
7.903765426519341331e-01
7.978715293139979625e-01
8.058646372352613607e-01
8.143634906041419264e-01
8.233518795360347253e-01
8.327922514941974441e-01
8.426282998523368928e-01
8.527833968964751987e-01
8.630761570072656985e-01
8.737790040674004999e-01
8.843729503043109563e-01
8.949215465735069763e-01
9.053166926796911707e-01
9.154573764729112550e-01
9.252483150729611250e-01
9.346017280819743922e-01
9.434391845650803576e-01
9.516931948239406580e-01
9.593084704114954731e-01
9.662428380489372914e-01
9.724678663336572271e-01
9.779696299111338975e-01
9.827554360088960328e-01
9.867498849297619001e-01
9.901478677487539626e-01
9.927965015182668163e-01
9.948916319012333087e-01
9.963853069527394135e-01
9.973342388160121308e-01
9.976799100256533714e-01
9.978742130597895166e-01
9.974421215439069899e-01
9.965363779740571415e-01
9.950784140991968396e-01
9.928782891406807698e-01
9.895683381403274081e-01
9.844649749729322830e-01
9.763029928996581619e-01
9.626979071920540587e-01
9.390031541943263393e-01
8.957894096551708429e-01
8.133759347257977224e-01
6.527997843357524754e-01
3.667376260056078863e-01
5.236036841588782853e-02
5.063582159618117834e-02
3.017773980510708998e-01
5.347562175609987811e-01
6.946214449974323912e-01
8.027009058225098581e-01
8.789340668910577969e-01
9.337927062401253364e-01
9.704861032025559053e-01
9.863558969658647868e-01
9.729516589052484843e-01
9.178596275077834932e-01
8.079310515292696948e-01
6.424780490160969526e-01
4.451970922633736727e-01
2.591162652699903202e-01
1.202807896752269429e-01
3.888128823755276908e-02
4.731256985995460282e-03
1.699033453816736977e-03
1.626508889465934707e-02
3.954298723801655951e-02
6.553428907126873648e-02
9.259873869181808881e-02
1.185189691891663233e-01
1.427495246879321444e-01
1.650642034626789711e-01
1.854466549139464349e-01
2.039784236205566259e-01
2.207820632851173748e-01
2.359851606068886221e-01
2.497018502182554722e-01
2.620215112998955931e-01
2.730006392675056182e-01
2.826549575326841035e-01
2.909493436320533255e-01
2.977828671942523431e-01
3.029650414941664760e-01
3.061767112257131052e-01
3.069034362031285434e-01
3.043174838654678638e-01
2.970586631264543476e-01
2.828046621891598944e-01
2.573830804711109699e-01
2.129135079932158725e-01
1.350033453881775702e-01
2.032281241104711214e-02
2.112178890935632880e-01
8.836469828222708323e-01
9.022196191286406819e-01
8.331226970746966609e-01
7.907100271060698571e-01
7.634753842543335889e-01
7.493302527193979046e-01
7.430102652257795093e-01
7.418989885969251574e-01
7.444415380318047948e-01
7.496596558444088565e-01
7.569188573533662812e-01
7.653984404998570579e-01
7.755306943807444009e-01
7.865112397510590769e-01
7.982373587128490655e-01
8.105463323325103886e-01
8.232892405279812476e-01
8.363287820378156878e-01
8.495348715584162269e-01
8.627810643588449402e-01
8.759418375334323548e-01
8.888904592645361369e-01
9.014971391970385550e-01
9.136271323095183083e-01
9.251392228575328058e-01
9.358525012702859636e-01
9.456234289191629561e-01
9.535583045386101242e-01
9.616424600653471488e-01
9.671181300830982153e-01
9.701573656365627407e-01
9.694293820101694825e-01
9.612578704391346873e-01
9.295947475032888541e-01
5.398662708018676648e-01
1.108717150432408483e+00
1.054488051912831903e+00
1.036043775205438333e+00
1.024704015323857798e+00
1.015269778001286038e+00
1.006108778564238859e+00
9.965676972325911986e-01
9.863536212443618778e-01
9.753318735551222973e-01
9.634446456986150986e-01
9.506722577006379016e-01
9.370114613574100915e-01
9.224609582362311988e-01
9.070097426686162256e-01
8.906258912131402861e-01
8.732440877219703745e-01
8.547501730172003542e-01
8.349605172522553964e-01
8.135929643579766779e-01
7.902242203666539622e-01
7.642253096030987569e-01
7.346611381280550024e-01
7.001305658094584272e-01
6.585049348533917879e-01
6.064006645947700447e-01
5.402427425862993404e-01
4.507202997059236438e-01
3.312725963631532045e-01
1.814001262202689091e-01
3.992442539598496654e-02
1.831897300037184720e-02
1.811469754841900925e-01
3.982579568160471983e-01
5.418403896707244538e-01
5.874019875299859583e-01
5.328197811783935700e-01
3.635187702071052684e-01
1.220303347108309261e-01
6.803418666154774017e-03
9.727695725114697545e-02
2.466636896425815073e-01
3.688145641788162510e-01
4.552804576869952657e-01
5.158465461526294815e-01
5.599229672314735007e-01
5.945291783589415902e-01
6.256842132438492632e-01
6.614452396987120508e-01
7.226871345755481180e-01
9.153984896080709088e-01
2.072218486560983564e-01
4.434520541648562242e-01
4.990704687332800926e-01
5.213449289040766876e-01
5.318462993361811053e-01
5.368736704695393769e-01
5.390804811367374549e-01
5.399500639135984548e-01
5.403558661698907306e-01
5.410289071213912893e-01
5.425878493722091633e-01
5.456074449907311052e-01
5.506473091421950627e-01
