9.939508094072564415e-01
9.940002141904700217e-01
9.940526134335342379e-01
9.941077001050402373e-01
9.941651981750556644e-01
9.942248624956115943e-01
9.942864779327307279e-01
9.943498579232409318e-01
9.944148426063728063e-01
9.944812966591018988e-01
9.945491069442774501e-01
9.946181800623113967e-01
9.946884398811474126e-01
9.947598251046446682e-01
9.948322869260600720e-01
9.949057868030775076e-01
9.949802943801046018e-01
9.950557855755756131e-01
9.951322408456794166e-01
9.952096436286392844e-01
9.952879789705211255e-01
9.953672323286044676e-01
9.954473885458428040e-01
9.955284309875356286e-01
9.956103408299835644e-01
9.956930964892602987e-01
9.957766731782098368e-01
9.958610425787626230e-01
9.959461726176004337e-01
9.960320273325503626e-01
9.961185668181221642e-01
9.962057472387202406e-01
9.962935208997192316e-01
9.963818363657102051e-01
9.964706386178200370e-01
9.965598692413430992e-01
9.966494666370283584e-01
9.967393662489015815e-01
9.968295008033843940e-01
9.969198005544697150e-01
9.970101935308700591e-01
9.971006057812914491e-01
9.971909616150586020e-01
9.972811838355440939e-01
9.973711939641366486e-01
9.974609124538208471e-01
9.975502588906879353e-01
9.976391521828879005e-01
9.977275107364008688e-01
9.978152526177067605e-01
9.979022957028405028e-01
9.979885578138373292e-01
9.980739568420589070e-01
9.981584108596388560e-01
9.982418382191479145e-01
9.983241576424966013e-01
9.984052882996811151e-01
9.984851498780603629e-01
9.985636626431986240e-01
9.986407474918714833e-01
9.987163259981483021e-01
9.987903204534570589e-01
9.988626539011169481e-01
9.989332501664879294e-01
9.990020338830464253e-01
9.990689305155061595e-01
9.991338663802481479e-01
9.991967686639591228e-01
9.992575654408069052e-01
9.993161856889589689e-01
9.993725593066812296e-01
9.994266171284718059e-01
9.994782909418798988e-01
9.995275135051600035e-01
9.995742185660346779e-01
9.996183408821506244e-01
9.996598162429437551e-01
9.996985814939796100e-01
9.997345745630792369e-01
9.997677344888539208e-01
9.997980014518494940e-01
9.998253168083252040e-01
9.998496231265014966e-01
9.998708642257563284e-01
9.998889852187137217e-01
9.999039325561381863e-01
9.999156540747167199e-01
9.999240990479688618e-01
9.999292182398535900e-01
9.999309639616551504e-01
9.999292901314701387e-01
9.999241523370295814e-01
9.999155079011539105e-01
9.999033159502114243e-01
9.998875374856226461e-01
9.998681354580847280e-01
9.998450748445428804e-01
9.998183227283051755e-01
9.997878483817241868e-01
9.997536233516770565e-01
9.997156215479492403e-01
9.996738193341075940e-01
9.996281956214568831e-01
9.995787319653497427e-01
9.995254126645946036e-01
9.994682248631175936e-01
9.994071586548540775e-01
9.993422071910552651e-01
9.992733667903959116e-01
9.992006370520359892e-01
9.991240209714492559e-01
9.990435250590165017e-01
9.989591594619886550e-01
9.988709380890891110e-01
9.987788787386713274e-01
9.986830032301150517e-01
9.985833375387165312e-01
9.984799119342998575e-01
9.983727611240783562e-01
9.982619243994502733e-01
9.981474457877601569e-01
9.980293742090163844e-01
9.979077636382164274e-01
9.977826732739394355e-01
9.976541677136785413e-01
9.975223171370503072e-01
9.973871974975958565e-01
9.972488907243554079e-01
9.971074849345586966e-01
9.969630746589843717e-01
9.968157610817088843e-01
9.966656522962892284e-01
9.965128635810881486e-01
9.963575176958723301e-01
9.961997452036215339e-01
9.960396848210681942e-01
9.958774838019001097e-01
9.957132983583887320e-01
9.955472941264050801e-01
9.953796466811677401e-01
9.952105421110368777e-01
9.950401776581824231e-01
9.948687624366198134e-01
9.946965182390810067e-01
9.945236804462526115e-01
9.943504990540986688e-01
9.941772398368459163e-01
9.940041856664277864e-01
9.938316380118146220e-01
9.936599186453408672e-01
9.934893715872366027e-01
9.933203653240267883e-01
9.931532953418251708e-01
9.929885870216891286e-01
9.928266989504581641e-01
9.926681267090721184e-01
9.925134072083294789e-01
9.923631236515803034e-01
9.922179112146815028e-01
9.920784635436554755e-01
9.919455401817895979e-01
9.918199750472995735e-01
9.917026860890079121e-01
9.915946862473712375e-01
9.914970958352399277e-01
9.914111564157840339e-01
9.913382461742551444e-01
9.912798966163876013e-01
9.912378100987084828e-01
9.912138770178253733e-01
9.912101899157141904e-01
9.912290472551754661e-01
9.912729203914805165e-01
9.913441928955233351e-01
9.914346906176374485e-01
9.915855514780264057e-01
9.917576263931614511e-01
9.919670446219712723e-01
9.922114751199071492e-01
9.924789455938329841e-01
9.927249147722413403e-01
9.927381054841069030e-01
9.891905254479292919e-01
9.958873860993747718e-01
9.962307980158882081e-01
9.967037664063760349e-01
9.971545801928731745e-01
9.972861827356888087e-01
9.965241466503144130e-01
9.935209333581080937e-01
9.847216471981496966e-01
9.593101640584250633e-01
8.775958519490048015e-01
5.760689650509122073e-01
1.666660708458601522e-02
3.427877629989594110e-01
6.373241717651542126e-01
7.630248913236361563e-01
8.240355963932788352e-01
8.581472982495309543e-01
