9.863301137682519704e-01
9.866527348825767652e-01
9.869796149610058356e-01
9.873104594960260272e-01
9.876449641087596820e-01
9.879828145452045352e-01
9.883236866810016785e-01
9.886672465359345185e-01
9.890131502986893031e-01
9.893610443620590722e-01
9.897105653696940397e-01
9.900613402745050973e-01
9.904129864097738212e-01
9.907651115735774949e-01
9.911173141267234366e-01
9.914691831057633742e-01
9.918202983510409076e-01
9.921702306507719227e-01
9.925185419023578870e-01
9.928647852909051608e-01
9.932085054865282814e-01
9.935492388609197256e-01
9.938865137241242875e-01
9.942198505823122145e-01
9.945487624177822283e-01
9.948727549917828483e-01
9.951913271713949127e-01
9.955039712812044916e-01
9.958101734810705929e-01
9.961094141709070371e-01
9.964011684235333233e-01
9.966849064465257424e-01
9.969600940748061246e-01
9.972261932943116136e-01
9.974826627985582395e-01
9.977289585788359227e-01
9.979645345498455722e-01
9.981888432114143228e-01
9.984013363480628289e-01
9.986014657675267303e-01
9.987886840797691734e-01
9.989624455176578932e-01
9.991222068010184865e-01
9.992674280454832969e-01
9.993975737174248808e-01
9.995121136370280768e-01
9.996105240307788797e-01
9.996922886352280768e-01
9.997568998536914275e-01
9.998038599680506566e-01
9.998326824069861951e-01
9.998428930735022702e-01
9.998340317330007831e-01
9.998056534647866700e-01
9.997573301789791644e-01
9.996886522016410481e-01
9.995992299305742623e-01
9.994886955646423710e-01
9.993567049099147948e-01
9.992029392655665809e-01
9.990271073933119084e-01
9.988289475742169188e-01
9.986082297568126265e-01
9.983647578013715718e-01
9.980983718248376269e-01
9.978089506523662999e-01
9.974964143808352501e-01
9.971607270612146134e-01
9.968018995067783328e-01
9.964199922351623107e-01
9.960151185529687590e-01
9.955874477924534505e-01
9.951372087114243037e-01
9.946646930679130527e-01
9.941702593829904178e-01
9.936543369066244136e-01
9.931174298026531622e-01
9.925601215719136450e-01
9.919830797331994354e-01
9.913870607853022543e-01
9.907729154758205814e-01
9.901415944049789530e-01
9.894941539963326704e-01
9.888317628701392970e-01
9.881557086593257822e-01
9.874674053122077799e-01
9.867684009319382943e-01
9.860603862080691284e-01
9.853452035017850053e-01
9.846248566539876901e-01
9.839015215918848201e-01
9.831775578192948339e-01
9.824555208831340369e-01
9.817381759185669354e-01
9.810285123844039168e-01
9.803297601086263802e-01
9.796454067725717252e-01
9.789792169687825396e-01
9.783352529698373656e-01
9.777178973439870635e-01
9.771318775432655812e-01
9.765822925638854013e-01
9.760746417527488283e-01
9.756148557138627497e-01
9.752093292481971432e-01
9.748649559756839000e-01
9.745891641047004228e-01
9.743899523701065046e-01
9.742759245670069568e-01
9.742563202011896850e-01
9.743410374239156457e-01
9.745406423946758601e-01
9.748663561753697637e-01
9.753300056690864528e-01
9.759439181484054204e-01
9.767207282506801258e-01
9.776730498486411181e-01
9.788129395189536508e-01
9.801510378165061432e-01
9.816952098555803419e-01
9.834484019386048326e-01
9.854052588261446033e-01
9.875467588224969839e-01
9.898316357624844519e-01
9.921825132914786627e-01
9.944631918383719515e-01
9.964408684918907300e-01
9.977222297789287708e-01
9.976434577816665206e-01
9.950778427455715391e-01
9.880954765205014478e-01
9.733620718952554762e-01
9.451103938293402562e-01
8.935718258022568028e-01
8.034463916009031426e-01
6.559547329491006717e-01
4.446194885979428135e-01
2.100934741891796464e-01
4.360164600426506831e-02
1.209321020665520907e-03
5.269067417591803693e-02
1.411942795982471521e-01
2.316584573754212062e-01
3.110305917551271504e-01
3.769600752324644977e-01
4.308091466946765147e-01
4.747662444068797005e-01
5.108849387112665008e-01
5.408485385363062115e-01
5.659722639812568845e-01
5.872673222445877750e-01
6.055095001560435453e-01
6.212965949969647683e-01
6.350927116431502872e-01
6.472613476077434536e-01
6.580898240425048229e-01
6.678073006037156256e-01
6.765981079754858074e-01
6.846116774283445006e-01
6.919699924043887229e-01
6.987732262021580931e-01
7.051040424778484139e-01
7.110309020659190127e-01
7.166106250873963690e-01
7.218903900574276111e-01
7.269093036051312851e-01
7.316996397853834377e-01
7.362878228246947376e-01
7.406952087323631639e-01
7.449387075894328136e-01
7.490312781330741299e-01
7.529823185186875767e-01
7.567979711663553877e-01
7.604813548770258391e-01
7.640327335576111434e-01
7.674496276315907473e-01
7.707268712989140402e-01
7.738566160424168450e-01
7.768282779646346059e-01
7.796284235145397590e-01
7.822405845366440236e-01
7.846449895315864564e-01
7.868181923383058551e-01
7.887325726849400143e-01
7.903556735936184685e-01
7.916493279679153172e-01
7.925685091390143322e-01
7.930598155105545999e-01
7.930594643553755541e-01
7.924906191348644047e-01
7.912598004678391694e-01
7.892520205573930747e-01
7.863241145806241228e-01
7.822954881723640508e-01
7.769351054044257854e-01
7.699429207073493764e-01
7.609229697370711865e-01
7.493437483988101278e-01
7.344789663816140290e-01
7.153177588055225078e-01
