9.979905434391550534e-01
9.978025310518207069e-01
9.975128643597871436e-01
9.971485394960000193e-01
9.967335597391022706e-01
9.962889167792519096e-01
9.958326472113961936e-01
9.953799476603650831e-01
9.949433340621811617e-01
9.945328326236186900e-01
9.941561918364871797e-01
9.938191066242929583e-01
9.935254472416328309e-01
9.932774869304479282e-01
9.930761235650281682e-01
9.929210915972147555e-01
9.928111615500465614e-01
9.927443251135041891e-01
9.927179645807826525e-01
9.927290059345309503e-01
9.927740553669569534e-01
9.928495193994448798e-01
9.929517090717547845e-01
9.930769289053164028e-01
9.932215515197803102e-01
9.933820789043867894e-01
9.935551914256578465e-01
9.937377856948979016e-01
9.939270024324898811e-01
9.941202454536135491e-01
9.943151928692643970e-01
9.945098015501868671e-01
9.947023058451793798e-01
9.948912114786021554e-01
9.950752854835479555e-01
9.952535429527946675e-01
9.954252313170113275e-01
9.955898127851148249e-01
9.957469455113415746e-01
9.958964639840176547e-01
9.960383590662966746e-01
9.961727580572748986e-01
9.962999050853880156e-01
9.964201420931040332e-01
9.965338906237642957e-01
9.966416345786850428e-01
9.967439040728105493e-01
9.968412604830534374e-01
9.969342827525705664e-01
9.970235549880046566e-01
9.971096553626400683e-01
9.971931463202605705e-01
9.972745660560571324e-01
9.973544212387045471e-01
9.974331809254928238e-01
9.975112716140472902e-01
9.975890733668885124e-01
9.976669169401871651e-01
9.977450818447908265e-01
9.978237952650397258e-01
9.979032317604799029e-01
9.979835136755618175e-01
9.980647121831174307e-01
9.981468488896865221e-01
9.982298979323802612e-01
9.983137885004409462e-01
9.983984077169916205e-01
9.984836038205301412e-01
9.985691895887424119e-01
9.986549459513022198e-01
9.987406257417080768e-01
9.988259575419533576e-01
9.989106495779473960e-01
9.989943936265532898e-01
9.990768688989791757e-01
9.991577458686662361e-01
9.992366900145329689e-01
9.993133654545731659e-01
9.993874384461126636e-01
9.994585807330484961e-01
9.995264727224731915e-01
9.995908064752361266e-01
9.996512884972321711e-01
9.997076423203898887e-01
9.997596108641915169e-01
9.998069585697452188e-01
9.998494733004398283e-01
9.998869680044988328e-01
9.999192821355692429e-01
9.999462828293852468e-01
9.999678658344772764e-01
9.999839561970326196e-01
9.999945086995500887e-01
9.999995080544404891e-01
9.999989688542882948e-01
9.999929352803430538e-01
9.999814805716954469e-01
9.999647062581157320e-01
9.999427411586956360e-01
9.999157401489069397e-01
9.998838826982442418e-01
9.998473711787220219e-01
9.998064289437197383e-01
9.997612981719420366e-01
9.997122374671116862e-01
9.996595191929724677e-01
9.996034265091376936e-01
9.995442500440167022e-01
9.994822840937047648e-01
9.994178221474980806e-01
9.993511513737752816e-01
9.992825453727743890e-01
9.992122538239091023e-01
9.991404861560873041e-01
9.990673828148510793e-01
9.989929584572334598e-01
9.989169744973562803e-01
9.988386076501787336e-01
9.987554067561997817e-01
9.986589535719826438e-01
9.985055025460142231e-01
9.974739437052430047e-01
9.977220679072575926e-01
9.983592906948622892e-01
9.983428629634453211e-01
9.982869439876599360e-01
9.982232321535896569e-01
9.981573200360810416e-01
9.980906638166955336e-01
9.980236576188745712e-01
9.979563291759426802e-01
9.978885487041830871e-01
9.978201065695789795e-01
9.977507489813568498e-01
9.976801989956919359e-01
9.976081725313178383e-01
9.975343933333741253e-01
9.974586087147854219e-01
9.973806070646529243e-01
9.973002377540476360e-01
9.972174338900144930e-01
9.971322382391517580e-01
9.970448324775637028e-01
9.969555696324234884e-01
9.968650090231501171e-01
9.967739519347034172e-01
9.966834741823198396e-01
9.965949477225396480e-01
9.965100356456308983e-01
9.964306293559895833e-01
9.963586651634245284e-01
9.962956912668785581e-01
9.962419117776171174e-01
9.961941048957208000e-01
9.961410158904409062e-01
9.960527613975763694e-01
9.958549487222435603e-01
9.953598283889619758e-01
9.940600091171365449e-01
9.903963153026242860e-01
9.784080692500422005e-01
9.245780980054703058e-01
4.972131430583907608e-01
4.259086398557607733e-01
8.278200821417868172e-01
9.073142825151040425e-01
9.350789045301154401e-01
9.481676765416892083e-01
9.554375448584456754e-01
9.599047646002614176e-01
9.628441444260505966e-01
9.648792248028200680e-01
9.663492958009941569e-01
9.674548046564654946e-01
9.683222693470016074e-01
9.690360203628768376e-01
9.696548654031055259e-01
9.702213409695384927e-01
9.707670748926325865e-01
9.713159935834464465e-01
9.718862769116441980e-01
9.724915544092325170e-01
9.731416245931248099e-01
9.738428646719076154e-01
9.745984337328711389e-01
9.754083354689535579e-01
9.762693846350172233e-01
9.771751083084229128e-01
9.781156051174368926e-01
9.790773808400001776e-01
9.800431759323045000e-01
9.809917988107484943e-01
9.818979774780066672e-01
9.827322407708560803e-01
9.834608383688157041e-01
9.840457045372810185e-01
9.844444621318104716e-01
9.846104460493114718e-01
9.844926889060621189e-01
9.840357322155763864e-01
