9.858019003440932071e-01
9.858685638512582061e-01
9.859057787585713273e-01
9.859260985349356243e-01
9.859402837251641794e-01
9.859573682396624017e-01
9.859847542848793056e-01
9.860283278957798769e-01
9.860925882239066631e-01
9.861807848319988912e-01
9.862950582427918444e-01
9.864365798842393840e-01
9.866056883680405232e-01
9.868020197367850521e-01
9.870246299203018214e-01
9.872721081633900608e-01
9.875426806277033398e-01
9.878343037394277104e-01
9.881447471594710930e-01
9.884716664964999788e-01
9.888126660790850231e-01
9.891653522508682128e-01
9.895273777633225576e-01
9.898964779167407357e-01
9.902704991490351993e-01
9.906474207958751999e-01
9.910253707519794952e-01
9.914026357523255673e-01
9.917776669706395154e-01
9.921490815996308887e-01
9.925156610393502943e-01
9.928763462758233294e-01
9.932302309865415069e-01
9.935765528594120433e-01
9.939146835651262446e-01
9.942441177733581936e-01
9.945644615582188708e-01
9.948754204923953015e-01
9.951767876886434827e-01
9.954684320071358616e-01
9.957502866114370521e-01
9.960223380219797029e-01
9.962846157862943475e-01
9.965371828576821134e-01
9.967801267496951834e-01
9.970135515130614801e-01
9.972375705622789077e-01
9.974523003634073737e-01
9.976578549807260110e-01
9.978543414686382729e-01
9.980418560848854925e-01
9.982204812947165218e-01
9.983902835279514498e-01
9.985513116477745532e-01
9.987035960857123529e-01
9.988471485958442253e-01
9.989819625796318991e-01
9.991080139327728205e-01
9.992252623661254107e-01
9.993336531535556011e-01
9.994331192615616422e-01
9.995235838178373466e-01
9.996049628780320218e-01
9.996771684535241675e-01
9.997401117655425606e-01
9.997937066951404494e-01
9.998378734012615121e-01
9.998725420836378497e-01
9.998976568706376966e-01
9.999131798165111773e-01
9.999190949963593367e-01
9.999154126913492036e-01
9.999021736614912559e-01
9.998794535070829603e-01
9.998473671248664374e-01
9.998060732697647834e-01
9.997557792373237273e-01
9.996967456880255787e-01
9.996292916382742977e-01
9.995537996489918253e-01
9.994707212476705571e-01
9.993805826240089729e-01
9.992839906438030217e-01
9.991816392291545945e-01
9.990743161546470352e-01
9.989629103076441696e-01
9.988484194557277762e-01
9.987319585520301191e-01
9.986147685859019241e-01
9.984982259481142153e-01
9.983838522151475825e-01
9.982733241568905180e-01
9.981684836115255477e-01
9.980713466244638399e-01
9.979841108631616331e-01
9.979091597213147757e-01
9.978490605953486137e-01
9.978065533572582080e-01
9.977845227435762077e-01
9.977859447083128330e-01
9.978137908643008869e-01
9.978708654508173792e-01
9.979595331794870461e-01
9.980812691078295718e-01
9.982359147579287217e-01
9.984204418403831438e-01
9.986268748427471476e-01
9.988387437345669362e-01
9.990248980940916734e-01
9.991284326844850350e-01
9.990462137141556953e-01
9.985895279829983817e-01
9.974048230166816520e-01
9.948047958579994132e-01
9.893831122140288592e-01
9.780611834985066810e-01
9.534974017040007688e-01
8.963560488365133194e-01
7.519845528103025201e-01
4.002281412219329537e-01
1.017370416467659744e-02
1.942705609275138245e-01
4.780046346323241213e-01
6.411750811270578998e-01
7.310155377609427463e-01
7.841817689806308556e-01
8.180216916635458801e-01
8.408574763131783092e-01
8.569764854545228738e-01
8.687514008067122040e-01
8.775796268000469746e-01
8.843285035796559779e-01
8.895606282341224080e-01
8.936547656582686239e-01
8.968741248873510763e-01
8.994066561396981685e-01
9.013897662338474781e-01
9.029259952606928374e-01
9.040932583629582853e-01
9.049517142355603116e-01
9.055484800554830516e-01
9.059209364442862844e-01
9.060990881691535215e-01
9.061072793969143779e-01
9.059654594793097315e-01
9.056901303874121956e-01
9.052950651316015174e-01
9.047918590734344013e-01
9.041903577213923349e-01
9.034989922061624767e-01
9.027250451657262698e-01
9.018748639981569726e-01
9.009540346076386763e-01
8.999675264657639451e-01
8.989198189197353805e-01
8.978150194162030084e-01
8.966569873511097688e-01
8.954494839823979868e-01
8.941963812895414865e-01
8.929019802322617494e-01
8.915714804396908111e-01
8.902113265764581840e-01
8.888259030799862126e-01
8.873657337965322744e-01
8.842216628094587971e-01
8.586942471076309813e-01
8.790212094295163370e-01
8.787562722249869784e-01
8.774109480005537476e-01
8.757387491319849060e-01
8.738775815755365217e-01
8.718564427696848806e-01
8.696660514789792407e-01
8.672700006551647967e-01
8.645951437663728090e-01
8.614945398664722864e-01
8.576272401736879658e-01
8.519518008905915263e-01
8.388753656694369898e-01
6.202632250447382978e-01
8.653496197473367069e-01
8.565450038116416698e-01
8.506260251924272486e-01
8.454080326618260699e-01
8.402425524272747470e-01
8.348481105752812992e-01
8.290554047167849605e-01
8.227338953450349379e-01
8.157648953709484285e-01
8.080296403211610912e-01
7.994030512470945427e-01
7.897500213821877502e-01
7.789231902392906859e-01
7.667623577395835666e-01
7.530974670239184432e-01
7.377631096913134234e-01
7.206653752007874392e-01
7.022751618071756408e-01
6.639386663018914669e-01
6.498571785873380469e-01
