7.785628341373550532e-01
7.580753780882959481e-01
7.410402221329591699e-01
7.274071468160157039e-01
7.171289648198447830e-01
7.099127049614895046e-01
7.054753635746962015e-01
7.034985983405964705e-01
7.036521462872153965e-01
7.056069464770186039e-01
7.090444719415186503e-01
7.136634557981964555e-01
7.191846291613656073e-01
7.253538846570879439e-01
7.319441738440459755e-01
7.387563828290522050e-01
7.456193871086365110e-01
7.523894547688622092e-01
7.589491419584882825e-01
7.652058035798825486e-01
7.710898241213318682e-01
7.765526577772686734e-01
7.815647530947041899e-01
7.861134251811030538e-01
7.902007280356222463e-01
7.938413712015366386e-01
7.970607200146012650e-01
7.998929218637614857e-01
8.023792303821308813e-01
8.045667460509946523e-01
8.065087032791332655e-01
8.082787462021281399e-01
8.095388291928187208e-01
8.112413769076598502e-01
8.127109268800442043e-01
8.141753924708017287e-01
8.156908713245182296e-01
8.173032756765138407e-01
8.190534299070183488e-01
8.209776267005872707e-01
8.231075925426746265e-01
8.254703742332119010e-01
8.280882494447162623e-01
8.309786816801738585e-01
8.341543110509582748e-01
8.376229333889909645e-01
8.413872388574448191e-01
8.454422856959278310e-01
8.490773494485759354e-01
8.544643904614093177e-01
8.593616378009112378e-01
8.645170429712539795e-01
8.699072925774482545e-01
8.755093313468710337e-01
8.812979304818011617e-01
8.872450833071950926e-01
8.933169819226431940e-01
8.994036884154833489e-01
9.058493425259687148e-01
9.121211312495574042e-01
9.184339999800750221e-01
9.245817665853247602e-01
9.309098704326103091e-01
9.370689842568371564e-01
9.431139346545029944e-01
9.490227497327798911e-01
9.547738208714520169e-01
9.603490093040086828e-01
9.657348420711255876e-01
9.709222577059044568e-01
9.758987690222333811e-01
9.805938779241303305e-01
9.844425008160214707e-01
9.794851504031255596e-01
3.764788629874521453e-01
9.602297879502370570e-01
9.818065375279324547e-01
9.892818746094442783e-01
9.915849823943007069e-01
9.955942612005901360e-01
9.978002268134373853e-01
9.993806727586843630e-01
1.000504883553344770e+00
1.001255795782477698e+00
1.001688793339213124e+00
1.001847690997884843e+00
1.001770883832882486e+00
1.001493907244252357e+00
1.001050253434649040e+00
1.000471021920063874e+00
9.997834061669310657e-01
9.990074903136166862e-01
9.981497110629314884e-01
9.971867421985710633e-01
9.959943081372972795e-01
9.913258440308836406e-01
9.939760798439956080e-01
9.915102469220264947e-01
9.878359816697993567e-01
9.816981756982040563e-01
9.708767561639480848e-01
9.511208041953946868e-01
9.141038975171059677e-01
8.436554975279083601e-01
7.113928522759508377e-01
4.860769955867896286e-01
2.001352852247248737e-01
1.584689692734809682e-02
2.805603212303399083e-02
1.412237507345582566e-01
2.607496636568559234e-01
3.569502134655653802e-01
4.289476410974740750e-01
4.821059431326000233e-01
5.215625433585402426e-01
5.511433376154978303e-01
5.735264147046226224e-01
5.905663970622118120e-01
6.035559794749753015e-01
6.134063819280806129e-01
6.207661706518742273e-01
6.260980720214673889e-01
6.297274002317366781e-01
6.318700408006301394e-01
6.326429112761365881e-01
6.320537226490327010e-01
6.299549325933594401e-01
6.259132399553459791e-01
6.188235524002517751e-01
6.054971613555082399e-01
5.727197995067896397e-01
3.420025383866416302e-01
7.691260925357585876e-01
6.927391721288894688e-01
6.697442984135364430e-01
6.573220821036460659e-01
6.485440970354088286e-01
6.413425028018747698e-01
6.348782012781858386e-01
6.287390555667823344e-01
6.226887123546344105e-01
6.165232465531254036e-01
6.102752292728040873e-01
6.035779364538006453e-01
5.954666683359586266e-01
5.894581682343342788e-01
5.814463995387948447e-01
5.726478646549033602e-01
5.628764959689329661e-01
5.518729617538332688e-01
5.392931812019858828e-01
5.246741678265383069e-01
5.073815355880006983e-01
4.865287044708513919e-01
4.608503399394637823e-01
4.285026032841659505e-01
3.867555453763316664e-01
3.315792821158662362e-01
2.574341000320685136e-01
1.593652039630461814e-01
4.848292487435811038e-02
1.813423241334894895e-02
2.835102932333916081e-01
6.910836394913740799e-01
8.811060646944608443e-01
9.107351105421264137e-01
8.811621637680749908e-01
8.304770292213068394e-01
7.668503993566293531e-01
6.877576805367540125e-01
5.854231166970988998e-01
4.492587851059102189e-01
2.740212537046962660e-01
8.949764213858166229e-02
4.595913289590232084e-03
1.256901247669307831e-01
3.679993373646379129e-01
5.834868915409173740e-01
7.279408139729084404e-01
8.157599777034411082e-01
8.671359951395419818e-01
8.956800722702106254e-01
9.091071884538719505e-01
9.111753490673525357e-01
9.025878433159649772e-01
8.801768002077948738e-01
8.317050181939884546e-01
7.116950019664542992e-01
3.299458893047910735e-01
1.595123591790156004e-01
7.474693390931848036e-01
8.824748360474727882e-01
9.137614814749356329e-01
9.213277666885170136e-01
9.223404438724497334e-01
9.220024283739213233e-01
9.224294907667952570e-01
9.247347651401610635e-01
9.294253381101582612e-01
9.375680219267087390e-01
