1.006431762187352197e+00
1.005547004313627646e+00
1.004598293535871489e+00
1.003621089342289219e+00
1.002645117876642011e+00
1.001694736112386241e+00
1.000789352490043083e+00
9.999438825595371449e-01
9.991692218868688524e-01
9.984727218053662812e-01
9.978586565271011510e-01
9.973286726976685612e-01
9.968822147008853385e-01
9.965169209233585290e-01
9.962289877989064513e-01
9.960134997985681249e-01
9.958647246378116158e-01
9.957763738673245379e-01
9.957418297227830228e-01
9.957543396530296187e-01
9.958071803529435773e-01
9.958937934118933244e-01
9.960078948733681603e-01
9.961435611021774994e-01
9.962952933871127570e-01
9.964580636827767846e-01
9.966273438271232576e-01
9.967991204694672813e-01
9.969698978185642657e-01
9.971366901764543433e-01
9.972970060700834249e-01
9.974488256322562307e-01
9.975905727230933717e-01
9.977210831219169851e-01
9.978395699662138130e-01
9.979455874646163682e-01
9.980389937718084914e-01
9.981199137809561028e-01
9.981887024692569499e-01
9.982459093202671330e-01
9.982922442465588242e-01
9.983285453451069547e-01
9.983557487375401829e-01
9.983748606758757749e-01
9.983869320317197982e-01
9.983930352337916370e-01
9.983942436715421698e-01
9.983916135442935103e-01
9.983861681025327783e-01
9.983788842019368781e-01
9.983706810686797661e-01
9.983624111593728534e-01
9.983548529852779296e-01
9.983487057630510142e-01
9.983445857481204611e-01
9.983430241045602171e-01
9.983444661646518892e-01
9.983492719330504528e-01
9.983577176939087972e-01
9.983699985833863755e-01
9.983862319959568854e-01
9.984064616992197605e-01
9.984306625385662715e-01
9.984587456209828016e-01
9.984905638742346268e-01
9.985259178862012641e-01
9.985645619359611036e-01
9.986062101366784960e-01
9.986505426171963240e-01
9.986972116769441410e-01
9.987458478552501129e-01
9.987960658629279065e-01
9.988474703305578739e-01
9.988996613331481145e-01
9.989522396567179774e-01
9.990048117774585901e-01
9.990569945283498399e-01
9.991084194334410862e-01
9.991587366924751246e-01
9.992076188032957829e-01
9.992547638123894238e-01
9.992998981865113262e-01
9.993427793010736249e-01
9.993831975434751547e-01
9.994209780315687075e-01
9.994559819488685326e-01
9.994881075000742188e-01
9.995172904918837586e-01
9.995435045447897959e-01
9.995667609434015777e-01
9.995871081327112329e-01
9.996046308697812410e-01
9.996194490397144472e-01
9.996317161463781353e-01
9.996416174887485795e-01
9.996493680337917853e-01
9.996552099977351613e-01
9.996594101485047901e-01
9.996622568416011489e-01
9.996640568030986662e-01
9.996651316740173820e-01
9.996658143302394883e-01
9.996664449941604635e-01
9.996673671535263317e-01
9.996689233054586454e-01
9.996714505429649122e-01
9.996752760042710850e-01
9.996807122047189909e-01
9.996880522735439589e-01
9.996975651192021584e-01
9.997094905480998772e-01
9.997240343637312510e-01
9.997413634756316947e-01
9.997616010484906557e-01
9.997848217254373671e-01
9.998110469610178574e-01
9.998402405021559192e-01
9.998723040582959687e-01
9.999070732049325505e-01
9.999443135668665272e-01
9.999837173318468775e-01
1.000024900147405527e+00
1.000067398457475720e+00
1.000110667338568238e+00
1.000154078898350951e+00
1.000196921303243558e+00
1.000238398504298409e+00
1.000277630734052847e+00
1.000313655849899064e+00
1.000345431602330137e+00
1.000371838908592048e+00
1.000391686214482601e+00
1.000403715028948204e+00
1.000406606716066626e+00
1.000398990630873675e+00
1.000379453683787112e+00
1.000346551416769092e+00
1.000298820672211653e+00
1.000234793929068777e+00
1.000153015374255494e+00
1.000052058764606677e+00
9.999305471166651804e-01
9.997871742337176570e-01
9.996207280335430712e-01
9.994301155661937663e-01
9.992143894848328767e-01
9.989727755111195151e-01
9.987047000393619589e-01
9.984098162853178859e-01
9.980880259746387484e-01
9.977394907763946774e-01
9.973646219637644084e-01
9.969640245347513030e-01
9.965383444766863219e-01
9.960879021408017842e-01
9.956118263552797831e-01
9.951059331004423747e-01
9.945571213457478077e-01
9.939267449907970287e-01
9.930920234987729023e-01
9.915765478102805952e-01
9.865631151626372830e-01
9.241179921020897803e-01
8.950338475006074379e-01
9.751726597204432023e-01
9.822574688980646451e-01
9.733204874013683394e-01
9.640416251062094988e-01
9.820853030877535472e-01
9.838378616783325370e-01
9.837568568367324184e-01
9.765135470950341290e-01
9.839191054533739100e-01
9.862397112923406706e-01
9.865928885830712591e-01
9.869610304134986967e-01
9.874373385028880623e-01
9.880428578110365123e-01
9.887887867264597563e-01
9.896830901742970088e-01
9.907314181614619297e-01
9.919370816093892040e-01
9.933008054093321881e-01
9.948204043695749732e-01
9.964904209546328051e-01
9.983017403819380853e-01
1.000241193362023218e+00
1.002291156102671721e+00
1.004429157976049591e+00
1.006627508623665568e+00
1.008852957999100797e+00
1.011066404827134502e+00
1.013222671148235055e+00
1.015270362983032859e+00
1.017151839658146706e+00
1.018803316943927229e+00
1.020155131813991201e+00
1.021132199287308806e+00
1.021654694377339023e+00
1.021638994559167068e+00
