9.984877637440321418e-01
9.987290876054695232e-01
9.989426151770841589e-01
9.991238552624387426e-01
9.992681012192584644e-01
9.993705372013682586e-01
9.994263313044725594e-01
9.994307163831873675e-01
9.993790594613503053e-01
9.992669207627771222e-01
9.990901034488978150e-01
9.988446951669709417e-01
9.985271025042293802e-01
9.981340794062835142e-01
9.976627505638342441e-01
9.971106307053306805e-01
9.964756406531977140e-01
9.957561209174965455e-01
9.949508435134397644e-01
9.940590225979393235e-01
9.930803244344739156e-01
9.920148771073785676e-01
9.908632803258770050e-01
9.896266155798509878e-01
9.883064568383995718e-01
9.869048819155072927e-01
9.854244845686987997e-01
9.838683873434560523e-01
9.822402551312763297e-01
9.805443093698882340e-01
9.787853427825787822e-01
9.769687345276933943e-01
9.751004656112510771e-01
9.731871344003495405e-01
9.712359720685876940e-01
9.692548577994959391e-01
9.672523335747934548e-01
9.652376183753126337e-01
9.632206216265412069e-01
9.612119557222901234e-01
9.592229474599510697e-01
9.572656482137248402e-01
9.553528426568146381e-01
9.534980558133296924e-01
9.517155581702001488e-01
9.500203685019349420e-01
9.484282539432343784e-01
9.469557266751758018e-01
9.456200363486352289e-01
9.444391570290316951e-01
9.434317669719674004e-01
9.426172188830131971e-01
9.420154974034826711e-01
9.416471593051395361e-01
9.415332501283751876e-01
9.416951885675692857e-01
9.421546065104789980e-01
9.429331278692928420e-01
9.440520626049078157e-01
9.455319827700828794e-01
9.473921336894645107e-01
9.496496136251413311e-01
9.523182265407590386e-01
9.554068704725250383e-01
9.589172618066714726e-01
9.628407030943525458e-01
9.671534628710325432e-01
9.718101253938065121e-01
9.767339475854290853e-01
9.818027700258802337e-01
9.868282776637780085e-01
9.915252604458881791e-01
9.954658022124681649e-01
9.980108228511533897e-01
9.982080195413342016e-01
9.946414720995729875e-01
9.852163763750798608e-01
9.668703546568192531e-01
9.352418978990973963e-01
8.844459252429378582e-01
8.073904535080111966e-01
6.975542812359881717e-01
5.534239120106769771e-01
3.852694623031587273e-01
2.189468423278728149e-01
8.794158627811712869e-02
1.512069144577518620e-02
1.503128685984281591e-03
3.199842739188656082e-02
8.792696510576591962e-02
1.547048353561679968e-01
2.233652768762885155e-01
2.892671396953110374e-01
3.504270625202957623e-01
4.062936732461926437e-01
4.570082285622937834e-01
5.030023343468452701e-01
5.447941568742824536e-01
5.828924680370657363e-01
6.177564145436306164e-01
6.497828768400751853e-01
6.793067683299480741e-01
7.066068515203357547e-01
7.319134183460451748e-01
7.554161141060494744e-01
7.772711571750376969e-01
7.976076846263258080e-01
8.165331794985886127e-01
8.341380341883846139e-01
8.504993409880676758e-01
8.656840081330710035e-01
8.797512944921246358e-01
8.927548463608950824e-01
9.047443094712491751e-01
9.157665798662135703e-01
9.258667491818806106e-01
9.350887930967904937e-01
9.434760460295260609e-01
9.510715003156443581e-01
9.579179638297777855e-01
9.640581061504529536e-01
9.695344197607119741e-01
9.743891193654408145e-01
9.786639991535193150e-01
9.824002647393264009e-01
9.856383536042950810e-01
9.884177551498701808e-01
9.907768389996174374e-01
9.927526979719938360e-01
9.943810102028407538e-01
9.956959232330726550e-01
9.967299614898910143e-01
9.975139574656919361e-01
9.980770060181319847e-01
9.984464405558538536e-01
9.986478294053904303e-01
9.987049903494826797e-01
9.986400211559973705e-01
9.984733438476296463e-01
9.982237604722689062e-01
9.979085181909757019e-01
9.975433815805229143e-01
9.971427101220279310e-01
9.967195388820957458e-01
9.962856603494332219e-01
9.958517052097980438e-01
9.954272194393304352e-01
9.950207343378663083e-01
9.946398247853340813e-01
9.942911487148660132e-01
9.939804569089379926e-01
9.937125555994574810e-01
9.934911929235987760e-01
9.933188202123093280e-01
9.931961430145654912e-01
9.931213101491144224e-01
9.930884621017171954e-01
9.930851090012169369e-01
9.930872903292279341e-01
9.930503453230854483e-01
9.928905423713747513e-01
9.924464632174808676e-01
9.913920473254098642e-01
9.890228949059063357e-01
9.836682915761943979e-01
9.708127654298758236e-01
9.357588356539657815e-01
8.167944004845287820e-01
3.411063005065013698e-01
1.694431157950222477e-01
6.382044059017299986e-01
8.069246437474409950e-01
8.735708027470804327e-01
9.064208655711730733e-01
9.252959375645173346e-01
9.373520255037872673e-01
9.456669112708013802e-01
9.517458807086495165e-01
9.563993958671740403e-01
9.600972290754075100e-01
9.631279015365389329e-01
9.656769606995587729e-01
9.678681935199320296e-01
9.697866082309228863e-01
9.714918788514067538e-01
9.730265358060382619e-01
9.744211326448890542e-01
9.756976064169411433e-01
9.768715248795963868e-01
9.779536303698304067e-01
9.789509313691068249e-01
9.798675010497138738e-01
9.807050878087150148e-01
9.814636102209678414e-01
9.821415892984940443e-01
9.827365594849913899e-01
9.832454933247889439e-01
9.836652705249182560e-01
9.839932158333201118e-01
9.842277107994819030e-01
