9.926808935333445438e-01
9.876219612741411469e-01
9.826156334174959150e-01
9.777154667267872190e-01
9.729645661856403116e-01
9.683966821564458094e-01
9.640373532438821780e-01
9.599050689992049135e-01
9.560124338173928704e-01
9.523673204473949161e-01
9.489740087105376087e-01
9.458343126747951191e-01
9.429487082362014716e-01
9.403174836808640968e-01
9.379419497103459458e-01
9.358257648058561085e-01
9.339764602956155404e-01
9.324072932046369999e-01
9.311396245731683452e-01
9.302061355750396165e-01
9.296553889446951269e-01
9.295585870100366854e-01
9.300200055440998037e-01
9.311937749244869611e-01
9.333120380119249715e-01
9.367343630871538540e-01
9.420385157407190624e-01
9.501934556965202505e-01
9.628820281276485593e-01
9.828547540011178807e-01
1.009721461430651779e+00
8.921910024449756227e-01
8.882390348046155515e-02
5.551175310601829116e-01
6.877716502259638709e-01
7.402373269236465214e-01
7.667591133930714564e-01
7.820243646880934429e-01
7.914625566600423934e-01
7.975167839768965150e-01
8.014425553122245249e-01
8.039499197947964637e-01
8.054706424404816101e-01
8.062826866132567494e-01
8.065735131479552233e-01
8.064746827268421958e-01
8.060823944128362450e-01
8.054746496161843128e-01
8.041632354400587435e-01
8.036982032170431056e-01
8.026891081217584212e-01
8.016074095549569067e-01
8.003038062313537759e-01
7.992211211480680921e-01
7.980185222343283424e-01
7.967966705169942099e-01
7.955681691080775941e-01
7.943402224045965632e-01
7.931175951703955951e-01
7.919032154645814225e-01
7.906983917814792706e-01
7.895029053909065064e-01
7.883150373422530555e-01
7.871315481747802600e-01
7.859476159437505105e-01
7.847567328371441997e-01
7.835505573516297062e-01
7.823187161887438235e-01
7.810485470864834134e-01
7.797247703232540461e-01
7.783290722468357847e-01
7.768395784460881970e-01
7.752301864970145839e-01
7.734697177289218128e-01
7.715208329401629372e-01
7.693386366256340647e-01
7.668688653254720489e-01
7.640455140070704365e-01
7.607876935198494284e-01
7.569954220496997177e-01
7.525439181441060388e-01
7.472757564910712524e-01
7.409899280862658477e-01
7.334263440875962159e-01
7.242435215508801205e-01
7.129858960851507277e-01
6.990351041227836904e-01
6.815361722197879057e-01
6.592841892072087706e-01
6.305493524557181928e-01
5.928105755708997782e-01
5.423754848539176221e-01
4.739581708472287991e-01
3.807507666854043626e-01
2.573566904545710465e-01
1.132712852879459303e-01
7.277274432690785354e-03
5.510971430187739523e-02
2.781146175334309745e-01
5.312508248321435866e-01
7.137718287124372729e-01
8.246330526876389788e-01
8.891839116122468578e-01
9.270788117619751523e-01
9.498722749427030987e-01
9.639569589687783102e-01
9.728736975482316085e-01
9.786240671726830209e-01
9.823673482643450194e-01
9.847898157046949263e-01
9.863043143584249162e-01
9.871610578695387828e-01
9.875109090446668736e-01
9.874425259820697187e-01
9.870047328688730248e-01
9.862203134630447288e-01
9.850947008808857985e-01
9.836215607542601047e-01
9.817864435563217196e-01
9.795692136428989505e-01
9.769456892642158774e-01
9.738887647505329870e-01
9.703691867658916781e-01
9.663560948384122273e-01
9.618173973286673339e-01
9.567200288172018618e-01
9.510301183413572002e-01
9.447130868127090464e-01
9.377336843348687001e-01
9.300559727851474001e-01
9.216432551370273840e-01
9.124579500769475215e-01
9.024614081764522622e-01
8.916136640006412373e-01
8.798731169307079103e-01
8.671961320670282802e-01
8.535365513365139600e-01
8.388451038851367780e-01
8.230687041014148608e-01
8.061496254219052693e-01
7.880245388232007819e-01
7.686234073202928840e-01
7.478682330695856084e-01
7.256716638776649075e-01
7.019354849117527273e-01
6.765490591416137844e-01
6.493878894361946319e-01
6.203134135083476774e-01
5.886647850973955043e-01
5.554133753348731162e-01
5.200051049724269125e-01
4.815730682679273955e-01
4.403568246076942083e-01
3.961995181688712786e-01
3.489860987614838428e-01
2.990504658753920797e-01
2.464026668682288979e-01
1.920474416040076904e-01
1.375738081315437678e-01
8.575972991987106109e-02
4.105332232105846774e-02
9.960650181263859537e-03
8.901725510937892561e-04
2.270775458978850636e-02
8.150596972874575574e-02
1.761432735231557301e-01
2.956445016983356155e-01
4.209154481823585425e-01
5.343428101822791376e-01
6.155843254158053224e-01
6.507577859513714591e-01
6.141057205749359538e-01
4.468966708536822874e-01
1.324483060800650258e-01
1.488744133791186815e-02
1.274060715594880211e-01
2.005958325555746158e-01
2.020950277590645994e-01
1.568735670002296689e-01
8.865272760456693879e-02
2.449668754381783761e-02
5.451106076527652538e-04
5.256386931372491328e-02
1.881547113594054521e-01
3.719621531200340558e-01
5.530011393495629646e-01
6.996846214341312375e-01
8.053629310741775571e-01
8.763423551909810261e-01
9.218260722453937017e-01
9.497426244707906084e-01
9.659055639126512549e-01
9.743153626966957193e-01
9.776615539942503652e-01
9.777447493749732432e-01
9.757769564874573254e-01
9.725825117057940172e-01
9.687294919638962387e-01
9.646152006967978476e-01
9.605219143191300324e-01
