9.948138748771636619e-01
9.948349631940885951e-01
9.948577230831949780e-01
9.948821466759256715e-01
9.949082249104815867e-01
9.949359475339576431e-01
9.949653031058325325e-01
9.949962790025972392e-01
9.950288614231453943e-01
9.950630353946845474e-01
9.950987847790818686e-01
9.951360922793207608e-01
9.951749394461143483e-01
9.952153066846598506e-01
9.952571732611497080e-01
9.953005173094960911e-01
9.953453158379362842e-01
9.953915447354154677e-01
9.954391787783852807e-01
9.954881916371637329e-01
9.955385558826368442e-01
9.955902429930081343e-01
9.956432233606513638e-01
9.956974662990536462e-01
9.957529400502280748e-01
9.958096117921673152e-01
9.958674476467960224e-01
9.959264126880600365e-01
9.959864709506111025e-01
9.960475854388541883e-01
9.961097181364427788e-01
9.961728300161120098e-01
9.962368810504211858e-01
9.963018302226018807e-01
9.963676355382907746e-01
9.964342540375326074e-01
9.965016418077158322e-01
9.965697539968252361e-01
9.966385448274878156e-01
9.967079676115231379e-01
9.967779747652558697e-01
9.968485178253070345e-01
9.969195474651291189e-01
9.969910135122304062e-01
9.970628649658090925e-01
9.971350500152906804e-01
9.972075160593725229e-01
9.972802097257255083e-01
9.973530768912571842e-01
9.974260627032093263e-01
9.974991116005116343e-01
9.975721673362270003e-01
9.976451730002136031e-01
9.977180710425664900e-01
9.977908032976007258e-01
9.978633110085006752e-01
9.979355348525004166e-01
9.980074149665880689e-01
9.980788909739284342e-01
9.981499020106903153e-01
9.982203867534875652e-01
9.982902834474289833e-01
9.983595299345733309e-01
9.984280636830537015e-01
9.984958218165471688e-01
9.985627411444549795e-01
9.986287581924040424e-01
9.986938092333692563e-01
9.987578303191448903e-01
9.988207573124320282e-01
9.988825259193120365e-01
9.989430717220389999e-01
9.990023302125047300e-01
9.990602368260194099e-01
9.991167269754506197e-01
9.991717360858974883e-01
9.992251996295099525e-01
9.992770531610506435e-01
9.993272323535536961e-01
9.993756730343108519e-01
9.994223112213918014e-01
9.994670831604338668e-01
9.995099253616327450e-01
9.995507746370669855e-01
9.995895681384600051e-01
9.996262433950374726e-01
9.996607383517123191e-01
9.996929914075683987e-01
9.997229414544172021e-01
9.997505279158190872e-01
9.997756907859588482e-01
9.997983706691143668e-01
9.998185088189786018e-01
9.998360471781825298e-01
9.998509284181995582e-01
9.998630959791154904e-01
9.998724941095042951e-01
9.998790679066352771e-01
9.998827633565968709e-01
9.998835273744297591e-01
9.998813078445458746e-01
9.998760536608497507e-01
9.998677147672891952e-01
9.998562421980503601e-01
9.998415881181051956e-01
9.998237058633240304e-01
9.998025499810474503e-01
9.997780762703276647e-01
9.997502418221126952e-01
9.997190050596325150e-01
9.996843257785132941e-01
9.996461651868343568e-01
9.996044859453637743e-01
9.995592522073972752e-01
9.995104296587611348e-01
9.994579855577200300e-01
9.994018887747312396e-01
9.993421098321164653e-01
9.992786209439088463e-01
9.992113960553097307e-01
9.991404108823405128e-01
9.990656429513924408e-01
9.989870716386751726e-01
9.989046782098075505e-01
9.988184458592075377e-01
9.987283597496940946e-01
9.986344070520489780e-01
9.985365769846261674e-01
9.984348608530357883e-01
9.983292520900360900e-01
9.982197462954746081e-01
9.981063412764171749e-01
9.979890370877351202e-01
9.978678360725314889e-01
9.977427429031836548e-01
9.976137646228225853e-01
9.974809106868957054e-01
9.973441930056474725e-01
9.972036259867845809e-01
9.970592265790505504e-01
9.969110143164828797e-01
9.967590113633653104e-01
9.966032425603440492e-01
9.964437354715217632e-01
9.962805204326901087e-01
9.961136306011286745e-01
9.959431020067184281e-01
9.957689736049862850e-01
9.955912873319969769e-01
9.954100881614221796e-01
9.952254241641166344e-01
9.950373465703663545e-01
9.948459098352231411e-01
9.946511717073550640e-01
9.944531933014683078e-01
9.942520391751868969e-01
9.940477774106498687e-01
9.938404797011908265e-01
9.936302214441175007e-01
9.934170818397812797e-01
9.932011439978842837e-01
9.929824950518894022e-01
9.927612262822039790e-01
9.925374332491775364e-01
9.923112159369911200e-01
9.920826789095997800e-01
9.918519314799331132e-01
9.916190878940958076e-01
9.913842675314730180e-01
9.911475951234136605e-01
9.909092009915637655e-01
9.906692213087060495e-01
9.904277983840298338e-01
9.901850809757197780e-01
9.899412246339864829e-01
9.896963920776116197e-01
9.894507536079837351e-01
9.892044875647515445e-01
9.889577808278380289e-01
9.887108293710982210e-01
9.884638388737941872e-01
9.882170253963241668e-01
9.879706161281067711e-01
9.877248502161900534e-01
9.874799796843810595e-01
9.872362704538550915e-01
9.869940034781568006e-01
9.867534760065281851e-01
9.865150029924542041e-01
9.862789186655341878e-01
9.860455782885594322e-01
9.858153601238832664e-01
9.855886676372934696e-01
9.853659319717786857e-01
9.851476147280452400e-01
9.849342110949610429e-01
9.847262533791578676e-01
9.845243149914207903e-01
9.843290149557976099e-01
9.841410230193667896e-01
