7.342854894306476421e-01
6.223748288120530825e-01
4.053984842479875783e-01
1.719398756806264639e-01
2.999140248737555692e-02
-4.695597040435598585e-03
2.101440977176909780e-02
6.723446473727888451e-02
1.149061818494788584e-01
1.572985718891815321e-01
1.929085119748179256e-01
2.221038080277554505e-01
2.457887153880494724e-01
2.649209994394999268e-01
2.803578145697219193e-01
2.928221589152887328e-01
3.029102442328010514e-01
3.111101417796695023e-01
3.178212181361044220e-01
3.233711092336579163e-01
3.280296232605233175e-01
3.320198449494016768e-01
3.355269352586572884e-01
3.387051093906977006e-01
3.416831962674783396e-01
3.445690936589865250e-01
3.474533538310596859e-01
3.504120675328944445e-01
3.535091554383694712e-01
3.567981176041003510e-01
3.603232185704173807e-01
3.641199690733776251e-01
3.682145368177777156e-01
3.726211998813939164e-01
3.773356205492545690e-01
3.823177806597884976e-01
3.874446444847480242e-01
3.923511164252148631e-01
3.956699121359310012e-01
3.866345925232546055e-01
4.617898243411642234e-01
4.425809383738443792e-01
4.477551316509367774e-01
4.565498762316789749e-01
4.671538515367205102e-01
4.791706050474549561e-01
4.925346338548666769e-01
5.073095447008988401e-01
5.236383243637611207e-01
5.417362707200084060e-01
5.619034409235140748e-01
5.845530684677165967e-01
6.102600050646773688e-01
6.398390927802305450e-01
6.744693949792772703e-01
7.158800760259270701e-01
7.665611707426037702e-01
8.295729057074846535e-01
9.049374434312861259e-01
9.618113490788313680e-01
7.834779231428425916e-01
1.536232755408185324e-01
1.785035434581294655e-02
1.555368976234891287e-01
2.808271327669246142e-01
3.738541483496273798e-01
4.449276705948851385e-01
5.021139898983554284e-01
5.502438129550770718e-01
5.921879670010783414e-01
6.296833418895958490e-01
6.638140370773357724e-01
6.952898237854510111e-01
7.246394831765134992e-01
7.524328264369588570e-01
7.798783043642114610e-01
8.128409839656663971e-01
5.420632488589718356e-01
8.076469149485241417e-01
8.318165690229085696e-01
8.471303631458820815e-01
8.579574465579777875e-01
8.649310112411031648e-01
8.678930069580493845e-01
8.662481764479282864e-01
8.589231849878777858e-01
8.441616654888103310e-01
8.191791112531809915e-01
7.797023959806628213e-01
7.195860764094722528e-01
6.312350673185291861e-01
5.086771251485165957e-01
3.556942625821945536e-01
1.961766658537514862e-01
7.051438020238591509e-02
7.880435895128889284e-03
5.014616020825055608e-03
3.822202171961544548e-02
8.489548988282907827e-02
1.317134736216225843e-01
1.729554324143663391e-01
2.066611677936920910e-01
2.352392705644973381e-01
2.567342145309683965e-01
2.735871075275680409e-01
2.866298147542436503e-01
2.966513960254671955e-01
3.043125319774746540e-01
3.101512708342645808e-01
3.146063109754514420e-01
3.180373801979706760e-01
3.207441565469627553e-01
3.229830480161747785e-01
3.249829663412256431e-01
3.269620924908291926e-01
3.291492240737792785e-01
3.318171030623072171e-01
3.353453972468967703e-01
3.403625025533166260e-01
3.481305334489500081e-01
3.618858434045426065e-01
3.939103202223408484e-01
5.724430544580991764e-01
1.719809242788115644e-01
2.685625484554039488e-01
2.961386046995221899e-01
3.119638025047911101e-01
3.245470774811620163e-01
3.366520984583039056e-01
3.497615130547237494e-01
3.651415926792979660e-01
3.843584182182628872e-01
4.098595911568778116e-01
4.461001988227525361e-01
5.022648106833489390e-01
5.990135595089924880e-01
7.627452119720247170e-01
5.065849176675660814e-01
5.453701024739594956e-03
5.451623167548624166e-02
1.185833292636715858e-01
1.637309309691432346e-01
1.968436956397743576e-01
2.230835813830122638e-01
2.454818680552308396e-01
2.659560842521902502e-01
2.859338767788143221e-01
3.067472204399739333e-01
3.300988817151878640e-01
3.586918518926482946e-01
3.980861720372302903e-01
4.627124711813783153e-01
6.041593226171502184e-01
9.460773676553694278e-01
2.532492266751157958e-03
1.189752181636836298e-01
1.905140341803419346e-01
2.327297710131472630e-01
2.618275252235180983e-01
2.840965880856403114e-01
3.023151890570838218e-01
3.178313102968520765e-01
3.313072910044368991e-01
3.430160408252282966e-01
3.529194391958933585e-01
3.608248459795794227e-01
3.661284627301917283e-01
3.678734270408378082e-01
3.644344379267652756e-01
3.530362015809088705e-01
3.287373605124578879e-01
2.822906787429133035e-01
1.964783794363950120e-01
5.577002152706211913e-02
8.047342956036145079e-02
7.594448596744033386e-01
9.727450261426124900e-01
9.454605682682861723e-01
8.959026275806041273e-01
8.447378828981841892e-01
7.850077359628639950e-01
7.047173983833849853e-01
5.896633778699175155e-01
4.295725297276278831e-01
2.378130961187510939e-01
7.406537970105263324e-02
9.465561328472246738e-03
4.335210145617936911e-02
9.979098383711795806e-02
4.792359227376066788e-01
3.814513715969271579e-01
4.151332090730732727e-01
4.440210378897524457e-01
4.624512613684708673e-01
4.714588315046481792e-01
4.728325398341473029e-01
4.682373225980712705e-01
4.590965828223632639e-01
4.466250239619133366e-01
4.318844010585851101e-01
