9.313132031683779566e-01
9.343362339647407477e-01
9.382857360030902871e-01
9.429046427130831631e-01
9.479661916976905855e-01
9.532735131196214962e-01
9.586586412902015075e-01
9.639810797382271090e-01
9.691260347132417685e-01
9.740024171226862038e-01
9.785406986351845582e-01
9.826906943236710656e-01
9.864193319104250790e-01
9.897084564877964841e-01
9.925527095523617449e-01
9.949575122990241827e-01
9.969371753394661306e-01
9.985131502826961603e-01
9.997124328783992819e-01
1.000566122595598184e+00
1.001108139515729079e+00
1.001374096172008787e+00
1.001400319387772964e+00
1.001223015174957709e+00
1.000877568274536777e+00
1.000397966881591438e+00
9.998163424351914630e-01
9.991626140044654880e-01
9.984642267156590423e-01
9.977459737888355606e-01
9.970298920465547887e-01
9.963352211806751901e-01
9.956784175863604425e-01
9.950732141626368321e-01
9.945307181178858480e-01
9.940595394803183327e-01
9.936659436867454342e-01
9.933540222887763393e-01
9.931258764688288831e-01
9.929818086852968406e-01
9.929205183647493715e-01
9.929392981211667690e-01
9.930342275078923864e-01
9.932003617926504768e-01
9.934319136902677316e-01
9.937224263924119283e-01
9.940649365965895656e-01
9.944521265626264928e-01
9.948764645126930706e-01
9.953303329445012393e-01
9.958061446466660582e-01
9.962964463960469752e-01
9.967940104764766440e-01
9.972919142949764337e-01
9.977836084822843121e-01
9.982629739554050863e-01
9.987243684907666230e-01
9.991626634110509775e-01
9.995732710281352018e-01
9.999521635104826611e-01
1.000295883858441925e+00
1.000601549676091606e+00
1.000866850424825927e+00
1.001090038834583140e+00
1.001269917132520115e+00
1.001405818730002784e+00
1.001497585984675975e+00
1.001545544629928397e+00
1.001550475436584708e+00
1.001513583644924710e+00
1.001436466677807058e+00
1.001321080620125814e+00
1.001169705926668207e+00
1.000984912799515847e+00
1.000769526660350461e+00
1.000526594132988834e+00
1.000259349948018794e+00
9.999711851898008819e-01
9.996656173246889487e-01
9.993462624878466372e-01
9.990168105659860132e-01
9.986810037038599264e-01
9.983426189941588813e-01
9.980054562968229126e-01
9.976733323905986328e-01
9.973500830037399512e-01
9.970395747124195518e-01
9.967457292076393749e-01
9.964725628829721460e-01
9.962242446492296510e-01
9.960051730326755504e-01
9.958200661874214710e-01
9.956740343164495188e-01
9.955725288851082766e-01
9.955208238341577420e-01
9.955218694605012519e-01
9.955682601102545659e-01
9.956100981476315726e-01
9.953987115941552721e-01
9.933368517315318558e-01
9.541321483770676126e-01
1.056735117090719545e+00
8.471064567325000683e-01
9.678556126463220277e-01
9.799892919812346337e-01
9.840878876800397412e-01
9.861536186861793452e-01
9.873985652274642755e-01
9.882365056829325312e-01
9.888450615364181573e-01
9.893117978676861934e-01
9.896839665789860518e-01
9.899886176500808377e-01
9.902417889673758022e-01
9.904531150873909784e-01
9.906283163954994198e-01
9.907706286381628979e-01
9.908816683743457698e-01
9.909619820458877015e-01
9.910114095504110043e-01
9.910293347808704079e-01
9.910148648604772958e-01
9.909669629004993485e-01
9.908845494296785184e-01
9.907665818695510218e-01
9.906121178039978270e-01
9.904203653044979516e-01
9.901907215384013750e-01
9.899227986096381660e-01
9.896164318820159789e-01
9.892716580246244673e-01
9.888886289445470990e-01
9.884673620709587549e-01
9.880069767545461845e-01
9.875027849201232222e-01
9.869286356771633795e-01
9.857012475399083984e-01
9.861589963144734572e-01
9.854676012626977233e-01
9.848334799971492082e-01
9.842023254120375597e-01
9.835684366714119164e-01
9.829334125397052313e-01
9.823010058131842470e-01
9.816758837110894920e-01
9.810631951722286193e-01
9.804683658244929267e-01
9.798969690540009214e-01
9.793546241088807447e-01
9.788469028525750293e-01
9.783792375651354511e-01
9.779568265015018413e-01
9.775845358520625084e-01
9.772667977321431998e-01
9.770075043975344764e-01
9.768098992708594830e-01
9.766764656666586664e-01
9.766088143709804603e-01
9.766075714868365232e-01
9.766722682099132635e-01
9.768012344570597971e-01
9.769914985332924795e-01
9.772386952914062785e-01
9.775369855105090489e-01
9.778789894917785386e-01
9.782557381372458671e-01
9.786566450344378332e-01
9.790695033098117950e-01
9.794805112264098890e-01
9.798743306796677821e-01
9.802341828721733430e-01
9.805419855153240105e-01
9.807785358916170093e-01
9.809237440001211672e-01
9.809569197754922643e-01
9.808571179908616156e-01
9.806035438963401907e-01
9.801760218662762814e-01
9.795555282770923577e-01
9.787247884391617747e-01
9.776689355446976926e-01
9.763762270732200266e-01
9.748388105516625490e-01
9.730535252424045156e-01
9.710227175270890188e-01
9.687550312190066348e-01
9.662660979803504580e-01
9.635789602208308935e-01
9.607237714129230888e-01
9.577352039217791324e-01
9.546400935357371997e-01
9.513756382739498862e-01
9.465262037498116676e-01
9.464015032621408974e-01
9.438524234688570047e-01
9.415978791454500119e-01
9.397429638646924710e-01
9.382490611846473483e-01
9.367721450939208161e-01
9.334514618230647098e-01
