1.851517834091565284e-01
2.298479385268391018e-01
2.683492264274179862e-01
3.011281516607449693e-01
3.289360832559951597e-01
3.525450213697735591e-01
3.726513631373187807e-01
3.898499550256697144e-01
4.046364636527733927e-01
4.174195806270059039e-01
4.285352781806039402e-01
4.382600959095774851e-01
4.468225020350707344e-01
4.544122237709311007e-01
4.611877573309757228e-01
4.672823545754803964e-01
4.728087772606738848e-01
4.778630716392755495e-01
4.825275713977884018e-01
4.868732957984377996e-01
4.909618761962198930e-01
4.948471201769947259e-01
4.985763156270658358e-01
5.021914250899013332e-01
5.057306939921457634e-01
5.092351626525666308e-01
5.125968448446605041e-01
5.161414058186228893e-01
5.196635008845453818e-01
5.232339694722288881e-01
5.268750733741426329e-01
5.306045127263150363e-01
5.344377335877773527e-01
5.383884549290525179e-01
5.424688983591040570e-01
5.466899286824181692e-01
5.510611537131797633e-01
5.555909994586470946e-01
5.602867687732501212e-01
5.651546917661917080e-01
5.701999886478594792e-01
5.754270462168279421e-01
5.808407760516578477e-01
5.864018091841264324e-01
5.922101775299613013e-01
5.981825533469748990e-01
6.043391124477792697e-01
6.106782290141496983e-01
6.171963652034037073e-01
6.238885967699292490e-01
6.307486603017522508e-01
6.377689310323069183e-01
6.449403848725647759e-01
6.522525573053115089e-01
6.596935038414980523e-01
6.672497646809216754e-01
6.749063355459881119e-01
6.826466463507894211e-01
6.904525491379872593e-01
6.983043164604961772e-01
7.061806510588558572e-01
7.140587072622103237e-01
7.219141240034697704e-01
7.297210686761032017e-01
7.374522902604617736e-01
7.450791792083795162e-01
7.525718304922145441e-01
7.598991050025776239e-01
7.670286831214645495e-01
7.739271028147853837e-01
7.805597729913633653e-01
7.868909511835665560e-01
7.928836728480475049e-01
7.984996178301764225e-01
8.036988979718332482e-01
8.084397490932087038e-01
8.126781131452444074e-01
8.163671149839030194e-01
8.194565692023707548e-01
8.218945393997275639e-01
8.235811376755041158e-01
8.245271808346235076e-01
8.245979464663808489e-01
8.237168769850650163e-01
8.217827557356630619e-01
8.186765793258289348e-01
8.142561542181337986e-01
8.083328558792142182e-01
7.992181451338270515e-01
7.916806220948350292e-01
7.801473678201245043e-01
7.661708207015829331e-01
7.497630315938936807e-01
7.300032981194939374e-01
7.072852361809823796e-01
6.805331987335120347e-01
6.497059056226650586e-01
6.145029367906599260e-01
5.747494943317710270e-01
5.304489746916901671e-01
4.818541956877189225e-01
4.295372227847013002e-01
3.744399661377727506e-01
3.178840948482952733e-01
2.615203589250966743e-01
2.072078967867038435e-01
1.568355275453131581e-01
1.120880291282349700e-01
7.431475418839821045e-02
4.431882916133746131e-02
2.236592268766202790e-02
8.214134536939938364e-03
1.224384645711121310e-03
4.994573532061206272e-04
5.020261100044835084e-03
1.375785027582460823e-02
2.575219515786342228e-02
4.015840339214674787e-02
5.626653173909869354e-02
7.350285561545880086e-02
9.141987131657275389e-02
1.096806898530943569e-01
1.280417047614384463e-01
1.463359100622762532e-01
1.644581459166526427e-01
1.823528474334464300e-01
2.000045386489900656e-01
2.174316638677399049e-01
2.346925366852437300e-01
2.517160842210788285e-01
2.688673068025831947e-01
2.860824950280471124e-01
3.035524626701187056e-01
3.214810976276257781e-01
3.401330378802188692e-01
3.598656761582171293e-01
3.811806185970324501e-01
4.048132859371255110e-01
4.318973571171779158e-01
4.642853067979095250e-01
5.052182172285724082e-01
5.608262215118630101e-01
6.432653211084933265e-01
7.775513475222921578e-01
9.087017563839314693e-01
2.533245990026549710e-01
9.449093373335054266e-03
1.034278832861241504e-01
1.814765086770743496e-01
2.362085661869817443e-01
2.766517276352321586e-01
3.083971191953168156e-01
3.345777889975893871e-01
3.570118049893665213e-01
3.768063910586184617e-01
3.946637791679542540e-01
4.109056161423731979e-01
4.263177637607084569e-01
4.406175599861614778e-01
4.541330231846850141e-01
4.669678540347106943e-01
4.791986794788006820e-01
4.909079487498144156e-01
4.998015641189154645e-01
5.119891546531504245e-01
5.219998303118703609e-01
5.312408262392939173e-01
5.400378462898414167e-01
5.479540089311805140e-01
5.550856409654079116e-01
5.613320584331356056e-01
5.665794001969898241e-01
5.706912364062604048e-01
5.735035089965807575e-01
5.748186055173397646e-01
5.743978463800126777e-01
5.719519828147707763e-01
5.671293795270847538e-01
5.595017286170789195e-01
5.485476029328009151e-01
5.336352234334914568e-01
5.140080650743945601e-01
4.887813761225550668e-01
4.569659562202587066e-01
4.175496994189403233e-01
3.696885138953545646e-01
3.130810690449219447e-01
2.486019342237139051e-01
1.791815555483481093e-01
1.106515926829356594e-01
5.181748839843646620e-02
1.278364393079062244e-02
1.396789873781219965e-03
1.969228166041308084e-02
6.225264248279288593e-02
1.211225221134824698e-01
1.862756633230173986e-01
2.506058742987209986e-01
3.098036307602559103e-01
3.619242989860151916e-01
