7.175219844025573224e-01
7.092302232174778620e-01
7.028997880813794286e-01
6.986004779112210406e-01
6.963437004913433093e-01
6.960894283238922009e-01
6.977194239949650045e-01
7.012372168879720258e-01
7.063578908840404402e-01
7.129593637464129996e-01
7.208481408715864402e-01
7.298178818456095840e-01
7.396527493316559232e-01
7.501309070596875461e-01
7.610274507385045295e-01
7.721166564799393228e-01
7.831734640810195103e-01
7.939740852757736223e-01
8.042955731960481636e-01
8.139141052101593887e-01
8.226016027207955217e-01
8.301201070686141659e-01
8.362124545507451101e-01
8.405928789062752093e-01
8.429188527309422474e-01
8.427698659586941865e-01
8.396058736146649881e-01
8.326824668989597500e-01
8.209704023690446162e-01
8.029869674945465663e-01
7.765666952907192000e-01
7.385343047850261300e-01
6.843198594576138660e-01
6.077712896569719137e-01
5.020895923568959862e-01
3.642686118448110744e-01
2.062111345738337209e-01
6.738660945277098746e-02
1.771457319137060031e-03
2.923707875195485917e-02
1.174075180042451205e-01
2.214836013187457819e-01
3.152687805953217071e-01
3.906668067550790324e-01
4.482221673756476843e-01
4.912834745907275757e-01
5.229252935358010834e-01
5.460244281613928496e-01
5.626827750718685905e-01
5.744801884883434795e-01
5.825946387157809880e-01
5.879099804385096162e-01
5.910980857092879015e-01
5.926790408969455637e-01
5.930651835964910745e-01
5.925941213179420908e-01
5.915549206938722770e-01
5.902110833769638187e-01
5.888240535952052879e-01
5.876823039836139850e-01
5.871447023577976987e-01
5.877161207661515396e-01
5.901978085450607647e-01
5.960276515441911283e-01
6.081770069671389445e-01
6.340652811920528542e-01
6.986903726238617995e-01
9.410204862269742065e-01
4.241616822838725764e-02
2.995423867372006832e-01
3.691263198681870028e-01
3.960326435706413295e-01
4.079809165363598167e-01
4.129708350241517723e-01
4.140839304337585181e-01
4.127544720511746590e-01
4.097152234953930772e-01
4.053600355571344016e-01
3.998982280855024052e-01
3.934360125463904900e-01
3.858550219397752223e-01
3.773597705866889029e-01
3.676531756749019109e-01
3.566334534895921893e-01
3.440067980356162347e-01
3.294966446669682636e-01
3.126104220888489826e-01
2.927678655322752399e-01
2.691710034772212823e-01
2.407693853259764427e-01
2.062288753909033712e-01
1.640412823770936446e-01
1.131977230909302495e-01
5.591853890419577061e-02
7.355541229732837083e-03
2.325216419541796531e-02
2.235822784761120341e-01
6.110814325218341114e-01
8.946993504413573994e-01
9.743041408543330339e-01
9.568352163373224917e-01
9.131070931261713319e-01
8.669090012791194066e-01
8.237122884178903481e-01
7.830380695134403490e-01
7.420201129293501063e-01
6.954809655422925507e-01
6.332053758228086693e-01
5.301469422709399471e-01
3.115044969954179344e-01
1.018241255265086437e-02
8.530153651632907952e-01
9.879320264757515124e-01
9.647863362626578621e-01
9.402713084955608425e-01
9.233256482686168498e-01
9.124673087263527327e-01
9.060007508419030131e-01
9.026893361822356798e-01
9.018975689851069788e-01
9.028887916185074358e-01
9.053275490068122267e-01
9.089116443558815650e-01
9.134036107578861197e-01
9.186089485546607980e-01
9.243621272712420067e-01
9.305168126575211751e-01
9.369432043685198552e-01
9.435169685070102785e-01
9.501241360066454700e-01
9.566558942146698996e-01
9.630091298468257399e-01
9.690873659416894270e-01
9.748037523537879112e-01
9.800888929045556974e-01
9.849146007806791614e-01
9.893954152973274407e-01
9.946855237622241885e-01
9.820106315083181325e-01
9.927214518488336470e-01
9.944243479015748566e-01
9.947087910944713007e-01
9.939809402344760292e-01
9.924258186465413356e-01
9.901923704588689867e-01
9.874582009438480634e-01
9.844352619713587771e-01
9.813193970684388479e-01
9.780670015238465131e-01
9.735435424049465603e-01
9.621682572087583152e-01
9.196669400750970835e-01
7.467459323720634368e-01
2.711324608670576120e-01
7.329536600368043685e-03
1.151891282322192595e-01
2.145622344259511816e-01
2.581991433421015336e-01
2.635291092725370876e-01
2.433030965245100430e-01
2.046143601682356428e-01
1.523359813202638802e-01
9.232435603011283909e-02
3.539261356624563704e-02
2.461181212776190116e-03
2.677089725027287717e-02
1.406796409765465050e-01
3.391646212977444952e-01
5.637897474380233476e-01
7.491675822323924372e-01
8.699663473230873079e-01
9.346790658111191474e-01
9.613362527109322597e-01
9.650001596663256853e-01
9.555834422123172800e-01
9.390067583119728889e-01
9.186497275470977275e-01
8.963745937804542541e-01
8.731415258280935676e-01
8.493468846893292845e-01
8.249817357237995141e-01
7.996538932513793663e-01
7.724536954280287748e-01
7.415250211869115482e-01
7.028428458139867052e-01
6.461771652160231971e-01
5.344205346200339157e-01
2.297828104385476744e-01
6.075685146850844376e-01
9.153559062674918589e-01
8.698244089641764543e-01
8.348391384413108574e-01
8.112144824474196714e-01
7.947220237093797213e-01
7.830209096216779185e-01
7.748454203763349701e-01
7.694685741866026385e-01
7.664419928853885011e-01
7.654664753799956811e-01
7.663044839425150467e-01
