6.767218648924669955e-01
6.803777270452052717e-01
6.830967039762614323e-01
6.850238063292313218e-01
6.862996706203776665e-01
6.870584275796124407e-01
6.874260113197595556e-01
6.875188936762239855e-01
6.874432105829778594e-01
6.872942379807353008e-01
6.871561707083937431e-01
6.871021573076978584e-01
6.871945455593143626e-01
6.874852973370554343e-01
6.880165375160703922e-01
6.888212140902237879e-01
6.899238871532163975e-01
6.913419023151539111e-01
6.930906881466550873e-01
6.951136871567102915e-01
6.975240763628667295e-01
7.002364452658851324e-01
7.032087307006070764e-01
7.065390885474643889e-01
7.101124640830142054e-01
7.139336579832358254e-01
7.179799906972980095e-01
7.222260353912576258e-01
7.266445094429283547e-01
7.312065781213938909e-01
7.358820115553778018e-01
7.406392487355141219e-01
7.454453766289157457e-01
7.502660217629375516e-01
7.550651464638098442e-01
7.598047371993370547e-01
7.644443666834979112e-01
7.689406036633851249e-01
7.732462336813575865e-01
7.773092392993727895e-01
7.810714674256334922e-01
7.844668817192479437e-01
7.874192553850740683e-01
7.898390976397037244e-01
7.916195159772665413e-01
7.926305811674815294e-01
7.927115604467136478e-01
7.916600881615486474e-01
7.892169585442713187e-01
7.850455228091310911e-01
7.785789219672626382e-01
7.695253703889074481e-01
7.567524217899869177e-01
7.391770563886679302e-01
7.151417368264597618e-01
6.822813248330533709e-01
6.372447101941423053e-01
5.754479757716700616e-01
4.912563173958694462e-01
3.798242330755652318e-01
2.433386329246262914e-01
1.038559329209579329e-01
1.154834281544558396e-02
1.576708095211321395e-02
1.114192764541846598e-01
2.460804921537019518e-01
3.742999963759734983e-01
4.780806849228246835e-01
5.564676025170902651e-01
6.141279624596529541e-01
6.562018346678720748e-01
6.868443015406224816e-01
7.091087761501951858e-01
7.251708707068839077e-01
7.365739331114999899e-01
7.444215232279500771e-01
7.495139972054167821e-01
7.524421253625884765e-01
7.536507114707141630e-01
7.534820004868439947e-01
7.522056281335988137e-01
7.500396083821084803e-01
7.471652086729588804e-01
7.437362132655274127e-01
7.397402214884024607e-01
7.358193877059578947e-01
7.315576058803584525e-01
7.272915222050617690e-01
7.231716617725049145e-01
7.193796872321016611e-01
7.161451906160555270e-01
7.137750845997808957e-01
7.127032116139681017e-01
7.135783867738901831e-01
7.174299088343015773e-01
7.259820273797046308e-01
7.426155710922817121e-01
7.735466856456620910e-01
8.322490778284509227e-01
9.233253274913719721e-01
3.969517246293911006e-01
6.102424191083627436e-02
2.319666507075849038e-01
3.115538919631081205e-01
3.487872413220342027e-01
3.662596966182227187e-01
3.729863758822579700e-01
3.731146286759817743e-01
3.686031490886207407e-01
3.605884685986390226e-01
3.496407056007970193e-01
3.360406769448257558e-01
3.198819137912997657e-01
3.011292594351153706e-01
2.796561708384563416e-01
2.552762485226082734e-01
2.277826272453471190e-01
1.970127749305327913e-01
1.629666740133150493e-01
1.260254884796603581e-01
8.734677150850651828e-02
4.954142497199694184e-02
1.771656826099552232e-02
7.387461485922280175e-04
1.181704313312848149e-02
6.612561012571195607e-02
1.728992016355763162e-01
3.246402669660544138e-01
4.950564724551270723e-01
6.527720912208355708e-01
7.779508551113684112e-01
8.664805619587169216e-01
9.238953133877498836e-01
9.584976563838830677e-01
9.777261022535082002e-01
9.871312394719921057e-01
9.905128247280139409e-01
9.903599768539086412e-01
9.882648416813282211e-01
9.852307194331252349e-01
9.818816063620374734e-01
9.785990185041683054e-01
9.756097804215561053e-01
9.730420312137852967e-01
9.709610062945264186e-01
9.693922509929268072e-01
9.683225581213067423e-01
9.677644769663764635e-01
9.676690318244511868e-01
9.680091887302244569e-01
9.687499601241924552e-01
9.698545774597852054e-01
9.712858510780811860e-01
9.730070008131069814e-01
9.749822638800484942e-01
9.771774121605221186e-01
9.795602113009082013e-01
9.820999290295817641e-01
9.846042788283164704e-01
9.875063544288146256e-01
9.904909002834831888e-01
9.935008920189288828e-01
9.966373326688402479e-01
9.998500701861716689e-01
1.002319179208294386e+00
9.897145720190551055e-01
4.694559076231518135e-01
9.397626941185551752e-01
9.729308136861551937e-01
9.819880446470403701e-01
9.851492777935003664e-01
9.854754626253723337e-01
9.836477578489997153e-01
9.797737274527074103e-01
9.732949932115309011e-01
9.633014469707132932e-01
9.480202861907142120e-01
9.239317086252988309e-01
8.833701942254976736e-01
8.072587962287214314e-01
6.408223104266630443e-01
2.534044210293860955e-01
1.303044449282614869e-01
6.976073680622577600e-01
9.138166668759142297e-01
9.767090502971973454e-01
9.959381085873403316e-01
1.000230126832886146e+00
9.985253033252577959e-01
9.942656490202407271e-01
9.891154198986233936e-01
9.839364061580616605e-01
9.771450728344741599e-01
9.330627551565544575e-01
7.064734140892264813e-02
6.465363949156496259e-01
7.739423138320674633e-01
8.015924811308722253e-01
8.065270651606005758e-01
8.033626267054909675e-01
