7.721108624693520106e-01
7.770596453822827820e-01
7.803421733387576609e-01
7.824385657978086828e-01
7.836744090642071559e-01
7.842745966880294572e-01
7.843967446657215126e-01
7.841526412310224625e-01
7.836224182477974365e-01
7.828641423993029091e-01
7.819204347026967872e-01
7.808231085553212214e-01
7.795964542452428203e-01
7.782595792196070894e-01
7.768280775256418691e-01
7.753152120810398173e-01
7.737272140897456518e-01
7.720917551877772844e-01
7.704023792809920890e-01
7.686733318723715236e-01
7.669179302797964892e-01
7.651433671485424748e-01
7.633601328660047924e-01
7.615780627716254303e-01
7.598068754524687218e-01
7.580561406681092240e-01
7.563352217271203104e-01
7.546532128739213974e-01
7.530188774604381630e-01
7.514405899492011542e-01
7.499262835935254223e-01
7.484834048661529460e-01
7.471188751466661948e-01
7.458390597579062087e-01
7.446497441320200084e-01
7.435561166613995354e-01
7.425627576389166595e-01
7.416736336065447022e-01
7.408920964259136932e-01
7.402208865095601942e-01
7.396621401078731228e-01
7.392174021126978189e-01
7.388876522843029759e-01
7.386733897149641015e-01
7.385752201165076691e-01
7.385678543010908426e-01
7.387114952271928159e-01
7.389507429831527752e-01
7.392976247782552246e-01
7.397495703988000715e-01
7.403030092371846171e-01
7.409536840641381961e-01
7.416966769964388195e-01
7.425263878801413586e-01
7.434364936885038411e-01
7.444198936602133276e-01
7.454686400718628647e-01
7.465738529667282908e-01
7.477256162596948030e-01
7.489128517860740297e-01
7.501231668117390727e-01
7.513426690217305248e-01
7.525557405128430188e-01
7.537447571099021859e-01
7.548897241152480175e-01
7.559677312151560358e-01
7.569515640366142328e-01
7.577769740412758637e-01
7.585384518616931082e-01
7.590548928328166856e-01
7.593249666936637832e-01
7.593009963904356896e-01
7.589172983937696459e-01
7.580966278511845902e-01
7.567460693625055468e-01
7.547525893401587638e-01
7.519772186399222846e-01
7.482472223720781912e-01
7.433454089521424057e-01
7.369953577284438229e-01
7.288407790266058228e-01
7.184163860575649707e-01
7.051064643113735819e-01
6.880857312566306394e-01
6.662353250002304161e-01
6.380260854763092349e-01
6.013661435252385390e-01
5.534342665849512066e-01
4.906041727194595525e-01
4.088333342923304303e-01
3.054749385983385190e-01
1.847087235009048922e-01
6.824042534902265145e-02
2.957111418869370727e-03
3.703115216554156430e-02
1.663386935261288724e-01
3.334621775427890067e-01
4.862510549143354011e-01
6.052922657035804122e-01
6.919141467015066382e-01
7.535532616893494406e-01
7.973753789872463082e-01
8.287696580624781539e-01
8.514379869476000895e-01
8.681164807834640396e-01
8.802464360586893521e-01
8.891264703005926640e-01
8.955576467851653621e-01
9.001082043204244876e-01
9.031857048768389129e-01
9.050874780922364415e-01
9.060344487975717787e-01
9.061939688592282049e-01
9.056954015220713972e-01
9.046385304580537579e-01
9.029896233271965666e-01
9.011541393316843118e-01
8.988739564345368249e-01
8.962896881342088395e-01
8.934485188826616353e-01
8.903909245184690180e-01
8.871540017013129775e-01
8.837726919366802880e-01
8.802805846245584931e-01
8.767105451588141918e-01
8.730952531447068177e-01
8.694677008727043077e-01
8.658616908285183822e-01
8.623123657947363574e-01
8.588567983559662888e-01
8.555346419107420219e-01
8.523887313638337515e-01
8.494648872527528205e-01
8.468046512377882529e-01
8.441828688441209705e-01
8.428612617866433343e-01
8.414720926749299501e-01
8.407686610101094971e-01
8.408576575719253210e-01
8.416016366867219434e-01
8.445846039657073367e-01
8.486785627833079992e-01
8.550909637646383343e-01
8.646767801827026645e-01
8.787690451909150324e-01
8.993319567726698605e-01
9.283854263193510592e-01
9.595895508499613369e-01
8.853701549452118735e-01
1.670719693200240497e-01
1.074867236580687585e-01
3.254459810826191291e-01
4.374549937240547193e-01
4.957998654726433196e-01
5.276961770715898892e-01
5.440739921963350101e-01
5.489955680532777604e-01
5.424748155719042453e-01
5.196626485249213889e-01
4.634072511470735956e-01
3.037167958945375390e-01
1.358818023974057432e-01
9.846030997725238043e-01
8.761170680907061081e-01
8.235655829364414426e-01
7.965418078211013997e-01
7.810035299142707998e-01
7.714342683263343270e-01
7.653127810650474094e-01
7.613366185836764055e-01
7.587662961914779514e-01
7.571483947289635585e-01
7.561853405608706113e-01
7.556684818013610361e-01
7.554409142388182063e-01
7.553730433620672313e-01
7.554061881641539467e-01
7.540935193280616788e-01
7.545983964742823957e-01
7.538851647641182652e-01
7.523870417260496435e-01
7.495999536744538672e-01
7.452507295300214718e-01
7.375429499935505229e-01
7.238506988843507184e-01
6.976256119273247513e-01
6.397906768293724067e-01
4.777517242117597651e-01
1.635045900791416984e-01
7.778097166906076110e-01
8.920943327137047518e-01
9.035727123782322234e-01
9.064179709166733101e-01
9.103773223087440192e-01
9.167354960896254568e-01
9.256671666065630077e-01
9.372875102671955894e-01
9.518345469744615706e-01
9.696088459446658980e-01
9.902080982824841282e-01
