9.983887388691128351e-01
9.994218880383725079e-01
9.998296565198214747e-01
9.997233833267210601e-01
9.992069207485118065e-01
9.983754841757195297e-01
9.973149393949937158e-01
9.961014547350797166e-01
9.948014522025285800e-01
9.934717985692989028e-01
9.921601840898621738e-01
9.909056430035964036e-01
9.897391761257271492e-01
9.886844415775559725e-01
9.877584850136519323e-01
9.869724855470975999e-01
9.863324979418102156e-01
9.858401755416174028e-01
9.854934618505855060e-01
9.852872416868292405e-01
9.852139454329710277e-01
9.852641021233472518e-01
9.854268389770303171e-01
9.856903265361512956e-01
9.860421698338054375e-01
9.864697470252925537e-01
9.869604977025763226e-01
9.875021637008633002e-01
9.880829856276333034e-01
9.886918586191971725e-01
9.893184509842053442e-01
9.899532894438596298e-01
9.905878146466474687e-01
9.912144105315389142e-01
9.918264109574378429e-01
9.924180868128373856e-01
9.929846165827642679e-01
9.935220430809376113e-01
9.940272187633667489e-01
9.944977417210759674e-01
9.949318841060545981e-01
9.953285143663794798e-01
9.956870142431537563e-01
9.960071909913266186e-01
9.962891846958376041e-01
9.965333698146818797e-01
9.967402491090259220e-01
9.969103367972935725e-01
9.970440258984656356e-01
9.971414319988045616e-01
9.972022015752807222e-01
9.972252666958495437e-01
9.972085179488069384e-01
9.971483513371433016e-01
9.970390181408120833e-01
9.968716612038159841e-01
9.966328411908143003e-01
9.963022115229499542e-01
9.958487284667617567e-01
9.952242495975173187e-01
9.943522788270618973e-01
9.931072412508543668e-01
9.912741798361455192e-01
9.884650670669256067e-01
9.839304704721162365e-01
9.760907157853583316e-01
9.612071887324465935e-01
9.289193757838445364e-01
8.436314028720418579e-01
5.554613609125030882e-01
4.054935594723163908e-03
4.967326028804801563e-01
7.813491260483298451e-01
8.781091630382170665e-01
9.194474561675091140e-01
9.406193922761314496e-01
9.528587394906437025e-01
9.605400310662928209e-01
9.656422430108073662e-01
9.691660923171391273e-01
9.716624878717624592e-01
9.734556142063479633e-01
9.747467401690522726e-01
9.756664481772552300e-01
9.763026459258540291e-01
9.767164104020266135e-01
9.769513615606111312e-01
9.770394253756631286e-01
9.770044967233405542e-01
9.768648357612411681e-01
9.766346759070924088e-01
9.763253270092071556e-01
9.759459470262039638e-01
9.755040910045893465e-01
9.750061072958066122e-01
9.744574269638278663e-01
9.738627771745199668e-01
9.732263395748839141e-01
9.725518682339577836e-01
9.718427774101124905e-01
9.711022064790689745e-01
9.703330673331286294e-01
9.695380781471424347e-01
9.687197864014214232e-01
9.678805833333318231e-01
9.670227114651694933e-01
9.661482664750535854e-01
9.652591943920408868e-01
9.643572848858029678e-01
9.634441612605497696e-01
9.625212676394594435e-01
9.615898537307746574e-01
9.606509574911994420e-01
9.597053859392578046e-01
9.587536943200332118e-01
9.577961637748394486e-01
9.568327776246902117e-01
9.558631963307835377e-01
9.548867311447526429e-01
9.539023164018528567e-01
9.529084803391035807e-01
9.519033142279169635e-01
9.508844394916835530e-01
9.498489723203348278e-01
9.487934850797887787e-01
9.477139635229091530e-01
9.466057584042929518e-01
9.454635295361321079e-01
9.442811795202741276e-01
9.430517732365608641e-01
9.417674374780998781e-01
9.404192326106626254e-01
9.389969843199601485e-01
9.374890575999211828e-01
9.358820457592217368e-01
9.341603319459488297e-01
9.323054550586220568e-01
9.302951674536449334e-01
9.281019917769179894e-01
9.256909336308637437e-01
9.230157089404744664e-01
9.200122201370454222e-01
9.165866091966058393e-01
9.125917666723258881e-01
9.077767521948696405e-01
9.016639516727082970e-01
8.931958606348079366e-01
8.794199993516503833e-01
8.476753364976322702e-01
5.929163718403633876e-01
9.876503478147955484e-01
9.380778629339547869e-01
9.193749566672737572e-01
9.075230617325810156e-01
8.979859345049689967e-01
8.892623207596954682e-01
8.806619783461706596e-01
8.717653437318348963e-01
8.622345689273441804e-01
8.517154915708288199e-01
8.397494086345973496e-01
8.256387151529251955e-01
8.081642008500566909e-01
7.848458639270057269e-01
7.495056485735089868e-01
6.809739971909641865e-01
4.483705324858860974e-01
5.844104060953798641e-01
8.588080450273074540e-01
8.185758711408466226e-01
7.819484801651839234e-01
7.568825630973879948e-01
8.018206613997250765e-01
2.171366957946889165e-01
3.562349009275134204e-01
2.756965775328361068e-01
1.565286682048551148e-01
4.503079860771248139e-02
6.032761019890777593e-03
8.455820647456967210e-02
2.496863359305996899e-01
4.293931339357525134e-01
5.795531281334515006e-01
6.919096690016033335e-01
7.734400301769268626e-01
8.311764386171109908e-01
8.760935964281637567e-01
9.102214525813046020e-01
9.373696246567072565e-01
9.596690615968050952e-01
9.784662790595077819e-01
9.946034093972822010e-01
1.008584181927363765e+00
1.020676740072335997e+00
1.030977377018172270e+00
1.039448673879828311e+00
1.045938858862280885e+00
1.050183725326166329e+00
1.051785593795748097e+00
1.050150579993657685e+00
