9.887608203898012871e-01
9.889695322026221813e-01
9.891824523152765725e-01
9.893994176064609958e-01
9.896202580683007843e-01
9.898447967660464197e-01
9.900728497975433973e-01
9.903042262532663065e-01
9.905387281775228647e-01
9.907761505308675387e-01
9.910162811545449868e-01
9.912589007369555505e-01
9.915037827829985551e-01
9.917506935866358120e-01
9.919993922065840630e-01
9.922496304463399586e-01
9.925011528383901327e-01
9.927536966329189028e-01
9.930069917920865130e-01
9.932607609892730727e-01
9.935147196145610593e-01
9.937685757863385927e-01
9.940220303695214144e-01
9.942747770007470676e-01
9.945265021211413536e-01
9.947768850167164612e-01
9.950255978671614931e-01
9.952723058030313874e-01
9.955166669721751127e-01
9.957583326156271841e-01
9.959969471534313445e-01
9.962321482806438810e-01
9.964635670747055141e-01
9.966908281137127901e-01
9.969135496069123636e-01
9.971313435372940459e-01
9.973438158175534918e-01
9.975505664592455579e-01
9.977511897562719723e-01
9.979452744830059618e-01
9.981324041078916132e-01
9.983121570229562813e-01
9.984841067900943612e-01
9.986478224048556118e-01
9.988028685781035199e-01
9.989488060368547639e-01
9.990851918446536084e-01
9.992115797424402368e-01
9.993275205106606496e-01
9.994325623537609893e-01
9.995262513074038013e-01
9.996081316701000974e-01
9.996777464594281959e-01
9.997346378943657852e-01
9.997783479045008193e-01
9.998084186673246165e-01
9.998243931745995905e-01
9.998258158289042852e-01
9.998122330717308381e-01
9.997831940440665699e-01
9.997382512808804522e-01
9.996769614409185545e-01
9.995988860728504122e-01
9.995035924195124766e-01
9.993906542613810728e-01
9.992596528011193913e-01
9.991101775904601690e-01
9.989418275012470483e-01
9.987542117422308907e-01
9.985469509235078700e-01
9.983196781703373990e-01
9.980720402881658737e-01
9.978036989812124613e-01
9.975143321264057228e-01
9.972036351049433645e-01
9.968713221939354829e-01
9.965171280201643444e-01
9.961408090792370773e-01
9.957421453220109964e-01
9.953209418115438467e-01
9.948770304536623810e-01
9.944102718041222255e-01
9.939205569556800457e-01
9.934078095087405247e-01
9.928719876295505342e-01
9.923130861995973495e-01
9.917311390607044252e-01
9.911262213602373139e-01
9.904984520002454440e-01
9.898479961920936265e-01
9.891750680908749649e-01
9.884799326330173663e-01
9.877629153798846984e-01
9.870243887735492549e-01
9.862647950788420159e-01
9.854846381175579317e-01
9.846844897279665165e-01
9.838649933826679739e-01
9.830268680642121337e-01
9.821709123489253956e-01
9.812980087049719691e-01
9.804091280178892642e-01
9.795053343608880470e-01
9.785877900278840968e-01
9.776577608510211848e-01
9.767166218250713516e-01
9.757658630658658794e-01
9.748070961309305282e-01
9.738420607353971414e-01
9.728726318998132117e-01
9.719008275706484401e-01
9.709288167596489272e-01
9.699589282544043289e-01
9.689936599579185295e-01
9.680356889237389240e-01
9.670878821607995501e-01
9.661533082917097559e-01
9.652352501592188494e-01
9.643372184875844688e-01
9.634629667181610069e-01
9.626165071542623908e-01
9.618021285654149155e-01
9.610244154184899301e-01
9.602882689208900313e-01
9.595989300781714304e-01
9.589620049851047545e-01
9.583834925813997652e-01
9.578698151094088287e-01
9.574278515053508132e-01
9.570649739300858272e-01
9.567890875879835333e-01
9.566086738752568319e-01
9.565328367134026122e-01
9.565713516142900774e-01
9.567347165275004173e-01
9.570342027281955044e-01
9.574819027556413786e-01
9.580907704518316637e-01
9.588746450644572983e-01
9.598482465188454826e-01
9.610271212592346179e-01
9.624275057614778417e-01
9.640660550012146723e-01
9.659593508633164127e-01
9.681230521535929556e-01
9.705704585098755555e-01
9.733101082169720586e-01
9.763417654986499272e-01
9.796496841156412394e-01
9.831911841175550171e-01
9.868769988830227158e-01
9.905368353533070547e-01
9.938576792973293772e-01
9.962704679673666242e-01
9.967361869666404584e-01
9.933311323343181343e-01
9.824256945875985414e-01
9.570566125124517765e-01
9.038877188086104075e-01
7.989470809626327830e-01
6.094553685251797859e-01
3.324014152462096972e-01
7.868196939025531855e-02
1.345061744578724241e-03
8.069079413679410007e-02
2.083296513795207805e-01
3.261132233107353340e-01
4.207490962991865535e-01
4.943075074174195227e-01
5.516333958521655312e-01
5.969912091705196211e-01
6.335669216406586424e-01
6.636378086492885631e-01
6.888206682168872552e-01
7.102717436592904665e-01
7.288283037841896128e-01
7.451051540356511405e-01
7.595599603603790939e-01
7.725377182337360704e-01
7.843013700242806863e-01
7.950531545033643344e-01
8.049499062804703620e-01
8.141135705287049218e-01
8.226395275424563946e-01
8.306022299444255630e-01
8.380596173658145798e-01
8.450564081950401318e-01
8.516265945546301896e-01
8.577953342515671764e-01
8.635803729412773189e-01
8.689930861013961394e-01
8.740391973528256475e-01
8.787192027669514793e-01
8.830285065266539890e-01
8.869572483579833966e-01
8.904897738002324203e-01
8.936036596649484798e-01
8.962681514740497013e-01
8.984417851289806523e-01
9.000688308434261486e-01
