8.671557631645350206e-01
8.834924677311650765e-01
8.971822016866620730e-01
9.082961249510101975e-01
9.175510312953591985e-01
9.246516028242328655e-01
9.300511404515393599e-01
9.339885379942968191e-01
9.366958390018209624e-01
9.383885137057873527e-01
9.392595134493768594e-01
9.394734928998960122e-01
9.391441001365958829e-01
9.384532353282633022e-01
9.373378066997948288e-01
9.358395516806475856e-01
9.338655847703325463e-01
9.312069170213252978e-01
9.274597163082533013e-01
9.218675595998268024e-01
9.129714600293133975e-01
8.977583862602889209e-01
8.693401990469979967e-01
8.097187251242268236e-01
6.647629998319432021e-01
2.934635780606754674e-01
2.844743374227997126e-02
4.846974266642396501e-01
7.477471200477990854e-01
8.550736686098686645e-01
9.074408314290191013e-01
9.385058299223607570e-01
9.601351574486234330e-01
9.768365598741148847e-01
9.897041514332726164e-01
9.968095875216140822e-01
9.911269643381783734e-01
9.543425735413482158e-01
8.458044393209162015e-01
6.061525682961541595e-01
2.624614918570285504e-01
3.186850770950475781e-02
1.119928918541367863e-02
8.738245062359081827e-02
1.741450226418388980e-01
2.461451879668274112e-01
3.012056773616215155e-01
3.424311133515696159e-01
3.730165499375134308e-01
3.960591862060011126e-01
4.132017949883217134e-01
4.260132791380674688e-01
4.354941181807662209e-01
4.424215296384623186e-01
4.473690372289774175e-01
4.507694496492045677e-01
4.529532875561889105e-01
4.541749978417413680e-01
4.546310742356200474e-01
4.544725959263793968e-01
4.538137630143288526e-01
4.527373797093616203e-01
4.512977626921103047e-01
4.495211166369664224e-01
4.474028830026176018e-01
4.449006806496473843e-01
4.419196007000294468e-01
4.382818936371936647e-01
4.336580434572111509e-01
4.273699504643678204e-01
4.174635489168098124e-01
3.750997830077458239e-01
4.066693041080212123e-01
3.729566413685717063e-01
3.083834601036212764e-01
1.037915544787993277e-01
8.051537089996005925e-01
6.712322224017398531e-01
6.032784281213330324e-01
5.739692313813983260e-01
5.590052680766381954e-01
5.508939442179454637e-01
5.466519998829318938e-01
5.446563857846354884e-01
5.448067809756534929e-01
5.460173014378711942e-01
5.482376209586370397e-01
5.512949632091684871e-01
5.550728552974418806e-01
5.594905554417859417e-01
5.644909887428526396e-01
5.700376587177365950e-01
5.760748115240250655e-01
5.826143308976672319e-01
5.896220546938307772e-01
5.970867288859732502e-01
6.049993012994192565e-01
6.133536613731561671e-01
6.221469383522074681e-01
6.313805701990399255e-01
6.410629718067344385e-01
6.512157487272424161e-01
6.618889046391829289e-01
6.732030585715166326e-01
6.854948727836266409e-01
7.000541778710555052e-01
7.291017449663740324e-01
6.909209191246314941e-01
7.185735287889795098e-01
7.339351196346316497e-01
7.477036057191801532e-01
7.607875720174664957e-01
7.740055764924091974e-01
7.869275329962353016e-01
7.997397508761775464e-01
8.124147906566576705e-01
8.249082770080539140e-01
8.371583601743478598e-01
8.491306615031926075e-01
8.607230058704476994e-01
8.718774869848568976e-01
8.825177126161510843e-01
8.925647826144165187e-01
9.019365467836835126e-01
9.105456063115539012e-01
9.182896021596299585e-01
9.247016151470823786e-01
9.310203072171095995e-01
9.355407659943104637e-01
9.387041181667470369e-01
9.402184253103197387e-01
9.396711348840430800e-01
9.364053731855314089e-01
9.293232322421064451e-01
9.165230681362819265e-01
8.946188407585060620e-01
8.574910438192657747e-01
7.942602280395058001e-01
6.874941132239368313e-01
5.187408579488913540e-01
2.996793719490812302e-01
1.107323404349850882e-01
2.723667815029201869e-02
4.507499218232313698e-02
5.272431906558221471e-01
6.846370106118194743e-01
6.383684350667410135e-01
6.250520691568915987e-01
6.236602802038964111e-01
6.249172736688689556e-01
6.259028371435702010e-01
6.258351445428439463e-01
6.246682806610097671e-01
6.226281344478165058e-01
6.200830071213266903e-01
6.175991802034928035e-01
6.163292667742852338e-01
6.201566888562125568e-01
6.691721828540295736e-01
5.327059674418358481e-01
5.601620194500670502e-01
5.612763024491174146e-01
5.597289408971417579e-01
5.560177180563631305e-01
5.518294188165876468e-01
5.475045608872041170e-01
5.432128603189639859e-01
5.390472963845336363e-01
5.350586072718654940e-01
5.312690233713037724e-01
5.276765299944947696e-01
5.242526961659579321e-01
5.209328654175224838e-01
5.175921235030908063e-01
5.139869226977413774e-01
5.095954846181686149e-01
5.030777246845621331e-01
4.896141163817085973e-01
4.282258297743665731e-01
6.247911804848517159e-01
5.550378518700888053e-01
5.418334279123810937e-01
5.365871174096488172e-01
5.340257350790500457e-01
5.326976031290980851e-01
5.323123889655682062e-01
5.321985745950690294e-01
5.323528960608554517e-01
5.326756082807587722e-01
5.330960738334891147e-01
5.335911982489357497e-01
5.341208282373565153e-01
5.346886894880239494e-01
5.353111980540469217e-01
5.360245043640914364e-01
5.368910761653061803e-01
5.379943554550293827e-01
5.394495050261212121e-01
5.414030016080414454e-01
5.440363837217946363e-01
