6.764914853007352180e-01
6.806490521710966135e-01
6.846910181832273068e-01
6.886734860316212625e-01
6.926389973008804102e-01
6.966205842201479426e-01
7.006444796094993821e-01
7.047319508185362347e-01
7.089005491749101884e-01
7.131649624193856507e-01
7.175375936114241071e-01
7.220289495496632348e-01
7.266478955832283981e-01
7.314018163844600018e-01
7.362967106203086587e-01
7.413372395692936490e-01
7.465267444724962287e-01
7.518672443547484985e-01
7.573594259154730057e-01
7.630026445038812222e-01
7.687949961460212034e-01
7.747338026731013239e-01
7.808212522839401704e-01
7.869886816348661274e-01
7.933388101905249901e-01
7.997907242830224472e-01
8.063442411054827508e-01
8.129872533822517511e-01
8.197050486696010330e-01
8.264809287737032717e-01
8.332962685478852993e-01
8.401304274303303954e-01
8.469604907898307111e-01
8.537605404658423769e-01
8.604989727874685634e-01
8.671218969618866845e-01
8.727921644636364995e-01
8.803865538142245928e-01
8.865524867479139814e-01
8.925568993416144181e-01
8.983124340797835616e-01
9.037614737436842072e-01
9.088434113851365792e-01
9.134870445851371867e-01
9.176035190815811093e-01
9.210754199543562670e-01
9.237362754728840608e-01
9.253158678086761402e-01
9.242100903795493760e-01
9.243249831980492326e-01
9.194716451019857573e-01
9.095950091950119054e-01
8.900811455057108246e-01
8.493890860698335432e-01
7.522227485994011920e-01
4.735880578469022772e-01
2.209679906645920650e-03
4.994230107023712728e-01
8.039150219560001753e-01
8.991337155602059372e-01
9.358552128020157790e-01
9.527963199813155315e-01
9.615321543312498331e-01
9.663166852416382735e-01
9.689885714803845307e-01
9.704526834618300013e-01
9.712072058341368885e-01
9.715565333943864124e-01
9.717061564183896438e-01
9.718082728077460652e-01
9.719848899939224074e-01
9.723397021774329296e-01
9.729637227877560024e-01
9.739367932951340512e-01
9.753255709770589643e-01
9.771775379948310913e-01
9.795095095212059677e-01
9.822876906781837780e-01
9.853941234819540984e-01
9.885707823260571070e-01
9.913267093785793627e-01
9.927824549627727313e-01
9.912599574564835425e-01
9.833731613688238005e-01
9.678836681267209974e-01
9.355078787558439579e-01
8.777208407271710477e-01
7.838610360438177382e-01
6.470747173477955361e-01
4.744920215484256798e-01
2.941718286006128613e-01
1.441837004740158246e-01
4.841556278531801427e-02
6.078702394854342862e-03
1.888488163111021233e-03
1.943690092162980720e-02
4.686566574480492686e-02
7.722535460906199134e-02
1.069239657923186093e-01
1.343358104622272564e-01
1.588818185828729523e-01
1.805016989445347442e-01
1.993710496883759620e-01
2.157562150860515837e-01
2.299428072270670309e-01
2.422025111245052209e-01
2.527793344157190369e-01
2.618854604406538611e-01
2.697016690802395700e-01
2.763800947144529063e-01
2.820522932552038120e-01
2.867571400613340149e-01
2.906810565946384983e-01
2.938158522536682971e-01
2.962103739576239514e-01
2.978861797089401575e-01
2.988445921073510925e-01
2.990657123806356732e-01
2.985055652747483079e-01
2.970912734012913781e-01
2.947134806555414821e-01
2.912146536324489721e-01
2.863712347366730304e-01
2.798235472052989503e-01
2.712115802470458914e-01
2.597479794279653476e-01
2.443951734827586320e-01
2.234417964076989838e-01
1.940072205283913664e-01
1.510993519271665309e-01
8.692461581226380851e-02
9.200614870360506944e-03
2.120291531658775874e-01
8.700474993219928788e-01
7.598375377198587355e-01
6.254557393128109544e-01
5.388652283248303032e-01
4.756022746956428127e-01
4.207821123340475533e-01
3.643079242738386236e-01
2.952246964543672747e-01
1.951313920145135716e-01
4.227216126358820242e-02
3.276147713999492672e-01
8.694948379420044393e-01
7.130067409176930049e-01
5.984534784105014493e-01
5.189911608602952864e-01
4.551848381037195690e-01
3.980389219429709136e-01
3.377911592198638568e-01
2.850831148783560254e-01
2.290749400142373382e-01
1.727184836149173175e-01
1.183493209835034671e-01
6.948260608042185205e-02
3.063562167061056885e-02
6.490761456574287332e-03
4.294761416059827237e-04
1.429893469796889721e-02
4.548504072004572879e-02
8.999596918326278894e-02
1.423875578517968532e-01
1.974484058817218834e-01
2.510901013479384658e-01
3.006238490918363704e-01
3.446094142071461364e-01
3.825272140840191293e-01
4.144461062811957697e-01
4.407622863316149053e-01
4.620218679785856875e-01
4.788125206605079454e-01
4.917035428604946690e-01
5.012166199567680280e-01
5.078145324887515244e-01
5.118995496458277339e-01
5.138164865418390903e-01
5.138575213984124535e-01
5.122671530456828215e-01
5.092464005663216442e-01
5.049556964018580008e-01
4.995160105875966483e-01
4.930075976527231174e-01
4.854653173426886070e-01
4.768685287261703043e-01
4.671215372370399188e-01
4.560160564886923118e-01
4.431561926817412234e-01
4.277969915806804635e-01
4.084569748485573637e-01
3.818313701344862587e-01
3.389806153889078910e-01
2.459354145834307392e-01
1.099900923348104131e-01
6.746366739943442381e-01
5.517343417020273977e-01
4.914377582346112772e-01
4.557160082036954551e-01
4.288937246242471857e-01
4.057700599326075075e-01
