9.945789921112349052e-01
9.925955719724541826e-01
9.907679222825166443e-01
9.890716539615079794e-01
9.874799950124145687e-01
9.859650820355849721e-01
9.844990694575822543e-01
9.830550627010021802e-01
9.816078844298206096e-01
9.801346851486774092e-01
9.786154109166115278e-01
9.770331418545071811e-01
9.753743155813420218e-01
9.736288497779524986e-01
9.717901778286059944e-01
9.698552109926558140e-01
9.678242398628986720e-01
9.657007870284016748e-01
9.634914219170770400e-01
9.612055477801046965e-01
9.588551697338694169e-01
9.564546517119987268e-01
9.540204691268745485e-01
9.515709630091991889e-01
9.491261003990213441e-01
9.467072448080263714e-01
9.443369396669051286e-01
9.420387068112083817e-01
9.398368612418015466e-01
9.377563426116152234e-01
9.358225631261672950e-01
9.340612707805024950e-01
9.324984260624428201e-01
9.311600893895040088e-01
9.300723155663019881e-01
9.292610503728166993e-01
9.287520229259313975e-01
9.285706255538129783e-01
9.287417703956076798e-01
9.292897085077781449e-01
9.302377925357586674e-01
9.316081574289506451e-01
9.334212844228478856e-01
9.356954003850794788e-01
9.384456458551229119e-01
9.416829180702405155e-01
9.454122560124708086e-01
9.496305770739204011e-01
9.543234902504155182e-01
9.594607849873542094e-01
9.649900066917116437e-01
9.708272470113850083e-01
9.768438498776410572e-01
9.828470892210334764e-01
9.885519049294466676e-01
9.935393487169484894e-01
9.971953376880039466e-01
9.986205813156597833e-01
9.964995182913426452e-01
9.889145732742860018e-01
9.730977488894398952e-01
9.451398798794315992e-01
8.997642010276938329e-01
8.304787919893864556e-01
7.308020214108035262e-01
5.976014963340933184e-01
4.368755810269892570e-01
2.688433061588710316e-01
1.247662910088966626e-01
3.218728643110667365e-02
1.850318800569224079e-04
1.889675709582345001e-02
7.028978896232446205e-02
1.379177709997511103e-01
2.105874217470835308e-01
2.819750482090621624e-01
3.490549200258615259e-01
4.107045833410781777e-01
4.667846946077148229e-01
5.176089023527885580e-01
5.636624905574640909e-01
6.054629260026226367e-01
6.434964721584433001e-01
6.781937955220658232e-01
7.099246611531414564e-01
7.390013560931190106e-01
7.656855895519644184e-01
7.901962959373234341e-01
8.127171458113408020e-01
8.334032671548121662e-01
8.523870225992358218e-01
8.697828498209236869e-01
8.856912419905813572e-01
9.002019696488354761e-01
9.133966485368967270e-01
9.253507517995193110e-01
9.361351554803177821e-01
9.458172960689525954e-01
9.544620091698187148e-01
9.621321095196244677e-01
9.688887646215851301e-01
9.747917071007088374e-01
9.798993244112566003e-01
9.842686586474083121e-01
9.879553438661122788e-01
9.910135034837699308e-01
9.934956259476234175e-01
9.954524329926857096e-01
9.969327513784178585e-01
9.979833960438421192e-01
9.986490701109800305e-01
9.989722850848835600e-01
9.989933029125528385e-01
9.987501002368192049e-01
9.982783541786313108e-01
9.976114482561854180e-01
9.967804965628865865e-01
9.958143840372299938e-01
9.947398205277583338e-01
9.935814063507847349e-01
9.923617071301090720e-01
9.911013358667531969e-01
9.898190403953563976e-01
9.885317946231216846e-01
9.872548922047521547e-01
9.860020415735116783e-01
9.847854615175067883e-01
9.836159767584075064e-01
9.825031132566798275e-01
9.814551932329352857e-01
9.804794301628755315e-01
9.795820242772722564e-01
9.787682593821989130e-01
9.780426021088383104e-01
9.774088050052950338e-01
9.768700151695857148e-01
9.764288903421035615e-01
9.760877243972211348e-01
9.758485837034182042e-01
9.757134542257316356e-01
9.756843951129784420e-01
9.757636847153123849e-01
9.759539223605294689e-01
9.762579969056954798e-01
9.766787095759301707e-01
9.772175363989810126e-01
9.778712378485776568e-01
9.786228840687311026e-01
9.794174482054079922e-01
9.800905841703067001e-01
9.801352185382926629e-01
9.777874852147950824e-01
9.652862593704849559e-01
8.892556457521195723e-01
1.944370023474577824e-01
6.195968638833807551e-01
8.435008461085745646e-01
9.002881975099565892e-01
9.233819200267820992e-01
9.354130984693636020e-01
9.426536913290215480e-01
9.474329875993003913e-01
9.507926413263553256e-01
9.532625142103606786e-01
9.551392712686360698e-01
9.566021691163562046e-01
9.577667384045307486e-01
9.587118756419727994e-01
9.594944688028790303e-01
9.601577313754139364e-01
9.607361586923690577e-01
9.612585710088705770e-01
9.617500190839287644e-01
9.622329817743225933e-01
9.627281024672665888e-01
9.632546107017742054e-01
9.638305180467080513e-01
9.644726436209675180e-01
9.651965042982432186e-01
9.660160920395134410e-01
9.669435527319671930e-01
9.679887753743694478e-01
9.691588959019987737e-01
9.704577146822969125e-01
9.718850178628478664e-01
9.734357739689584177e-01
9.750991321807193080e-01
9.768570311940699691e-01
9.786818894429573090e-01
9.805317472870431761e-01
9.823370065866193768e-01
9.839523831884829930e-01
9.849037731382030980e-01
9.817257399847555410e-01
7.289100145671011388e-01
9.803599553876589656e-01
9.880724519201713463e-01
9.896356144432419955e-01
9.896776347769815629e-01
9.886879226703776391e-01
