9.980967466323058535e-01
9.985623534055932948e-01
9.989470126124213589e-01
9.992596849561565797e-01
9.995087593330945763e-01
9.997020061179822115e-01
9.998465628676451722e-01
9.999489468659676916e-01
1.000015089315742900e+00
1.000050386307129724e+00
1.000059761904228850e+00
1.000047738714015422e+00
1.000018511030410062e+00
9.999760149088278149e-01
9.999239880574675166e-01
9.998660097925039514e-01
9.998055067567109822e-01
9.997457023959973599e-01
9.996894751419721503e-01
9.996390679815673197e-01
9.995955535574869710e-01
9.995578909633424658e-01
9.995212876997265905e-01
9.994743527420159035e-01
9.993940914798796760e-01
9.992369306708700494e-01
9.989221804967267637e-01
9.983004870616785098e-01
9.970910278260566306e-01
9.947498122405906695e-01
9.901755950678798879e-01
9.810016979023494788e-01
9.617331236655601856e-01
9.183650977997662723e-01
8.120184722555837675e-01
5.428560352011300161e-01
9.176409390694423296e-02
7.842746329884139889e-02
3.737482509664575847e-01
5.717859998204022354e-01
6.811493423852348350e-01
7.444436476552930282e-01
7.836844023230874479e-01
8.094473540550775059e-01
8.271065609018320997e-01
8.395909774753314014e-01
8.486021467166358079e-01
8.551841483951332368e-01
8.600080470721439552e-01
8.635225525082895759e-01
8.660382225344520624e-01
8.677773055013363601e-01
8.689098260791194850e-01
8.693915098485228699e-01
8.696908687584247177e-01
8.695771920950891021e-01
8.691785135530181172e-01
8.685435201763994639e-01
8.677092937479977675e-01
8.667057802748648898e-01
8.655576693935093102e-01
8.642856105331738759e-01
8.629071321916318427e-01
8.614374991765146872e-01
8.598912304852457389e-01
8.582931842823422475e-01
8.565132711624989792e-01
8.548284711643521216e-01
8.530606455205219651e-01
8.512507823540707008e-01
8.494073513429596378e-01
8.475359638548908281e-01
8.456411765805957881e-01
8.437268763292077312e-01
8.417964231944969900e-01
8.398527258383209348e-01
8.378982897491266124e-01
8.359352513873661294e-01
8.339654033357857266e-01
8.319902128978519107e-01
8.300108354941062583e-01
8.280281236839860393e-01
8.260426323540611682e-01
8.240546204364025407e-01
8.220640494002989795e-01
8.200705786735197345e-01
8.180735580864965106e-01
8.160720173899003171e-01
8.140646528764186041e-01
8.120498111522030937e-01
8.100254701728828444e-01
8.079892178329436403e-01
8.059382287672578471e-01
8.038692407985037480e-01
8.017785341010116307e-01
7.996619197523220368e-01
7.975147527630742639e-01
7.953320060613811027e-01
7.931085025700334024e-01
7.908396022391962488e-01
7.885234524000144241e-01
7.861704738051581431e-01
7.838730670911110421e-01
7.781408588226073064e-01
7.778674084878142159e-01
7.752131592127916582e-01
7.723176278525802907e-01
7.692375187593095687e-01
7.659672220690608713e-01
7.624874031411109643e-01
7.587720998372854408e-01
7.547901142703656863e-01
7.505050022782737695e-01
7.458745322617155171e-01
7.408498326281637292e-01
7.353742748879620317e-01
7.293820802378598867e-01
7.227966132878187455e-01
7.155283290946149455e-01
7.074724441661102148e-01
6.985072437086909947e-01
6.883262894458624936e-01
6.771855333462576398e-01
6.644853025070830421e-01
6.500673807743470034e-01
6.336876841265397520e-01
6.149501348420146618e-01
5.934361380486526949e-01
5.686379626178713620e-01
5.399579549312454319e-01
5.067080401413645019e-01
4.681264164366763514e-01
4.234299104394599889e-01
3.719320231755500750e-01
3.132628008272662634e-01
2.476324207847120928e-01
1.733966526585950518e-01
1.156079543297264672e-01
5.282810900226097423e-02
1.148740714579085664e-02
2.036119688141911372e-03
3.179720709550497293e-02
9.920148410097912040e-02
1.934750661710693265e-01
2.995613559057848652e-01
4.041418892435608146e-01
4.987966917527033028e-01
5.799291274632499826e-01
6.471963565266753982e-01
7.019185661714913982e-01
7.460077708218993964e-01
7.813975318914994084e-01
8.097994239499718416e-01
8.326339732065194399e-01
8.510409881093988771e-01
8.659190304134980476e-01
8.779705352113730266e-01
8.877430304987234955e-01
8.956635045735216183e-01
9.020657960977840339e-01
9.072119136017516849e-01
9.113084302268170678e-01
9.145190233782273248e-01
9.169740530201077044e-01
9.187778866009013168e-01
9.200145157875685431e-01
9.207518782616536113e-01
9.210451948737565786e-01
9.209395531234509935e-01
9.204719056466346139e-01
9.196725984238038887e-01
9.185664800024450072e-01
9.171735110271004299e-01
9.155083091122919736e-01
9.135752548103526216e-01
9.113257004960023666e-01
9.069881322051860373e-01
9.063232300110556361e-01
9.036942816750935803e-01
9.006997268528202927e-01
8.974857453790063833e-01
8.940673839833692682e-01
8.904463496463795869e-01
8.866117909465426328e-01
8.824205973875348663e-01
8.779009097712920928e-01
8.738220016110483934e-01
8.698956915148735591e-01
8.650989447546207911e-01
8.601607042655492474e-01
8.550528579193107381e-01
8.497673025580763095e-01
8.443012672716054823e-01
8.386539981969156621e-01
8.328259595969634832e-01
8.268186947227212924e-01
8.206349173499986049e-01
8.142787070169029695e-01
8.077557626132655377e-01
8.010736951400363459e-01
