9.844237619398092942e-01
9.849706572857976905e-01
9.855215508766614896e-01
9.860747915099428162e-01
9.866288651600381154e-01
9.871823889075319602e-01
9.877341026062044227e-01
9.882828589462026025e-01
9.888276124739122652e-01
9.893674080411396510e-01
9.899013690752438421e-01
9.904286859884822158e-01
9.909486049805176222e-01
9.914604174301697714e-01
9.919634500221484741e-01
9.924570557126093373e-01
9.929406055996928826e-01
9.934134817345163793e-01
9.938750708836672221e-01
9.943247592322794759e-01
9.947619280012783838e-01
9.951859499397271991e-01
9.955961866434400731e-01
9.959919866445698933e-01
9.963726842131219730e-01
9.967375988083536642e-01
9.970860351181417558e-01
9.974172836244470375e-01
9.977306216356719437e-01
9.980253147283875137e-01
9.983006185448252134e-01
9.985557808954613757e-01
9.987900441211305935e-01
9.990026476714495285e-01
9.991928308620702248e-01
9.993598357760670181e-01
9.995029102799346532e-01
9.996213111270878526e-01
9.997143071266467729e-01
9.997811823577357204e-01
9.998212394132661718e-01
9.998338026595851025e-01
9.998182215014469465e-01
9.997738736439411023e-01
9.997001683448634157e-01
9.995965496537863038e-01
9.994624996348591139e-01
9.992975415724879573e-01
9.991012431600622135e-01
9.988732196735554680e-01
9.986131371319578731e-01
9.983207154487998558e-01
9.979957315782712612e-01
9.976380226615716440e-01
9.972474891789153695e-01
9.968240981139065982e-01
9.963678861371282336e-01
9.958789628167852293e-01
9.953575138649652931e-01
9.948038044285408832e-01
9.942181824347914310e-01
9.936010820028672308e-01
9.929530269327333514e-01
9.922746342851525014e-01
9.915666180668410989e-01
9.908297930373499707e-01
9.900650786551054017e-01
9.892735031828976400e-01
9.884562079748926422e-01
9.876144519704148639e-01
9.867496164224517363e-01
9.858632098924295928e-01
9.849568735473507308e-01
9.840323867992296636e-01
9.830916733324284174e-01
9.821368075705463330e-01
9.811700216407066577e-01
9.801937129018093442e-01
9.792104521106275161e-01
9.782229923104366343e-01
9.772342785377829966e-01
9.762474584550735468e-01
9.752658940307918911e-01
9.742931744048461962e-01
9.733331300939326303e-01
9.723898487102209387e-01
9.714676923879166370e-01
9.705713171341423529e-01
9.697056943431530129e-01
9.688761347368302079e-01
9.680883150147920890e-01
9.673483075168527456e-01
9.666626132092561718e-01
9.660381983041701481e-01
9.654825347960374060e-01
9.650036451358676715e-01
9.646101511452658261e-01
9.643113270619878552e-01
9.641171562569288422e-01
9.640383905937052189e-01
9.640866104940465364e-01
9.642742823372059124e-01
9.646148075669753741e-01
9.651225543328429968e-01
9.658128569071273706e-01
9.667019592739976019e-01
9.678068651882123508e-01
9.691450343187013594e-01
9.707338272153395176e-01
9.725895411206325614e-01
9.747257772471759063e-01
9.771507080668334622e-01
9.798625159231306725e-01
9.828417507616920012e-01
9.860384130664638924e-01
9.893498355911052311e-01
9.925821746423668657e-01
9.953820320069596272e-01
9.971123470968922264e-01
9.966219806494580613e-01
9.918092446577069232e-01
9.787866359238036607e-01
9.503107719125428732e-01
8.931114710117638023e-01
7.849539808903273075e-01
5.990346510685775616e-01
3.388937597998382678e-01
9.815522949688498811e-02
9.245989299862221455e-04
4.529840271137306612e-02
1.482459456264058062e-01
2.539219972928719038e-01
3.438172300022193095e-01
4.160447007810805231e-01
4.733989818148197637e-01
5.192030483871751256e-01
5.562387194343616503e-01
5.866265964283513545e-01
6.119405947650269351e-01
6.333517704943756321e-01
6.517686308838602782e-01
6.681942848300613802e-01
6.794421762608229276e-01
6.930152311131334564e-01
7.042682864796242503e-01
7.143594115157025914e-01
7.235493450642888069e-01
7.320037492760624875e-01
7.398476374485053464e-01
7.471800048115967430e-01
7.540808014382466284e-01
7.606152589304920886e-01
7.668369094273449482e-01
7.727898137583024685e-01
7.785102571604002319e-01
7.840280650672389884e-01
7.893676383778918115e-01
7.945487769413670520e-01
7.995873405350072405e-01
8.044957834915613670e-01
8.092835899025870861e-01
8.139576296348088880e-01
8.185224504193707729e-01
8.229805174822910629e-01
8.273324092205780467e-01
8.315769750408796845e-01
8.357114594817565134e-01
8.397315949945076685e-01
8.436316641416673479e-01
8.474045303839887744e-01
8.510416349549119186e-01
8.545329554544300876e-01
8.578669195845182172e-01
8.610302647139216337e-01
8.640078304465265147e-01
8.667822667163891381e-01
8.693336336212774684e-01
8.716388604224609704e-01
8.736710182594349394e-01
8.753983292048437281e-01
8.767829884566796794e-01
8.777790807979222176e-01
8.783305153354536987e-01
8.783675289240538975e-01
8.778020790840714849e-01
8.765212926598754395e-01
8.743780253999393626e-01
8.711770105321960944e-01
8.666541001779894948e-01
8.604444177854644327e-01
8.520322251662624247e-01
8.406697724221446899e-01
8.252419904231400594e-01
8.040340073397885812e-01
7.743207968249073980e-01
7.316322149415046550e-01
6.684691617062179514e-01
5.724166171747691045e-01
4.257586155949763529e-01
2.209713596411491399e-01
