1.000582641049747368e+00
1.003589649613108481e+00
1.005979529620635082e+00
1.007788093015979936e+00
1.009059932982305785e+00
1.009846045607720511e+00
1.010201761992679304e+00
1.010184978891732754e+00
1.009854666994587369e+00
1.009269625413797611e+00
1.008487436210204757e+00
1.007563549048306806e+00
1.006550384222261396e+00
1.005496264349341473e+00
1.004443834179263417e+00
1.003427325838928574e+00
1.002467399254686198e+00
1.001560928355768931e+00
1.000660012166963764e+00
9.996270368941247986e-01
9.981333583600836556e-01
9.954151199186250798e-01
9.896321647202088734e-01
9.759922311765582004e-01
9.404960496076418819e-01
8.364519142749099467e-01
5.136552977457722324e-01
1.724056357908745549e-02
2.202646550835192507e-01
5.116064843160267328e-01
6.603759894591215707e-01
7.376458857258805235e-01
7.819044996211793608e-01
8.093870322905950543e-01
8.274798815608204183e-01
8.398851909717811592e-01
8.486208345856909308e-01
8.548649364257571159e-01
8.593451148571766840e-01
8.625321474520074583e-01
8.647427839351595757e-01
8.661974048382707903e-01
8.670538993088849899e-01
8.674283788251758720e-01
8.674082825777201800e-01
8.670609164288760606e-01
8.664391574488727876e-01
8.655853427069084560e-01
8.645339531126252641e-01
8.633134460468253613e-01
8.619473587110607626e-01
8.604542458800418236e-01
8.588418920127307565e-01
8.568898725065239308e-01
8.555353027909112784e-01
8.536824098640170000e-01
8.518082683352889983e-01
8.499015668578359106e-01
8.479684651940002649e-01
8.460169646920749909e-01
8.440550899716700028e-01
8.420905104899418792e-01
8.401304500822224242e-01
8.381816734384607281e-01
8.362504964258895557e-01
8.343428045527964132e-01
8.324640748462128759e-01
8.306194002140687704e-01
8.288135169459804885e-01
8.270508369245643809e-01
8.253354869658025006e-01
8.236713588172208667e-01
8.220621750377633541e-01
8.205115787245750303e-01
8.190232596339277471e-01
8.176011371317828402e-01
8.162496344518368474e-01
8.149741047375375080e-01
8.137815197387952004e-01
8.126816351804051486e-01
8.116890720829839090e-01
8.108272856191389710e-01
8.101367803364488696e-01
8.096940297865207192e-01
8.096618946099808367e-01
8.104562145736472489e-01
8.135354500068816552e-01
8.300161023080415701e-01
7.588811077827418705e-01
7.882785738626794103e-01
7.924853629004013911e-01
7.937524684103842709e-01
7.941015444415350233e-01
7.939845849065955141e-01
7.937250223658163240e-01
7.933112285422644350e-01
7.928043794325118077e-01
7.922319725251864009e-01
7.916297312315140333e-01
7.883473144700062774e-01
7.897285477766370354e-01
7.889237073152969293e-01
7.879608919164394765e-01
7.867415880760038061e-01
7.856780828169021014e-01
7.843235811096458399e-01
7.828075107128169563e-01
7.811053890898136398e-01
7.791893412640448213e-01
7.770271481581367823e-01
7.745814621859797855e-01
7.718088551819269894e-01
7.686586230413827714e-01
7.650712818345661859e-01
7.609766726519585633e-01
7.562915654624958739e-01
7.509166161113468574e-01
7.447324826028858258e-01
7.375948432898411511e-01
7.293279762214127659e-01
7.197164516811017654e-01
7.084943575225403078e-01
6.953313266173570817e-01
6.798144978198408239e-01
6.614255023755868379e-01
6.395118427605827049e-01
6.132531321417749037e-01
5.816257595191661744e-01
5.433772396097032997e-01
4.970394239292429961e-01
4.410497544197765629e-01
3.741382776828187096e-01
2.963795387561046768e-01
2.138828560245529808e-01
1.092374263666853196e-01
3.940769330513417545e-02
2.529813453168704065e-03
2.135215194305254555e-02
9.824399317939795651e-02
2.141644802263244773e-01
3.418051638027720385e-01
4.604963114892172138e-01
5.607560082998904738e-01
6.411771113905420094e-01
7.041605533244483794e-01
7.532414061391943250e-01
7.920931677679374783e-01
8.239555665605846624e-01
8.180136925264130943e-01
8.508802636338210768e-01
8.673203939463990375e-01
8.793419320329685096e-01
8.886074476856752336e-01
8.958458291732463996e-01
9.015037779280083985e-01
9.058895899581986821e-01
9.092269568637871835e-01
9.116826057335686295e-01
9.133861046440022724e-01
9.140390701184332167e-01
9.146149287804324901e-01
9.142448985773845571e-01
9.125416258203321584e-01
8.978375407229585159e-01
9.156096434959511976e-01
9.133019806367436155e-01
9.110850391635338941e-01
9.087734233994504418e-01
9.062749495755939577e-01
9.035591873827570897e-01
9.005867753109033647e-01
8.969344962970758894e-01
8.933580191426604422e-01
8.910772707238543422e-01
8.876121863118308086e-01
8.840170024038518370e-01
8.803600747337267940e-01
8.766901593292791839e-01
8.730678176671325952e-01
8.695803458513083894e-01
8.663697334853085463e-01
8.637032208291075541e-01
8.621910209749896747e-01
8.636877936113338539e-01
8.773058225161296519e-01
7.255503249014882972e-01
8.096609654637400011e-01
8.168857851117938829e-01
8.172506967277983758e-01
8.156802907290124915e-01
8.133379945877829975e-01
8.106276192024081118e-01
8.077065100334134273e-01
8.046155801722338907e-01
8.013034321456827813e-01
7.975762475788421568e-01
7.928517346063402860e-01
7.847022399671101933e-01
7.361534308950232752e-01
8.151959641194507222e-01
