5.720663839638031600e-01
5.864878273840924416e-01
6.004405113972649533e-01
6.143662974765762286e-01
6.286216762683277670e-01
6.434782177328122188e-01
6.591252649788672535e-01
6.756743895480195050e-01
6.931652440668695236e-01
7.115725254254996468e-01
7.308138090570719392e-01
7.507580406524984040e-01
7.712344822073734507e-01
7.920419101147309071e-01
8.129578589257923094e-01
8.337476997448546312e-01
8.541733407986623616e-01
8.740013426302751798e-01
8.930102538052776540e-01
9.109969960924327870e-01
9.277821607104881352e-01
9.432141181425721665e-01
9.571718909010544785e-01
9.695667884013011717e-01
9.803428522973456349e-01
9.894762057911634656e-01
9.969734385090647244e-01
1.002869187242969806e+00
1.007223090829740819e+00
1.010116304352969285e+00
1.011647754328209636e+00
1.011930303985959512e+00
1.011086978163165950e+00
1.009247372892368100e+00
1.006544347812796003e+00
1.003111072094080347e+00
9.990784684096031265e-01
9.945730759355463357e-01
9.897153332619891275e-01
9.846182659303469586e-01
9.793865511552409808e-01
9.741159239597910746e-01
9.688928840770247852e-01
9.637946610562169170e-01
9.588893955356153631e-01
9.542364970969056115e-01
9.498871430583830655e-01
9.458848876628519475e-01
9.422663571770302227e-01
9.390620134373703909e-01
9.362969765995761140e-01
9.339919079044681771e-01
9.321639663849151658e-01
9.308278718758705716e-01
9.299971345980486692e-01
9.296855567342962035e-01
9.299091888277462026e-01
9.306890638323994658e-01
9.320552985912287092e-01
9.340536911824823818e-01
9.367571018783386050e-01
9.402865985888498868e-01
9.448542186692074907e-01
9.508589435056735706e-01
9.591339030528117648e-01
9.717217962440226620e-01
9.952122855026462878e-01
1.067817100878400094e+00
5.553838749251692741e-01
8.681607313685567595e-01
9.094994835046630310e-01
9.282115108463635522e-01
9.404183117425027882e-01
9.499056001185939291e-01
9.579958095466630796e-01
9.652418088529844953e-01
9.718837921038270267e-01
9.780053658327463317e-01
9.835930261282224141e-01
9.885571153626832031e-01
9.927333608161241774e-01
9.958711193414567786e-01
9.976089453481665759e-01
9.974347864689531162e-01
9.946251559495268291e-01
9.881543140843057627e-01
9.765608629088753379e-01
9.577568906493831857e-01
9.287701703468920211e-01
8.854417011941565496e-01
8.222079283221183088e-01
7.323833422754494338e-01
6.099530888989384003e-01
4.545503956234019927e-01
2.801446268621842206e-01
1.211223431176487036e-01
2.104972153695168491e-02
3.587616057117451896e-03
5.707091770119884083e-02
1.503842858218058520e-01
2.555059703334915944e-01
3.560293314387069641e-01
4.451069270730786953e-01
5.212115349312507195e-01
5.851304228780304095e-01
6.383877485822827547e-01
6.825438084691637375e-01
7.189247936315013021e-01
7.485327795404291829e-01
7.720091978594332272e-01
7.895798651526927392e-01
8.009136435941263121e-01
8.047705987580722198e-01
7.981191031856993412e-01
7.737436879732769723e-01
7.129426921128160233e-01
5.612100283778485021e-01
1.946135719606694736e-01
1.081264979729596731e-01
6.301839644138104157e-01
8.412301704547225922e-01
9.121607010641926694e-01
9.404622133357665170e-01
9.530975091351662210e-01
9.587427331493032501e-01
9.607159998415016888e-01
9.604774653044853006e-01
9.587483096233765378e-01
9.559225506966521069e-01
9.522365742313969594e-01
9.478454633549524555e-01
9.428599582029432158e-01
9.373654619774183239e-01
9.314323255864982443e-01
9.251216683515828265e-01
9.184888155674618693e-01
9.115854240514869034e-01
9.044608752470656432e-01
8.971632670328476555e-01
8.897402074487800183e-01
8.822395491756785946e-01
8.747101761306133039e-01
8.672029514242203252e-01
8.597719565302085476e-01
8.524761994021442524e-01
8.453820577454523866e-01
8.385668803830188534e-01
8.321244497495858816e-01
8.261735239329432989e-01
8.208716643631301935e-01
8.164385450019832069e-01
8.131971940764998186e-01
8.116513938481239032e-01
8.126419454396237585e-01
8.176926787544908093e-01
8.298732985323374889e-01
8.563017236500849449e-01
9.163926212351045653e-01
1.004402348131329559e+00
7.534458552488471073e-02
4.246651242653572966e-01
5.218386918762217830e-01
5.588718870885176493e-01
5.750139803212402922e-01
5.814157824266892316e-01
5.822929868258167607e-01
5.795020541170933237e-01
5.739008342038378618e-01
5.658411493175979912e-01
5.553666657783840055e-01
5.422899826857610073e-01
5.262088287497574957e-01
5.064818004545387220e-01
4.821675590410305356e-01
4.519237489482476056e-01
4.138628978028664473e-01
3.653894214382018002e-01
3.031652564340838740e-01
2.238299518949991018e-01
1.277853079119107005e-01
3.301029858327190342e-02
7.600960004498904209e-03
1.670121790330338085e-01
4.870231809330776707e-01
7.608164258040914785e-01
9.059752035766024392e-01
9.645559007469431956e-01
9.814087830203126472e-01
9.801841476310576562e-01
9.714836037070058161e-01
9.597922160032269501e-01
9.467974732748999367e-01
9.327460089946244537e-01
9.168314188009798471e-01
8.960982308944054342e-01
8.199150755740886032e-01
7.477151859585124960e-01
3.809461448499927849e-01
4.222023483961868662e-01
8.882879244489652049e-01
