9.962114206157584029e-01
9.961502418588036312e-01
9.959743643947309710e-01
9.956601518397268924e-01
9.951740889040550098e-01
9.944686210655315772e-01
9.934762481790598843e-01
9.921010475065075163e-01
9.902063752472654024e-01
9.875968337474640979e-01
9.839915630718939488e-01
9.789843282282028047e-01
9.719834748590404638e-01
9.621213835966514472e-01
9.481187003329025753e-01
9.280850291951169284e-01
8.992416455287356447e-01
8.575841115365692158e-01
7.976192345694284036e-01
7.126284148750471337e-01
5.965476011927056676e-01
4.491175605336248933e-01
2.841597905418367653e-01
1.334185368203251176e-01
3.326632126549328161e-02
7.724898977148511147e-05
2.248695851043161151e-02
7.658706615440810661e-02
1.418938911390625612e-01
2.063284670103960050e-01
2.644836542385599065e-01
3.147469166243326844e-01
3.572788108814217156e-01
3.929187147544845882e-01
4.226706577868247217e-01
4.474895603065284777e-01
4.682081562826531096e-01
4.855246986964636968e-01
5.000142005242963483e-01
5.121467670634994862e-01
5.223062364928474643e-01
5.308066702508169588e-01
5.379060872793692827e-01
5.438175711530991441e-01
5.487181233726587948e-01
5.527556750642999006e-01
5.560546305416971258e-01
5.587202548864781404e-01
5.608421563810268573e-01
5.624970612523411129e-01
5.637510345381870902e-01
5.646612663193710802e-01
5.652775156472704676e-01
5.656432837266072156e-01
5.657967719467755785e-01
5.657716680916221597e-01
5.655977946247546795e-01
5.653016456712840476e-01
5.649068336778542143e-01
5.644344623304726749e-01
5.639034388265773412e-01
5.633307357571833984e-01
5.627316103541694092e-01
5.621197861967298648e-01
5.615075983825758010e-01
5.609060933079580424e-01
5.603250392539268487e-01
5.597726255737528467e-01
5.592530442127378043e-01
5.586577666186065549e-01
5.584162805290170395e-01
5.580477149412488291e-01
5.577509067480181937e-01
5.575232339879240273e-01
5.573671492642519043e-01
5.572853161610538120e-01
5.572800062301058732e-01
5.573529599226912934e-01
5.575053410666414022e-01
5.577377151202407290e-01
5.580500330702414802e-01
5.584416154531726129e-01
5.589111352033777624e-01
5.594566008437573679e-01
5.600753473174661101e-01
5.607640650023457685e-01
5.615190434765525707e-01
5.623388594453884171e-01
5.631746411067390934e-01
5.641074159775617547e-01
5.650652859839322417e-01
5.660526580173536049e-01
5.670605245498715474e-01
5.680779651279447284e-01
5.690926400065856594e-01
5.700908035732653589e-01
5.710572351260637669e-01
5.719751424597231404e-01
5.728260500461772597e-01
5.735896745635186145e-01
5.742437879835378123e-01
5.747640674715301934e-01
5.751239308207279910e-01
5.752943556225333932e-01
5.752436794794348884e-01
5.749373763214680189e-01
5.743377967460706612e-01
5.734038320632810493e-01
5.720903118610898286e-01
5.703455930689119713e-01
5.680233983091929062e-01
5.654110811994752517e-01
5.620513991519542341e-01
5.580358248699884838e-01
5.532701758750829812e-01
5.477322806477598061e-01
5.413284245601585054e-01
5.333955589656624863e-01
5.250626209538892253e-01
5.153507264147131339e-01
5.043186809430983963e-01
4.918720471864463928e-01
4.779035613719636033e-01
4.623052999361845217e-01
4.449747269139449068e-01
4.258210807503627904e-01
4.047733232394870595e-01
3.817901282094230964e-01
3.568721216549931019e-01
3.300763126304767647e-01
3.015322578469085135e-01
2.714589385006738187e-01
2.401805995039248409e-01
2.081389824050215165e-01
1.758986455159402551e-01
1.441416901702965714e-01
1.136485584048119585e-01
8.526295909951767116e-02
5.984152526599265109e-02
3.819220180659957387e-02
2.100881504471346917e-02
8.811685471020763716e-03
1.904873599427096354e-03
3.681923545674619129e-04
3.918275326247768094e-03
1.237764785160462740e-02
2.510336698659683050e-02
4.148487313306947061e-02
6.085262380987784686e-02
8.253932696112378786e-02
1.059183315144605481e-01
1.304288659543403894e-01
1.555896139500385356e-01
1.810024030049555976e-01
2.063416837045378427e-01
2.314380895816079142e-01
2.559948444988955352e-01
2.799641427251639558e-01
3.032574841610461980e-01
3.258224087263666413e-01
3.475120087529899315e-01
3.690986339198723543e-01
3.895176061977430049e-01
4.093562778303383443e-01
4.286211635552311106e-01
4.473593345912929564e-01
4.656270988139034062e-01
4.834843962690991148e-01
5.009927994513355687e-01
5.182144977303767552e-01
5.352117299441273568e-01
5.520464867865577663e-01
5.687803963382221939e-01
5.854747381650315941e-01
6.021905451193132475e-01
6.189887575262771335e-01
6.359303943878614751e-01
6.530767005898661104e-01
6.704892166386862140e-01
6.882296971536201458e-01
7.063597851414032958e-01
7.249402910429263436e-01
7.439897038069656077e-01
7.636573659603829167e-01
7.838513895117537045e-01
8.040793579848072303e-01
8.263536567881474282e-01
8.484672817805891665e-01
8.710098467237520348e-01
8.937194988295443787e-01
9.160969377720734608e-01
9.372672738171082818e-01
9.557413595409705032e-01
9.690358575865879454e-01
9.731039728832939772e-01
9.615924013566788942e-01
9.252066647535812649e-01
8.521860550480945262e-01
7.320697007542763535e-01
5.648032911712725923e-01
