6.581418268151403295e-01
6.555019863489751630e-01
6.544790135359233041e-01
6.550113202627975140e-01
6.570098347730715105e-01
6.603639410456961789e-01
6.649468097583060011e-01
6.706202048909166713e-01
6.772396900962772692e-01
6.846406855539129976e-01
6.926973961366041932e-01
7.012434190492954356e-01
7.101334539875924223e-01
7.192241509328453075e-01
7.283767559984157813e-01
7.374575593921974814e-01
7.463377465162509550e-01
7.548927332570273263e-01
7.630009576218433898e-01
7.705420530824614866e-01
7.773942772409344615e-01
7.834309981380728205e-01
7.885159374247834307e-01
7.924967174853961849e-01
7.951960319517032971e-01
7.963994146101017746e-01
7.958380564536562396e-01
7.931643172376178219e-01
7.879163557186376066e-01
7.794664840405245432e-01
7.669451451749021986e-01
7.491302637941239517e-01
7.242864554949427491e-01
6.899495952449673508e-01
6.426783308277769224e-01
5.779065555522484576e-01
4.904358517885032409e-01
3.767201723768736632e-01
2.412715619884708285e-01
1.069026743708270111e-01
1.656945122632287604e-02
6.520517359201255525e-03
7.132401066354068786e-02
1.729627148167577344e-01
2.765968137339720467e-01
3.654314944072198923e-01
4.357199554295575483e-01
4.892698806219233920e-01
5.293628697762022828e-01
5.589915802577617443e-01
5.805930053087835496e-01
5.960799718442716388e-01
6.068444931883192339e-01
6.139262594323914302e-01
6.181045823788812177e-01
6.199692705455827069e-01
6.199721347027604690e-01
6.184638030473612602e-01
6.157199763260481351e-01
6.119602265523893525e-01
6.073615530162383980e-01
6.020682434950025419e-01
5.961991168401701291e-01
5.898528963658594693e-01
5.831122391620422452e-01
5.760467929987863611e-01
5.687155479454456541e-01
5.611686796989295845e-01
5.534490370658634584e-01
5.455934031352491775e-01
5.376336600961885148e-01
5.295980224736471786e-01
5.215126046057317888e-01
5.134038417426692869e-01
5.053029388361057750e-01
4.972553787982463280e-01
4.893446097890350455e-01
4.817635913064430286e-01
4.751046270893006240e-01
4.724373675139591500e-01
3.508276555936848951e-01
4.315677647846068443e-01
4.278191788330255596e-01
4.202816211356900089e-01
4.115417565801501310e-01
4.020677968625873122e-01
3.920484575985316855e-01
3.813369887755554410e-01
3.699380158062455237e-01
3.576679544040392011e-01
3.444482804514162888e-01
3.300265823200864701e-01
3.141734815800102942e-01
2.965521624381003418e-01
2.767946878717009174e-01
2.544400968718431022e-01
2.289485937523994541e-01
1.997241910165244161e-01
1.662035077360474455e-01
1.281078033356223278e-01
8.608965522231844247e-02
4.329486572605004135e-02
8.837294913297599752e-03
4.125645684551433601e-03
6.810469855241638171e-02
2.398081271667072134e-01
4.975931801534959620e-01
7.412710996652988049e-01
8.957583695275608271e-01
9.647061619724688342e-01
9.819695124418645893e-01
9.743376819368561037e-01
9.565135817721956979e-01
9.354196355836112975e-01
9.139338945557959892e-01
8.929255512743431433e-01
8.721819524583305228e-01
8.507025977923183824e-01
8.265184355261393501e-01
7.958150822958564019e-01
7.502294005091141305e-01
6.675102855815476799e-01
4.723190587589693457e-01
1.913485626186707186e-02
7.027040071709599323e-01
9.739197719569694378e-01
9.942822157781018300e-01
9.894021587038400734e-01
9.833288955735158821e-01
9.790455792575009086e-01
9.766137675394545026e-01
9.756703093907870272e-01
9.758485947108820335e-01
9.768426198077357903e-01
9.784039575175939030e-01
9.803288832747817372e-01
9.824471158789196412e-01
9.846138097667618272e-01
9.867044527875877824e-01
9.886121424303735417e-01
9.902469496515565739e-01
9.915374586334315676e-01
9.924351541557561163e-01
9.929233659859191263e-01
9.930310015417170844e-01
9.929010204781150151e-01
9.927176218049105216e-01
9.936980411339134678e-01
9.980312366918629996e-01
1.020440237518519533e+00
8.002791454259371440e-01
9.302974737360196755e-01
9.413401200206407138e-01
9.443415790622636807e-01
9.465042416838764794e-01
9.478985682159540849e-01
9.279133167116700998e-01
6.805642017069906125e-01
2.369005016878533362e-02
2.568410839445421368e-01
4.055460551726401408e-01
4.558589859279403300e-01
4.639598809704771898e-01
4.500660327799366200e-01
4.220436304900221924e-01
3.832549272879823277e-01
3.353346750183508473e-01
2.791506467714977568e-01
2.159386480445930345e-01
1.481905588595455181e-01
8.137247433849360834e-02
2.642124993774496930e-02
2.265858801520422450e-03
3.440009008640027705e-02
1.428429969865082638e-01
3.202177580353428588e-01
5.245748333297124422e-01
7.059505757714481522e-01
8.372447283642979743e-01
9.174291274334007706e-01
9.578854021708228528e-01
9.713760209358737185e-01
9.678662614724601321e-01
9.541235032634416413e-01
9.344548612751693017e-01
9.115307358830900819e-01
8.869422543186729069e-01
8.616148749478474977e-01
8.360220240512490353e-01
8.103061275255912799e-01
7.843155536385209015e-01
7.575615918489595479e-01
7.290630022935818966e-01
6.969770550595077996e-01
6.577296538408171633e-01
6.037797833182489970e-01
5.170872185176975666e-01
3.486116147946776156e-01
3.327174033558688571e-02
3.721489641883001798e-01
