9.744315163079316777e-01
9.686045480583518330e-01
9.619384410207064695e-01
9.545881800486198943e-01
9.465592302929201063e-01
9.376182809961547404e-01
9.270885063019341787e-01
9.133124583826436327e-01
8.919709231573083041e-01
8.492698988747432454e-01
7.204596078557518046e-01
9.743326130826594766e-02
7.318312338538723871e-01
9.309893456271677303e-01
9.594294055342444949e-01
9.671390057890407732e-01
9.710090685757011286e-01
9.743553319516479183e-01
9.779610325790728531e-01
9.816896754277447679e-01
9.841908379381031358e-01
9.804708152933075960e-01
9.516725139929695931e-01
8.201372721356372519e-01
3.584146063851340602e-01
6.360007229255441874e-03
2.514134894546614651e-01
4.495137134083667108e-01
5.550188372860311858e-01
6.128173004713313166e-01
6.459723567159144642e-01
6.652572747184867241e-01
6.760816755050644833e-01
6.813996045700612125e-01
6.829496989058824186e-01
6.818232358750760946e-01
6.787438220847933357e-01
6.742132162641487625e-01
6.685837959447844536e-01
6.621874445723338054e-01
6.551557828430806252e-01
6.476885586380414228e-01
6.399145715235355913e-01
6.319373616119839943e-01
6.238434262622792881e-01
6.156950871336084319e-01
6.075422850166570798e-01
5.994177053281148915e-01
5.913363638049308202e-01
5.832916655814089912e-01
5.752466729479908114e-01
5.671149520609799488e-01
5.587148415442581006e-01
5.496415273758621378e-01
5.388028568504820148e-01
5.217024441726423323e-01
4.158006715536839426e-01
5.610812411910585107e-01
5.328073675389258801e-01
5.149885019465104685e-01
4.933477744804418141e-01
4.532113747193837194e-01
3.055092301042676706e-01
7.924010845478302034e-01
6.399869410048200091e-01
5.979630598528895558e-01
5.794174768009892063e-01
5.690648759790515321e-01
5.626440618314016984e-01
5.585077524146693229e-01
5.558844653023206073e-01
5.543495053049420918e-01
5.537000880096457633e-01
5.537530373110916004e-01
5.544192584374073585e-01
5.556309464203457171e-01
5.573396184571172141e-01
5.595096926269385040e-01
5.621144832681800318e-01
5.651336534212618723e-01
5.685515580874227481e-01
5.723561590176365899e-01
5.765383333316156378e-01
5.810914864142907588e-01
5.860114452429378007e-01
5.912966741349886535e-01
5.969489463950754526e-01
6.029747663221038945e-01
6.093881601236155188e-01
6.162161507925103532e-01
6.235095600369171542e-01
6.313528812821430636e-01
6.401067424494063518e-01
6.501563416272668761e-01
6.635585445129125182e-01
6.924163604983912812e-01
5.352153137737446498e-01
6.467930440894884558e-01
6.654007490299932437e-01
6.773952949536785617e-01
6.873885520709053232e-01
6.963893276492845175e-01
7.046769890545296899e-01
7.122829790895334190e-01
7.190990199325022481e-01
7.249676318460867019e-01
7.295593949686002277e-01
7.324458142848312425e-01
7.330111578670427397e-01
7.302871519607569972e-01
7.227960546037027756e-01
7.081114321142677470e-01
6.819799028819052422e-01
6.370043221121820531e-01
5.584962362813604697e-01
4.203532349206777763e-01
1.972117982406970393e-01
5.650116269402856092e-03
1.824054299866556539e-01
5.151887051168752008e-01
7.144331598766900937e-01
8.092137727463887265e-01
8.522416754103933068e-01
8.677716739432935755e-01
8.631881384920137013e-01
8.317935250171070161e-01
7.238642389028274726e-01
1.800756562695186580e-01
8.759021058873601717e-01
9.847763661645327904e-01
9.781365692912797893e-01
9.650609640827123581e-01
9.519076683717211385e-01
9.390233080576160241e-01
9.262325334186577441e-01
9.133869359946048538e-01
9.004088842425970185e-01
8.872757812424045820e-01
8.740025539838008894e-01
8.606281062636277346e-01
8.472026833497818821e-01
8.337673307243530507e-01
8.202960180172129689e-01
8.064655908446856092e-01
7.903235844976568281e-01
7.485483153247772803e-01
8.463117011717302685e-01
8.278307264489307427e-01
5.506327551063946446e-01
5.118813792505220173e-01
6.175785374826435747e-01
6.354664452652837303e-01
6.365691376164510640e-01
6.320443022430368707e-01
6.251847273049317977e-01
6.172802720177933411e-01
6.089570720006283189e-01
6.005519192921510152e-01
5.922642863132383528e-01
5.842206682674123686e-01
5.765054588779841005e-01
5.691769696675046397e-01
5.622769711458426301e-01
5.558343420238165411e-01
5.498700299706555938e-01
5.443972759072922551e-01
5.394199596540849573e-01
5.348778873232709064e-01
5.311013031041200705e-01
5.276355694438656929e-01
5.246930958246407428e-01
5.222503119291603824e-01
5.202939210263173297e-01
5.188100334637754107e-01
5.177829513713975151e-01
5.171951163551139485e-01
5.170274073861365061e-01
5.172597123871457425e-01
5.178719067935687592e-01
5.188468856766788040e-01
5.201591173216660868e-01
5.218139813230503465e-01
5.238081481581388088e-01
5.261684464121617610e-01
5.289609812747203543e-01
5.323253693110927554e-01
5.365451538334518045e-01
5.422045438503007020e-01
5.506729704690725979e-01
5.655155233275804827e-01
5.999608343779209152e-01
7.648156686889386879e-01
2.337839369384746846e-01
4.102737253886492019e-01
4.423981261876576698e-01
4.516118829458494743e-01
4.513803139486663452e-01
4.444296987824926659e-01
4.302117494541343179e-01
4.054326743831707103e-01
