9.972313893098090354e-01
9.986895145814309593e-01
9.987887961392968306e-01
9.962659668818562020e-01
9.890202847478921644e-01
9.735980473782772648e-01
9.444569939716649376e-01
8.931762997937512383e-01
8.084646278723192081e-01
6.793640438584415131e-01
5.051667414930420819e-01
3.095171450162362281e-01
1.393802444509450178e-01
3.456255005965145483e-02
2.896932914921239964e-04
1.562354038026642078e-02
5.617329334517763562e-02
1.052417860689070367e-01
1.540477710429916103e-01
1.988303418793911370e-01
2.384279130614940234e-01
2.728616656604047064e-01
3.026193037773949879e-01
3.283223895573436635e-01
3.505836357168140571e-01
3.699531604801873375e-01
3.869044749960253160e-01
4.018370554846348863e-01
4.150849227040386280e-01
4.269265759508232283e-01
4.375943756142697261e-01
4.472827148086033766e-01
4.561548650222343460e-01
4.643486013106408739e-01
4.719807908479917713e-01
4.791511653702716922e-01
4.859456495820563826e-01
4.924414694335810805e-01
4.985938840665530836e-01
5.047285943944296305e-01
5.106594846119171249e-01
5.164920476835149765e-01
5.222654725876192394e-01
5.280127121743636298e-01
5.337625013153882714e-01
5.395399724414667864e-01
5.453665529250066868e-01
5.512457870445615082e-01
5.572635234556119199e-01
5.633476992614420142e-01
5.695504732584236729e-01
5.758805776649076336e-01
5.823470573805106243e-01
5.889575468879987286e-01
5.957181254213198551e-01
6.026333109214573325e-01
6.097060702373298113e-01
6.169378256498960766e-01
6.243284544541015668e-01
6.318762821634918980e-01
6.395780709935173780e-01
6.474290056443948727e-01
6.554226785465533389e-01
6.635510767951120492e-01
6.718045730237970359e-01
6.801719224627045257e-01
6.886402683813976910e-01
6.971951580319349917e-01
7.058205710626623830e-01
7.144989621634518784e-01
7.232113194148114266e-01
7.319372394398145909e-01
7.406550199929025080e-01
7.493417700599236397e-01
7.579735368924375161e-01
7.665254486617143481e-01
7.749718706047862282e-01
7.832865716646559839e-01
7.914428977177890845e-01
7.994139465656213694e-01
8.071727389743632575e-01
8.146923792274808340e-01
8.219461979865053669e-01
8.289078699034135855e-01
8.355514988343125671e-01
8.418516661056486550e-01
8.477834477267103264e-01
8.533224530189905677e-01
8.584452264690943801e-01
8.631341320314396270e-01
8.672605704037013030e-01
8.710249497635571547e-01
8.742243261361416495e-01
8.768685021952836722e-01
8.789241908349342269e-01
8.800953849798128781e-01
8.811677594031341876e-01
8.812298490381337279e-01
8.805352932728781612e-01
8.790535639243349797e-01
8.755532021840928270e-01
8.727788462786246759e-01
8.681803628981729082e-01
8.622640601869930865e-01
8.548920375284080331e-01
8.458775936318682076e-01
8.349988775737281488e-01
8.219992007005521018e-01
8.065867000743629500e-01
7.884357846696267158e-01
7.671919674327847272e-01
7.424818648462778725e-01
7.139304706605178463e-01
6.811880105842307298e-01
6.439684857974490306e-01
6.021010485788425015e-01
5.555931972805944197e-01
5.047011061409319987e-01
4.499973199475363339e-01
3.924205150546605791e-01
3.332882167091102965e-01
2.742543468503214621e-01
2.172019349297065194e-01
1.640773243316382413e-01
1.166914275473373008e-01
7.652800192768752230e-02
4.460080084765194464e-02
2.138850219017169457e-02
6.853836967949503839e-03
5.312259966414969482e-04
1.653971041248828962e-03
9.290458646756448446e-03
2.246612156110129599e-02
4.025878124146674980e-02
6.186495439091357906e-02
8.664152749097396577e-02
1.141307710497234396e-01
1.440780498640973073e-01
1.764522381313232968e-01
2.114802647588780726e-01
2.497110864395759855e-01
2.921331902772071887e-01
3.403876693764026351e-01
3.971520190154593788e-01
4.667925960669021546e-01
5.565044874373544781e-01
6.765224319298897004e-01
8.298851408394728457e-01
9.280769665216809239e-01
6.313586100010769586e-01
1.591892235165155989e-01
7.495786434378956357e-03
1.062249407895207894e-02
4.859177673846402229e-02
8.994304067098617128e-02
1.279191436120754588e-01
1.615585935862458300e-01
1.914647597034348780e-01
2.181846804108976134e-01
2.421191083986029835e-01
2.642040589460222244e-01
2.843883291297831239e-01
3.030501027798239710e-01
3.203993086610205654e-01
3.365915391699021431e-01
3.517420137026922022e-01
3.659340929687018296e-01
3.792253253395734824e-01
3.916538027368477448e-01
4.032199303408747770e-01
4.139476677816391059e-01
4.238074665617508341e-01
4.327708398125746925e-01
4.407960594193434112e-01
4.469442016704538445e-01
4.535100952717452394e-01
4.582362572212607121e-01
4.616040527939350713e-01
4.634859898712479498e-01
4.637082791353900890e-01
4.620615297871588090e-01
4.582983662619731779e-01
4.521292858757153810e-01
4.432187256766085270e-01
4.311829171022710794e-01
4.155919749202602875e-01
3.959803165924543067e-01
3.718720692377614490e-01
3.428316811270571973e-01
3.085540790506671738e-01
2.690115221899995190e-01
2.246708902259802743e-01
1.767759232704779193e-01
1.276409792879307226e-01
8.082154576413380642e-02
4.094435184090455121e-02
1.299408673716451537e-02
1.090871733566710616e-03
7.126662568442701517e-03
3.017617275127178894e-02
