9.963968464379774348e-01
9.963868135147095906e-01
9.963806696388868289e-01
9.963781216841942623e-01
9.963788660101998707e-01
9.963825976716604860e-01
9.963890178379474216e-01
9.963978396112558311e-01
9.964087924302976740e-01
9.964216252403871321e-01
9.964361086018220792e-01
9.964520358974685577e-01
9.964692237881292991e-01
9.964875120512335371e-01
9.965067629245029091e-01
9.965268600635390772e-01
9.965477072086943444e-01
9.965692266440459024e-01
9.965913575205513908e-01
9.966140541029313571e-01
9.966372839914654502e-01
9.966610263597850405e-01
9.966852702418712573e-01
9.967100128943608972e-01
9.967352582539710237e-01
9.967610155039147157e-01
9.967872977590482853e-01
9.968141208747862692e-01
9.968415023822724264e-01
9.968694605487893323e-01
9.968980135605857162e-01
9.969271788231868214e-01
9.969569723737730094e-01
9.969874083977190438e-01
9.970184988423324013e-01
9.970502531190690299e-01
9.970826778865135021e-01
9.971157769051758324e-01
9.971495509563765847e-01
9.971839978169450003e-01
9.972191122824223264e-01
9.972548862312535789e-01
9.972913087235191210e-01
9.973283661279171985e-01
9.973660422709987872e-01
9.974043186039195374e-01
9.974431743816891682e-01
9.974825868508072624e-01
9.975225314415721023e-01
9.975629819620442928e-01
9.976039107903780234e-01
9.976452890638780602e-01
9.976870868619901467e-01
9.977292733821531145e-01
9.977718171068806763e-01
9.978146859612341268e-01
9.978578474597578074e-01
9.979012688423822830e-01
9.979449171990442125e-01
9.979887595827322544e-01
9.980327631110196274e-01
9.980768950563589925e-01
9.981211229250863681e-01
9.981654145258610500e-01
9.982097380275339882e-01
9.982540620074437099e-01
9.982983554901951884e-01
9.983425879778364820e-01
9.983867294718159480e-01
9.984307504875420403e-01
9.984746220620197565e-01
9.985183157551087429e-01
9.985618036453626223e-01
9.986050583207639608e-01
9.986480528649738231e-01
9.986907608399049341e-01
9.987331562647069338e-01
9.987752135924650165e-01
9.988169076843110838e-01
9.988582137818396989e-01
9.988991074784063784e-01
9.989395646895475878e-01
9.989795616228562825e-01
9.990190747478709943e-01
9.990580807664125595e-01
9.990965565834724060e-01
9.991344792790897156e-01
9.991718260816371266e-01
9.992085743424709010e-01
9.992447015126783016e-01
9.992801851215442621e-01
9.993150027577019090e-01
9.993491320524943156e-01
9.993825506660763969e-01
9.994152362765930109e-01
9.994471665722350906e-01
9.994783192464185007e-01
9.995086719966110866e-01
9.995382025264759607e-01
9.995668885515807123e-01
9.995947078091035332e-01
9.996216380710415406e-01
9.996476571618274631e-01
9.996727429795463360e-01
9.996968735217592883e-01
9.997200269150053886e-01
9.997421814491306291e-01
9.997633156156041645e-01
9.997834081501901782e-01
9.998024380802350564e-01
9.998203847761811813e-01
9.998372280073661855e-01
9.998529480025044602e-01
9.998675255140558882e-01
9.998809418870642229e-01
9.998931791320770923e-01
9.999042200018799509e-01
9.999140480720298818e-01
9.999226478251683758e-01
9.999300047382714274e-01
9.999361053731525839e-01
9.999409374694553376e-01
9.999444900398598568e-01
9.999467534670690716e-01
9.999477196018126124e-01
9.999473818615411957e-01
9.999457353289086248e-01
9.999427768492731294e-01
9.999385051263605106e-01
9.999329208152323289e-01
9.999260266112942608e-01
9.999178273342588241e-01
9.999083300060257473e-01
9.998975439203882098e-01
9.998854807038195514e-01
9.998721543653729116e-01
9.998575813335727203e-01
9.998417804791059904e-01
9.998247731204679134e-01
9.998065830109387209e-01
9.997872363042745736e-01
9.997667614964241833e-01
9.997451893409332602e-01
9.997225527348105878e-01
9.996988865716847084e-01
9.996742275591129490e-01
9.996486139958528083e-01
9.996220855053151721e-01
9.995946827201512841e-01
9.995664469125739027e-01
9.995374195639701309e-01
9.995076418656670958e-01
9.994771541410193416e-01
9.994459951759556704e-01
9.994142014403847307e-01
9.993818061775430195e-01
9.993488383281261545e-01
9.993153212421497233e-01
9.992812711100769185e-01
9.992466950103390255e-01
9.992115884169449069e-01
9.991759319234099213e-01
9.991396867933327597e-01
9.991027886984286122e-01
9.990651385624443881e-01
9.990265886146153518e-01
9.989869201876327987e-01
9.989458066123748647e-01
9.989027476856549015e-01
9.988569461774196023e-01
9.988070559207760102e-01
9.987506133604748815e-01
9.986825691595484500e-01
9.985906864566050922e-01
9.984359518724295057e-01
9.980012111825506960e-01
9.861557485727697747e-01
9.989584188394156072e-01
9.988352566072894456e-01
9.987352855143766250e-01
9.986597518904161142e-01
9.985962975332147717e-01
9.985393060300945534e-01
9.984860712948731010e-01
9.984352025760869775e-01
9.983859799350632835e-01
9.983380714690404112e-01
9.982914005342783392e-01
9.982460810755079406e-01
9.982023863123227203e-01
9.981607346438845507e-01
9.981216845121526626e-01
9.980859334218195045e-01
9.980543177452065873e-01
9.980278102795331341e-01
9.980075120940249400e-01
9.979946339939104183e-01
9.979904606624250274e-01
9.979962865930459559e-01
9.980133060838026759e-01
