9.964201340374435611e-01
9.965356334363064672e-01
9.967553269767079893e-01
9.970853070266623153e-01
9.975231324656094190e-01
9.980516580263295578e-01
9.986290581335789396e-01
9.991724994904077617e-01
9.995310321522279384e-01
9.994398478299595379e-01
9.984417537336891524e-01
9.957500207637445255e-01
9.900052597083027761e-01
9.788412092974280165e-01
9.581176271579554538e-01
9.206402130981954368e-01
8.544050333528178109e-01
7.418304073944834709e-01
5.662601775983783225e-01
3.376062625030702424e-01
1.236463379055005030e-01
1.091299665280646460e-02
1.294763868020276480e-02
7.931688311570861405e-02
1.628384209061101151e-01
2.409410490470088040e-01
3.069300075009360196e-01
3.606321799873045131e-01
4.038315870923123163e-01
4.385660863780825314e-01
4.666125674826962499e-01
4.893939989680434755e-01
5.080156321094907446e-01
5.233291562644291073e-01
5.359116962705904319e-01
5.464955884874871384e-01
5.552651830027410806e-01
5.626021971989012549e-01
5.687582905146846279e-01
5.739357257753646691e-01
5.782988820928299800e-01
5.819825908867075626e-01
5.850983976891084293e-01
5.877393254831100311e-01
5.899835329064412326e-01
5.918971479565476868e-01
5.935364798690190291e-01
5.949497549689325426e-01
5.961784741269897658e-01
5.972584121062588514e-01
5.982197920133842661e-01
5.990181670279406401e-01
5.999119438049924646e-01
6.006727901041670759e-01
6.014094482467700065e-01
6.021369186784684135e-01
6.028694453384429996e-01
6.036197742462825477e-01
6.043992090540062367e-01
6.052177339085743624e-01
6.060841314086234943e-01
6.070060846792021403e-01
6.079902628223359251e-01
6.090423910789630746e-01
6.101673073498623534e-01
6.113690065981571831e-01
6.126506744248957359e-01
6.140147108632472150e-01
6.154627451884495670e-01
6.169956422711025956e-01
6.186135006487517574e-01
6.203156419029570712e-01
6.221005896883142761e-01
6.239660335728027807e-01
6.259087630555358883e-01
6.279245201318331970e-01
6.300075321705276288e-01
6.321479428719342097e-01
6.342741107116377508e-01
6.366534527197245108e-01
6.389363377470054228e-01
6.412561076405270954e-01
6.435964217333515203e-01
6.459432805901528241e-01
6.482821529448250519e-01
6.505972727348351414e-01
6.528714836574552871e-01
6.550866533984377460e-01
6.572302028432971399e-01
6.592033002695444344e-01
6.611190606193906305e-01
6.628578136368613594e-01
6.644043969146992135e-01
6.657262467523681337e-01
6.667863050910525224e-01
6.675434958716641720e-01
6.679524562377624486e-01
6.679630872106262496e-01
6.675200003110596247e-01
6.665618699517590340e-01
6.650206869902228757e-01
6.628209039620853726e-01
6.598784562088643169e-01
6.560996155557700105e-01
6.513794632279525931e-01
6.455980310720484949e-01
6.383776729148056273e-01
6.303860117187123357e-01
6.206050062492588504e-01
6.091686824584429116e-01
5.958835735525584987e-01
5.805452751939840228e-01
5.629390419708373283e-01
5.428452120249378510e-01
5.200485973489271663e-01
4.943528746161293119e-01
4.656012843147917524e-01
4.337048196000155009e-01
3.986784633057014471e-01
3.606846573909726072e-01
3.200808185410858320e-01
2.774643051202592692e-01
2.337042528571854350e-01
1.899464022901472537e-01
1.475765889147180876e-01
1.081333826133891729e-01
7.317165313563600559e-02
4.409470678348317851e-02
2.198733136629468093e-02
7.488004379478617294e-03
7.307913922232965424e-04
1.367974660118391689e-03
8.661584487895803569e-03
2.161561352269684641e-02
3.911625236845552023e-02
6.005388013727615965e-02
8.341235816280204163e-02
1.083226898426566803e-01
1.340859579939556179e-01
1.601739767240072665e-01
1.862162727241453430e-01
2.119799274389381205e-01
2.373404165128453203e-01
2.620352816489414649e-01
2.868999606596869811e-01
3.115400568107286050e-01
3.361434446845537050e-01
3.611557127408367429e-01
3.870212327305170286e-01
4.143241934937026416e-01
4.438494787993055302e-01
4.766754596879487216e-01
5.143198557180537200e-01
5.589618193547091218e-01
6.137389148148022500e-01
6.829269033317085791e-01
7.707508759874158732e-01
8.722412047217786846e-01
9.293025494828142108e-01
7.474683043642592617e-01
3.125979960667494284e-01
5.317423384193935981e-02
2.068242391629563498e-04
1.873752080469804834e-02
5.224010016119053079e-02
8.506929168879205638e-02
1.137387222098761863e-01
1.380220093329718456e-01
1.584680475427931445e-01
1.757169221102918288e-01
1.903261446037872728e-01
2.027427775827195522e-01
2.133146535480695549e-01
2.223089599820286255e-01
2.299291148021603282e-01
2.363261781703700493e-01
2.415080266867157821e-01
2.459122297886046082e-01
2.492253382016089147e-01
2.516104628778778052e-01
2.530847217869627297e-01
2.536482339059359381e-01
2.532857875261259051e-01
2.519693770635764163e-01
2.496266376968151735e-01
2.462761749915961529e-01
2.417825322434463409e-01
2.360834342188140866e-01
2.290872932818009966e-01
2.206927880082081572e-01
2.107924131440393201e-01
1.992778610317104127e-01
1.860486732168180612e-01
1.710258581852967530e-01
1.541727931460206980e-01
1.355264803657058870e-01
1.152429279054087430e-01
9.366063124421905584e-02
7.138490634776767374e-02
4.939143919834256685e-02
