9.855569900846905540e-01
9.860932775288787644e-01
9.866288690237448034e-01
9.871642933564762634e-01
9.876998308289242079e-01
9.882355287636224173e-01
9.887712190216529917e-01
9.893065367883890904e-01
9.898409400030573346e-01
9.903737289198784044e-01
9.909040653888385730e-01
9.914309915310993704e-01
9.919534475638169813e-01
9.924702885953353704e-01
9.929803002698955883e-01
9.934822131914603505e-01
9.939747160957808081e-01
9.944564677749297976e-01
9.949261077861285552e-01
9.953822659970036346e-01
9.958235710379784722e-01
9.962486577434227497e-01
9.966561736720905840e-01
9.970447848029825311e-01
9.974131805053664257e-01
9.977600778818997984e-01
9.980842255830119081e-01
9.983844071875442872e-01
9.986594442414074013e-01
9.989081990411488032e-01
9.991295772442531087e-01
9.993225303824632144e-01
9.994860583495432937e-01
9.996192119278600741e-01
9.997210954140106631e-01
9.997908693972847871e-01
9.998277537406314863e-01
9.998310308078445230e-01
9.998000489773963828e-01
9.997342264784817578e-01
9.996330555818911945e-01
9.994961071745952497e-01
9.993230357448666945e-01
9.991135848022372201e-01
9.988675927547018274e-01
9.985849992651385509e-01
9.982658521073489721e-01
9.979103145424859100e-01
9.975186732366999598e-01
9.970913467420856602e-01
9.966288945635897178e-01
9.961320268377453768e-01
9.956016146500390462e-01
9.950387010221319883e-01
9.944445126027974258e-01
9.938204721011885123e-01
9.931682115051680970e-01
9.924895861328671964e-01
9.917866895711049402e-01
9.910618695597592787e-01
9.903177448872254596e-01
9.895572233674946316e-01
9.887835209739120890e-01
9.880001822085135998e-01
9.872111017862330584e-01
9.864205477115106646e-01
9.856331858157584280e-01
9.848541058085753530e-01
9.840888488666924561e-01
9.833434367396443054e-01
9.826244022804323519e-01
9.819388212044339870e-01
9.812943447253162921e-01
9.806992324912180425e-01
9.801623849214109452e-01
9.796933735826273137e-01
9.793024675916364163e-01
9.790006531188902850e-01
9.787996418106639229e-01
9.787118622730318629e-01
9.787504266793708441e-01
9.789290624539129793e-01
9.792619985691585205e-01
9.797638040536453818e-01
9.804492209891649823e-01
9.813332541043694457e-01
9.824331068559989388e-01
9.837877358830151575e-01
9.834634436326574747e-01
9.867981953798780070e-01
9.887634907506539506e-01
9.908461451065128101e-01
9.929982924858188342e-01
9.951018580797450497e-01
9.969568556030160567e-01
9.982394183449040392e-01
9.984314753742605797e-01
9.967068978616800967e-01
9.917480971568538584e-01
9.814542820394529521e-01
9.624943103349112850e-01
9.296844218564501716e-01
8.753360011087918391e-01
7.892756656160669904e-01
6.615262175421563473e-01
4.908581580164864122e-01
2.982641053571087886e-01
1.292674818054426744e-01
2.694172201215967039e-02
3.332510701694667114e-04
2.808817774823701291e-02
8.290111345519254882e-02
1.456815673138945333e-01
2.065596910520982044e-01
2.615682317002923085e-01
3.097301593567918787e-01
3.513619275357612870e-01
3.872379381961982281e-01
4.182198115979627873e-01
4.451091463027535000e-01
4.686005576349636104e-01
4.892767712923195011e-01
5.076194812992088634e-01
5.240245940467997965e-01
5.388172443532310840e-01
5.522649572150166719e-01
5.645885972423348997e-01
5.759712456494110455e-01
5.865653056560770073e-01
5.964981576153544074e-01
6.058766527708669969e-01
6.147906872687769475e-01
6.233160513994598917e-01
6.315167085045479967e-01
6.394466247463016506e-01
6.471512444887271842e-01
6.546686853332779332e-01
6.620307107727594342e-01
6.692635259801412717e-01
6.763884326158918769e-01
6.834223710598530399e-01
6.903783726413605937e-01
6.972659398575071776e-01
7.040913689270280607e-01
7.108580260901881109e-01
7.175665866460518849e-01
7.242152436657007808e-01
7.307998915046560739e-01
7.373142875324263379e-01
7.437501937588465450e-01
7.500974980621747390e-01
7.563443121694886084e-01
7.624770397465057137e-01
7.684804015196644578e-01
7.743373920514950992e-01
7.800291165436689100e-01
7.855343936099392632e-01
7.908288426325716935e-01
7.958826561066533190e-01
8.006543147950941908e-01
8.050678865596122558e-01
8.088851658570713754e-01
8.093773995668835930e-01
8.190209698957242601e-01
8.215678945463325000e-01
8.241156797343147655e-01
8.263154587907340920e-01
8.280350045600222142e-01
8.291855998924829718e-01
8.296812711513771310e-01
8.294254608911338922e-01
8.283027570049901200e-01
8.261706358377161052e-01
8.228491996079565496e-01
8.181073024435220331e-01
8.116430813617981910e-01
8.030560118298714078e-01
7.918060892318333766e-01
7.771533198684895671e-01
7.580670149473792696e-01
7.330892404792028749e-01
7.001314614780129730e-01
6.561854799763320312e-01
5.969702199159937495e-01
5.167263394834488155e-01
4.090633817056182897e-01
2.717646888890914436e-01
1.215442406784459778e-01
1.666090766758836911e-02
3.850446222131050089e-02
1.942637777820773737e-01
3.969466511347923832e-01
5.717310581456063190e-01
6.987697001242484385e-01
7.856810375361996668e-01
8.445613382981475015e-01
8.849162065518552112e-01
9.131134398906107785e-01
9.332320239487204017e-01
9.478734018786199034e-01
