9.866956643672532001e-01
9.866844584934731932e-01
9.866805485581792157e-01
9.866857282419051467e-01
9.867013252384841948e-01
9.867282555271176259e-01
9.867670768739700282e-01
9.868180404347234314e-01
9.868811396137109337e-01
9.869561555772481398e-01
9.870426990237153309e-01
9.871402479806662411e-01
9.872481815401156213e-01
9.873658095527559908e-01
9.874923983895216306e-01
9.876271929464407462e-01
9.877694351165631215e-01
9.879183789869433463e-01
9.880733030404967865e-01
9.882335196518644560e-01
9.883983821702335693e-01
9.885672898766472150e-01
9.887396910938728301e-01
9.889150847132082145e-01
9.890930203863014247e-01
9.892730976111040464e-01
9.894549639220543424e-01
9.896383123738936582e-01
9.898228784891786036e-01
9.900084368191317541e-01
9.901947972491880190e-01
9.903818011619509587e-01
9.905693175546801399e-01
9.907572391911614318e-01
9.909454788552373161e-01
9.911339657590565455e-01
9.913226421486704965e-01
9.915114601380735637e-01
9.917003787948177607e-01
9.918893614917286827e-01
9.920783735328466690e-01
9.922673800556319756e-01
9.924563442069853636e-01
9.926452255864844920e-01
9.928339789466510412e-01
9.930225531384564430e-01
9.932108902873143519e-01
9.933989251840973367e-01
9.935865848743630213e-01
9.937737884290578361e-01
9.939604468786560343e-01
9.941464632943867175e-01
9.943317329987370057e-01
9.945161438894672967e-01
9.946995768610623623e-01
9.948819063089104908e-01
9.950630007020470069e-01
9.952427232113107980e-01
9.954209323810210286e-01
9.955974828327889270e-01
9.957722259915484653e-01
9.959450108247466238e-01
9.961156845863506915e-01
9.962840935588368474e-01
9.964500837864919136e-01
9.966135017951952557e-01
9.967741952935919025e-01
9.969320138523128927e-01
9.970868095579091817e-01
9.972384376394658467e-01
9.973867570659514792e-01
9.975316311131697811e-01
9.976729279000782213e-01
9.978105208940957205e-01
9.979442893858830876e-01
9.980741189345843090e-01
9.981999017843676825e-01
9.983215372545656274e-01
9.984389321045440413e-01
9.985520008759589672e-01
9.986606662149847269e-01
9.987648591771389750e-01
9.988645195176550917e-01
9.989595959708073014e-01
9.990500465217669879e-01
9.991358386743925957e-01
9.992169497189570260e-01
9.992933670039232386e-01
9.993650882155985515e-01
9.994321216703918598e-01
9.994944866233337333e-01
9.995522135978844869e-01
9.996053447405515158e-01
9.996539342045561716e-01
9.996980485663675697e-01
9.997377672776105451e-01
9.997731831545415560e-01
9.998044029061827764e-01
9.998315476993754336e-01
9.998547537570878774e-01
9.998741729825012525e-01
9.998899735955234513e-01
9.999023407623588433e-01
9.999114771873259810e-01
9.999176036240946530e-01
9.999209592429253446e-01
9.999218017663684677e-01
9.999204072480992744e-01
9.999170693206681504e-01
9.999120976680933026e-01
9.999058153809856631e-01
9.998985547143520725e-01
9.998906505731790517e-01
9.998824307699475389e-01
9.998742016967457902e-01
9.998662274675464978e-01
9.998586997255574094e-01
9.998516940327714098e-01
9.998451068387967933e-01
9.998385641027562887e-01
9.998312881319253442e-01
9.998219021259309169e-01
9.998081406336210009e-01
9.997864157934446272e-01
9.997511588030425500e-01
9.996938044089381803e-01
9.996011962399792283e-01
9.994530295910497575e-01
9.992176499929502631e-01
9.988449538294337238e-01
9.982539942434968117e-01
9.973105025219518582e-01
9.957842478942594555e-01
9.932637237345735004e-01
9.889741866994774533e-01
9.813583523571695055e-01
9.670149111900711025e-01
9.376913344055525235e-01
8.706691759699725086e-01
6.968066900049220136e-01
2.713564694823354939e-01
3.097318086699790002e-02
3.968541801372151290e-01
6.505017876451604231e-01
7.713053407507214354e-01
8.337394809290967768e-01
8.696852199691860186e-01
8.922275839586070179e-01
9.072986243305432019e-01
9.178692030616003583e-01
9.255563712888357220e-01
9.313020473549527001e-01
9.356861474001890722e-01
9.390824260198397111e-01
9.417411484089115437e-01
9.438353781054089620e-01
9.454881108737379636e-01
9.467888193085001181e-01
9.478038893731134396e-01
9.485834005437238092e-01
9.491656442540579164e-01
9.495802017411588691e-01
9.498500795249111839e-01
9.499932129520096691e-01
9.500235356692242616e-01
9.499517434802058347e-01
9.497858370004461648e-01
9.495314986664592505e-01
9.491923399177218945e-01
9.487700399643668181e-01
9.482643858797328296e-01
9.476732127381760629e-01
9.469922300211564004e-01
9.462147037249444281e-01
9.453309379947322233e-01
9.443274575047135855e-01
9.431857162628882740e-01
9.418800170350368761e-01
9.403740456185730734e-01
9.386148355505563590e-01
9.365216508463125589e-01
9.339640191631207733e-01
9.307144130810072191e-01
9.262993318874427340e-01
9.197963960284856189e-01
9.082942290066601254e-01
8.792672626534233649e-01
6.265914089623648708e-01
9.996870734171698913e-01
9.662630132269242056e-01
9.526204790147161372e-01
9.444765777392892803e-01
9.384138952537189882e-01
9.332676311510237355e-01
9.285296550301807006e-01
9.239382674545547625e-01
9.193408277444785615e-01
9.146388226883651607e-01
9.097628983238151834e-01
9.046603122910987782e-01
