1.991640500616886633e-01
2.387102474166521993e-01
2.737903187502697677e-01
3.046713339045476476e-01
3.317555875975747859e-01
3.554719866880878820e-01
3.762314929268631425e-01
3.944113332509337488e-01
4.103516196196997923e-01
4.243569234836387927e-01
4.366994929710182327e-01
4.476227116150230945e-01
4.573442631787126289e-01
4.660588378336877891e-01
4.739403126949717215e-01
4.811429105565246389e-01
4.877869633972752861e-01
4.940719976796447699e-01
5.000169377317471575e-01
5.057360311220296945e-01
5.113535970915221718e-01
5.169049319658285402e-01
5.224638515065395117e-01
5.280837534945975742e-01
5.338095378075249364e-01
5.396784776555680896e-01
5.457209634161682699e-01
5.519611916550700714e-01
5.584178062423639233e-01
5.651044923264303410e-01
5.720305231745195229e-01
5.792012600252716137e-01
5.866186054474107348e-01
5.942814111060552573e-01
6.021858412552161255e-01
6.103256936762010421e-01
6.186926801588427116e-01
6.272766689666459117e-01
6.360658920388089221e-01
6.450471199578665660e-01
6.542058079534405213e-01
6.635262164179340783e-01
6.729915095794185564e-01
6.825838361062389614e-01
6.922843955039027497e-01
7.020734942019509761e-01
7.119305952079563182e-01
7.218343651206760025e-01
7.317627221331612919e-01
7.416928884104876385e-01
7.516014498839449498e-01
7.614644260580478718e-01
7.712573518681943296e-01
7.809553729558993407e-01
7.905333549419931716e-01
7.999660063841056434e-01
8.092280141114566172e-01
8.182941885544064986e-01
8.271396155477697132e-01
8.357398099086877918e-01
8.440708648984465157e-01
8.521095904976820901e-01
8.598336322815821609e-01
8.672215616075532596e-01
8.742529268785066421e-01
8.809082550062876660e-01
8.871689925984779235e-01
8.930173813690166496e-01
8.984362949080234584e-01
9.034093927707583793e-01
9.076857942889559050e-01
9.119347007896250190e-01
9.154582909260535750e-01
9.184548923686611799e-01
9.208979951631355299e-01
9.227538783544172452e-01
9.239779877445593037e-01
9.244983691259399672e-01
9.238226501440709448e-01
9.235558322572376966e-01
9.216353459504097456e-01
9.187028458224548721e-01
9.145968271941578021e-01
9.091236507642487252e-01
9.020487626463760122e-01
8.930863843128761248e-01
8.818904544254626554e-01
8.680465463566506834e-01
8.510660748929904651e-01
8.303857939196184201e-01
8.052047189646533987e-01
7.753320229333032776e-01
7.396086895834175223e-01
6.975735722431425367e-01
6.487909179492663547e-01
5.931475232120655416e-01
5.310237404783402226e-01
4.634563799684461860e-01
3.922435683493710190e-01
3.198197979936179269e-01
2.494017461406984604e-01
1.840554832401886387e-01
1.266830926011362213e-01
7.942336644298751691e-02
4.341675624118616905e-02
1.878016281225123457e-02
4.776501200132839825e-03
9.698209640894139144e-05
3.158084422037186687e-03
1.234655896583878622e-02
2.618529577074705725e-02
4.342355503165110792e-02
6.307049227530971136e-02
8.439428229723848485e-02
1.069063950275956493e-01
1.303466523417584622e-01
1.546829554288671749e-01
1.801431134827751745e-01
2.073111104748996125e-01
2.373643835584630934e-01
2.726644073482269448e-01
3.183922919842261945e-01
3.880105586045946575e-01
5.270836364898709991e-01
8.560403176904247680e-01
1.550502745517200534e-02
6.500636137033494188e-02
1.371026441773059712e-01
1.830867273625378100e-01
2.159060874402151387e-01
2.415914055608251454e-01
2.629870028052221365e-01
2.815764530514104913e-01
2.982035132522483090e-01
3.133820555183839396e-01
3.274452037276557870e-01
3.406405893564689591e-01
3.527817964239684523e-01
3.645394540952099360e-01
3.755906801605554124e-01
3.862041262837616618e-01
3.961822547344875378e-01
4.055943313837889752e-01
4.144259500225040416e-01
4.226441367910553359e-01
4.302000782054427597e-01
4.370288771141164763e-01
4.430482717277108295e-01
4.481564449780927606e-01
4.522285991160152618e-01
4.551108425748948139e-01
4.566011530772134397e-01
4.561508998720175123e-01
4.546936887588804987e-01
4.507650409703353178e-01
4.441731484706735178e-01
4.345610678235860558e-01
4.213574933969466696e-01
4.038711476575571613e-01
3.812852115368501327e-01
3.526726690125508989e-01
3.170675306501070101e-01
2.736574631493792209e-01
2.221756714618741413e-01
1.638102743914270354e-01
1.024031504036162638e-01
4.614349520136572236e-02
8.117826634261573679e-03
3.390545529813486503e-03
4.143105330718340612e-02
1.186822694961973956e-01
2.194167196692829724e-01
3.248350203050746621e-01
4.213939704548556597e-01
5.029194445694242788e-01
5.685344137104105799e-01
6.199515758689305711e-01
6.596690025324835061e-01
6.900991625277298480e-01
7.132609146112196541e-01
7.307343180238236036e-01
7.437133070464919671e-01
7.530817569302185044e-01
7.594846175677469891e-01
7.633860844347146735e-01
7.651146022612892450e-01
7.648969470607199783e-01
7.628839890157603776e-01
7.591703981212437613e-01
7.538100638694016364e-01
7.468285494692379345e-01
7.382335381253133377e-01
7.280239494112119569e-01
7.161981834155295434e-01
7.027617447336074186e-01
6.877341920125259467e-01
6.711544830194522415e-01
6.530795610730463219e-01
6.335288590209970927e-01
6.117315251552120081e-01
