6.409171300766037804e-01
4.908387270292269844e-01
3.260484215315804790e-01
1.754904226399872091e-01
6.691709899107597947e-02
1.120625612442041792e-02
8.919437645839703227e-04
2.040387455302332051e-02
5.536962905479272251e-02
9.600888635841807461e-02
1.367725059500437546e-01
1.749533203637564094e-01
2.094818861375144226e-01
2.401431793970059403e-01
2.671278961124594065e-01
2.907934663960539123e-01
3.115437096899820735e-01
3.297720350042726567e-01
3.458374432726410985e-01
3.600568712538033123e-01
3.727052822208565264e-01
3.840191085501815649e-01
3.942008557392994716e-01
4.034238202891882175e-01
4.118364584799699690e-01
4.195662359804470665e-01
4.267229297520833131e-01
4.334014174406124464e-01
4.396840139366818279e-01
4.456424201474493141e-01
4.513393456965762440e-01
4.568298606680781804e-01
4.621625245582870467e-01
4.673803354504410534e-01
4.725215427312045580e-01
4.776203851644631460e-01
4.827079171829028459e-01
4.878137549987648924e-01
4.929788406231628839e-01
4.980446066877097233e-01
5.033874528385143821e-01
5.087745993744013928e-01
5.142701002987725145e-01
5.198922567999414435e-01
5.256548137267273990e-01
5.315694179121733809e-01
5.376461217667626302e-01
5.438935533228046459e-01
5.503189897974832823e-01
5.569283901032107131e-01
5.637264039436098439e-01
5.707163648102726583e-01
5.779002708066954819e-01
5.852787559731816858e-01
5.928510543015249601e-01
6.006149584616516934e-01
6.085667752437743383e-01
6.167012797785975664e-01
6.250116707012955963e-01
6.334895285567949674e-01
6.421247799040435966e-01
6.509056697863171426e-01
6.598187455665999179e-01
6.688488557999532347e-01
6.779791694841934557e-01
6.871912258966763609e-01
6.964650418914419827e-01
7.057793744758743548e-01
7.151126639811112851e-01
7.244504310563418814e-01
7.335760379769387107e-01
7.429066124710947960e-01
7.520517519881591006e-01
7.610732014276083701e-01
7.699462538293561087e-01
7.786426576986922310e-01
7.871315976236034073e-01
7.953911060866759586e-01
8.033968019549952988e-01
8.109306997767721237e-01
8.184070126360125652e-01
8.254381610292841343e-01
8.320861282929219449e-01
8.383289329739233020e-01
8.441417447502600480e-01
8.494994304510807837e-01
8.543767300499521822e-01
8.587479924784932050e-01
8.625867141642274971e-01
8.658649237076380123e-01
8.685524163649352980e-01
8.706158309271854190e-01
8.720175572968967836e-01
8.727144605899344043e-01
8.726564053059365778e-01
8.717845594314008739e-01
8.700294485411405043e-01
8.673086949950423730e-01
8.635242249230589140e-01
8.585578531098688737e-01
8.522555388295505185e-01
8.436062926558328678e-01
8.353065753621358169e-01
8.240362977546119572e-01
8.106935151126434258e-01
7.949950028497199117e-01
7.766443195814229927e-01
7.553267941835368759e-01
7.307178656170073561e-01
7.024984324656229351e-01
6.703665189788562406e-01
6.341635195219286203e-01
5.936835310734486226e-01
5.490091346511059012e-01
5.003912423594781833e-01
4.483498574128340630e-01
3.937092236458218930e-01
3.376064787154238189e-01
2.814586933132366964e-01
2.268808213979170152e-01
1.755580670797763365e-01
1.290894701812396739e-01
8.882984149874612045e-02
5.575359068119035283e-02
3.060261130629904000e-02
1.306927130693141294e-02
3.145322241678982257e-03
1.698957603523114802e-04
3.327753911652017900e-03
1.170921947267354254e-02
2.439176687400441274e-02
4.050155999816967833e-02
5.925230215962879604e-02
7.996461803937222890e-02
1.020708811593096788e-01
1.251103939393581055e-01
1.487190137239787213e-01
1.726162535669531484e-01
1.965918835008661214e-01
2.204932513798979199e-01
2.442139590967610796e-01
2.676841446068554675e-01
2.908623938413462673e-01
3.137292379164289269e-01
3.362829161800153788e-01
3.585107929260811233e-01
3.804784350889899303e-01
4.021737734321876867e-01
4.236344647437697564e-01
4.448935464209350377e-01
4.659857197998721889e-01
4.869456378773183713e-01
5.077810211009884389e-01
5.286896231599116369e-01
5.494915435756966282e-01
5.703432523920893837e-01
5.912824174041078074e-01
6.123600532977472310e-01
6.336343782635731614e-01
6.551722198245516493e-01
6.770517258783426140e-01
6.993660729997346337e-01
7.222282866745221019e-01
7.457772791804891943e-01
7.701848833104797398e-01
7.956625335386189324e-01
8.224628113961669484e-01
8.508606933530882266e-01
8.810669143960018213e-01
9.129181256496714525e-01
9.447993229977400542e-01
9.697076213974279435e-01
9.598534503708155974e-01
8.108825034216897709e-01
3.307624225811837682e-01
1.959790580639865498e-03
1.552389983538933205e-01
3.505930043162619469e-01
4.853099965475565214e-01
5.769551205793588267e-01
6.426095672199453324e-01
6.921993321536034083e-01
7.313187048623005504e-01
7.632344250573457334e-01
7.899420827027802128e-01
8.127135788310575482e-01
8.323901435927361092e-01
8.495458061968405028e-01
8.645822048837570328e-01
8.777848883848308192e-01
8.893520954381808341e-01
8.992389457265189678e-01
9.079228919667591269e-01
9.155332927656222308e-01
9.216657417746502157e-01
9.261522254855989456e-01
9.300027077212136284e-01
9.319894550734393324e-01
9.322021032827925158e-01
9.301996399753695854e-01
