9.920192920646472290e-01
9.921170037652339291e-01
9.922175928567206205e-01
9.923209782808455337e-01
9.924270692630992041e-01
9.925357666941710955e-01
9.926469643579337587e-01
9.927605500053628962e-01
9.928764062856944017e-01
9.929944115352317136e-01
9.931144404371247125e-01
9.932363645604468383e-01
9.933600527902438637e-01
9.934853716593952111e-01
9.936121855927361191e-01
9.937403570754664850e-01
9.938697467552638498e-01
9.940002134881325002e-01
9.941316143376970338e-01
9.942638045355122189e-01
9.943966374107940931e-01
9.945299642962195374e-01
9.946636344158922283e-01
9.947974947610976892e-01
9.949313899586130772e-01
9.950651621354997811e-01
9.951986507841390495e-01
9.953316926300486145e-01
9.954641215054065295e-01
9.955957682299243494e-01
9.957264605007227765e-01
9.958560227921881003e-01
9.959842762674266936e-01
9.961110387009293188e-01
9.962361244136621607e-01
9.963593442201875705e-01
9.964805053884685515e-01
9.965994116115967083e-01
9.967158629917685086e-01
9.968296560359652947e-01
9.969405836631372031e-01
9.970484352224066038e-01
9.971529965220002900e-01
9.972540498685752430e-01
9.973513741162171042e-01
9.974447447252069443e-01
9.975339338298706560e-01
9.976187103152824864e-01
9.976988399024075971e-01
9.977740852418368611e-01
9.978442060151593296e-01
9.979089590448094738e-01
9.979680984112387909e-01
9.980213755780884544e-01
9.980685395249307978e-01
9.981093368878840577e-01
9.981435121079801354e-01
9.981708075874230479e-01
9.981909638541129892e-01
9.982037197344200141e-01
9.982088125345884855e-01
9.982059782312410201e-01
9.981949516710714176e-01
9.981754667804316750e-01
9.981472567850444566e-01
9.981100544406806829e-01
9.980635922750428213e-01
9.980076028416995371e-01
9.979418189866887667e-01
9.978659741285317297e-01
9.977798025524904357e-01
9.976830397196156941e-01
9.975754225919922780e-01
9.974566899747053794e-01
9.973265828755475404e-01
9.971848448837490331e-01
9.970312225682652629e-01
9.968654658975001359e-01
9.966873286806555710e-01
9.964965690321601066e-01
9.962929498601534872e-01
9.960762393795146163e-01
9.958462116496245020e-01
9.956026471366093977e-01
9.953453332985542357e-01
9.950740651896873290e-01
9.947886460762463967e-01
9.944888880497916306e-01
9.941746126102910530e-01
9.938456511659957693e-01
9.935018453412468586e-01
9.931430468608475337e-01
9.927691164742636909e-01
9.923799205520317246e-01
9.919753213685540416e-01
9.915551470872431272e-01
9.911190764992938718e-01
9.906659408058052785e-01
9.901739248358025769e-01
9.897315125700548721e-01
9.892301452368736925e-01
9.887163242523224760e-01
9.881878107356490970e-01
9.876443038967719357e-01
9.870858152561254872e-01
9.865124658092455645e-01
9.859244402058955359e-01
9.853219738121086202e-01
9.847053493860388196e-01
9.840748972824997498e-01
9.834309972240232733e-01
9.827740809103091557e-01
9.821046351701362420e-01
9.814232055297453794e-01
9.807304001478807098e-01
9.800268941027669989e-01
9.793134340355875711e-01
9.785908431665291118e-01
9.778600267071515528e-01
9.771219776979389593e-01
9.763777833061131339e-01
9.756286316228147681e-01
9.748758190041488803e-01
9.741207580059053628e-01
9.733649859673512150e-01
9.726101743062290916e-01
9.718581385938197537e-01
9.711108494868944119e-01
9.703704446022316521e-01
9.696392414290727624e-01
9.689197513853322619e-01
9.682146951354577702e-01
9.675270193007114994e-01
9.668599147054703913e-01
9.662168363188854414e-01
9.656015250648388726e-01
9.650180316871153074e-01
9.644707428701425611e-01
9.639644098227950764e-01
9.635041795360290706e-01
9.630956289151287875e-01
9.627448019597214524e-01
9.624582501087520781e-01
9.622430757653175348e-01
9.621069788453253668e-01
9.620583059157216121e-01
9.621061010450567830e-01
9.622601567950379575e-01
9.625310626984897588e-01
9.629302468860615472e-01
9.634700039068142541e-01
9.641634977053900046e-01
9.650247223187324863e-01
9.660683927507162094e-01
9.673097223855056104e-01
9.687640173839392466e-01
9.704459762616503005e-01
9.723685130152808220e-01
9.745408048971208048e-01
9.769650655335643252e-01
9.796311949081683013e-01
9.825078363088629585e-01
9.855272386788180849e-01
9.885592106107619070e-01
9.913654070378068450e-01
9.935172398010524430e-01
9.942447066039628023e-01
9.921507180359918632e-01
9.846588303581107482e-01
9.669340891792439496e-01
9.298260521782411026e-01
8.564495850256658160e-01
7.194683665845463816e-01
4.934582482758355648e-01
2.143220137232227651e-01
2.520351993446739991e-02
1.677619781448811895e-02
1.180608391170664268e-01
2.399606772738333282e-01
3.461158514025186039e-01
4.305736601036426192e-01
4.964683469732466548e-01
5.481807629069114229e-01
5.893736479651089377e-01
6.227716003682162160e-01
6.503367494953860017e-01
6.734770811488851594e-01
6.932106403366260494e-01
7.102822339433541021e-01
7.252437803781375258e-01
7.385093196903583790e-01
7.503928817048305389e-01
7.611348192616269603e-01
7.709203179180578180e-01
7.798924486851258608e-01
7.881608331056271233e-01
7.958015607573124539e-01
8.028231253218960362e-01
8.095687328731537846e-01
8.157206644136518747e-01
