1.314910390122014383e-01
4.148649868057403128e-02
3.117292430495566084e-03
8.105692221935767786e-03
4.299268858525961967e-02
9.534869690819502974e-02
1.560534709472425619e-01
2.192355351146715037e-01
2.814469173160821791e-01
3.408336569101028668e-01
3.965193426374652441e-01
4.481997776563724778e-01
4.958920889398875098e-01
5.397843516543343600e-01
5.801471103571554933e-01
6.172819816414695238e-01
6.514921447742478833e-01
6.830646462602731894e-01
7.122724354114700063e-01
7.393402091252715413e-01
7.644819192500996730e-01
7.878750357335901899e-01
8.096696850364603071e-01
8.299900944338926001e-01
8.489369958074461930e-01
8.665903659422166116e-01
8.830123452356515301e-01
8.982502266805799662e-01
9.123394247460553386e-01
9.253063447856910706e-01
9.371710834390512002e-01
9.479499010985186214e-01
9.576574194472715629e-01
9.663085101641606389e-01
9.739198545893799075e-01
9.805111677243483204e-01
9.861060926782123648e-01
9.907327829470187197e-01
9.944241991467643871e-01
9.972181493495972937e-01
9.991567306209472310e-01
1.000285602235125859e+00
1.000660327573309472e+00
1.000330088907620762e+00
9.993526782552643040e-01
9.977867122764390029e-01
9.956920410747298611e-01
9.931291585864253646e-01
9.901586079949503683e-01
9.868404345297070446e-01
9.832337008537794798e-01
9.793960727906073638e-01
9.753834792631769224e-01
9.712498459191637457e-01
9.670468824542592934e-01
9.628233270250812215e-01
9.586298230208154525e-01
9.545066508609917344e-01
9.504988904789183346e-01
9.466473800862947874e-01
9.429916386271346429e-01
9.395702445885185661e-01
9.364215186835834759e-01
9.335844706783742453e-01
9.311001079715507389e-01
9.290132744559946865e-01
9.273752966061993286e-01
9.262479001448025162e-01
9.257091945591617854e-01
9.258631424554103484e-01
9.268551202684565116e-01
9.288985195100412096e-01
9.323219245098046670e-01
9.376541591330953551e-01
9.457640027624464318e-01
9.578873689001358160e-01
9.721392206552325055e-01
8.725140224634888586e-01
4.635624123814882092e-01
5.348790462432296833e-01
7.443901818581343255e-01
8.025148699620902049e-01
8.298286792242715038e-01
8.462734060999654861e-01
8.577456253436378519e-01
8.665994780890763360e-01
8.739569564730375051e-01
8.804200030549699241e-01
8.863410029697766923e-01
8.919440010163594001e-01
8.973002815657236120e-01
9.026838544604121051e-01
9.080313959263073276e-01
9.134371671357546241e-01
9.189539058217649492e-01
9.246282409342932995e-01
9.304984745292247394e-01
9.366397423911507758e-01
9.430580333438154383e-01
9.498088667551918274e-01
9.569079308148618068e-01
9.643107420294178000e-01
9.718105475628827650e-01
9.787703437360075753e-01
9.833663543021892162e-01
9.802496272889638096e-01
9.525326469804360485e-01
8.431066092528363143e-01
4.980959673681384370e-01
3.841499478747663343e-02
1.278020098729156506e-01
3.666727597525224480e-01
5.160929385819024162e-01
6.011814294841946182e-01
6.505698588209212208e-01
6.787284224257438270e-01
6.925151447407436045e-01
6.949291050651312807e-01
6.867010931457888656e-01
6.668355797934265583e-01
6.325929636713878423e-01
5.791625798886993470e-01
4.995119245723980694e-01
3.862269545635758083e-01
2.406572815057883286e-01
9.529365080723187220e-02
2.574005364055958686e-02
9.157085296728402490e-02
2.572094683406314086e-01
4.337254030219364065e-01
5.718620057321619488e-01
6.679236879293517504e-01
7.326604566193161139e-01
7.763955219134551777e-01
8.062995264859149636e-01
8.269660428177901812e-01
8.413013103981821228e-01
8.511659253883080423e-01
8.577757720998379076e-01
8.619439300361860790e-01
8.642267340671430098e-01
8.650132420080669515e-01
8.645811229856545932e-01
8.631323164478197363e-01
8.608162658962671410e-01
8.577453587194746598e-01
8.540053670636020833e-01
8.496625954209653386e-01
8.447686665328959510e-01
8.393642371409443248e-01
8.334731152202010662e-01
8.271203443572927583e-01
8.202297201431000273e-01
8.087720058568353965e-01
8.067688639544836615e-01
7.938839404299693481e-01
7.889812012881962655e-01
7.805588870813970903e-01
7.716127742928117206e-01
7.622655644037459322e-01
7.525415891362953191e-01
7.424445747948947849e-01
7.319692797705028564e-01
7.211038837229057918e-01
7.098301203644737933e-01
6.981225768662963072e-01
6.859475246312274344e-01
6.732613708837451583e-01
6.600087281108651949e-01
6.461200578884774837e-01
6.315088269154857104e-01
6.160678724442315568e-01
5.996660834469573764e-01
5.821421666490370628e-01
5.633000661124799580e-01
5.429018680759245541e-01
5.206605580743256523e-01
4.962325009351841176e-01
4.692109261453819569e-01
4.391230350714608877e-01
4.054360407906127395e-01
3.675825244868461406e-01
3.250247502706825053e-01
2.773936169868811419e-01
2.247630096533566324e-01
1.681509898184408158e-01
1.103492186717298373e-01
5.708363808856026234e-02
1.811597731486229781e-02
7.052028957037344455e-03
3.786515240795117893e-02
1.174861786919342566e-01
2.386539749607038130e-01
3.806176026306778981e-01
5.191532294111798063e-01
6.371908098716102531e-01
7.280772825256457415e-01
7.925817177542262559e-01
8.346456675908316969e-01
8.585516280172931225e-01
