1.000108639190192994e+00
1.000315958648363646e+00
1.000447755290943652e+00
1.000506856633563091e+00
1.000495487498395342e+00
1.000415268843585004e+00
1.000267236516942271e+00
1.000051876197985523e+00
9.997691711604681508e-01
9.994186598600831584e-01
9.989995007156220463e-01
9.985105417955493223e-01
9.979503934500277840e-01
9.973175022287901204e-01
9.966102247014906323e-01
9.958269000488692013e-01
9.949659205146023089e-01
9.940257990058261051e-01
9.930052333035025436e-01
9.919031664904395251e-01
9.907188433337977829e-01
9.894518624634104365e-01
9.881022242763588537e-01
9.866703745694648253e-01
9.851572439592658492e-01
9.835642831931697971e-01
9.818934944902546480e-01
9.801474590748897597e-01
9.783293610848604605e-01
9.764430080469322926e-01
9.744928481206314164e-01
9.724839843142903950e-01
9.704221858797756894e-01
9.683138970901489229e-01
9.661662436044968771e-01
9.639870366204811303e-01
9.617847750132267892e-01
9.595686456544157972e-01
9.573485221022290936e-01
9.551349618462839919e-01
9.529392022846087107e-01
9.507731555983603977e-01
9.486494026748727437e-01
9.465811862069666294e-01
9.445824030642038238e-01
9.426675959871175792e-01
9.408519445907385093e-01
9.391512555751665436e-01
9.375819519171062488e-01
9.361610606461046036e-01
9.349061985730232616e-01
9.338355550158571328e-01
9.329678701200855295e-01
9.323224067557766004e-01
9.319189131191301101e-01
9.317775719794239020e-01
9.319189308525526183e-01
9.323638050506047881e-01
9.331331422594019154e-01
9.342478326003682554e-01
9.357284414001371120e-01
9.375948321582771028e-01
9.398656330174749440e-01
9.425574791818488452e-01
9.456839327702263320e-01
9.492539351952091753e-01
9.532695769144519105e-01
9.577228619357497363e-01
9.625909782898406375e-01
9.678293260366302997e-01
9.733611446149945667e-01
9.790619293455292693e-01
9.847357854263742993e-01
9.900792248094476555e-01
9.946256968511112406e-01
9.975590636312154924e-01
9.980446969217322550e-01
9.941114354828455291e-01
9.832039552782881886e-01
9.612949460390407541e-01
9.223944049620507180e-01
8.581532552838042616e-01
7.585880928446733229e-01
6.160843310437981168e-01
4.350646894843593349e-01
2.435175501191901570e-01
8.913810047570423778e-02
9.655215455448125372e-03
7.357594016051256965e-03
5.784241625093842348e-02
1.334808193154511102e-01
2.155152504538449532e-01
2.943456324231215060e-01
3.661731159595033036e-01
4.301432830495361403e-01
4.866744183104158017e-01
5.366264158073766888e-01
5.809293719521230193e-01
6.204362371308554946e-01
6.558771393833002783e-01
6.878566603622709996e-01
7.168672117773137176e-01
7.433067756740289189e-01
7.674962160083884655e-01
7.896944677350862252e-01
8.101112354026690499e-01
8.289173564100615899e-01
8.462531534948274370e-01
8.622351221378289354e-01
8.769612638749876288e-01
8.905153263616287784e-01
9.029701619390192446e-01
9.143903741936829643e-01
9.248343877390906576e-01
9.343560495176098657e-01
9.430058490569954710e-01
9.508318290162189879e-01
9.578802448694656579e-01
9.641960227703523234e-01
9.698230567884221776e-01
9.748043802832625504e-01
9.791822407883032930e-01
9.829981031529818614e-01
9.862926016568726029e-01
9.891054582482888824e-01
9.914753809020810937e-01
9.934399532923631204e-01
9.950355245112646463e-01
9.962971054157450101e-01
9.972582763364605807e-01
9.979511093196841154e-01
9.984061067789227195e-01
9.986521573857561895e-01
9.987165092056713434e-01
9.986247594633178570e-01
9.984008598713848270e-01
9.980671361564404931e-01
9.976443202380606001e-01
9.971515934369741263e-01
9.966066390871807235e-01
9.960257029808419205e-01
9.954236601700321430e-01
9.948140867749566407e-01
9.942093356066183940e-01
9.936206146527933880e-01
9.930580679839347003e-01
9.925308600809699122e-01
9.920472695787991846e-01
9.916148187246087709e-01
9.912405669495191196e-01
9.909322374355413743e-01
9.905573702817520587e-01
9.904877699942092883e-01
9.903950365075822049e-01
9.903732116707981703e-01
9.904238811922023711e-01
9.905413212997551398e-01
9.907109286481683430e-01
9.909020249990034834e-01
9.910522542631227116e-01
9.910330164731269154e-01
9.905674076190341681e-01
9.890160461667119041e-01
9.847426672014740756e-01
9.728794031996100822e-01
9.352764842937986156e-01
7.782975584253178924e-01
1.258393399646070554e-01
4.347318395481569175e-01
7.572919717462821554e-01
8.582443884988260052e-01
9.005526112196663435e-01
9.225503334950895251e-01
9.356880349254126372e-01
9.443069198863601743e-01
9.503536028853563078e-01
9.548127902474281559e-01
9.582296199916000567e-01
9.609278200543386328e-01
9.631108482453577535e-01
9.649128163635147803e-01
9.664259049825471015e-01
9.677159620489079739e-01
9.688318007849885394e-01
9.698109650615027721e-01
9.706834264220141062e-01
9.714740228393012877e-01
9.722041052449766907e-01
9.728926694194705016e-01
9.735571440241342911e-01
9.742139434337394599e-01
9.748788574342931446e-01
9.755673286364811014e-01
9.762946572988959737e-01
9.770761696319967271e-01
9.779273889946159537e-01
9.788642608751353391e-01
9.799035054633757902e-01
9.810632122289569823e-01
9.823638593132825170e-01
