0.35294117647059	-0.0649 0.2927
0.35794117647059	-0.3414 0.4229
0.36294117647059	-0.4076 -0.6429
0.36794117647059	0.0429 -0.0986
0.37294117647059	-0.1107 0.0833
0.37794117647059	-0.4210 -0.0156
0.38294117647059	-0.6698 -0.5946
0.38794117647059	0.2397 -0.8747
0.39294117647059	0.7227 -0.3200
0.39794117647059	0.5238 0.1683
0.40294117647059	0.2385 0.2524
0.40794117647059	0.0844 0.1974
0.41294117647059	0.0136 0.1179
0.41794117647059	0.0189 -0.1242
0.42294117647059	-0.0207 0.1491
0.42794117647059	-0.0023 0.0047
0.43294117647059	0.0782 -0.0808
0.43794117647059	0.2663 -0.1118
0.44294117647059	0.5520 0.1075
0.44794117647059	0.4628 0.6822
0.45294117647059	-0.1175 0.9306
0.45794117647059	-0.6774 0.5858
0.46294117647059	-0.7267 -0.0004
0.46794117647059	-0.2864 -0.1242
0.47294117647059	-0.1406 -0.2395
0.47794117647059	-0.0051 -0.0182
0.48294117647059	-0.0050 0.0708
0.48794117647059	-0.0982 0.2204
0.49294117647059	-0.4202 0.3283
0.49794117647059	-0.9290 -0.1873
0.50294117647059	-0.3345 -0.8300
0.50794117647059	0.1954 -0.5553
0.51294117647059	-0.6159 -0.3250
0.51794117647059	0.4658 -0.8245
0.52294117647059	0.9372 -0.2555
0.52794117647059	0.3358 0.6485
0.53294117647059	0.1561 -0.0746
0.53794117647059	0.2090 0.2201
0.54294117647059	0.0524 -0.0643
0.54794117647059	0.2987 0.0333
0.55294117647059	0.1835 0.1905
0.55794117647059	0.3167 0.3764
0.56294117647059	0.1353 0.4065
0.56794117647059	0.0141 0.4329
0.57294117647059	-0.1225 0.4501
0.57794117647059	-0.3204 0.3411
0.58294117647059	-0.4182 0.5309
0.58794117647059	-0.9191 -0.0488
0.59294117647059	-0.3106 0.6906
0.59794117647059	-0.6688 -0.5919
