1.016538652680607001e+92
8.305276122883348044e+91
6.799197499024631397e+91
5.577431543717956396e+91
4.584410342058770278e+91
3.775765558144804005e+91
3.116007898567611002e+91
2.576699631683837407e+91
2.135012960265247741e+91
1.772590852196256529e+91
1.474645349951263904e+91
1.229242647541772969e+91
1.026735294985721796e+91
8.593104946454272776e+90
7.206301513161556759e+90
6.055435593208803870e+90
5.098576870254307858e+90
4.301532076577855151e+90
3.636369229180052907e+90
3.080231852973600398e+90
2.614384646077098171e+90
2.223444159292608679e+90
1.894757612569797707e+90
1.617900510766061983e+90
1.384269682919058999e+90
1.186753090045215746e+90
1.019461490889426276e+90
8.775100293545532580e+89
7.568401735548697381e+89
6.540743218265128786e+89
5.663968954968297071e+89
4.914569405848678037e+89
4.272882229472529006e+89
3.722435728444227099e+89
3.249408541254164106e+89
2.842184311426400082e+89
2.490984073820049074e+89
2.187562330107984611e+89
1.924955395871719071e+89
1.697272712515681097e+89
1.499523526686869571e+89
1.327472726392379193e+89
1.177520749079718913e+89
1.046603392754699829e+89
9.321081073351371143e+88
8.318039518132866353e+88
7.437828999074210035e+88
6.664105833253893551e+88
5.982848948494526495e+88
5.382011465105939276e+88
4.851227025034127586e+88
4.381561909941931953e+88
3.965305509537022055e+88
3.595792954962405249e+88
3.267254767036045187e+88
2.974689225404042971e+88
2.713753873352913855e+88
2.480673160999153510e+88
2.272159717547791998e+88
2.085347149131884830e+88
1.917732596543242778e+88
1.767127568765509933e+88
1.631615803295469548e+88
1.509517100608483151e+88
1.399356244618192562e+88
1.299836258633956119e+88
1.209815361948253206e+88
1.128287089256428253e+88
1.054363116759477833e+88
9.872584075998607141e+87
9.262783472500646665e+87
8.708075884478719595e+87
8.203003666701484164e+87
7.742720821529223028e+87
7.322919741721728413e+87
6.939767384724296926e+87
6.589849601558873820e+87
6.270122525011741164e+87
5.977870077493139369e+87
5.710666790369794633e+87
5.466345240048032628e+87
5.242967502161848797e+87
5.038800107885430261e+87
4.852292057278557873e+87
4.682055504994602108e+87
4.526848786257965283e+87
4.385561495543180519e+87
4.257201369347463417e+87
4.140882757871681836e+87
4.035816499106886370e+87
3.941301034143840239e+87
3.856714624250756860e+87
3.781508549018244274e+87
3.715201181716493822e+87
3.657372852390713291e+87
3.607661421956845729e+87
3.565758502125505573e+87
3.531406265702082642e+87
3.504394801266281521e+87
3.484559974049169499e+87
3.471781762572634653e+87
3.465983047388480450e+87
3.467128834801456699e+87
3.475225904664300402e+87
3.490322877190232835e+87
3.512510699823581796e+87
3.541923560925370503e+87
3.578740243084344335e+87
3.623185935318644623e+87
3.675534529777027302e+87
3.736111435773701616e+87
3.805296951640359571e+87
3.883530243450354471e+87
3.971313988607436560e+87
4.069219753313755152e+87
4.177894184198571619e+87
4.298066107860894272e+87
4.430554647326620918e+87
4.576278481392452673e+87
4.736266392958308189e+87
4.911669274742046271e+87
5.103773787401557373e+87
5.314017894956474482e+87
5.544008537448297986e+87
5.795541741394247095e+87
6.070625515300653724e+87
6.371505932448506458e+87
6.700696866507443941e+87
7.061013919713709676e+87
7.455613169930235947e+87
7.888035463880967661e+87
8.362257102266049476e+87
8.882747901088484493e+87
9.454537775781946134e+87
1.008329318658297100e+88
1.077540500707295045e+88
1.153808964319217658e+88
1.237950554137854284e+88
1.330888759263148990e+88
1.433670237399264237e+88
1.547482768409242611e+88
1.673676043828663880e+88
1.813785771295433806e+88
1.969561658679309640e+88
2.142999944876649066e+88
2.336381265882120112e+88
2.552314789658554130e+88
2.793789726559377382e+88
3.064235528808454998e+88
3.367592340255310642e+88
3.708393554311394822e+88
4.091862693953110615e+88
4.524027255710470123e+88
5.011852673764260025e+88
5.563400180846193837e+88
6.188013090017875946e+88
6.896536925010644070e+88
7.701579919433748713e+88
8.617821728209225680e+88
9.662379799665618928e+88
1.085524480572064986e+89
1.221979889704844882e+89
1.378343343751672993e+89
1.557828639035316339e+89
1.764212382718844874e+89
2.001939528626940310e+89
2.276249914153297989e+89
2.593330203622349145e+89
2.960496612520592687e+89
3.386414978780288041e+89
3.881366214891243281e+89
4.457566984545047961e+89
5.129557682947088168e+89
5.914672564522652780e+89
6.833610286347143304e+89
7.911127383397150589e+89
9.176882468537551274e+89
1.066646551510004191e+90
1.242265475928505208e+90
1.449695396565856259e+90
1.695147555321935464e+90
1.986125104158661943e+90
2.331707028443028058e+90
2.742897607212390665e+90
3.233057226343519049e+90
3.818434336339058424e+90
4.518823360667198005e+90
5.358379693367807562e+90
6.366630935596850773e+90
7.579733670380831741e+90
9.042037953416712304e+90
1.080803806548645223e+91
1.294480890524895445e+91
1.553505396114302256e+91
1.868092471297715637e+91
2.250881468186005819e+91
2.717538689263832267e+91
3.287516476635536410e+91
3.985010800667209146e+91
4.840171283749062299e+91
