3.280770718087964918e+20
2.680946634002718065e+20
2.195201084486814597e+20
1.801083752419092070e+20
1.480698377711789343e+20
1.219753418733426606e+20
1.006815584552078541e+20
8.327218892395057971e+19
6.901157786088213709e+19
5.730805266718442291e+19
4.768490151216829235e+19
3.975735932719008973e+19
3.321432733343297946e+19
2.780382811108836147e+19
2.332141347873625702e+19
1.960091029458409062e+19
1.650702036649563341e+19
1.392939317905534157e+19
1.177787046172295373e+19
9.978664639602792448e+18
8.471282732370488320e+18
7.206046244860215296e+18
6.142088323131773952e+18
5.245733710155813888e+18
4.489186221794058240e+18
3.849463659039759360e+18
3.307532125051605504e+18
2.847601292904803840e+18
2.456549787223986688e+18
2.123455915751125248e+18
1.839213831903129856e+18
1.596219082517019648e+18
1.388110595404364544e+18
1.209558646789160704e+18
1.056090344359076096e+18
9.239457662307592960e+17
8.099591883101242880e+17
7.114608745171626240e+17
6.261957459529521920e+17
5.522559257351550080e+17
4.880247075463704960e+17
4.321299431340047360e+17
3.834052072526277760e+17
3.408573940322912640e+17
3.036396394747269120e+17
2.710286611404864640e+17
2.424057665030791360e+17
2.172409126857921280e+17
1.950793077875598400e+17
1.755301322019672000e+17
1.582570307783661760e+17
1.429700862645200160e+17
1.294190335639917280e+17
1.173875148301848960e+17
1.066882088656594240e+17
9.715869595898732800e+16
8.865794219804800000e+16
8.106330630012865600e+16
7.426798777762868800e+16
6.817884837371092800e+16
6.271454962832381600e+16
5.780395854810740800e+16
5.338478092729825600e+16
4.940238827211698400e+16
4.580880954591981600e+16
4.256186344359588000e+16
3.962441063372251200e+16
3.696370853589308800e+16
3.455085388275802800e+16
3.236030048783487200e+16
3.036944155467567600e+16
2.855824745578018000e+16
2.690895121232670800e+16
2.540577507451736000e+16
2.403469254883698000e+16
2.278322103765555200e+16
2.164024095025798000e+16
2.059583773364906800e+16
1.964116377413409600e+16
1.876831754947482000e+16
1.797023777631792000e+16
1.724061061139247600e+16
1.657378823182820800e+16
1.596471735003661000e+16
1.540887641517399600e+16
1.490222042260220000e+16
1.444113239868416200e+16
1.402238075357005000e+16
1.364308180331153600e+16
1.330066685661486400e+16
1.299285334249938000e+16
1.271761952666993800e+16
1.247318242496637200e+16
1.225797857628333800e+16
1.207064737893011400e+16
1.191001676530805600e+16
1.177509100921945200e+16
1.166504037096460400e+16
1.157919262202416200e+16
1.151702619864153600e+16
1.147816491417541600e+16
1.146237416206276200e+16
1.146955855349422800e+16
1.149976095627510000e+16
1.155316292132814600e+16
1.163008650256451800e+16
1.173099749585434800e+16
1.185651014261910000e+16
1.200739336470922800e+16
1.218457861777427200e+16
1.238916948298974600e+16
1.262245311635957200e+16
1.288591374967202000e+16
1.318124841710955800e+16
1.351038515312571400e+16
1.387550393125343800e+16
1.427906066175268200e+16
1.472381461736730600e+16
1.521285971424075200e+16
1.574966014252838200e+16
1.633809091764700000e+16
1.698248401208427400e+16
1.768768083012095600e+16
1.845909190574377600e+16
1.930276484190620000e+16
2.022546166843759200e+16
2.123474697999683600e+16
2.233908844352548000e+16
2.354797147555149600e+16
2.487203026118448800e+16
2.632319754583789200e+16
2.791487597322964800e+16
2.966213468327003200e+16
3.158193445122091200e+16
3.369338648827299600e+16
3.601804987920583600e+16
3.858027398265243200e+16
4.140759299417901600e+16
4.453118126476824000e+16
4.798637930746084800e+16
5.181330227477860800e+16
5.605754472166380000e+16
6.077099794506404000e+16
6.601279911243629600e+16
7.185043487523616000e+16
7.836102630609395200e+16
8.563282694475364800e+16
9.376697163608420800e+16
1.028795209044050720e+17
1.131038540534894400e+17
1.245934743085815520e+17
1.375253014707546560e+17
1.521035421611126720e+17
1.685642453130102080e+17
1.871806717280989440e+17
2.082696320677199360e+17
2.321989786294984640e+17
2.593964735026149120e+17
2.903603008620871040e+17
3.256715463325458560e+17
3.660090328433113600e+17
4.121669835181925120e+17
4.650760810356457600e+17
5.258286134063929600e+17
5.957085433226314240e+17
6.762275183342631680e+17
7.691680596909194240e+17
8.766354382713107200e+17
1.001120078363528704e+18
1.145572739021810688e+18
1.313495225829350656e+18
1.509050008649886464e+18
1.737192886057372416e+18
2.003833789400394752e+18
2.316031994181881344e+18
2.682233467197637632e+18
3.112559891685171200e+18
3.619161170581519360e+18
4.216646021478128128e+18
4.922608789219064832e+18
5.758274991656851456e+18
6.749293611174707200e+18
7.926711034851672064e+18
9.328170200206104576e+18
1.099938938608475341e+19
1.299598879597374874e+19
1.538575037314726093e+19
1.825141813492459315e+19
2.169417395881834496e+19
2.583795879142853018e+19
3.083485372421039718e+19
3.687179192080920166e+19
4.417894437299876659e+19
5.304021427119338291e+19
6.380639203373191987e+19
7.691167307675225293e+19
9.289443256629228339e+19
1.124233980744090255e+20
1.363306780264301855e+20
1.656535118595494380e+20
