6.248368504724837180e-01
6.276690714039034891e-01
6.306152626078092016e-01
6.337328137698777786e-01
6.370265026893776605e-01
6.404720281135751758e-01
6.440304510719088160e-01
6.476571904256772649e-01
6.513076095139674893e-01
6.549403808048369635e-01
6.585193317716563355e-01
6.620141520960258763e-01
6.654000008184708381e-01
6.686552384002714122e-01
6.717526282020134243e-01
6.746034655686161674e-01
6.730971304131282418e-01
6.810650868228889099e-01
6.835040977995935352e-01
6.859871181599171974e-01
6.884126927459779388e-01
6.907723672456980157e-01
6.930720747293620532e-01
6.953208868460460934e-01
6.975276908099302675e-01
6.996995720028121868e-01
7.018406713283092957e-01
7.039511583874441536e-01
7.060261619546693845e-01
7.080545389831066627e-01
7.100173427592970654e-01
7.118857821249110485e-01
7.136183208931622390e-01
7.151562724220269507e-01
7.164165930049062325e-01
7.172788974995443212e-01
7.175565089916533523e-01
7.166758931152100720e-01
7.140130410482588008e-01
7.094178235985859615e-01
6.970977712805818127e-01
6.918629131488782669e-01
7.266270837489124945e-01
7.181726344619898672e-01
7.056413621187903606e-01
6.894665969111273274e-01
6.673628492861608530e-01
6.360302788423591869e-01
5.903616984417965341e-01
5.221291366746163565e-01
4.186524937326219775e-01
2.661966010126007864e-01
8.214656213479183677e-02
8.124007537332172610e-03
2.116656901835661797e-01
5.123356243416422595e-01
7.167668282337125163e-01
8.282219868295314091e-01
8.876760216931124381e-01
9.204773803075414484e-01
9.392864559545255343e-01
9.503368861955842073e-01
9.568003617321974019e-01
9.603592939301125453e-01
9.619420470280301005e-01
9.620789715068062131e-01
9.610824133346435039e-01
9.591416834528413426e-01
9.563751601057043361e-01
9.528598808079183913e-01
9.486488549722527086e-01
9.437814382107959643e-01
9.382896558410960264e-01
9.322020875732344170e-01
9.255462401626934899e-01
9.183499554377065888e-01
9.106421847977239636e-01
9.024533338411757644e-01
8.938153019921286635e-01
8.847612883899584890e-01
8.753253904554474385e-01
8.655419682149554372e-01
8.554446551912548991e-01
8.450646886346977471e-01
8.344276702948295599e-01
8.235460760132419233e-01
8.123977792825114452e-01
8.008430508988779728e-01
7.880768023502620068e-01
7.406307135004813746e-01
7.733972662121850750e-01
7.604138495002733533e-01
7.487844878288371087e-01
7.375658687565701532e-01
7.265977624397592649e-01
7.159046812259756143e-01
7.034831179082392527e-01
6.943550015958216415e-01
6.841276060772194523e-01
6.739950222528890977e-01
6.639507942760236592e-01
6.538464919791554530e-01
6.427340714939818733e-01
5.941592338651864313e-01
6.124718069392816044e-01
6.152574642582558928e-01
6.058989774903749126e-01
5.952591789440857539e-01
5.836235104371851889e-01
5.733982529486475466e-01
5.763831503669304412e-01
5.930277537652527409e-01
5.984396613994408254e-01
5.955539000953510298e-01
5.909998792889555874e-01
5.862933602910960218e-01
5.833039823907015808e-01
5.808788294814404285e-01
5.795064836492322957e-01
5.792914803995751205e-01
5.803700599010396255e-01
5.829206022638540041e-01
5.871573918427298588e-01
5.932901591209088776e-01
6.014281663121799903e-01
6.117359301778864111e-01
6.254753208070333859e-01
6.431638484586567062e-01
6.621078970761388183e-01
6.775146001215684999e-01
6.824163849395668002e-01
6.700396271462017994e-01
6.388061717177250243e-01
5.950300379430069064e-01
5.487465580589505620e-01
5.060976968724729685e-01
4.660619724933050545e-01
4.112104118547599829e-01
4.029882710096044374e-01
3.125301978124800373e-01
1.176310416107441414e-01
5.483321789457802353e-01
8.449955894240724907e-01
7.349823212205961465e-01
6.838601776358722573e-01
6.683883894960309657e-01
6.560322961696266608e-01
6.504786663216086673e-01
6.492992093709281098e-01
6.511416328639768603e-01
6.552183211828446208e-01
6.610445404945575198e-01
6.683129163803396278e-01
6.768359917344572985e-01
6.865433398011703270e-01
6.977311056302289982e-01
7.082783155070659920e-01
7.232089529640682857e-01
7.458585861762971891e-01
6.396841092485473501e-01
7.362660289978353312e-01
7.556762865870265689e-01
7.711041565936839204e-01
7.854826080898704710e-01
7.994108613628155835e-01
8.130461968885931423e-01
8.264127556893861026e-01
8.394845205357372997e-01
8.522152344137471358e-01
8.645521148766129871e-01
8.764439251473896686e-01
8.878472287237683114e-01
8.987324331259214372e-01
9.090872869442757631e-01
9.188731681255400963e-01
9.271629926781854714e-01
9.217043253680061721e-01
9.320046839207731804e-01
9.418728738303616677e-01
9.477613396683447489e-01
9.484962122154825259e-01
9.126014042732195630e-01
9.656603290679947049e-01
9.728024937134122085e-01
9.724177194411757208e-01
9.627746379912474062e-01
9.014679185727129118e-01
1.196723332133530909e-01
7.811257657460674020e-01
9.110674290371439943e-01
9.306893017128125001e-01
8.745819045359866095e-01
8.565655580574060846e-01
8.900553126845169860e-01
8.752195290252958726e-01
8.466821620822937433e-01
8.077044385654085223e-01
7.591728705335610838e-01
7.022057991366960072e-01
6.386692821033854717e-01
