9.985696802922872095e-01
9.985669790279968483e-01
9.985673077015524424e-01
9.985701813481251410e-01
9.985751504694796443e-01
9.985818051114763172e-01
9.985897771955233315e-01
9.985987414049261046e-01
9.986084148969686103e-01
9.986185560826990049e-01
9.986289626876823089e-01
9.986394692793161276e-01
9.986499444206284881e-01
9.986602875865495665e-01
9.986704259561290931e-01
9.986803111748459028e-01
9.986899161626818788e-01
9.986992320277178203e-01
9.987082651318504034e-01
9.987170343416690299e-01
9.987255684886012785e-01
9.987339040527162259e-01
9.987420830773466873e-01
9.987501513158965061e-01
9.987581566071106476e-01
9.987661474711493348e-01
9.987741719160579956e-01
9.987822764416363075e-01
9.987905052268417627e-01
9.987988994852583513e-01
9.988074969730510455e-01
9.988163316333764641e-01
9.988254333624001502e-01
9.988348278808832914e-01
9.988445366977829476e-01
9.988545771515422445e-01
9.988649625170951118e-01
9.988757021661652802e-01
9.988868017706442615e-01
9.988982635389783704e-01
9.989100864771897070e-01
9.989222666664470118e-01
9.989347975506837063e-01
9.989476702283088816e-01
9.989608737426600715e-01
9.989743953674331545e-01
9.989882208831446508e-01
9.990023348417962357e-01
9.990167208174861591e-01
9.990313616413144526e-01
9.990462396188930505e-01
9.990613367302133563e-01
9.990766348107141814e-01
9.990921157138052955e-01
9.991077614547538843e-01
9.991235543363444771e-01
9.991394770567725292e-01
9.991555128003862807e-01
9.991716453122829744e-01
9.991878589573737202e-01
9.992041387650881790e-01
9.992204704607452470e-01
9.992368404844329532e-01
9.992532359987676971e-01
9.992696448862364855e-01
9.992860557376115338e-01
9.993024578320318652e-01
9.993188411100688562e-01
9.993351961405589901e-01
9.993515140822846199e-01
9.993677866412423727e-01
9.993840060242860091e-01
9.994001648902058887e-01
9.994162562987009002e-01
9.994322736579855926e-01
9.994482106717662573e-01
9.994640612858830542e-01
9.994798196357130848e-01
9.994954799941477841e-01
9.995110367209302238e-01
9.995264842138693595e-01
9.995418168620825439e-01
9.995570290015390880e-01
9.995721148733156536e-01
9.995870685849234105e-01
9.996018840746613288e-01
9.996165550793392196e-01
9.996310751056116661e-01
9.996454374048088232e-01
9.996596349517936630e-01
9.996736604273772642e-01
9.996875062050819549e-01
9.997011643416477966e-01
9.997146265716740920e-01
9.997278843065726672e-01
9.997409286374469017e-01
9.997537503420902416e-01
9.997663398963770875e-01
9.997786874895566722e-01
9.997907830436706389e-01
9.998026162371411729e-01
9.998141765320938124e-01
9.998254532059911437e-01
9.998364353866212584e-01
9.998471120913652310e-01
9.998574722694398842e-01
9.998675048482444927e-01
9.998771987826262642e-01
9.998865431073302723e-01
9.998955269925529077e-01
9.999041398020648286e-01
9.999123711536567205e-01
9.999202109820761741e-01
9.999276496033628892e-01
9.999346777808666431e-01
9.999412867923206383e-01
9.999474684973020944e-01
9.999532154048149657e-01
9.999585207405572440e-01
9.999633785127454155e-01
9.999677835763631784e-01
9.999717316947847046e-01
9.999752195980072811e-01
9.999782450366525577e-01
9.999808068306498265e-01
9.999829049117354707e-01
9.999845403584957104e-01
9.999857154226725608e-01
9.999864335455259656e-01
9.999866993628749867e-01
9.999865186971289566e-01
9.999858985347966911e-01
9.999848469880090462e-01
9.999833732375741358e-01
9.999814874564045830e-01
9.999792007110350767e-01
9.999765248387609828e-01
9.999734722989829239e-01
9.999700559956258283e-01
9.999662890689658967e-01
9.999621846540749370e-01
9.999577556033107939e-01
9.999530141706198805e-01
9.999479716546942898e-01
9.999426379983021862e-01
9.999370213412539510e-01
9.999311275237715568e-01
9.999249595376245026e-01
9.999185169216756597e-01
9.999117950985595416e-01
9.999047846489441671e-01
9.998974705190915024e-01
9.998898311571844388e-01
9.998818375727611674e-01
9.998734523119109374e-01
9.998646283397920609e-01
9.998553078185297149e-01
9.998454207647925474e-01
9.998348835662573819e-01
9.998235973273646993e-01
9.998114460041135354e-01
9.997982942708990572e-01
9.997839850386566196e-01
9.997683365088415597e-01
9.997511385967802200e-01
9.997321484812482506e-01
9.997110849211405803e-01
9.996876208015670340e-01
9.996613730894335914e-01
9.996318889278771325e-01
9.995986258513755995e-01
9.995609228391267864e-01
9.995179567036027724e-01
9.994686742692595605e-01
9.994116831075748886e-01
9.993450682075919467e-01
9.992660692720947146e-01
9.991704787072871463e-01
9.990514343942727971e-01
9.988967637732044658e-01
9.986823732735417014e-01
9.983526778462430418e-01
9.977450572431809661e-01
9.961207741705002672e-01
9.813316648794613295e-01
9.995070409566089165e-01
1.000360133459640810e+00
9.999719679809626616e-01
9.996824667786395890e-01
9.994595521429185947e-01
9.992742023505023496e-01
9.991111506214701565e-01
9.989623417183502996e-01
9.988234822872651408e-01
9.986923922659645125e-01
9.985681834131362455e-01
9.984508264279814416e-01
9.983409102265374813e-01
9.982395007762804306e-01
9.981480531452258109e-01
