7.279490819746013974e-01
5.954490245527036540e-01
4.460274384589429375e-01
2.984633633137843689e-01
1.722592633636012005e-01
8.018610502758087566e-02
2.512770001522401583e-02
2.282808928138708136e-03
3.514148508096988453e-03
2.074431896934464045e-02
4.752961835152504783e-02
7.933616665096458742e-02
1.132355225073385929e-01
1.474661745374477861e-01
1.810483224695733917e-01
2.134984789401606631e-01
2.446349995085633222e-01
2.744516777383992912e-01
3.030379645910027953e-01
3.305296107670087080e-01
3.570781047808068154e-01
3.827860966456049230e-01
4.079629262766409914e-01
4.325469515368931539e-01
4.567139095264327042e-01
4.805476177537022497e-01
5.041136138834536595e-01
5.274584966514294093e-01
5.506100284296913117e-01
5.735732749508782868e-01
5.961863512986010916e-01
6.190959590134512691e-01
6.414510095775635135e-01
6.635758509691295215e-01
6.854038634464172386e-01
7.068788194902546618e-01
7.279413901364211181e-01
7.485290399903833380e-01
7.685772642205169758e-01
7.880210780250561653e-01
8.067965411946553811e-01
8.248422416172844773e-01
8.421006933881309831e-01
8.585196145002021995e-01
8.740530535696782177e-01
8.886623392105934549e-01
9.023168307609532590e-01
9.149944552931814634e-01
9.266820230142736037e-01
9.373753208825927885e-01
9.470789920553847052e-01
9.558062161403892976e-01
9.635782116965645461e-01
9.704235876489631929e-01
9.763775739957343269e-01
9.814811642776407608e-01
9.857802027735711459e-01
9.893244484382224258e-01
9.921666454991980855e-01
9.943616278200397840e-01
9.959654813091353143e-01
9.970347871288338659e-01
9.976259714841000381e-01
9.977948056539479582e-01
9.975961739281944407e-01
9.970845733840174585e-01
9.963181162148547765e-01
9.954021607707189689e-01
9.938020391758304317e-01
9.926153970965131412e-01
9.840470073667364481e-01
9.902085882297382291e-01
9.888583022938612910e-01
9.878888977648584424e-01
9.577900540000501284e-01
9.821621572990685278e-01
9.815732084391894929e-01
9.805884455588587123e-01
9.796043955657061097e-01
9.787156040375580845e-01
9.779646494042192328e-01
9.773783796334337692e-01
9.769770585168232602e-01
9.767774425884082623e-01
9.767939792238172769e-01
9.770392311076029346e-01
9.775238343835028765e-01
9.782560072356119019e-01
9.792404420395814935e-01
9.804761950357078204e-01
9.819528159108579235e-01
9.836432418588806348e-01
9.854905021762638828e-01
9.873820693428619899e-01
9.890983209887700411e-01
9.902035291522714999e-01
9.898001885666753985e-01
9.859306219780775704e-01
9.739764932787373652e-01
9.419044448642418521e-01
8.550106829914085882e-01
6.172558252269974011e-01
1.808648868905785856e-01
8.949794221341850209e-02
3.755914915549332656e-01
5.963290395433609170e-01
7.190763622764964058e-01
7.906981411955036343e-01
8.364707964053919031e-01
8.681839622258823441e-01
8.916463036598109015e-01
9.099427032348309519e-01
9.248265702537205035e-01
9.373553287424365443e-01
9.482070191699399908e-01
9.578663461353753572e-01
9.668123274425437508e-01
9.757597907778415847e-01
9.621173539499550120e-01
9.803728812967810180e-01
9.867135609554694708e-01
9.910982170411138936e-01
9.940582790395321444e-01
9.954891352298762541e-01
9.950376799058875399e-01
9.921046932536741192e-01
9.857435102457463572e-01
9.744592302430536979e-01
9.558525692589703304e-01
9.260055541122190759e-01
8.784862090360092690e-01
8.030660667860709534e-01
6.855645714886540176e-01
5.144721621363673725e-01
3.023528954139726443e-01
1.079315194849999604e-01
1.054602381305162206e-01
9.262605176974350596e-02
3.282731408062309897e-01
5.482385748406214399e-01
6.844331403396634039e-01
7.710900928217031547e-01
8.287534430373598715e-01
8.686860700767427002e-01
8.970752708742369963e-01
9.177993435265335842e-01
9.330624804274167960e-01
9.443401930755406237e-01
9.526109087849632395e-01
9.585411937847696517e-01
9.625807493211596677e-01
9.648539278268428721e-01
9.667545517277512657e-01
9.666347181674392885e-01
9.654983041607836380e-01
9.631643731189504232e-01
9.593957001038524446e-01
9.537301769968055121e-01
9.453160649453783426e-01
9.326135966997829430e-01
9.128290110882426589e-01
8.808551792906902378e-01
8.275069517775397454e-01
7.380029501375872103e-01
5.981488364680910275e-01
4.267848905319684416e-01
2.980175537807007724e-01
2.388256857030913449e-01
2.049567836034697221e-01
2.014448543918291312e-01
2.518220001854082346e-01
3.332705073006813623e-01
4.137915773094394956e-01
4.803115329339033290e-01
5.319510883485764063e-01
5.714396014518823286e-01
6.017228249085214697e-01
6.251413410967013862e-01
6.434008756643690985e-01
6.577119007361339476e-01
6.689292612994428566e-01
6.776594066712723352e-01
6.843382278189638068e-01
6.892910160266177977e-01
6.927954373606521887e-01
6.950969978069270194e-01
6.779640850508684702e-01
6.937679698250288629e-01
6.921373573191141881e-01
6.895543875988768834e-01
6.859994129681795672e-01
6.815857922950959713e-01
6.764496771630825744e-01
6.707613768710848356e-01
6.647407886114239384e-01
6.586761140045011009e-01
6.529492827493312834e-01
6.480738795693665733e-01
6.447564185880181320e-01
6.440029620668376031e-01
