5.013331813337125187e-01
3.250102371575091520e-01
1.671956098636956656e-01
5.833585431680760047e-02
7.436434931657427000e-03
3.104143548978267539e-03
2.713345223103213674e-02
6.446339265222941761e-02
1.056926901566224569e-01
1.459171706011098135e-01
1.829839995721568857e-01
2.162065672583002862e-01
2.456035894635280881e-01
2.714938636054150534e-01
2.942947614083967212e-01
3.144284961293312142e-01
3.322827643592207725e-01
3.481977465272106942e-01
3.624652403535013612e-01
3.753328785499174258e-01
3.870100355157472527e-01
3.976738606736130999e-01
4.074747820643533913e-01
4.165412619152630280e-01
4.249837901034117515e-01
4.328981912099927887e-01
4.403683584688508623e-01
4.474685493396176605e-01
4.542654134798244647e-01
4.608200295674637625e-01
4.671905722343180356e-01
4.734375141108993490e-01
4.796393445114432996e-01
4.859709328950285179e-01
4.937898976309667565e-01
4.950146567403356235e-01
5.022553509110142533e-01
5.085745034562224598e-01
5.148103193755204643e-01
5.210914113155250549e-01
5.274684715117194944e-01
5.339718202839953687e-01
5.406235099999953109e-01
5.474409891444408371e-01
5.544384770994447154e-01
5.616275561009478334e-01
5.690174483083419998e-01
5.766151496782560004e-01
5.844254922413254505e-01
5.924511680309769712e-01
6.006927317156151025e-01
6.091485915791128303e-01
6.178149948250079015e-01
6.266860110944284523e-01
6.357535164106895564e-01
6.450071773267551656e-01
6.544344293112660527e-01
6.640204257385137199e-01
6.737478657868749554e-01
6.835962545221920816e-01
6.935369698569336938e-01
7.033007547634166912e-01
7.137528739321078453e-01
7.238522198189771828e-01
7.339718077550169140e-01
7.440693434965308661e-01
7.541127011864591223e-01
7.640706515024823231e-01
7.739119263030210805e-01
7.836052178412424851e-01
7.931193818227987302e-01
8.024237004726512135e-01
8.114881619440915683e-01
8.202837360294694680e-01
8.287826328371327156e-01
8.369585332374482878e-01
8.447867806764056686e-01
8.522445243955402150e-01
8.593108045041774057e-01
8.659665698250752497e-01
8.721946199745955752e-01
8.779794636976442357e-01
8.833070859790732587e-01
8.881646167997496732e-01
8.925398944795349676e-01
8.964209162076387516e-01
8.997951674076454243e-01
9.026488196892409333e-01
9.049657836173612413e-01
9.067265956788848058e-01
9.079071037626146312e-01
9.084768762637194239e-01
9.083971361249214560e-01
9.076175326013798950e-01
9.060684744538666235e-01
9.036236166578438533e-01
8.994128037440145551e-01
8.947654753486777857e-01
8.907899194504331764e-01
8.841580418399866970e-01
8.759775464059929018e-01
8.660893660960686802e-01
8.542602969996577755e-01
8.402270746048960959e-01
8.237251479698588508e-01
8.045944490741103738e-01
7.825560335628514164e-01
7.150258581169425254e-01
7.182579639180790565e-01
6.842926346434886620e-01
6.444972363488992162e-01
5.995228824263351131e-01
5.496962467274637554e-01
4.953442565699772149e-01
4.373552871304369760e-01
3.768787112605289091e-01
3.154708824074174411e-01
2.550021910152845961e-01
1.975147517487210180e-01
1.450263307994577866e-01
9.931476404792589918e-02
6.172865579300673006e-02
3.306598090535736029e-02
1.354301226888192898e-02
2.850009618893193774e-03
2.685907548218712144e-04
4.816231423185754479e-03
1.538640885510426937e-02
3.086360585555918482e-02
5.020456271224457007e-02
7.248659454329124674e-02
9.692907550307487685e-02
1.228958971695495589e-01
1.498861619645848464e-01
1.775188167201451894e-01
2.055151981414326257e-01
2.336819724673466214e-01
2.618958447045931504e-01
2.900906755918041258e-01
3.182472049354305721e-01
3.463853587842569692e-01
3.745590531523262379e-01
4.028534680150016589e-01
4.313849765442752116e-01
4.603044448167024072e-01
4.898061836685672077e-01
5.201508985420784104e-01
5.517412193247865915e-01
5.838495928897821097e-01
6.146052924683325092e-01
6.529353308806308265e-01
6.930911845441181107e-01
7.368242128954030079e-01
7.854762447969299011e-01
8.400776241730497640e-01
8.987306948377181692e-01
9.502158900734414271e-01
9.538964643111167430e-01
7.933579608732883592e-01
3.744153135295610890e-01
4.169712947947054604e-02
1.566690919891072786e-02
1.081239855307607328e-01
2.086332977710891046e-01
2.934623010292922163e-01
3.618613976596548043e-01
4.162879637074795025e-01
4.563938338594508703e-01
4.488741480040914777e-01
5.946354632025584452e-01
6.022093354613635707e-01
6.260357766555219028e-01
6.490833156675435145e-01
6.693118209618510450e-01
6.933555791760588338e-01
7.113797350454486024e-01
7.286527983236182893e-01
7.446837272118058682e-01
7.594663372259961021e-01
7.730434008802770096e-01
7.854645332905793031e-01
7.967780751148398899e-01
8.070293524695589804e-01
8.162603417402061190e-01
8.245094017191825220e-01
8.318105927005281508e-01
8.381923431913336220e-01
8.436752859618277256e-01
8.482690791622944371e-01
8.519679883496725781e-01
8.547449406046817577e-01
8.565436732607012438e-01
8.572684853987234677e-01
8.567709599454327307e-01
8.548328648388912043e-01
8.511442882914428409e-01
8.452759810958134779e-01
8.366450191454040120e-01
8.244735878958420194e-01
8.077426001343885886e-01
