6.822217485133122983e-01
6.922138506337119912e-01
7.025689125304956928e-01
7.133233900035179653e-01
7.242371121360109409e-01
7.352409018703407462e-01
7.462445695857787831e-01
7.571667852298865631e-01
7.679352998033533995e-01
7.784712188493720930e-01
7.887944651652034622e-01
7.987683323412314573e-01
8.083968661260124700e-01
8.176467827084336060e-01
8.264924735859509042e-01
8.349131546483142818e-01
8.428916731664534145e-01
8.504134741923113916e-01
8.574655894051979033e-01
8.640356083899923822e-01
8.701105968979527816e-01
8.756759138267794507e-01
8.807138570883245032e-01
8.852020374768730937e-01
8.891113353838432376e-01
8.924032314673348010e-01
8.950262095387243599e-01
8.969107934152935613e-01
8.979625777157329569e-01
8.980523145736316604e-01
8.970016827287805583e-01
8.945627466251105941e-01
8.903882889485238428e-01
8.839892661442052546e-01
8.746750777639820118e-01
8.614737464155393099e-01
8.430368614119518877e-01
8.175586694250386310e-01
7.827990448564646764e-01
7.364022723443222063e-01
6.763587096096090878e-01
6.075251239464426467e-01
5.302367774040612769e-01
4.551262127174285910e-01
3.869895107234219145e-01
3.247972691926576672e-01
2.662049876730962494e-01
2.171014917023665336e-01
1.996254503054822882e-01
2.808174416225103220e-01
2.518543618956143315e-01
5.275461407344572695e-01
8.781912735903075751e-01
5.737145843530461198e-01
9.496181014555805933e-02
2.602764932266855152e-02
5.678594000695627586e-02
1.007633439955932519e-01
1.367696850654573082e-01
1.708699813980416593e-01
1.973732151063066764e-01
2.182861274477371771e-01
2.345972122912940161e-01
2.470942109751223525e-01
2.564065097591967657e-01
2.630327113846050446e-01
2.673657058807529241e-01
2.697136596713759493e-01
2.703166865859973900e-01
2.693597583197834266e-01
2.669825948097295232e-01
2.632872261351788534e-01
2.583438140325038934e-01
2.521952302820783531e-01
2.448608357865560969e-01
2.363399000724924481e-01
2.266151584184130929e-01
2.156571419441400406e-01
2.034301653580169178e-01
1.899012631103448590e-01
1.750539878882957368e-01
1.589098902412512948e-01
1.415617118655609907e-01
1.232237223323199016e-01
1.043056588519220562e-01
8.551585950020033911e-02
6.799300610867564654e-02
5.344838786042178935e-02
4.426483016322238506e-02
4.344655625891286066e-02
5.428172573383980432e-02
7.965652121557947885e-02
1.212313406305846053e-01
1.790176843470718260e-01
2.517882701256117239e-01
3.379080731295083795e-01
4.353573864734060495e-01
5.403382081953987948e-01
6.459213938312895475e-01
7.431350759851540477e-01
8.244376364914279831e-01
8.865205980674657482e-01
9.303283916744696791e-01
9.592185510638355783e-01
9.771151718687816068e-01
9.860133540143483089e-01
9.926591994878606329e-01
9.949404776233975456e-01
9.954949144355269564e-01
9.949849031240610708e-01
9.940411275949658787e-01
9.929944368187598736e-01
9.920763280422776331e-01
9.888048074590869430e-01
9.903541672640897575e-01
9.900993129429083162e-01
9.900110413427573031e-01
9.900983008179339295e-01
9.903261648358233638e-01
9.906480430128269399e-01
9.910127344287581463e-01
9.913677426109960278e-01
9.916623477852631874e-01
9.918612273057698658e-01
9.916119636475856369e-01
9.915304452616380271e-01
9.910238162062728895e-01
9.901105744556369936e-01
9.862352375602122523e-01
9.874484001297691993e-01
9.850472634066768096e-01
9.820411886779769617e-01
9.785695860957951409e-01
9.753329914492122610e-01
9.725255918567407010e-01
9.647383366515294156e-01
9.410776626778573073e-01
8.906540680175808467e-01
7.971225334486232716e-01
6.389569532624378434e-01
4.164523984962990588e-01
1.956422209766856268e-01
6.808320681341180347e-02
4.391907176143692443e-02
7.190900099485238173e-02
1.106820793032675526e-01
1.426379684054047692e-01
1.630960810244419523e-01
1.721212396134214617e-01
1.710819835031760217e-01
1.615213351403616548e-01
1.449150004917028056e-01
1.227597275801111387e-01
9.680979037091190509e-02
6.940966490214556250e-02
4.388666933149953236e-02
2.490366330244084617e-02
1.854510479618200897e-02
3.181587543696571402e-02
7.143839723051179091e-02
1.428261711219088181e-01
2.185195349775451157e-01
3.621234165428617313e-01
5.081904744036700450e-01
6.530696446103809727e-01
7.783301363564715247e-01
8.715078831668060522e-01
9.309181550696054019e-01
9.625338480929360729e-01
9.745465377052854317e-01
9.740600558023663202e-01
9.661738712092260428e-01
9.542175267549861672e-01
9.402577376915296492e-01
9.255381151495769565e-01
9.107737449049115863e-01
8.958237560246589126e-01
8.826238293814057112e-01
8.701119295563465306e-01
8.560195011758139350e-01
8.458340595014008922e-01
8.353257231832088570e-01
8.254341458809814069e-01
8.159462196229887443e-01
8.078461928028809469e-01
7.997762079000274582e-01
7.921682034236655623e-01
7.849558543545733791e-01
7.780458917981925016e-01
7.713391478913058652e-01
7.647267636879531150e-01
7.580871927999414117e-01
7.512830427787219323e-01
7.441573188336108036e-01
7.365287558875510676e-01
7.281858137416445942e-01
7.188782136907685416e-01
7.082982743063983566e-01
6.956894780649689469e-01
6.821286418751006941e-01
