9.980451731211620325e-01
9.973113127097376074e-01
9.965006291554342477e-01
9.956098254446387186e-01
9.946356971613609099e-01
9.935752789873548707e-01
9.924259757764722911e-01
9.911856784272878862e-01
9.898528650195431711e-01
9.884266878676546408e-01
9.869070472794149174e-01
9.852946528956406658e-01
9.835910735450742459e-01
9.817987765729158101e-01
9.799211576056888751e-01
9.779625617031608709e-01
9.759282968196368868e-01
9.738246404617434404e-01
9.716588403881333269e-01
9.694391101482990880e-01
9.671746202102345924e-01
9.648754853752680161e-01
9.625527491272174441e-01
9.602183655102549675e-01
9.578851790762041851e-01
9.555669033836012849e-01
9.532780984686967107e-01
9.510341476364524427e-01
9.488512338364436527e-01
9.467463157852084032e-01
9.447371038690046685e-01
9.428420356958427950e-01
9.410802509527385062e-01
9.394715649402364255e-01
9.380364397819344058e-01
9.367959518017827669e-01
9.357717528827479425e-01
9.349860226958774945e-01
9.344614074295465311e-01
9.342209389171362011e-01
9.342879256727040227e-01
9.346858040246732724e-01
9.354379328993472908e-01
9.365673092803157296e-01
9.380961721276400711e-01
9.400454493600628458e-01
9.424339835650401564e-01
9.452774446899134819e-01
9.485867979833999541e-01
9.523661366843321208e-01
9.566096019008617501e-01
9.612969822371005835e-01
9.663873906281368331e-01
9.718101212047186577e-01
9.774513425114894627e-01
9.831346068352458945e-01
9.885921363200832479e-01
9.934223365327518041e-01
9.970268301285106771e-01
9.985174529322847770e-01
9.965805695052044610e-01
9.892847924209928756e-01
9.738251181307128190e-01
9.462284938132468071e-01
9.011411520142985632e-01
8.320494537768465815e-01
7.298906109691635224e-01
5.995454268194115865e-01
4.402056235977609977e-01
2.744034400836466436e-01
1.320360892025623234e-01
3.838923541706463355e-02
1.327404873562236130e-03
1.175118268325875577e-02
5.341683296044619222e-02
1.114473651837296353e-01
1.755360396174749649e-01
2.396773664189262021e-01
3.008444101652497649e-01
3.577800334147356320e-01
4.101774117597721259e-01
4.581937461286317292e-01
5.021831065457283971e-01
5.425580289167966086e-01
5.797223298256924950e-01
6.140417794336735513e-01
6.458341970169604318e-01
6.753690705466579569e-01
7.028715013984415672e-01
7.285278079047536881e-01
7.524914675607919934e-01
7.748887863858688885e-01
7.958240591773070305e-01
8.153842054513544824e-01
8.336430922278146305e-01
8.506664074271763631e-01
8.665218974382696837e-01
8.813566724446183498e-01
8.941219601611729573e-01
9.070427636851841058e-01
9.186012655586388576e-01
9.291476502220130662e-01
9.387456975890564603e-01
9.474416710851126799e-01
9.552787976759172794e-01
9.622999468036494974e-01
9.685483267744382507e-01
9.740676243824134550e-01
9.789019274139609816e-01
9.830955439015339747e-01
9.866927689925626410e-01
9.897376279870389038e-01
9.922736141332363369e-01
9.943434341902820384e-01
9.959887710117949489e-01
9.972500695622305011e-01
9.981663505023464777e-01
9.987750536254819123e-01
9.991119119217325428e-01
9.992108558472287960e-01
9.991039464456041852e-01
9.988213352646937437e-01
9.983912484909942542e-01
9.978399923262429860e-01
9.971919762678270738e-01
9.964697504783618376e-01
9.956940525298861866e-01
9.948838567589054493e-01
9.940564143102056383e-01
9.932272576788474527e-01
9.924100987556903064e-01
9.916163805565886280e-01
9.908534041658844105e-01
9.901132178425439134e-01
9.891435239527173184e-01
9.891495269609922314e-01
9.885710764740621714e-01
9.881304831885520112e-01
9.877893466247389398e-01
9.875443760624303957e-01
9.873966870930831474e-01
9.873470820605254605e-01
9.873910207038499864e-01
9.874083020650537001e-01
9.878120314064022800e-01
9.881857816929262572e-01
9.886225252746368986e-01
9.891252173585470819e-01
9.896623829858305355e-01
9.901775167871798011e-01
9.905700655908108443e-01
9.906565649792534733e-01
9.900893188295604164e-01
9.881746289826345286e-01
9.834312444586927882e-01
9.724007760731512295e-01
9.460080453071493256e-01
8.767371136784856134e-01
6.716696081321221756e-01
1.705203557401223924e-01
1.246130509201286984e-01
5.037094601222731338e-01
7.022209681361392120e-01
7.967833307824593314e-01
8.479045040267183531e-01
8.787264387422724088e-01
8.992315764020284430e-01
9.136812866439673053e-01
9.244212304286095749e-01
9.327399751113177873e-01
9.394016398461800810e-01
9.448842836386845967e-01
9.495003838853600664e-01
9.534626293743971859e-01
9.569503124473033306e-01
9.599483777450165123e-01
9.626743634841790076e-01
9.651294585738294796e-01
9.673589495727487053e-01
9.693964813300720573e-01
9.712679664613947939e-01
9.729936270498031892e-01
9.745893701485924820e-01
9.760677678974518656e-01
9.774387723353382684e-01
9.787102441522340657e-01
9.798883477764317451e-01
9.809778488259495166e-01
9.819823393541992074e-01
9.829044092464243043e-01
9.837457773323823318e-01
9.845073925333773790e-01
9.851895132162221680e-01
9.857917716334106961e-01
9.863132297626913125e-01
9.867524329263448468e-01
9.871074678363965793e-01
9.873760297085444337e-01
9.875554860190454143e-01
9.876428242186383599e-01
