7.552425891224078258e-01
7.943299485430743712e-01
8.300838374362683458e-01
8.621225881732064167e-01
8.886139311718977973e-01
9.133085677317213102e-01
9.327997737568997083e-01
9.481359736095764656e-01
9.588705806381071506e-01
9.663908921656959583e-01
9.700631476492852512e-01
9.702408629229996029e-01
9.670769259528957384e-01
9.606034989544128821e-01
9.506467860929012081e-01
9.366657434791139103e-01
9.174425954419918039e-01
8.904462617224166987e-01
8.504370257094564511e-01
7.863199873396335970e-01
6.749856471484256826e-01
4.822533891655602645e-01
2.509061962565261594e-01
1.595956940314764705e-01
2.257743643741533801e-01
4.333713464037300955e-01
6.093990997222821226e-01
7.123911948587765552e-01
7.718612362293345575e-01
8.089851063378233897e-01
8.346277585050047021e-01
8.543851776633680783e-01
8.713823168194974045e-01
8.875276870179944488e-01
9.041100281078386924e-01
9.220286558855481651e-01
9.417390368206295381e-01
9.627118723007432877e-01
9.816322312377214754e-01
9.870238261641141042e-01
9.451503194104252659e-01
7.815060472887138676e-01
4.474755462954256857e-01
1.190275851482214958e-01
1.055763208355964093e-02
5.450008878421295361e-02
1.312601216075240662e-01
1.988042289663408402e-01
2.509041149848997287e-01
2.897712890205083047e-01
3.185413573644073626e-01
3.397769657506592433e-01
3.553645670088601549e-01
3.666837004612918394e-01
3.745076413462471998e-01
3.798752968698952959e-01
3.830954018493327728e-01
3.845690252673346632e-01
3.845635793090573795e-01
3.832577505136767759e-01
3.807538875188927752e-01
3.770810292469944924e-01
3.721889779892998407e-01
3.659311676372832833e-01
3.580303837581321202e-01
3.480130132676347299e-01
3.350263566151407413e-01
3.181817584866950543e-01
2.946141933137568225e-01
2.604370286066930995e-01
2.077642491142148995e-01
1.277459851581826400e-01
1.352572788790532277e-01
4.478038531765580754e-01
6.351941860462823053e-01
6.881342349320793694e-01
8.290147470979740696e-01
7.133089951114175431e-01
6.580945661129262714e-01
6.276086946506604924e-01
6.087450904368317817e-01
5.966553265669117811e-01
5.889819781069501881e-01
5.844137948247530856e-01
5.821557854629780815e-01
5.816950029723869653e-01
5.826841158008045918e-01
5.848784946695163578e-01
5.880999867977922957e-01
5.922149720881105806e-01
5.971205018389433850e-01
6.027352255784806934e-01
6.089932671581502754e-01
6.158399894750501424e-01
6.232290649533317461e-01
6.311209291980420799e-01
6.394942527485352191e-01
6.482381222100365159e-01
6.574286320126689898e-01
6.669799293602636236e-01
6.768650261290507508e-01
6.870512062017604116e-01
6.975023544321796720e-01
7.081771332948615383e-01
7.190260431317809786e-01
7.299864339504971156e-01
7.409632974089580548e-01
7.518024456495312480e-01
7.621847546875742951e-01
7.712192969133486731e-01
7.745910189858465911e-01
4.941331565919938051e-01
8.303384228593366778e-01
8.347841257529285963e-01
8.437060822057644849e-01
8.536892137302836137e-01
8.639291021133901349e-01
8.741132891506029345e-01
8.840750066837455012e-01
8.937041000508453292e-01
9.028921901399833416e-01
9.116300319976756716e-01
9.198069192290853069e-01
9.273907432434834730e-01
9.343576866915929147e-01
9.407504593667114223e-01
9.470274634218992515e-01
9.391917161628903221e-01
9.518234579650407534e-01
9.552729184179047373e-01
9.582856586111682118e-01
9.418968396323692538e-01
9.488216924128903829e-01
9.427518149347311471e-01
9.296424900482800346e-01
9.049649859687129982e-01
8.590765940955329416e-01
7.766622635265388874e-01
6.455154393075319685e-01
4.903370509574397906e-01
4.029950701934174040e-01
4.747844125085495248e-01
6.215595803864381041e-01
7.772662300294008730e-01
8.146737242450380334e-01
7.980419664933642299e-01
7.800246401359834936e-01
7.660712881757587578e-01
7.546528932507332588e-01
7.444303321699975440e-01
7.346765846141415368e-01
7.250446437663919941e-01
7.153916869156842218e-01
7.056833473550906399e-01
6.959454974407556227e-01
6.862415438427749148e-01
6.766517521312959138e-01
6.673463166711809391e-01
6.584611991252201646e-01
6.502802828070908259e-01
6.432657279455283872e-01
6.383467417401672561e-01
6.378676347658582824e-01
6.504092969969520466e-01
7.526941988020404706e-01
4.397491006738182828e-01
5.202318319297355442e-01
5.324906654831146335e-01
5.342532235871554347e-01
5.328528314616063355e-01
5.303597812798511724e-01
5.275629259589531550e-01
5.247639906069546667e-01
5.219345488782052289e-01
5.184963389933617828e-01
5.061603904538264365e-01
3.877481082645986010e-01
5.452984908026538013e-01
5.322258391147863810e-01
4.112410816265444913e-01
5.616671473006392690e-01
5.604746860434249855e-01
5.642342853251858248e-01
5.646473080179791326e-01
5.801044914604074343e-01
5.875890359100000016e-01
5.961463875149107805e-01
6.051246337874988113e-01
6.142061498664734831e-01
6.231028471038209116e-01
6.315185251535616606e-01
6.391394078495885589e-01
6.456322046774665147e-01
6.506444433046884024e-01
6.538027303220232955e-01
6.546934353579696442e-01
6.526999705548719444e-01
6.449686670341102657e-01
6.447288562492726749e-01
6.327489602025549997e-01
