4.453869553374495826e+275
3.640709346123293034e+275
2.982003905515790428e+275
2.447392928253717037e+275
2.012667894877990251e+275
1.658491009210601433e+275
1.369387624800825815e+275
1.132952429190603484e+275
9.392229769561412716e+274
7.801844545865996103e+274
6.493775249014154675e+274
5.415872717052871025e+274
4.525960572271690051e+274
3.789868303898323139e+274
3.179863249411064925e+274
2.673398489887023159e+274
2.252111347868223536e+274
1.901021003017092988e+274
1.607884575392303165e+274
1.362679529371511987e+274
1.157186935237955897e+274
9.846553876673004545e+273
8.395295297255262194e+273
7.172304079072071951e+273
6.139774757498564696e+273
5.266441168887398350e+273
4.526401876332486317e+273
3.898163737282961054e+273
3.363861863117693637e+273
2.908622433012863907e+273
2.520041380325687595e+273
2.187757210790896928e+273
1.903100408560916073e+273
1.658805250973506853e+273
1.448772555676826015e+273
1.267874056976929510e+273
1.111790859030693432e+273
9.768798255539391388e+272
8.600629064469244137e+272
7.587353245501589113e+272
6.706892933626473930e+272
5.940505431238402120e+272
5.272254254654911928e+272
4.688567678347628495e+272
4.177869755931081807e+272
3.730271462864443558e+272
3.337311784036436303e+272
2.991740351756344300e+272
2.687334700055907419e+272
2.418746399541416836e+272
2.181371321557947645e+272
1.971240090613874246e+272
1.784925451338881617e+272
1.619463827036420839e+272
1.472288801721864253e+272
1.341174633938777886e+272
1.224188222388021698e+272
1.119648201982731304e+272
1.026090063764141807e+272
9.422363707016686891e+271
8.669712902078984662e+271
7.993187882120121474e+271
7.384239332312739623e+271
6.835368454676045877e+271
6.339988984405141001e+271
5.892308414367177786e+271
5.487225620420425807e+271
5.120242508775539423e+271
4.787387667166863282e+271
4.485150305304759198e+271
4.210423026420048570e+271
3.960452187899255758e+271
3.732794792235091599e+271
3.525281004218659678e+271
3.335981521800317264e+271
3.163179139406528372e+271
3.005343937280374653e+271
2.861111610989827349e+271
2.729264523900700732e+271
2.608715123990877063e+271
2.498491416387879354e+271
2.397724225770075567e+271
2.305636019394478512e+271
2.221531092920866928e+271
2.144786948111341328e+271
2.074846714715217606e+271
2.011212488709408978e+271
1.953439476377540435e+271
1.901130848456980470e+271
1.853933221535957909e+271
1.811532694963593305e+271
1.773651381299355425e+271
1.740044376713100015e+271
1.710497125204212393e+271
1.684823136937330660e+271
1.662862026768038353e+271
1.644477844054132704e+271
1.629557669418984312e+271
1.618010458164251836e+271
1.609766113756865653e+271
1.604774778157487950e+271
1.603006328953001164e+271
1.604450076164277374e+271
1.609114654470506203e+271
1.617028109310986585e+271
1.628238178090564883e+271
1.642812770415206176e+271
1.660840654137422255e+271
1.682432356920138374e+271
1.707721296139995716e+271
1.736865153316170493e+271
1.770047512882168020e+271
1.807479789165365205e+271
1.849403469861501558e+271
1.896092709348022158e+271
1.947857310749928065e+271
2.005046142107678863e+271
2.068051039255792951e+271
2.137311256304879253e+271
2.213318534204690078e+271
2.296622868742170777e+271
2.387839072045364359e+271
2.487654236188473691e+271
2.596836224399607211e+271
2.716243334944238530e+271
2.846835305487329599e+271
2.989685852149541412e+271
3.145996968269853650e+271
3.317115243750109729e+271
3.504550507814165818e+271
3.709997146926015970e+271
3.935358507071555720e+271
4.182774856756564699e+271
4.454655466009800786e+271
4.753715449391693166e+271
5.083018130049502892e+271
5.446023810345639789e+271
5.846645986100606430e+271
6.289316220402013624e+271
6.779059104342819477e+271
7.321578982610855822e+271
7.923360418379836720e+271
8.591784724238472885e+271
9.335265304131763104e+271
1.016340504920355280e+272
1.108717962313458370e+272
1.211915117984581624e+272
1.327371790084834398e+272
1.456740574928227373e+272
1.601921004677264551e+272
1.765099592856104721e+272
1.948796847233172815e+272
2.155922538754917896e+272
2.389840766924915134e+272
2.654446665363140004e+272
2.954256957418737740e+272
3.294517014005166255e+272
3.681327601201444937e+272
4.121795153668882060e+272
4.624210196924374500e+272
5.198259497513124694e+272
5.855278683370537322e+272
6.608553493701977056e+272
7.473679546603072943e+272
8.468992624488609196e+272
9.616084061668872407e+272
1.094041898326397116e+273
1.247207902867296130e+273
1.424665596330889962e+273
1.630632845255898764e+273
1.870116150350598236e+273
2.149067700320962134e+273
2.474575480758574196e+273
2.855093747771468992e+273
3.300722866661119436e+273
3.823549614032859853e+273
4.438061649327905675e+273
5.161653107330600761e+273
6.015242308980723484e+273
7.024027638414602051e+273
8.218413948676037892e+273
9.635149765320444439e+273
1.131872547223144204e+274
1.332309511691604670e+274
1.571380013631861769e+274
1.857059303706559775e+274
2.199068396128267958e+274
2.609276453063916337e+274
3.102200317940147689e+274
3.695625665971906678e+274
4.411380647957151392e+274
5.276301050938397905e+274
6.323436375349344223e+274
7.593559462744151384e+274
9.137059215164542811e+274
1.101631757913849302e+275
1.330869968805977143e+275
1.611032163491346173e+275
1.954080608129679380e+275
2.374929478717812730e+275
