9.994399752089481170e-01
9.994392046018709674e-01
9.994385798497299467e-01
9.994381018834558317e-01
9.994377716624970320e-01
9.994375901405166962e-01
9.994375582357089005e-01
9.994376768058929050e-01
9.994379466276428481e-01
9.994383683793603979e-01
9.994389426277924260e-01
9.994396698176638560e-01
9.994405502639529537e-01
9.994415841467572115e-01
9.994427715079182706e-01
9.994441122496262597e-01
9.994456061344358933e-01
9.994472527862074962e-01
9.994490516924972034e-01
9.994510022071864119e-01
9.994531035539787611e-01
9.994553548302618218e-01
9.994577550111717335e-01
9.994603029537665329e-01
9.994629974014419549e-01
9.994658369881386228e-01
9.994688202426507129e-01
9.994719455925190621e-01
9.994752113680718253e-01
9.994786158060778858e-01
9.994821570533017896e-01
9.994858331695677389e-01
9.994896421310668355e-01
9.994935818330091815e-01
9.994976500923106189e-01
9.995018446498742382e-01
9.995061631729251772e-01
9.995106032569390786e-01
9.995151624275468993e-01
9.995198381421969147e-01
9.995246277918152789e-01
9.995295287021778163e-01
9.995345381353250014e-01
9.995396532909144316e-01
9.995448713073055158e-01
9.995501892628273488e-01
9.995556041769150246e-01
9.995611130112186382e-01
9.995667126706375694e-01
9.995724000045516089e-01
9.995781718077454414e-01
9.995840248217193746e-01
9.995899557357169618e-01
9.995959611879631224e-01
9.996020377668012324e-01
9.996081820120122918e-01
9.996143904160914584e-01
9.996206594255626632e-01
9.996269854424167933e-01
9.996333648255191218e-01
9.996397938920796866e-01
9.996462689192650020e-01
9.996527861457250586e-01
9.996593417733082854e-01
9.996659319686586054e-01
9.996725528650965975e-01
9.996792005643064805e-01
9.996858711382522467e-01
9.996925606310067547e-01
9.996992650607484654e-01
9.997059804217418577e-01
9.997127026862405730e-01
9.997194278066335871e-01
9.997261517175305423e-01
9.997328703378397519e-01
9.997395795729819845e-01
9.997462753168949723e-01
9.997529534544334906e-01
9.997596098635249673e-01
9.997662404172856787e-01
9.997728409863975152e-01
9.997794074414031451e-01
9.997859356549227972e-01
9.997924215038829221e-01
9.997988608719394765e-01
9.998052496517167986e-01
9.998115837470912259e-01
9.998178590755772976e-01
9.998240715705056791e-01
9.998302171834837493e-01
9.998362918864899251e-01
9.998422916743417987e-01
9.998482125668934906e-01
9.998540506112210124e-01
9.998598018840064716e-01
9.998654624937397539e-01
9.998710285827977495e-01
9.998764963297901431e-01
9.998818619516925965e-01
9.998871217059154271e-01
9.998922718925561393e-01
9.998973088563027911e-01
9.999022289887047332e-01
9.999070287300055870e-01
9.999117045713528107e-01
9.999162530564909002e-01
9.999206707839147779e-01
9.999249544086734609e-01
9.999291006441424212e-01
9.999331062639157386e-01
9.999369681035692459e-01
9.999406830622058484e-01
9.999442481043852027e-01
9.999476602614794096e-01
9.999509166333561128e-01
9.999540143899153799e-01
9.999569507724845874e-01
9.999597230951549065e-01
9.999623287463014210e-01
9.999647651896927947e-01
9.999670299657957839e-01
9.999691206929418597e-01
9.999710350683813642e-01
9.999727708694015060e-01
9.999743259542057672e-01
9.999756982628957847e-01
9.999768858183539777e-01
9.999778867269722982e-01
9.999786991793686575e-01
9.999793214511362160e-01
9.999797519033700732e-01
9.999799889831892941e-01
9.999800312244452316e-01
9.999798772478746267e-01
9.999795257616043154e-01
9.999789755615804410e-01
9.999782255316660429e-01
9.999772746440955817e-01
9.999761219595262318e-01
9.999747666273224311e-01
9.999732078857279660e-01
9.999714450619284767e-01
9.999694775722711704e-01
9.999673049224360177e-01
9.999649267074914860e-01
9.999623426122199454e-01
9.999595524112188105e-01
9.999565559692310535e-01
9.999533532415377790e-01
9.999499442742706412e-01
9.999463292050456698e-01
9.999425082635443607e-01
9.999384817722954955e-01
9.999342501477314071e-01
9.999298139012182673e-01
9.999251736404544122e-01
9.999203300711749787e-01
9.999152839989752239e-01
9.999100363317185991e-01
9.999045880821447740e-01
9.998989403710450974e-01
9.998930944310521207e-01
9.998870516110806017e-01
9.998808133816078358e-01
9.998743813408915715e-01
9.998677572222759435e-01
9.998609429024071238e-01
9.998539404096590255e-01
9.998467519291193151e-01
9.998393797948340600e-01
9.998318264360634977e-01
9.998240941680063276e-01
9.998161844092677830e-01
9.998080944526176461e-01
9.997998007674374632e-01
9.997911241276781213e-01
9.997780961167519465e-01
9.997632113988609293e-01
9.997632714627948669e-01
9.997550678091110532e-01
9.997461160276488457e-01
9.997368649547219155e-01
9.997274111966647503e-01
9.997177889496071668e-01
9.997080148791102072e-01
9.996980993051522990e-01
9.996880498438172058e-01
9.996778728141327841e-01
9.996675738461022753e-01
9.996571581597247791e-01
9.996466306929793211e-01
9.996359961526500859e-01
9.996252590220811030e-01
9.996144235425509228e-01
9.996034936764488510e-01
9.995924730574037298e-01
9.995813649296887426e-01
9.995701720790799438e-01
9.995588967561285232e-01
9.995475405936214974e-01
