9.960563541183594660e-01
9.961600624294769668e-01
9.962749321447470496e-01
9.963964136376326497e-01
9.965206379008755277e-01
9.966443809790190844e-01
9.967650202577057472e-01
9.968804852497359370e-01
9.969892050964741514e-01
9.970900546212223547e-01
9.971823004281210601e-01
9.972655482359510382e-01
9.973396923690921456e-01
9.974048680961992153e-01
9.974614073074512532e-01
9.975097978532670995e-01
9.975506467252589493e-01
9.975846471437763707e-01
9.976125495229191120e-01
9.976351362074501461e-01
9.976531998200162121e-01
9.976675250130448980e-01
9.976788733898479533e-01
9.976879713398304483e-01
9.976955005223834272e-01
9.977020907301866748e-01
9.977083148660365053e-01
9.977146857739571661e-01
9.977216546772185168e-01
9.977296109887188180e-01
9.977388832753359971e-01
9.977497411740559041e-01
9.977623980762567735e-01
9.977770144123667695e-01
9.977937013884033979e-01
9.978125250414161540e-01
9.978335104984688009e-01
9.978566463378611973e-01
9.978818889670268977e-01
9.979091669440444123e-01
9.979383851826424401e-01
9.979694289913179084e-01
9.980021679077577534e-01
9.980364592986005201e-01
9.980721517023171119e-01
9.981090879008972516e-01
9.981471077111976342e-01
9.981860504927262401e-01
9.982257573727910671e-01
9.982660731941901400e-01
9.983068481928107918e-01
9.983479394164217480e-01
9.983892118962739426e-01
9.984305395861071686e-01
9.984718060833083220e-01
9.985129051482368734e-01
9.985537410378134693e-01
9.985942286697474524e-01
9.986342936339009935e-01
9.986738720665930824e-01
9.987129104035794569e-01
9.987513650269134180e-01
9.987892018197929156e-01
9.988263956434765278e-01
9.988629297487684466e-01
9.988987951346672833e-01
9.989339898649943761e-01
9.989685183537241331e-01
9.990023906284190014e-01
9.990356215807533191e-01
9.990682302118536473e-01
9.991002388796518252e-01
9.991316725549392874e-01
9.991625580916070337e-01
9.991929235161407519e-01
9.992227973409706365e-01
9.992522079051534556e-01
9.992811827463214946e-01
9.993097480059569548e-01
9.993379278706956415e-01
9.993657440516201529e-01
9.993932153029330134e-01
9.994203569810095056e-01
9.994471806448463891e-01
9.994736936985704201e-01
9.994998990759432766e-01
9.995257949670979247e-01
9.995513745874340383e-01
9.995766259879236282e-01
9.996015319067953486e-01
9.996260696611721785e-01
9.996502110785422390e-01
9.996739224662607448e-01
9.996971646181488369e-01
9.997198928569139831e-01
9.997420571103377007e-01
9.997636020194066164e-01
9.997844670765826391e-01
9.998045867911478091e-01
9.998238908788672497e-01
9.998423044725942566e-01
9.998597483492164262e-01
9.998761391684458655e-01
9.998913897165048192e-01
9.999054091477687090e-01
9.999181032137409719e-01
9.999293744680627372e-01
9.999391224307253578e-01
9.999472436910459283e-01
9.999536319220706515e-01
9.999581777689875439e-01
9.999607685612191821e-01
9.999612877788087717e-01
9.999596141741383670e-01
9.999556204091040179e-01
9.999491710023284963e-01
9.999401192809564964e-01
9.999283028720833411e-01
9.999135370081070340e-01
9.998956044805793475e-01
9.998742403151126279e-01
9.998491078615966421e-01
9.998197603992110549e-01
9.997855772163440902e-01
9.997456523315561006e-01
9.996985897022370171e-01
9.996420990476369006e-01
9.995721230381013900e-01
9.994807121193612920e-01
9.993498978554773426e-01
9.991287974501260605e-01
9.985963769727618233e-01
9.937109873736427179e-01
1.001046181555400816e+00
1.000232997727394268e+00
9.999457213108602360e-01
9.997811159898797317e-01
9.996628075720040973e-01
9.995664760148910144e-01
9.994820641744991407e-01
9.994047213952982345e-01
9.993318696626106723e-01
9.992620532035708658e-01
9.991944227557640890e-01
9.991284798902374531e-01
9.990639397216476425e-01
9.990006521019246799e-01
9.989385536493728956e-01
9.988776369172276404e-01
9.988179295109614886e-01
9.987594791914816694e-01
9.987023426900858425e-01
9.986465768864001280e-01
9.985922315285093998e-01
9.985393429867348569e-01
9.984879287251832158e-01
9.984379822964032369e-01
9.983894687448574556e-01
9.983423203601422546e-01
9.982964327594474607e-01
9.982516613082789148e-01
9.982078179109590277e-01
9.981646682207484522e-01
9.981219293349640198e-01
9.980792680539974926e-01
9.980362997950357196e-01
9.979925882617765032e-01
9.979476459812194333e-01
9.979009358258796869e-01
9.978518736480056495e-01
9.977998321557699501e-01
9.977441461660917499e-01
9.976841193685205278e-01
9.976190327331040386e-01
9.975481546900460961e-01
9.974707531991551246e-01
9.973861098138323555e-01
9.972935358249785942e-01
9.971923905449394665e-01
9.970821017595333791e-01
9.969621883362626003e-01
9.968322849276601838e-01
9.966921686507950184e-01
9.965417875545282689e-01
9.963812906056317420e-01
9.962110588317751869e-01
9.960317371537443787e-01
9.958442663188776800e-01
9.956499142149385362e-01
9.954503056946739648e-01
9.952474498808039360e-01
9.950437637453511952e-01
9.948420905711100604e-01
9.946457117064012587e-01
9.944583498196392091e-01
9.942841616534495719e-01
9.941277180704486405e-01
9.939939689837800074e-01
9.938881905789601623e-01
9.938159120722857010e-01
