9.907954311837672279e-01
9.882057516339481928e-01
9.859116048332073889e-01
9.839264761502038992e-01
9.822538432023182331e-01
9.808889522031883912e-01
9.798204481246858277e-01
9.790318491648655197e-01
9.785028617449430532e-01
9.782105368233190434e-01
9.781302718697467702e-01
9.782366655303750269e-01
9.785042339661460531e-01
9.789079991794242819e-01
9.794239604620926798e-01
9.800294604961631295e-01
9.807034576946592752e-01
9.814267161606423651e-01
9.821819242255248605e-01
9.829537519555838765e-01
9.837288573367355404e-01
9.844958500948607361e-01
9.852452213167204320e-01
9.859692462285626346e-01
9.866618666868448573e-01
9.873185591525699412e-01
9.879361931721285517e-01
9.885128846792169410e-01
9.890478477735844542e-01
9.895412480234011543e-01
9.899940597845139356e-01
9.904079295291907670e-01
9.907850467314675003e-01
9.911280234597952266e-01
9.914397834840904533e-01
9.917234614040175700e-01
9.919823120515020021e-01
9.922196302033529092e-01
9.924386804623774871e-01
9.926426370182528380e-01
9.928345328836321038e-01
9.930172181099720108e-01
9.931933264208127055e-01
9.933652496527070053e-01
9.935351193638323197e-01
9.937047949558701632e-01
9.938758576512539689e-01
9.940496096759062761e-01
9.942270780135080699e-01
9.944090221205049707e-01
9.945959450183151640e-01
9.947881072126545376e-01
9.949855429230349824e-01
9.951880781437123513e-01
9.953953500940146970e-01
9.956068276544863815e-01
9.958218324223868656e-01
9.960395600569547092e-01
9.962591016203351524e-01
9.964794646533844391e-01
9.966995937576106357e-01
9.969183904839375998e-01
9.971347323557181452e-01
9.973474908782272719e-01
9.975555484076893409e-01
9.977578137717473261e-01
9.979532365472039146e-01
9.981408199122300262e-01
9.983196319958695941e-01
9.984888156489755140e-01
9.986475965546292022e-01
9.987952895827132416e-01
9.989313032701233608e-01
9.990551422708057183e-01
9.991664075664369316e-01
9.992647941519776644e-01
9.993500858016207689e-01
9.994221463707007036e-01
9.994809068761559834e-01
9.995263473031028578e-01
9.995584716673001635e-01
9.995772742707872416e-01
9.995826942409734572e-01
9.995745542203486877e-01
9.995524772884547549e-01
9.995157735607388405e-01
9.994632839659564061e-01
9.993931627230634440e-01
9.993025708295405485e-01
9.991872384586524269e-01
9.990408311855996093e-01
9.988540176101239343e-01
9.986130738805012452e-01
9.982977550124768618e-01
9.978779783384631452e-01
9.973085322468920877e-01
9.965204054728579175e-01
9.954061394709478039e-01
9.937942059077273793e-01
9.914023459639644820e-01
9.877485287632411515e-01
9.819714851907944686e-01
9.724450527186316862e-01
9.558853850166827426e-01
9.251053051821895856e-01
8.629126406294783669e-01
7.256169447301270559e-01
4.219892775656304829e-01
3.265367524513560632e-02
1.422741867937981075e-01
4.563199212440313679e-01
6.483880118080901367e-01
7.518795095819242880e-01
8.110837297935328261e-01
8.475950198991123452e-01
8.715794134193336484e-01
8.881333690680167647e-01
9.000015059821148133e-01
9.087598390730734499e-01
9.153641401570958847e-01
9.204213083032551923e-01
9.243319484321484980e-01
9.273693290432484249e-01
9.297251580240513125e-01
9.315372028336920129e-01
9.329065494572954531e-01
9.339087248724933232e-01
9.346010639523696373e-01
9.350277099200914321e-01
9.352230842480514506e-01
9.352143430925763390e-01
9.350231481640227660e-01
9.346669646223072503e-01
9.341600265675954473e-01
9.335140646794801711e-01
9.327388605018790413e-01
9.318426717968499862e-01
9.308325596380799816e-01
9.297146381681653526e-01
9.284942606750122840e-01
9.271761497393645746e-01
9.257644737312842320e-01
9.242628658749085790e-01
9.226743740408144268e-01
9.210013169659110321e-01
9.192450011499199158e-01
9.174052127152472202e-01
9.154793189312090407e-01
9.134606447160977805e-01
9.113354013340324578e-01
9.090764742589350078e-01
9.066296759828958995e-01
9.038794363648312569e-01
9.005476796774113390e-01
8.958124217211547169e-01
8.861260550214947740e-01
8.327016943576373009e-01
7.633378677919133715e-01
8.913210430794531458e-01
8.941604250053164504e-01
8.927931533778642459e-01
8.908150387057139907e-01
8.887118472129913460e-01
8.865838468196703959e-01
8.844509965223942283e-01
8.823102856157675200e-01
8.801496144331188987e-01
8.779514656107372250e-01
8.756936783115107925e-01
8.733492736786312438e-01
8.708859197715417277e-01
8.682652254376292955e-01
8.654419212965668295e-01
8.623629372115718672e-01
8.589663634646004242e-01
8.551802685610332411e-01
8.509213332177494316e-01
8.460932458040326676e-01
8.405847946844678953e-01
8.342676216139435219e-01
8.269938588056681139e-01
8.185957353759096833e-01
8.089105536213311298e-01
7.966435217484227893e-01
7.839803687529459664e-01
7.684717424355943516e-01
7.501166446376777985e-01
7.282138087463239096e-01
7.016514772138091605e-01
6.685023877978502060e-01
6.248607958210421476e-01
5.608117368688122495e-01
4.409060771867556183e-01
1.390392417431374761e-01
8.020718163335996964e-01
6.710334711979032418e-01
5.761737908444907186e-01
4.975434913228904410e-01
4.230537169229873773e-01
3.489178575360308843e-01
