9.891919437740932519e-01
9.895579306597247493e-01
9.899097927231105265e-01
9.902509752489450090e-01
9.905845307279662615e-01
9.909131003801974202e-01
9.912389087759049255e-01
9.915637690846810237e-01
9.918890967393766411e-01
9.922159295575907478e-01
9.925449526128102828e-01
9.928765263801576646e-01
9.932107169043673522e-01
9.935473269393761964e-01
9.938859271942611651e-01
9.942258869884926797e-01
9.945664037673481728e-01
9.949065310593419031e-01
9.952452045732117503e-01
9.955812662284743153e-01
9.959134859989515753e-01
9.962405815176530455e-01
9.965612354496119485e-01
9.968741106859083656e-01
9.971778634493309035e-01
9.974711544300093324e-01
9.977526580907113418e-01
9.980210702953677959e-01
9.982751144240309404e-01
9.985135461412161240e-01
9.987351569855661415e-01
9.989387769458747401e-01
9.991232761846645660e-01
9.992875660621172162e-01
9.994305996065875330e-01
9.995513715676171973e-01
9.996489181787087119e-01
9.997223167457842674e-01
9.997706851682770512e-01
9.997931814888731950e-01
9.997890035587521096e-01
9.997573888952417942e-01
9.996976148004028673e-01
9.996089988004509541e-01
9.994908994579472239e-01
9.993427176023199632e-01
9.991638980169621487e-01
9.989539316158828619e-01
9.987123581373966719e-01
9.984387693782209583e-01
9.981328129865273402e-01
9.977941968304164799e-01
9.974226939538771708e-01
9.970181481313755700e-01
9.965804800294388865e-01
9.961096939828237851e-01
9.956058853914669937e-01
9.950692487441571421e-01
9.945000862747773729e-01
9.938988172568390400e-01
9.932659879429432959e-01
9.926022821566190535e-01
9.919085325448071533e-01
9.911857325012940478e-01
9.904350487723797558e-01
9.896578347587803304e-01
9.888556445289397034e-01
9.880302475618267799e-01
9.871836442389324562e-01
9.863180821077126570e-01
9.854360729400826191e-01
9.845404106109715281e-01
9.836341898228329050e-01
9.827208257004468317e-01
9.818040742781123376e-01
9.808880538957435169e-01
9.799772675105750119e-01
9.790766259169796371e-01
9.781914718426176769e-01
9.773276048559932372e-01
9.764913069701762760e-01
9.756893687540737492e-01
9.749291156550321524e-01
9.742184340732178427e-01
9.735657964594939262e-01
9.729802841852435158e-01
9.724716055249960078e-01
9.720500998105107149e-01
9.717266594508530142e-01
9.714944928741623409e-01
9.714233406210228683e-01
9.714672293914878853e-01
9.716598732274628336e-01
9.720150205429261003e-01
9.725467401946970014e-01
9.732690722664375516e-01
9.741956089899186377e-01
9.753388935596771780e-01
9.767095470917783739e-01
9.783150005250693670e-01
9.801576514602058365e-01
9.822321788548562527e-01
9.845216153520733871e-01
9.869915720099055045e-01
9.895816920861051358e-01
9.921929136096437896e-01
9.946683409687834265e-01
9.967643031828453681e-01
9.981062745002799996e-01
9.981214406887229940e-01
9.959355243694933968e-01
9.902161971708693944e-01
9.789410310941324411e-01
9.590724581784930702e-01
9.261599346425257728e-01
8.740219991036961567e-01
7.950055099095952871e-01
6.819556121497157841e-01
5.334407995681664794e-01
3.617355282144080753e-01
1.963436679725782674e-01
7.245820450050891037e-02
9.638585456126912143e-03
3.257040320838431452e-03
3.492517561137443299e-02
8.602040556919961223e-02
1.436717521281219434e-01
2.007425544316182031e-01
2.539461550183628735e-01
3.021471473450941247e-01
3.452749633093304960e-01
3.837241184361550594e-01
4.180503824861300233e-01
4.488275699893375936e-01
4.765862460027870395e-01
5.017923232120886645e-01
5.248441017476214165e-01
5.460771338019150267e-01
5.657718151667439077e-01
5.841613633159108421e-01
6.014391943720203138e-01
6.177653586526866691e-01
6.332719912956891184e-01
6.480678593658886211e-01
6.622421293563081068e-01
6.758674836574358746e-01
6.890027032833007103e-01
7.016948174335470023e-01
7.139809031695596442e-01
7.258896026181441696e-01
7.374424113582362939e-01
7.486547800379571571e-01
7.595370615810220771e-01
7.700953282333585781e-01
7.803320757849558920e-01
7.902468261434273389e-01
7.998366334965835156e-01
8.090964928285578894e-01
8.180196413344675843e-01
8.265977311415402262e-01
8.348208314829164145e-01
8.426771813437939906e-01
8.501525402379097596e-01
8.572288290941263433e-01
8.638813963311576805e-01
8.700733477226230139e-01
8.757428551363846125e-01
8.807711162169648000e-01
8.848855660830644565e-01
8.872720123780962753e-01
8.839472125681914205e-01
7.999811726916150612e-01
9.178770147214302400e-01
9.175706775769446599e-01
9.186202442563666803e-01
9.201057868076890633e-01
9.215370614725348908e-01
9.227057515953565048e-01
9.234982656159078651e-01
9.238339922567049278e-01
9.236403308878948781e-01
9.228393548655966505e-01
9.213378384430386259e-01
9.190170752116473274e-01
9.157201311829519241e-01
9.112340467623992746e-01
9.052634569013573440e-01
8.973898974042628929e-01
8.870068746069569299e-01
8.732127629255620471e-01
8.546278703817647981e-01
8.290703812189947897e-01
7.929627082555084083e-01
7.402341783689629917e-01
6.605360355210175838e-01
5.387744037036003020e-01
3.672908796453959734e-01
1.712960032442598368e-01
3.741258251777159621e-02
9.654380240812036884e-02
