7.506930248088289143e+79
6.133118871072107123e+79
5.020809843792136646e+79
4.118500888922846807e+79
3.385144295853513402e+79
2.787966155955594068e+79
2.300751900277856723e+79
1.902496146006985829e+79
1.576337636214447071e+79
1.308717650320096674e+79
1.088713871946609016e+79
9.075122440331266847e+78
7.579875222618117296e+78
6.343695958235567396e+78
5.319775933769963552e+78
4.470076502217041003e+78
3.763632251523587847e+78
3.175192114070900637e+78
2.684129314670080142e+78
2.273565531290618501e+78
1.929666018465380327e+78
1.641071394781534054e+78
1.398438852292783362e+78
1.194071115773572677e+78
1.021615884060430449e+78
8.758219733686407871e+77
7.523411485622199637e+77
6.475668255927958954e+77
5.585025762508492164e+77
4.826547591347359915e+77
4.179447120517133285e+77
3.626368292334727852e+77
3.152795576000565013e+77
2.746569161103909458e+77
2.397485996544503874e+77
2.096970966712857009e+77
1.837805457999593381e+77
1.613902955600851959e+77
1.420123238854334802e+77
1.252118302080209261e+77
1.106204390584635305e+77
9.792555653559003453e+76
8.686150416496200673e+76
7.720212230266692186e+76
6.875459033520149186e+76
6.135425585974744689e+76
5.486030173212267146e+76
4.915210989261494435e+76
4.412620546685326803e+76
3.969368480904457090e+76
3.577804772070075555e+76
3.231336770197197949e+76
2.924274531646777643e+76
2.651699900174644649e+76
2.409355530504031489e+76
2.193550684140684622e+76
2.001081150737961070e+76
1.829161082067856396e+76
1.675364886390922068e+76
1.537577630199724444e+76
1.413952643988535786e+76
1.302875236476508138e+76
1.202931595254688049e+76
1.112882096890198075e+76
1.031638370833474361e+76
9.582435631832009887e+75
8.918553316915561506e+75
8.317311750411445432e+75
7.772157597174688880e+75
7.277299585570672513e+75
6.827613578864830929e+75
6.418560262701857105e+75
6.046113684779307724e+75
5.706699141084763781e+75
5.397139122427089038e+75
5.114606220839134422e+75
4.856582053327731151e+75
4.620821394870463368e+75
4.405320826957663678e+75
4.208291305497663627e+75
4.028134135199676563e+75
3.863419908776467396e+75
3.712870030159760889e+75
3.575340493240236213e+75
3.449807632366681601e+75
3.335355599432064705e+75
3.231165355368857027e+75
3.136504992733896150e+75
3.050721230342004383e+75
2.973231942584285571e+75
2.903519604319851033e+75
2.841125548468451204e+75
2.785644947295124558e+75
2.736722440663607287e+75
2.694048345301992034e+75
2.657355388354431955e+75
2.626415917196207891e+75
2.601039544535950826e+75
2.581071194877764390e+75
2.566389524048148170e+75
2.556905689449724674e+75
2.552562453402004080e+75
2.553333607005317969e+75
2.559223706342779838e+75
2.570268117335404370e+75
2.586533369835546322e+75
2.608117825970429634e+75
2.635152672083839178e+75
2.667803248341343154e+75
2.706270734853784515e+75
2.750794218385145364e+75
2.801653169414016627e+75
2.859170365480707971e+75
2.923715303573954943e+75
2.995708152130474156e+75
3.075624301690780525e+75
3.163999583155477042e+75
3.261436233610082416e+75
3.368609702463959931e+75
3.486276405066438902e+75
3.615282547825171347e+75
3.756574167791553263e+75
3.911208552427043189e+75
4.080367230135968313e+75
4.265370752706146112e+75
4.467695524878528440e+75
4.688992976412983597e+75
4.931111418967816443e+75
5.196120984349734147e+75
5.486342104326280604e+75
5.804378066564260013e+75
6.153152267981061547e+75
6.535950888897383161e+75
6.956471830594373450e+75
7.418880899451184529e+75
7.927876385613206168e+75
8.488763378653002753e+75
9.107539391618570179e+75
9.790993135236943667e+75
1.054681860366775131e+76
1.138374701090191790e+76
1.231169956530366108e+76
1.334196460059885979e+76
1.448740321269978346e+76
1.576268830238094749e+76
1.718458281664301610e+76
1.877226404730549410e+76
2.054770211628057308e+76
2.253610229687369324e+76
2.476642263927244422e+76
2.727198054719180149e+76
3.009116456847847831e+76
3.326827080357164042e+76
3.685448711599596223e+76
4.090905288338655453e+76
4.550062751663559381e+76
5.070890761349960362e+76
5.662654063334188471e+76
6.336139269839194742e+76
7.103923991168851949e+76
7.980696689431153590e+76
8.983637364663824396e+76
1.013287130333474351e+77
1.145201070329034385e+77
1.296880214522011940e+77
1.471590173903865016e+77
1.673180449926225198e+77
1.906196029722630793e+77
2.176011585315255280e+77
2.488993098074503897e+77
2.852692807105756884e+77
3.276084709113945956e+77
3.769849478238672398e+77
4.346719703991891964e+77
5.021898859468868478e+77
5.813570530011535684e+77
6.743518306328100106e+77
7.837881564748729652e+77
9.128078361510510786e+77
1.065193415912531073e+78
1.245506446456449497e+78
1.459257117485389280e+78
1.713112711031823333e+78
2.015154164916404254e+78
2.375192355211274575e+78
2.805158624522818447e+78
3.319587762736147827e+78
3.936216294353493984e+78
4.676724805535774309e+78
5.567660492040627921e+78
6.641585560000493721e+78
7.938509122037731572e+78
9.507675518595139903e+78
1.140980148297265731e+79
1.371987945185336305e+79
1.653069614331913997e+79
1.995725627920589273e+79
2.414235360747179262e+79
2.926359854465876168e+79
3.554229818104015526e+79
