9.966826102914959629e-01
9.966884478761594002e-01
9.966952874496300963e-01
9.967031265169065124e-01
9.967119621074267410e-01
9.967217907692185186e-01
9.967326085612110420e-01
9.967444110444940719e-01
9.967571932728184203e-01
9.967709497827847986e-01
9.967856745840807386e-01
9.968013611499085824e-01
9.968180024079317247e-01
9.968355907319697007e-01
9.968541179342398362e-01
9.968735752587032373e-01
9.968939533752708693e-01
9.969152423747679181e-01
9.969374317652763828e-01
9.969605104690709707e-01
9.969844668207107352e-01
9.970092885660657434e-01
9.970349628622026117e-01
9.970614762780662943e-01
9.970888147961346482e-01
9.971169638147410197e-01
9.971459081511859779e-01
9.971756320454270295e-01
9.972061191645062994e-01
9.972373526075507533e-01
9.972693149113690536e-01
9.973019880562880024e-01
9.973353534729536563e-01
9.973693920491388809e-01
9.974040841372185939e-01
9.974394095618094314e-01
9.974753476280588949e-01
9.975118771300001130e-01
9.975489763593871073e-01
9.975866231147703100e-01
9.976247947109084802e-01
9.976634679883535917e-01
9.977026193233976548e-01
9.977422246383150783e-01
9.977822594116122490e-01
9.978226986888075745e-01
9.978635170932698140e-01
9.979046888373740432e-01
9.979461877337300058e-01
9.979879872069196134e-01
9.980300603050185071e-01
9.980723797118729035e-01
9.981149177591245314e-01
9.981576464386999747e-01
9.982005374153899435e-01
9.982435620397385190e-01
9.982866913610995985e-01
9.983298961408282324e-01
9.983731468658214592e-01
9.984164137621187596e-01
9.984596668087559745e-01
9.985028757518799036e-01
9.985460101189271853e-01
9.985890392331436827e-01
9.986319322281086430e-01
9.986746580626520986e-01
9.987171855357687145e-01
9.987594833018492713e-01
9.988015198859496735e-01
9.988432636993608282e-01
9.988846830552863265e-01
9.989257461845452157e-01
9.989664212516410347e-01
9.990066763708798092e-01
9.990464796225860811e-01
9.990857990695317659e-01
9.991246027732892943e-01
9.991628588110819109e-01
9.992005352923772898e-01
9.992376003756839875e-01
9.992740222855366339e-01
9.993097693295588391e-01
9.993448099154693676e-01
9.993791125682076615e-01
9.994126459472414403e-01
9.994453788637954750e-01
9.994772802981226612e-01
9.995083194169447349e-01
9.995384655906963678e-01
9.995676884110530347e-01
9.995959577081388048e-01
9.996232435680983963e-01
9.996495163503863468e-01
9.996747467050401958e-01
9.996989055901527310e-01
9.997219642891037594e-01
9.997438944276623163e-01
9.997646679913145817e-01
9.997842573423040280e-01
9.998026352365867453e-01
9.998197748408859109e-01
9.998356497493137152e-01
9.998502340003245781e-01
9.998635020930798367e-01
9.998754290041784731e-01
9.998859902036650871e-01
9.998951616714722990e-01
9.999029199133733226e-01
9.999092419767506845e-01
9.999141054663679418e-01
9.999174885599093621e-01
9.999193700231001625e-01
9.999197292250227020e-01
9.999185461528498076e-01
9.999158014265381311e-01
9.999114763133182260e-01
9.999055527418186928e-01
9.998980133158928973e-01
9.998888413284550136e-01
9.998780207746322812e-01
9.998655363648339955e-01
9.998513735374014999e-01
9.998355184707427012e-01
9.998179580950761203e-01
9.997986801032850979e-01
9.997776729610393653e-01
9.997549259153675205e-01
9.997304290009153549e-01
9.997041730420908046e-01
9.996761496474270148e-01
9.996463511871613861e-01
9.996147707315591324e-01
9.995814018832621661e-01
9.995462382638753418e-01
9.995092715215567747e-01
9.994704790293891250e-01
9.994295281902383365e-01
9.993876744497682818e-01
9.993435393433012237e-01
9.992975696750707737e-01
9.992498026644283105e-01
9.992002391324904531e-01
9.991488813770976751e-01
9.990957331157689358e-01
9.990407992410177407e-01
9.989840857120241280e-01
9.989255995082207962e-01
9.988653486096848999e-01
9.988033419894968290e-01
9.987395896119323213e-01
9.986741024338245953e-01
9.986068924075028885e-01
9.985379724847970317e-01
9.984673566219095520e-01
9.983950597845193675e-01
9.983210979536721874e-01
9.982454881321073392e-01
9.981682483510428971e-01
9.980893976777875931e-01
9.980089562239050638e-01
9.979269451542636116e-01
9.978433866971619937e-01
9.977583041555009302e-01
9.976717219192384745e-01
9.975836654793200919e-01
9.974941614432748516e-01
9.974032375526503680e-01
9.973109227027374679e-01
9.972172469642150983e-01
9.971222416079212891e-01
9.970259391321315556e-01
9.969283732933118536e-01
9.968295791403212203e-01
9.967295930524521230e-01
9.966284527820341577e-01
9.965261975015452522e-01
9.964228678560815844e-01
9.963185060214675426e-01
9.962131557687075034e-01
9.961068625352095252e-01
9.959996735036874549e-01
9.958916376891442379e-01
9.957828060349523946e-01
9.956732315188735472e-01
9.955629692699450306e-01
9.954520766971950430e-01
9.953406136317115571e-01
9.952286424828706846e-01
9.951162284108625578e-01
9.950034395165429091e-01
9.948903470510950253e-01
9.947770256472511230e-01
9.946635535746538581e-01
9.945500130223108304e-01
9.944364904110598591e-01
9.943230767400247361e-01
9.942098679710241749e-01
9.940969654561536695e-01
9.939844764136731570e-01
9.938725144594811045e-01
