9.745152045693847853e-01
9.745892895720118521e-01
9.748458192940445688e-01
9.751840392734812957e-01
9.755164262901350192e-01
9.757690165511702096e-01
9.758813437834916726e-01
9.758060592999866500e-01
9.755083003172102529e-01
9.749648666082817439e-01
9.741632591839577415e-01
9.731006282740812807e-01
9.717826715794989356e-01
9.702225176764410763e-01
9.684396236732540908e-01
9.664587108021617246e-01
9.643087566152697132e-01
9.620220578774599796e-01
9.596333741199980505e-01
9.571791581371893454e-01
9.546968764729807377e-01
9.522244201301699462e-01
9.497996033229967328e-01
9.474597460488475287e-01
9.452413345391911248e-01
9.431797522154056201e-01
9.413090725703014972e-01
9.396619043561270646e-01
9.382692785136317326e-01
9.371605653354101451e-01
9.363634093175503548e-01
9.359036678854312230e-01
9.358053385206138719e-01
9.360904565497014662e-01
9.367789427070879471e-01
9.378883751662993040e-01
9.394336545325293608e-01
9.414265215728313541e-01
9.438748752148098387e-01
9.467818211169821696e-01
9.501443568361976899e-01
9.539515653066047429e-01
9.581821396980798600e-01
9.628009935094634653e-01
9.677546109749070036e-01
9.729646515926970718e-01
9.783191204924283069e-01
9.836601281050136869e-01
9.887668548518374623e-01
9.933317697610793973e-01
9.969273904184327018e-01
9.989599160810593848e-01
9.986050394935866992e-01
9.947206039674190148e-01
9.857317975327265502e-01
9.694903836128796470e-01
9.431269156318782265e-01
9.029571966776781533e-01
8.445913352505913796e-01
7.635373583294892130e-01
6.567322571917886265e-01
5.253012198482572837e-01
3.778982595958285118e-01
2.320845879725241256e-01
1.103527521177416343e-01
3.105770906357550529e-02
6.368080809616227063e-04
1.324924995414814531e-02
5.651690851249468323e-02
1.176744143930220782e-01
1.868237077950002101e-01
2.575551546892493882e-01
3.266660099946627760e-01
3.871321703585915985e-01
4.482898632519228266e-01
5.030170810358152167e-01
5.528474332212550690e-01
5.982243740061462534e-01
6.395503916321005899e-01
6.772039130170691701e-01
7.115294330987126381e-01
7.428331191189606608e-01
7.713834790363665039e-01
7.974147578645282008e-01
8.211314329605873263e-01
8.427128778393703223e-01
8.623177169284277355e-01
8.800876581219679862e-01
8.961507365393062141e-01
9.106239803098641339e-01
9.236155473084891598e-01
9.352263979694463991e-01
9.455515735562338708e-01
9.546811471715136443e-01
9.627009094935060629e-01
9.696928444731648389e-01
9.757354429980944488e-01
9.809038953691276985e-01
9.852701966493436769e-01
9.889031927052381876e-01
9.918685891531948684e-01
9.942289404889532722e-01
9.960436324208609138e-01
9.973688668239265587e-01
9.982576557497084835e-01
9.987598285094918538e-01
9.989220539449510383e-01
9.987878785402853898e-01
9.983977799575283196e-01
9.977892348249371990e-01
9.969967991204511382e-01
9.960521992157765903e-01
9.949844315321819677e-01
9.938198687297729039e-01
9.925823709229660841e-01
9.912933985668406223e-01
9.899721283062625776e-01
9.886355673594122706e-01
9.872986670056415059e-01
9.859744336875791992e-01
9.846740368422862710e-01
9.834069127048336023e-01
9.821808633087280027e-01
9.810021497695873283e-01
9.798755785398830520e-01
9.788045784144341344e-01
9.777912640679464751e-01
9.768364773698476888e-01
9.759397866669472510e-01
9.750993943866027580e-01
9.743118108932525834e-01
9.735708066026250718e-01
9.728634401241111895e-01
9.721471298379360526e-01
9.708232024988258102e-01
9.715568765579342125e-01
9.708253045590516939e-01
9.702610117780039456e-01
9.697348371394745037e-01
9.692174917068420159e-01
9.686903043596820639e-01
9.681338551412960181e-01
9.675178046078782845e-01
9.665947724665918672e-01
9.658147849121240247e-01
9.650104772220360339e-01
9.637132406025062936e-01
9.618076658350344088e-01
9.586297181707038595e-01
9.519752040025508677e-01
9.298633821155554147e-01
6.142880309871929789e-01
9.247708845726534399e-01
9.640548657825472878e-01
9.670436271016077390e-01
9.670072500398920745e-01
9.664232243721198046e-01
9.657238033625844542e-01
9.650177924273616314e-01
9.643409676080038073e-01
9.637099278336865860e-01
9.631364798812019901e-01
9.626319588638050373e-01
9.622085484694365975e-01
9.618796026023609391e-01
9.616596021105722203e-01
9.615639598363028284e-01
9.616087421689473169e-01
9.618103130414052959e-01
9.621848553479948052e-01
9.627476241696010240e-01
9.635114780821045777e-01
9.644830407511217896e-01
9.656486803783288497e-01
9.668897132528304628e-01
9.655540329115199771e-01
9.723902672741921993e-01
9.744110126617562262e-01
9.771242069202982217e-01
9.803664867737268418e-01
9.842268154145250580e-01
9.889656587672114307e-01
9.952090188111617497e-01
1.004632900745670465e+00
1.019657880698837005e+00
6.185483668684649272e-01
9.379850976165390319e-01
9.657815055321042896e-01
9.761761857662371034e-01
9.817522191013589028e-01
9.850158868787066702e-01
9.867170335510895285e-01
9.870961759663241519e-01
9.861995998957423515e-01
9.839855289885693912e-01
9.803677781081507892e-01
9.752368939529976188e-01
9.684720597096061478e-01
9.599487833184946473e-01
9.495443989360953241e-01
