1.758432365359145318e+87
1.437710609706965684e+87
1.177852841270291369e+87
9.669053147168393303e+86
7.953345514264214841e+86
6.555237032115213665e+86
5.413763611712649372e+86
4.480043590745291709e+86
3.714813470900028814e+86
3.086479507584627572e+86
2.569574562557418395e+86
2.143533864140115020e+86
1.791722134456358233e+86
1.500659173785853159e+86
1.259402386694939475e+86
1.059053622818503278e+86
8.923646492465532918e+85
7.534210051760232870e+85
6.373882480265865383e+85
5.403079429824618136e+85
4.589333759649719697e+85
3.905970394289328852e+85
3.331035723822949816e+85
2.846431251372487637e+85
2.437211391083841692e+85
2.091013400091333298e+85
1.797593840152053676e+85
1.548451060813294259e+85
1.336517252554071479e+85
1.155906852157029091e+85
1.001710664552187984e+85
8.698271298877242693e+84
7.568238179573031287e+84
6.598235580555092888e+84
5.764106774117975873e+84
5.045536780164062144e+84
4.425413718717646138e+84
3.889300514026902401e+84
3.424997216797521720e+84
3.022177850445672725e+84
2.672088636708338556e+84
2.367296849063885629e+84
2.101481487120308340e+84
1.869258547702935006e+84
1.666034958047881793e+84
1.487886288918322198e+84
1.331454225674313489e+84
1.193860479036955435e+84
1.072634394314980249e+84
9.656519910793259550e+83
8.710845543941876211e+83
7.873552187651290248e+83
7.131022498070464655e+83
6.471479462528040567e+83
5.884722648330586803e+83
5.361904193218258411e+83
4.895338283541465543e+83
4.478338888952051930e+83
4.105081372123543275e+83
3.770484298644479078e+83
3.470108361031913339e+83
3.200069821617309561e+83
2.956966289094662516e+83
2.737812986306233425e+83
2.539987953828154836e+83
2.361184874551797565e+83
2.199372406379720192e+83
2.052759079922476002e+83
1.919762960900697548e+83
1.798985397292829886e+83
1.689188272856859104e+83
1.589274274328724726e+83
1.498269752214355444e+83
1.415309816456595373e+83
1.339625360345630797e+83
1.270531750266358828e+83
1.207418956390802217e+83
1.149742931455304290e+83
1.097018071945748773e+83
1.048810619292068102e+83
1.004732878486705203e+83
9.644381485415731319e+82
9.276162737027891361e+82
8.939897368503106349e+82
8.633102271471728762e+82
8.353556232739644789e+82
8.099273414439010419e+82
7.868480042757825295e+82
7.659593924784082527e+82
7.471206464218530399e+82
7.302066891038084540e+82
7.151068458767694163e+82
7.017236396560299468e+82
6.899717432862960901e+82
6.797770733096304724e+82
6.710760116734077986e+82
6.638147439226221085e+82
6.579487042484420797e+82
6.534421193655785114e+82
6.502676446878792689e+82
6.484060876114505765e+82
6.478462139928763889e+82
6.485846350744573880e+82
6.506257732745665617e+82
6.539819063543053145e+82
6.586732905776137284e+82
6.647283645972208923e+82
6.721840369393215898e+82
6.810860611624731012e+82
6.914895040237202311e+82
7.034593133728361321e+82
7.170709939638949600e+82
7.324114010494821755e+82
7.495796633939026034e+82
7.686882494867638345e+82
7.898641929410158187e+82
8.132504957568746124e+82
8.390077310993573767e+82
8.673158706336651098e+82
8.983763654066855718e+82
9.324145137456848611e+82
9.696821548551737275e+82
1.010460732783221063e+83
1.055064782380530105e+83
1.103845896930423839e+83
1.157197246479846332e+83
1.215558726782405161e+83
1.279422831442813817e+83
1.349341354623541724e+83
1.425933048942062206e+83
1.509892383380171438e+83
1.601999569632695459e+83
1.703132053076217024e+83
1.814277696999859852e+83
1.936549927008664958e+83
2.071205147449094542e+83
2.219662794664557624e+83
2.383528454460585472e+83
2.564620544802992142e+83
2.765001152161745735e+83
2.987011713208030314e+83
3.233314355911366254e+83
3.506939859555906469e+83
3.811343365854571082e+83
4.150469178807370608e+83
4.528826235837667851e+83
4.951576124789063201e+83
5.424635870121547516e+83
5.954798128918580710e+83
6.549871936874067233e+83
7.218847743358898960e+83
7.972091193997612137e+83
8.821570983628175924e+83
9.781127143509532902e+83
1.086678738098130943e+84
1.209714060416287804e+84
1.349377859439391904e+84
1.508181900374815756e+84
1.689052553928684377e+84
1.895404445274213527e+84
2.131228041225021981e+84
2.401193964908221862e+84
2.710777414075897193e+84
3.066406775286216541e+84
3.475641401116448427e+84
3.947384588275057027e+84
4.492139106093511764e+84
5.122314235032222744e+84
5.852595251908465013e+84
6.700388733534238935e+84
7.686360048768884017e+84
8.835083110829911388e+84
1.017582703559711257e+85
1.174351001287960899e+85
1.357985771407881964e+85
1.573481226914600127e+85
1.826824867191975792e+85
2.125206895078254470e+85
2.477276124511676110e+85
2.893453190969286104e+85
3.386314500530135386e+85
3.971063639346123572e+85
4.666111086581621572e+85
5.493788251042711289e+85
6.481228365031664206e+85
7.661454975876148249e+85
9.074729132325779974e+85
1.077021945296268193e+86
1.280807583388772562e+86
1.526200856077039513e+86
1.822250126629192124e+86
2.180082009969022197e+86
2.613402468832182577e+86
3.139124160028509486e+86
3.778153145877663474e+86
4.556377100345496773e+86
5.505908693748352727e+86
6.666652672159621311e+86
8.088284217694585511e+86
9.832750732076274596e+86
