9.947106090494852726e-01
9.916750910114217055e-01
9.883203291441825522e-01
9.847150133438484776e-01
9.809233986681105133e-01
9.770051181863038670e-01
9.730152141081210848e-01
9.690043710023895640e-01
9.650193433613327709e-01
9.611035810753956188e-01
9.572980720675842159e-01
9.536424439418793586e-01
9.501764004003757647e-01
9.469416209835027631e-01
9.439843379361076980e-01
9.413589464249353389e-01
9.391332502197975440e-01
9.373963830074851789e-01
9.362712480726639308e-01
9.359348161757380380e-01
9.366523768657253335e-01
9.388362669978519426e-01
9.431411170228823915e-01
9.505511037957683484e-01
9.616931836062886374e-01
9.635854194340438550e-01
5.691750134356501345e-01
3.442728628389650769e-01
6.622408100013779109e-01
7.461947224570483206e-01
7.803760210721082391e-01
7.976471807549322390e-01
8.073680074841245169e-01
8.131191357112143026e-01
8.165468467842091904e-01
8.185086702830287608e-01
8.194934705907680472e-01
8.197996658118200664e-01
8.196194664689568921e-01
8.190821458465724625e-01
8.182777518980881570e-01
8.172706723618466951e-01
8.161068804862293691e-01
8.148031064193008710e-01
8.135034317677053428e-01
8.120513727532274739e-01
8.105615998600808059e-01
8.090368848514550848e-01
8.074867852011522462e-01
8.059197433372661257e-01
8.043426631640160362e-01
8.027610104110899369e-01
8.011789511738391933e-01
7.995994639754551159e-01
7.980244220494578933e-01
7.964546616441652294e-01
7.948900903958792119e-01
7.933301072598772929e-01
7.917771127081730809e-01
7.901113758445789115e-01
7.886071684167992313e-01
7.870230394116585204e-01
7.854112236267689617e-01
7.837639658070343351e-01
7.820692432123819149e-01
7.803120776171671436e-01
7.784743629945819476e-01
7.765343829398079212e-01
7.744661387551746712e-01
7.722384783497434624e-01
7.698139777676354933e-01
7.671474998509391074e-01
7.641843222948973002e-01
7.608576828040350959e-01
7.570855245123735422e-01
7.527661291698424240e-01
7.477721813564768283e-01
7.419425859347625885e-01
7.350710166312819371e-01
7.268896285754476994e-01
7.170454913146874221e-01
7.050658709046858652e-01
6.903061425554560815e-01
6.718702640987239683e-01
6.484875837435635226e-01
6.183207724976996777e-01
5.786704915163881635e-01
5.255519502514017782e-01
4.532378480986894997e-01
3.544761762598652166e-01
2.245923896253778085e-01
7.988767330739050820e-02
4.516390404239519363e-04
1.122693060739911874e-01
3.817282048639629721e-01
6.306363720927156136e-01
7.895182006699846822e-01
8.790064608689965864e-01
9.283868539273364417e-01
9.560642800146440523e-01
9.719681439056784278e-01
9.813385835538810387e-01
9.869867601774270360e-01
9.904607785402892439e-01
9.926350439713016449e-01
9.940132560825423180e-01
9.948887026191058913e-01
9.954317472801076372e-01
9.957390460374592189e-01
9.958620177803919615e-01
9.958237338578425080e-01
9.956291641437664541e-01
9.952715165018048982e-01
9.947362271852565607e-01
9.940035101968714981e-01
9.930500066561229744e-01
9.918498628991916366e-01
9.903754404528375410e-01
9.885977851889622414e-01
9.864869362497580285e-01
9.840121259572074397e-01
9.811419029810172221e-01
9.778441983331215281e-01
9.740863444463451204e-01
9.698350490950364833e-01
9.650563139084473718e-01
9.597152588384445515e-01
9.537757140196858607e-01
9.471989374907043846e-01
9.399364964033223302e-01
9.317115905075161741e-01
9.234215624752381002e-01
9.138930636252614592e-01
9.035564724994986641e-01
8.923414911877551869e-01
8.801924541474885899e-01
8.670517386047307262e-01
8.528567730423386450e-01
8.375382794399637287e-01
8.210183948029009526e-01
8.032073893314053414e-01
7.839537692824785076e-01
7.633439290934906918e-01
7.410032957342935767e-01
7.168782057596360113e-01
6.907822891658242925e-01
6.625013696884659575e-01
6.317840429522509904e-01
5.983348726711261722e-01
5.618082762339535741e-01
5.218046636540157879e-01
4.778727201737822949e-01
4.295260899552963973e-01
3.762915543635968474e-01
3.178236897847409037e-01
2.541566277670342933e-01
1.862313244744454033e-01
1.169508176462847049e-01
5.314356586373403940e-02
8.683071231288724823e-03
7.659139091074594619e-03
7.845882914462487534e-02
2.419060945029368193e-01
4.714110197093168697e-01
6.962427643924608001e-01
8.566273067655640894e-01
9.405506555399356650e-01
9.638983712474805676e-01
9.525767189481433306e-01
9.276291128889639914e-01
8.917457003805895344e-01
7.524857037205291421e-01
3.851446332221470370e-01
1.633365831838136384e-01
1.303886964181462937e-01
1.760435126475176359e-01
2.693207708485256258e-01
3.912637935422112467e-01
5.204481140848967735e-01
6.391591693170626254e-01
7.379120188335388519e-01
8.145761275219918218e-01
8.712429935078751519e-01
9.115594875376530348e-01
9.392304458772272602e-01
9.572245538761736672e-01
9.688030089041141935e-01
9.750830755368500302e-01
9.777432187389023532e-01
9.777425604939459225e-01
9.760450516633577545e-01
9.730765261880961470e-01
9.692819139391708472e-01
9.649734527588675892e-01
9.603851854828341361e-01
9.556017455024630181e-01
9.509908943947971149e-01
9.464415834325459187e-01
9.420941215750344711e-01
9.380130245382849452e-01
