9.729216486901729466e-01
9.746077919924518440e-01
9.763925569194674692e-01
9.783949015521615777e-01
9.806778282755508336e-01
9.832374824686153092e-01
9.859891718830348095e-01
9.887488226524582258e-01
9.912080050704195067e-01
9.929002515006080110e-01
9.931560852366488890e-01
9.910443228329152143e-01
9.852985637983361356e-01
9.742319008485688103e-01
9.556526921868949698e-01
9.268145106823958423e-01
8.844700315852135342e-01
8.251533797594738928e-01
7.458694253276834107e-01
6.453502376624261627e-01
5.258034744938191452e-01
3.945044079459452124e-01
2.639188843372419213e-01
1.491835775865338054e-01
6.345693928899036329e-02
1.373302185116681735e-02
-3.432194949842476764e-04
1.546046720338191405e-02
5.310456477004825426e-02
1.047886478701077206e-01
1.642090426223167809e-01
2.268292566308047764e-01
2.896471757790053947e-01
3.508119191856950980e-01
4.092646064460011002e-01
4.644600590928278372e-01
5.161712809923030276e-01
5.643600033695912455e-01
6.090944248660049576e-01
6.504986642775839600e-01
6.887227199084986484e-01
7.239253287044515872e-01
7.562647485262001812e-01
7.858942820932213191e-01
8.129605418073910794e-01
8.376032151277555959e-01
8.599555742090875254e-01
8.801452795302066034e-01
8.982952197945642814e-01
9.145242508967046380e-01
9.289477714436169542e-01
9.416781177436958084e-01
9.528247877726342407e-01
9.624945180542917589e-01
9.707912439473949107e-01
9.778159753367637874e-01
9.836666180882593924e-01
9.884377681432200413e-01
9.922205007021289713e-01
9.951021722030020111e-01
9.971662481631482500e-01
9.984921656967413739e-01
9.991552358080195706e-01
9.992265874685479776e-01
9.987731530303951555e-01
9.978576926783263579e-01
9.965388543230259133e-01
9.948712645132193888e-01
9.929056455136034964e-01
9.906889535798509838e-01
9.882645335842084044e-01
9.856722854396952060e-01
9.829488381797715224e-01
9.801277280251290414e-01
9.772395772742314968e-01
9.743122713598624252e-01
9.713711318991699040e-01
9.684390840175390869e-01
9.655368166346675052e-01
9.626829347649048518e-01
9.598941031981143013e-01
9.571851811942571064e-01
9.545693480481147741e-01
9.520582195626807742e-01
9.496619556150790453e-01
9.473893591110217338e-01
9.452479667086663984e-01
9.432441317519787427e-01
9.413830998916482562e-01
9.396690778916925169e-01
9.381052961213152130e-01
9.366940652195493433e-01
9.354368273884314799e-01
9.343342027221882562e-01
9.333860309051282833e-01
9.325914085002101617e-01
9.319487218851121302e-01
9.314556756373978397e-01
9.311093157607497339e-01
9.309060464652539890e-01
9.308416380371825616e-01
9.309112212003628484e-01
9.311092593201663048e-01
9.314294816700401380e-01
9.318647436151303864e-01
9.324067395831109328e-01
9.330453938192315722e-01
9.337674682074704746e-01
9.345529841376483127e-01
9.353642118676684936e-01
9.361002449505841927e-01
9.362628401679642387e-01
8.922510326207742093e-01
9.418095071692905718e-01
9.424672177243401672e-01
9.435290995774577860e-01
9.447319789445294269e-01
9.460028735090384444e-01
9.473105411639103357e-01
9.486368702812320031e-01
9.499690837247017905e-01
9.512970565264931011e-01
9.526122461966634036e-01
9.539072203867023925e-01
9.551754202626138168e-01
9.564109945728925810e-01
9.576085859053387050e-01
9.587629134780946139e-01
9.598678505851206966e-01
9.609143058224157707e-01
9.618851721401412425e-01
9.627425744376484351e-01
9.633928101698779889e-01
9.635773807851059081e-01
9.624677072197417305e-01
9.566722237002296403e-01
9.241857222272016337e-01
4.752754052510843596e-01
6.883072224572248654e-01
8.875934938871894442e-01
9.235463075200954775e-01
9.362703020267544307e-01
9.421809774455311981e-01
9.452449542316632147e-01
9.468221800415753675e-01
9.474786657836333781e-01
9.474736348764318805e-01
9.469234508000121675e-01
9.458644259194041171e-01
9.442773223559814966e-01
9.420942435264970660e-01
9.391950414384938606e-01
9.353949814688393705e-01
9.304224721357992056e-01
9.238831480807662144e-01
9.152034375493611762e-01
9.035420630369959127e-01
8.876508016280227897e-01
8.656558711210733392e-01
8.347215040571108746e-01
7.905650383146889393e-01
7.268870143328054478e-01
6.351840029147516331e-01
5.066691638204338100e-01
3.404922316112346525e-01
1.615919635524078746e-01
3.078629968090467947e-02
4.704528754292334677e-03
7.629783282185192972e-02
1.924888471716565130e-01
3.095460328983619114e-01
4.091387624737705675e-01
4.883225216380323030e-01
5.497364196929943603e-01
5.970650187450994295e-01
6.335582322741077910e-01
6.617424515139664898e-01
6.834959225089557444e-01
7.001966978160452104e-01
7.128571714481296562e-01
7.222279069306979382e-01
7.288733309126674831e-01
7.332258771544644116e-01
7.356246393540352146e-01
7.363431443712625812e-01
7.356095212774542702e-01
7.336213254549085461e-01
7.305565559515143637e-01
7.265819063728263805e-01
7.218589484070199180e-01
7.165487126991673117e-01
7.108149693665658519e-01
7.048263964517476055e-01
6.987577434041863933e-01
6.927900379649085671e-01
6.871098418684872255e-01
6.819075292482786876e-01
6.773745388534606615e-01
6.736995356434216653e-01
6.710634083764096536e-01
