9.873991814903677611e-01
9.882062020523861845e-01
9.889983407219177236e-01
9.897722885393133163e-01
9.905251189129439249e-01
9.912542782645997752e-01
9.919575712471617734e-01
9.926331421450201864e-01
9.932794538288061137e-01
9.938952654187478419e-01
9.944796096137856756e-01
9.950317704655926576e-01
9.955512622188225080e-01
9.960378096973248052e-01
9.964913305907079355e-01
9.969119198845971530e-01
9.972998365756126082e-01
9.976554927177619936e-01
9.979794447554243275e-01
9.982723870001934952e-01
9.985351470013190678e-01
9.987686824257538953e-01
9.989740788899476032e-01
9.991525479467314730e-01
9.993054240909625685e-01
9.994341591522896140e-01
9.995403117122969583e-01
9.996255280869409399e-01
9.996915097570060471e-01
9.997399595897932256e-01
9.997724952661829478e-01
9.997905121678040130e-01
9.997949681930553556e-01
9.997860471746327082e-01
9.997626316420514803e-01
9.997214722749360183e-01
9.996558672005494417e-01
9.995535343799779593e-01
9.993931267264245522e-01
9.991384067954552917e-01
9.987282686490817074e-01
9.980591444104063292e-01
9.969529059504346202e-01
9.950959005572768135e-01
9.919175498022506643e-01
9.863347742847194954e-01
9.761779498641233177e-01
9.568036791619541903e-01
9.174848837902359611e-01
8.316468061896967745e-01
6.351554283347896623e-01
2.544778371700171515e-01
8.085163507810169811e-04
2.053284268625751308e-01
4.535518048824604964e-01
6.066497646237518637e-01
6.961939902526780299e-01
7.511306383337312820e-01
7.867613598192702007e-01
8.109654857831001262e-01
8.279833370333923304e-01
8.400185923639268415e-01
8.497699480416365247e-01
8.563812479273330558e-01
8.614427757864472346e-01
8.652070804428786399e-01
8.679754087182620648e-01
8.699598177136208532e-01
8.713140456907773057e-01
8.721542059818245818e-01
8.725694191458227555e-01
8.726291309545258779e-01
8.723882169439912682e-01
8.718905959614142720e-01
8.711718279348751315e-01
8.702610092987279611e-01
8.691821752313680927e-01
8.679553503380698087e-01
8.665973451476872702e-01
8.651223663543869957e-01
8.635424888622489359e-01
8.618680240779861279e-01
8.601078094425176346e-01
8.582694375386263896e-01
8.563594383704746793e-01
8.543834249915496226e-01
8.523462101652004019e-01
8.502518999044194059e-01
8.481039683687096042e-01
8.459053175669437596e-01
8.436583245311787271e-01
8.413648780258073945e-01
8.390264063868763111e-01
8.366438977177713676e-01
8.342179133701711491e-01
8.317485953939257604e-01
8.292356684306688708e-01
8.266784363370327515e-01
8.240757736368548025e-01
8.214261116967993548e-01
8.187274192567828290e-01
8.159771765509949981e-01
8.131723415709786185e-01
8.103093056697623364e-01
8.073838327218340050e-01
8.043909686602956910e-01
8.013248874171386982e-01
7.981785706955780713e-01
7.949429379075407809e-01
7.916034371614916187e-01
7.881149246571581557e-01
7.820076635558426137e-01
7.811566240963941921e-01
7.773259113482346994e-01
7.733727004821004947e-01
7.692633751964474964e-01
7.649760839991500694e-01
7.604897694663514951e-01
7.557818924368177038e-01
7.508275651923475014e-01
7.455989893111758526e-01
7.400649459849096834e-01
7.341902581724895072e-01
7.279351880789117768e-01
7.212547460694791468e-01
7.140978902455661359e-01
7.064065956977931826e-01
6.981147710486026448e-01
6.891469983140259270e-01
6.794170711714684341e-01
6.688263074263416375e-01
6.572616152698608216e-01
6.445933017746215965e-01
6.306726278238238281e-01
6.153291336853443649e-01
5.983677513729589448e-01
5.795654472903887244e-01
5.586643320900919196e-01
5.352974258396655527e-01
5.092363290563264311e-01
4.806335217969791018e-01
4.484079096649065121e-01
4.125509495002714355e-01
3.728377263708561040e-01
3.291889093079736761e-01
2.817945437136034070e-01
2.312832585104821204e-01
1.789395349459579898e-01
1.269414927925789360e-01
7.854249507330632318e-02
3.805539629250324213e-02
1.045847392589549681e-02
5.083226324043798022e-04
1.148544840345552646e-02
4.403617273674970828e-02
9.572512042523935449e-02
1.616177244460027251e-01
2.356197945426255769e-01
3.119097992178730405e-01
3.859027525005033765e-01
4.545820852040144411e-01
5.163594502371164907e-01
5.707177699513683589e-01
6.178312280893865083e-01
6.582568991584980544e-01
6.927206772458026629e-01
7.219853074332563958e-01
7.467802865874412221e-01
7.674275678135371592e-01
7.854217151010303155e-01
8.003758085021379642e-01
8.129699729428694344e-01
8.235518536724112382e-01
8.324084088549900118e-01
8.397773670761892184e-01
8.458552641262978566e-01
8.508031813247332042e-01
8.547448000573866222e-01
8.574436131458468280e-01
8.602081913885080144e-01
8.617664050339346460e-01
8.626304024896754852e-01
8.625650865696776748e-01
8.573184298980139895e-01
8.626923404411014351e-01
8.616540063515277792e-01
8.601313677650511691e-01
8.582073256562374741e-01
8.559033610483205434e-01
8.532358172090646065e-01
8.502189987012105377e-01
8.468655269833128552e-01
8.431864948697983531e-01
8.391916090125283167e-01
8.348893205963172637e-01
8.302869353576733946e-01
8.253906992212454163e-01
8.202058596240815458e-01
8.147367045941245056e-01
8.089865826519846426e-01
