9.951681251587836119e-01
9.952966041646892359e-01
9.954355645119964402e-01
9.955801557742647301e-01
9.957262931270005613e-01
9.958706111976526332e-01
9.960104100272600958e-01
9.961435959751678837e-01
9.962686199269283893e-01
9.963844147409628427e-01
9.964903334908996602e-01
9.965860897263963958e-01
9.966717006840509763e-01
9.967474341286984840e-01
9.968137592905562672e-01
9.968713021841004718e-01
9.969208054440045208e-01
9.969630926913654045e-01
9.969990373464003852e-01
9.970295357258071034e-01
9.970554842066996493e-01
9.970777601962160785e-01
9.970972066179308868e-01
9.971146196093924052e-01
9.971307391179319302e-01
9.971462420816769034e-01
9.971617378897665862e-01
9.971777658263426547e-01
9.971947942184912206e-01
9.972132210250109763e-01
9.972333756224843748e-01
9.972555215649621108e-01
9.972798601150789644e-01
9.973065343635336699e-01
9.973356337755948653e-01
9.973671990215283722e-01
9.974012269674729092e-01
9.974376757194931553e-01
9.974764696309451617e-01
9.975175041973225465e-01
9.975606507770246045e-01
9.976057610883631854e-01
9.976526714445670407e-01
9.977012066983054206e-01
9.977511838754696827e-01
9.978024154864877371e-01
9.978547125089478609e-01
9.979078870414881397e-01
9.979617546333353628e-01
9.980161362981339046e-01
9.980708602230203841e-01
9.981257631878086567e-01
9.981806917093637432e-01
9.982355029292029336e-01
9.982900652623318827e-01
9.983442588264956896e-01
9.983979756709010500e-01
9.984511198235686003e-01
9.985036071764263887e-01
9.985553652263569058e-01
9.986063326901696291e-01
9.986564590106923323e-01
9.987057037699498263e-01
9.987540360251589977e-01
9.988014335815141864e-01
9.988478822156656722e-01
9.988933748618376018e-01
9.989379107723430629e-01
9.989814946627267878e-01
9.990241358512407244e-01
9.990658474010138956e-01
9.991066452725907432e-01
9.991465474939494884e-01
9.991855733537516882e-01
9.992237426231673769e-01
9.992610748110075658e-01
9.992975884557364630e-01
9.993333004583405677e-01
9.993682254581106594e-01
9.994023752539664684e-01
9.994357582732561474e-01
9.994683790892145980e-01
9.995002379880615351e-01
9.995313305865152209e-01
9.995616475002632173e-01
9.995911740631634457e-01
9.996198900972383949e-01
9.996477697332064594e-01
9.996747812806729971e-01
9.997008871478034742e-01
9.997260438089430323e-01
9.997502018199468932e-01
9.997733058793921712e-01
9.997952949347475027e-01
9.998161023322653662e-01
9.998356560086930633e-01
9.998538787232184033e-01
9.998706883282618696e-01
9.998859980765532063e-01
9.998997169625075676e-01
9.999117500956982152e-01
9.999219991030695587e-01
9.999303625575701737e-01
9.999367364287248261e-01
9.999410145518541349e-01
9.999430891100189456e-01
9.999428511239143447e-01
9.999401909416549827e-01
9.999349987201142653e-01
9.999271648870871054e-01
9.999165805701881737e-01
9.999031379749045989e-01
9.998867306892363915e-01
9.998672538837819479e-01
9.998446043669356742e-01
9.998186804388363713e-01
9.997893814656555467e-01
9.997566070630360402e-01
9.997202557272726331e-01
9.996802226739064379e-01
9.996363965201270352e-01
9.995886542428775723e-01
9.995368535023456680e-01
9.994808208239142067e-01
9.994203330529957130e-01
9.993550874629083536e-01
9.992846518583345938e-01
9.992083775221799469e-01
9.991252386723512569e-01
9.990335148879806448e-01
9.989301035217333924e-01
9.988088406117210383e-01
9.986556460786678580e-01
9.984303528921885107e-01
9.979585622072072448e-01
9.944511383172082164e-01
9.994146039774441936e-01
9.990197716604677369e-01
9.987688293573561138e-01
9.985933678479004261e-01
9.984488445750515639e-01
9.983194055852525617e-01
9.981982516319551912e-01
9.980820683033831964e-01
9.979691022544407986e-01
9.978583801320467517e-01
9.977493501410299448e-01
9.976417009643170353e-01
9.975352627361953051e-01
9.974299490282050318e-01
9.973257206601213731e-01
9.972225617456204061e-01
9.971204629102780048e-01
9.970194088882361472e-01
9.969193689009820947e-01
9.968202888842795373e-01
9.967220850098279517e-01
9.966246381769303664e-01
9.965277892920694214e-01
9.964313352457934148e-01
9.963350255588835358e-01
9.962385597131440118e-01
9.961415852138838511e-01
9.960436964552511485e-01
9.959444344785280956e-01
9.958432877281624407e-01
9.957396939221283549e-01
9.956330431624120791e-01
9.955226824169850497e-01
9.954079215096246491e-01
9.952880407528323925e-01
9.951623003576214321e-01
9.950299517462952714e-01
9.948902508833923353e-01
9.947424737237917647e-01
9.945859338540242733e-01
9.944200023744383943e-01
9.942441300329448728e-01
9.940578715761121398e-01
9.938609122290215092e-01
9.936530961507252790e-01
9.934344566359534223e-01
9.932052477463295670e-01
9.929659769535330582e-01
9.927174382629769811e-01
9.924607451589355644e-01
9.921973625710002187e-01
9.919291369062041008e-01
9.916583230243385394e-01
9.913876068535952824e-01
9.911201221557393026e-01
9.908594597533209036e-01
9.906096673326892921e-01
9.903752377392108786e-01
9.901610834905687497e-01
9.899724950602086793e-01
9.898150803320817648e-01
9.896946825142388660e-01
9.896172737325581448e-01
9.895888215266266386e-01
