9.031013454634463367e-01
9.130301838320596941e-01
9.204823697970926366e-01
9.256631980709779661e-01
9.288264432415258565e-01
9.302586490701157951e-01
9.302656860478007994e-01
9.291614851940644959e-01
9.272588125295901929e-01
9.248619160569782061e-01
9.222608529671026956e-01
9.197272862446866926e-01
9.175115233038665385e-01
9.158405500082456019e-01
9.149167847391841413e-01
9.149172289266872538e-01
9.159926064175540894e-01
9.182659371922783365e-01
9.218297347905283212e-01
9.267405696415980110e-01
9.330089558215275414e-01
9.405811299354059907e-01
9.493068075103572312e-01
9.588825202254498414e-01
9.687520093599752968e-01
9.779305094563097711e-01
9.846942357864999495e-01
9.860361431299121682e-01
9.767442418878973243e-01
9.479924992002540796e-01
8.858001804852102534e-01
7.716361972672630687e-01
5.918658373907550452e-01
3.628030309312331170e-01
1.493330344905864360e-01
2.427993212895174571e-02
3.149341219091190015e-03
5.081817531593758180e-02
1.277510896403152574e-01
2.101926241198660283e-01
2.877841936181371185e-01
3.572728733848465343e-01
4.184393453794980067e-01
4.721366659881078287e-01
5.194677394155423622e-01
5.614780730799020514e-01
5.990625407501655175e-01
6.329487557933054509e-01
6.637443912736403773e-01
6.919025012737928249e-01
7.178034163467476025e-01
7.417453387324809411e-01
7.639660688257563503e-01
7.846556589840464335e-01
8.039663564318939581e-01
8.220204989705230947e-01
8.389148632940199857e-01
8.547319726007314156e-01
8.695337276124028847e-01
8.833728980500407113e-01
8.962924174443225311e-01
9.083279129898594872e-01
9.195094664753090674e-01
9.298630622936279178e-01
9.394117890346469490e-01
9.481768358574537148e-01
9.561783139510734442e-01
9.634359264589417160e-01
9.699695055575496827e-01
9.757994322311320801e-01
9.809469522093088312e-01
9.854344001916458540e-01
9.892853436117726718e-01
9.925246565948470101e-01
9.951785342925392186e-01
9.972744573365645016e-01
9.988411156697044602e-01
9.999083004589462975e-01
1.000506772153422652e+00
1.000668112030202783e+00
1.000424563788244070e+00
9.998088709307656474e-01
9.988541148485097221e-01
9.975935577094728890e-01
9.960604935021303286e-01
9.942881080153915807e-01
9.923093629239972957e-01
9.901568664267429432e-01
9.878627967377289210e-01
9.854588147293552591e-01
9.829760055232007465e-01
9.804448375620258282e-01
9.778951428505726629e-01
9.753561211862442626e-01
9.728563726941106271e-01
9.704239653093603701e-01
9.680865474640080182e-01
9.658715219017752762e-01
9.638063056123634675e-01
9.619187157948929645e-01
9.602375472233078968e-01
9.587934522977410445e-01
9.576203277721599960e-01
9.567577097004408282e-01
9.562520042831049727e-01
9.561770974396565093e-01
9.565507725400312911e-01
9.576408715123301274e-01
9.595821854911456006e-01
9.628035489740488506e-01
9.681079691103322560e-01
9.765721503220452515e-01
9.419203458486904434e-01
6.836104784414893665e-01
8.884392276213634032e-01
9.186923220563690817e-01
9.314272802781564664e-01
9.392722370860240311e-01
9.452099138099459008e-01
9.502866451810174642e-01
9.549526491721234134e-01
9.594229954929818227e-01
9.638017447300822882e-01
9.681312969512679834e-01
9.724130716278233111e-01
9.766149860930017912e-01
9.806712383801327038e-01
9.844759218906201648e-01
9.878698359199340473e-01
9.906180057801331484e-01
9.923730668509943564e-01
9.926159959427830470e-01
9.905595658680209636e-01
9.849896857839487430e-01
9.740034856747190606e-01
9.545807672205820493e-01
9.219112193873586492e-01
8.684657744986041816e-01
7.832166353671116132e-01
6.529188979258789827e-01
4.707436700857291489e-01
2.577501222445343076e-01
7.876000929137720596e-02
2.080480249165751836e-03
3.212537909741990105e-02
1.207371261516591993e-01
2.226309914741184393e-01
3.153988367849857588e-01
3.924366423204902476e-01
4.539267325744685833e-01
5.020924791866693271e-01
5.393535012759748115e-01
5.677618671775165327e-01
5.889065771228750856e-01
6.039612760028881810e-01
6.137597736322752962e-01
6.188634374868301480e-01
6.196124644193102826e-01
6.161620604460278372e-01
6.085071243966115873e-01
5.964997698849463514e-01
5.798646695344203961e-01
5.582184633249472894e-01
5.311015942863814843e-01
4.980337142774899917e-01
4.586059474369195699e-01
4.126201367450266777e-01
3.602534934416900536e-01
3.017841506585184352e-01
2.438512023446432753e-01
1.816685392589151571e-01
1.235712132392585427e-01
7.334158873995363925e-02
3.479171175362901630e-02
1.048413214161230192e-02
1.264820105656857012e-03
5.580109115203882655e-03
2.132351275143030273e-02
4.523484693916429711e-02
7.419945539594767492e-02
1.055354907277821358e-01
1.371602507528771886e-01
1.675856584058109944e-01
1.958264272343346879e-01
2.212826304701633884e-01
2.436305938485529288e-01
2.627355201125788908e-01
2.785876936970669293e-01
2.912590325738335650e-01
3.008753257440147655e-01
3.075997430448956238e-01
3.116240254816924349e-01
3.131646421489637233e-01
3.124619391752265773e-01
3.097808647209659982e-01
3.054122504971680252e-01
2.996739006521411119e-01
2.929109189423197979e-01
2.854948244927985046e-01
2.778210880476498779e-01
