9.874059720965245868e-01
9.877684571018507942e-01
9.881544263480968038e-01
9.885527561879223768e-01
9.889540681838081548e-01
9.893506277361239221e-01
9.897362241313270026e-01
9.901060384027777772e-01
9.904565043659115942e-01
9.907851672544718546e-01
9.910905435460075630e-01
9.913719848206400398e-01
9.916295478443791778e-01
9.918638725016454272e-01
9.920760687150547152e-01
9.922676130793967042e-01
9.924402555915459168e-01
9.925959365747482055e-01
9.927367136675226966e-01
9.928646985648765799e-01
9.929820030620607474e-01
9.930906938475823065e-01
9.931927554208560549e-01
9.932900604647657561e-01
9.933843469803238513e-01
9.934772014848730626e-01
9.935700475852392577e-01
9.936641392574311338e-01
9.937605581948825151e-01
9.938602146226523937e-01
9.939638510162102092e-01
9.940720482065596997e-01
9.941852333995440105e-01
9.943036896810979464e-01
9.944275666267603508e-01
9.945568916761490241e-01
9.946915819761917854e-01
9.948314564352758183e-01
9.949762477687441597e-01
9.951256143499070950e-01
9.952791517127872467e-01
9.954364035813244582e-01
9.955968723261231501e-01
9.957600287730026256e-01
9.959253213078862466e-01
9.960921842416659011e-01
9.962600454135055461e-01
9.964283330252827753e-01
9.965964817112135110e-01
9.967639378568243780e-01
9.969301641887203802e-01
9.970946436643910449e-01
9.972568826949456122e-01
9.974164137390101326e-01
9.975727973080044109e-01
9.977256234255063028e-01
9.978745125842246599e-01
9.980191162446394593e-01
9.981591169195072055e-01
9.982942278873335740e-01
9.984241925772487924e-01
9.985487836664077577e-01
9.986678019290208264e-01
9.987810748749785805e-01
9.988884552134043027e-01
9.989898191753746604e-01
9.990850647270399509e-01
9.991741097033386421e-01
9.992568898898583907e-01
9.993333570791844700e-01
9.994034771258687444e-01
9.994672280229545125e-01
9.995245980219893411e-01
9.995755838170066188e-01
9.996201888127549395e-01
9.996584214974503224e-01
9.996902939404780364e-01
9.997158204378076007e-01
9.997350163290557035e-01
9.997478970152900990e-01
9.997544772124485890e-01
9.997547704841384109e-01
9.997487891110053981e-01
9.997365443737785684e-01
9.997180473561948499e-01
9.996933104170947493e-01
9.996623495474071808e-01
9.996251879295099396e-01
9.995818611762823380e-01
9.995324249862365118e-01
9.994769663775536772e-01
9.994156203943204142e-01
9.993485954638201552e-01
9.992762129478306443e-01
9.991989709709451217e-01
9.991176518085589375e-01
9.990335119748182668e-01
9.989486404032993372e-01
9.988666884869511486e-01
9.987945173251161490e-01
9.987464635005687263e-01
9.987578261876883801e-01
9.989438226435660706e-01
1.000003570582035151e+00
9.910132539500878801e-01
9.960784617309406119e-01
9.964880247100867949e-01
9.965125669649289586e-01
9.964166118701401897e-01
9.962629777880682713e-01
9.960741381349469403e-01
9.958600659422232049e-01
9.956258230839025725e-01
9.953742256662232446e-01
9.951069495078248561e-01
9.948250467891990301e-01
9.945292105250645998e-01
9.942199201572444744e-01
9.938975266923519847e-01
9.935623051394285588e-01
9.932144883276882164e-01
9.928542896456834521e-01
9.924819189309239675e-01
9.920975939757430417e-01
9.917015491352706436e-01
9.912940419596151242e-01
9.908753584355177724e-01
9.904458172172950770e-01
9.900057730975146963e-01
9.895556198849603247e-01
9.890957928029345814e-01
9.886267704854199145e-01
9.881490766247762458e-01
9.876632813078625173e-01
9.871700020685167942e-01
9.866699046767577475e-01
9.861637036814847601e-01
9.856521627230702132e-01
9.851360946312324174e-01
9.846163613267777670e-01
9.840938735483092392e-01
9.835695904295421732e-01
9.830445189591587862e-01
9.825197133613429168e-01
9.819962744435870583e-01
9.814753489680493326e-01
9.809581291126981961e-01
9.804458521014213224e-01
9.799398000950224619e-01
9.794413004504695097e-01
9.789517264722111811e-01
9.784724987974463550e-01
9.780050875772706709e-01
9.775510156373413695e-01
9.771118628244170878e-01
9.766892717712518657e-01
9.762849553382887402e-01
9.759007060191021710e-01
9.755384076266246929e-01
9.752000496070879487e-01
9.748877443601207116e-01
9.746037479733777875e-01
9.743504848080347669e-01
9.741305763949410501e-01
9.739468751164191973e-01
9.738025031499562001e-01
9.737008971287353098e-01
9.736458589170015054e-01
9.736416127833216194e-01
9.736928690525369356e-01
9.738048939708026097e-01
9.739835849525338984e-01
9.742355494572314534e-01
9.745681842627084146e-01
9.749897495150884330e-01
9.755094280819452957e-01
9.761373544743474628e-01
9.768845873419325088e-01
9.777629825430993460e-01
9.787848952496448485e-01
9.799625908889669779e-01
9.813071603129980280e-01
9.828265851789892427e-01
9.845223290509959035e-01
9.863833274511976112e-01
9.883752903019125124e-01
9.904213365500651456e-01
9.923661090493478554e-01
9.939072839991488495e-01
9.944601156251818841e-01
9.928782601330305990e-01
9.868515911533891627e-01
9.715474056444277640e-01
9.364511911557776846e-01
8.582265055789172203e-01
6.793750202789375914e-01
3.797034387011575807e-01
6.266183330648734950e-02
2.300349519192080791e-02
1.835225129245929843e-01
