9.873362543915665812e-01
9.880099021409414206e-01
9.886702038868407927e-01
9.893123279281821336e-01
9.899326668540364693e-01
9.905286868591320903e-01
9.910987801873549774e-01
9.916421234913396221e-01
9.921585441966541685e-01
9.926483963596621773e-01
9.931124470012329120e-01
9.935517734714107707e-01
9.939676720517687247e-01
9.943615777176779691e-01
9.947349947580413909e-01
9.950894377788064293e-01
9.954263824866573795e-01
9.957472255604332689e-01
9.960532528605241520e-01
9.963456151943117511e-01
9.966253108491474055e-01
9.968931741120448109e-01
9.971498690196506365e-01
9.973958876154881414e-01
9.976315520344903875e-01
9.978570197815110898e-01
9.980722916226335562e-01
9.982772215602123689e-01
9.984715284169842775e-01
9.986548086065520913e-01
9.988265497191883835e-01
9.989861446005378065e-01
9.991329056479720805e-01
9.992660790911306323e-01
9.993848590646242647e-01
9.994884013163768399e-01
9.995758364294242693e-01
9.996462824635850009e-01
9.996988569514450029e-01
9.997326882056593034e-01
9.997469259160339794e-01
9.997407510322536828e-01
9.997133849441141029e-01
9.996640979841578956e-01
9.995922172884217360e-01
9.994971340612457400e-01
9.993783102968303300e-01
9.992352850171658529e-01
9.990676800906971300e-01
9.988752057007208585e-01
9.986576655347380038e-01
9.984149617700839308e-01
9.981470999315047443e-01
9.978541936995789507e-01
9.975364697495459065e-01
9.971942727019059705e-01
9.968280702676693972e-01
9.964384586725272275e-01
9.960261684467892618e-01
9.955920706695269295e-01
9.951371837587414948e-01
9.946626809025701510e-01
9.941698982300042342e-01
9.936603438248580167e-01
9.931357076909029802e-01
9.925978727824631420e-01
9.920489272198652619e-01
9.914911778156656474e-01
9.909271650426841882e-01
9.903596795797772190e-01
9.897917805732117102e-01
9.892268157505762494e-01
9.886684435174121210e-01
9.881206571502046954e-01
9.875878111700725492e-01
9.870746499312796907e-01
9.865863383778299411e-01
9.861284947970689885e-01
9.857072252072007768e-01
9.853291587296092446e-01
9.850014828686185497e-01
9.847319769849320892e-01
9.845290413064048396e-01
9.844017174218523403e-01
9.843596941260563948e-01
9.844132893850383592e-01
9.845733945467095571e-01
9.848513599163247756e-01
9.852587901701530537e-01
9.858072017642202090e-01
9.865074692403744683e-01
9.873689478249565443e-01
9.883980971683478112e-01
9.895963307723864011e-01
9.909566525489977851e-01
9.924583727640116093e-01
9.940587443615170882e-01
9.956795919279207707e-01
9.971856748128782311e-01
9.983491873912846426e-01
9.987906390550129743e-01
9.978789091349844487e-01
9.945600333597887088e-01
9.870615907843660608e-01
9.723848961489081066e-01
9.454630752278911920e-01
8.979166713214152828e-01
8.168424252700647870e-01
6.860673300148707465e-01
4.967200438503378002e-01
2.720189803984905952e-01
9.033720388024148173e-02
4.524129785095170296e-03
1.817668058541737491e-02
8.469804091210821062e-02
1.654060011538490693e-01
2.415184577025560053e-01
3.070001305663493940e-01
3.613620036250309586e-01
4.059633102706503016e-01
4.425198796110406674e-01
4.725989046621140721e-01
4.974949339596699827e-01
5.182369048626361829e-01
5.356315089242768002e-01
5.503098219691732185e-01
5.627672943592921806e-01
5.733954147131085088e-01
5.825059613709751005e-01
5.903493324160378197e-01
5.971283530866601241e-01
6.030086952133456579e-01
6.081267764096547346e-01
6.125957853635148886e-01
6.165103093045278815e-01
6.199499131167185428e-01
6.229819267739645783e-01
6.256636298796377504e-01
6.280439715715662174e-01
6.301649233656949622e-01
6.320625170008750127e-01
6.337674994509856496e-01
6.353046357020020185e-01
6.366408277402603177e-01
6.380086708886425484e-01
6.391764798630887867e-01
6.402602075423610151e-01
6.412683776088051735e-01
6.422107454075645094e-01
6.430956687575373198e-01
6.439298875206447281e-01
6.447185470226107773e-01
6.454652556179967249e-01
6.461721392763530858e-01
6.468398851969205943e-01
6.474677730892628436e-01
6.480536944316785952e-01
6.485941603503480035e-01
6.490842986753067034e-01
6.495178404974746300e-01
6.498870962632543602e-01
6.501829211252171392e-01
6.503946689259544334e-01
6.505101338248329146e-01
6.505154781792958918e-01
6.503951448560097992e-01
6.501317516657673101e-01
6.497059650811460862e-01
6.490963497978946561e-01
6.482791900319778700e-01
6.472282776897001488e-01
6.459146617001740864e-01
6.443063518402997181e-01
6.423679693004596958e-01
6.400603350190214869e-01
6.373399854424913746e-01
6.341586038419746441e-01
6.304623536403856088e-01
6.261910984142333714e-01
6.212774914079998156e-01
6.156459157029956497e-01
6.092112549221074813e-01
6.018774740813724877e-01
5.935359918955520619e-01
5.840638312457281378e-01
5.733215468333544562e-01
5.611509548328856845e-01
5.473727450473259148e-01
5.317841985735015653e-01
5.141577519466794532e-01
4.942436938730928597e-01
4.711530362071062461e-01
4.461525164050156311e-01
4.174669826029965281e-01
3.851762706704272565e-01
3.442140037919671491e-01
3.132067635146137952e-01
2.688319000246466861e-01
2.214165790113682697e-01
1.717566260486058927e-01
