9.937394709895078782e-01
9.937433129107534624e-01
9.937613154248019498e-01
9.937915730560338279e-01
9.938322679205281451e-01
9.938816967735281116e-01
9.939382899756665779e-01
9.940006235704472726e-01
9.940674255775578949e-01
9.941375775117916591e-01
9.942101120391800828e-01
9.942842075833637772e-01
9.943591805991863763e-01
9.944344761381378461e-01
9.945096572427972736e-01
9.945843936268987662e-01
9.946584500227411141e-01
9.947316745097672941e-01
9.948039870785326810e-01
9.948753686286725406e-01
9.949458505536038500e-01
9.950155050227494913e-01
9.950844360367697705e-01
9.951527713015466681e-01
9.952206549416704462e-01
9.952882410531666002e-01
9.953556880790904726e-01
9.954231539779323512e-01
9.954907921454141384e-01
9.955587480423144786e-01
9.956271564761505211e-01
9.956961394811858490e-01
9.957658047405582025e-01
9.958362444925992207e-01
9.959075348660426652e-01
9.959797355891703008e-01
9.960528900216899517e-01
9.961270254596671370e-01
9.962021536684271261e-01
9.962782716008290462e-01
9.963553622626738493e-01
9.964333956900314204e-01
9.965123300073831514e-01
9.965921125388420565e-01
9.966726809476784688e-01
9.967539643835268137e-01
9.968358846187048705e-01
9.969183571584853132e-01
9.970012923124551563e-01
9.970845962169537779e-01
9.971681717998392980e-01
9.972519196821313381e-01
9.973357390112188581e-01
9.974195282232989346e-01
9.975031857331124741e-01
9.975866105507414927e-01
9.976697028259273736e-01
9.977523643213230820e-01
9.978344988169985941e-01
9.979160124486717853e-01
9.979968139830028839e-01
9.980768150336152278e-01
9.981559302213518503e-01
9.982340772831869158e-01
9.983111771335063667e-01
9.983871538824149461e-01
9.984619348148512374e-01
9.985354503349759270e-01
9.986076338796977536e-01
9.986784218055297924e-01
9.987477532524779988e-01
9.988155699885060690e-01
9.988818162385356692e-01
9.989464385009371172e-01
9.990093853547443725e-01
9.990706072607279387e-01
9.991300563587324213e-01
9.991876862644862856e-01
9.992434518676247546e-01
9.992973091334236280e-01
9.993492149104433730e-01
9.993991267457944527e-01
9.994470027095589959e-01
9.994928012301970144e-01
9.995364809423643582e-01
9.995780005481652575e-01
9.996173186931449628e-01
9.996543938581413657e-01
9.996891842675832418e-01
9.997216478155166453e-01
9.997517420094869101e-01
9.997794239335469069e-01
9.998046502303361560e-01
9.998273771029335677e-01
9.998475603370573506e-01
9.998651553434991790e-01
9.998801172211734256e-01
9.998924008412392039e-01
9.999019609519129714e-01
9.999087523042410330e-01
9.999127297988669172e-01
9.999138486533336589e-01
9.999120645902821458e-01
9.999073340455563175e-01
9.998996143966737415e-01
9.998888642103169744e-01
9.998750435092601530e-01
9.998581140573863379e-01
9.998380396622281729e-01
9.998147864944778584e-01
9.997883234231494942e-01
9.997586223651859783e-01
9.997256586488850738e-01
9.996894113888027400e-01
9.996498638713582352e-01
9.996070039490089210e-01
9.995608244410120191e-01
9.995113235387228512e-01
9.994585052133843073e-01
9.994023796231585877e-01
9.993429635173850523e-01
9.992802806346128275e-01
9.992143620913417346e-01
9.991452467580890229e-01
9.990729816189721779e-01
9.989976221111729338e-01
9.989192324401154899e-01
9.988378858660391657e-01
9.987536649577842818e-01
9.986666618092072678e-01
9.985769782136991735e-01
9.984847257921674046e-01
9.983900260703154617e-01
9.982930105001759369e-01
9.981938204224697353e-01
9.980926069657505284e-01
9.979895308786937980e-01
9.978847622935697048e-01
9.977784804183172929e-01
9.976708731569442490e-01
9.975621366585940564e-01
9.974524747969905070e-01
9.973420985847318843e-01
9.972312255280109117e-01
9.971200789306720047e-01
9.970088871595418345e-01
9.968978828860342034e-01
9.967873023238295049e-01
9.966773844865878251e-01
9.965683704951482369e-01
9.964605029700739358e-01
9.963540255515024313e-01
9.962491825963514236e-01
9.961462191106922326e-01
9.960453809831329997e-01
9.959469155941079732e-01
9.958510728818733559e-01
9.957581069494032544e-01
9.956682782895941441e-01
9.955818566761983623e-01
9.954991246805419136e-01
9.954203815303238612e-01
9.953459463112029892e-01
9.952761571369568294e-01
9.952113532977208132e-01
9.951517740509063792e-01
9.950967761226124919e-01
9.950034525356168391e-01
9.950207820008839521e-01
9.949892791810235337e-01
9.949681466859980894e-01
9.949579277404325683e-01
9.949598321047266047e-01
9.949753905959097811e-01
9.950063864982481299e-01
9.950548240902503672e-01
9.951228787004381404e-01
9.952127954545639810e-01
9.953266949355912274e-01
9.954662193078381849e-01
9.956319077054621713e-01
9.958221116321857025e-01
9.960311260682244150e-01
9.962459830440308917e-01
9.964409921216947907e-01
9.965686590616184004e-01
9.965455485425200877e-01
9.962325424741877988e-01
9.953454769595492246e-01
9.863453222105298401e-01
8.988121773497057543e-01
9.274416470596941187e-01
8.676825727298189683e-01
6.851159079674876695e-01
2.354125160013457174e-01
5.451261166894097454e-02
3.899103619151845224e-01
6.222112789521450082e-01
7.379154259012541406e-01
7.998795392310639185e-01
