#Parameters = {P=600; R=140; deta_h=25; eps_Al2O3=1; eps_substrate=1; h=750; phi=0; theta=0}
#"Frequency / THz"	"SZmin(1),Zmax(1) [Mag]"	"SZmin(1),Zmax(1) [Pha in deg.]"
#---------------------------------------------------------------------------
200.00000000000	0.99859121610548	33.362097351112
200.10000000000	0.99836500606555	32.630275926322
200.20000000000	0.99812104450010	31.899496954814
200.30000000000	0.99785972098408	31.169765110198
200.40000000000	0.99758142999780	30.441083630049
200.50000000000	0.99728657125096	29.713454122335
200.60000000000	0.99697555015200	28.986876322298
200.70000000000	0.99664877846572	28.261347784336
200.80000000000	0.99630667521814	27.536863487662
200.90000000000	0.99594966793027	26.813415326308
201.00000000000	0.99557819429492	26.090991441961
201.10000000000	0.99519270445955	25.369575340218
201.20000000000	0.99479366415113	24.649144703807
201.30000000000	0.99438155899113	23.929669774445
201.40000000000	0.99395690052518	23.211111109046
201.50000000000	0.99352023477496	22.493416409083
201.60000000000	0.99307215458813	21.776515944025
201.70000000000	0.99261331785884	21.060315784258
201.80000000000	0.99214447509548	20.344687515173
201.90000000000	0.99166651238515	19.629452096318
202.00000000000	0.99118052073580	18.914353571348
202.10000000000	0.99068791273902	18.199014313788
202.20000000000	0.99019062891323	17.482854676357
202.30000000000	0.98969152570179	16.764938968832
202.40000000000	0.98919516310798	16.043654752745
202.50000000000	0.98870956932753	15.315968716474
202.60000000000	0.98825075245862	14.575423032447
202.70000000000	0.98785659788472	13.805408467923
202.80000000000	0.98764336456644	12.946331545577
202.90000000000	0.98804338499510	11.503697028530
203.00000000000	0.97925482722666	13.324528294115
203.10000000000	0.98333296114598	11.695038235274
203.20000000000	0.98338226980259	10.825516151577
203.30000000000	0.98302552337206	10.058615187367
203.40000000000	0.98254277031095	9.3261177652208
203.50000000000	0.98200274499889	8.6097812465427
203.60000000000	0.98143062606276	7.9026577953899
203.70000000000	0.98083793838481	7.2015229853213
203.80000000000	0.98023080391138	6.5046745581312
203.90000000000	0.97961285642318	5.8111274617274
204.00000000000	0.97898645366177	5.1202706677651
204.10000000000	0.97835324399515	4.4317036699739
204.20000000000	0.97771445588621	3.7451517029390
204.30000000000	0.97707105643327	3.0604187323067
204.40000000000	0.97642384322829	2.3773599244814
204.50000000000	0.97577350009949	1.6958647689712
204.60000000000	0.97512063225462	1.0158463166217
204.70000000000	0.97446578912882	0.33723407447037
204.80000000000	0.97380947959128	-0.34003083702010
204.90000000000	0.97315218218987	-1.0159990867161
205.00000000000	0.97249435203699	-1.6907155976086
205.10000000000	0.97183642527885	-2.3642213895222
205.20000000000	0.97117882170480	-3.0365550048008
205.30000000000	0.97052194578560	-3.7077536524757
205.40000000000	0.96986618625191	-4.3778541631140
205.50000000000	0.96921191417174	-5.0468938175248
205.60000000000	0.96855947936248	-5.7149110915841
205.70000000000	0.96790920486042	-6.3819463449403
205.80000000000	0.96726137903037	-7.0480424673028
205.90000000000	0.96661624480504	-7.7132454824385
206.00000000000	0.96597398538378	-8.3776050951607
206.10000000000	0.96533470565102	-9.0411751458626
206.20000000000	0.96469840848813	-9.7040139125151
206.30000000000	0.96406496519417	-10.366184165196
206.40000000000	0.96343407945526	-11.027752835015
206.50000000000	0.96280524479573	-11.688790106272
206.60000000000	0.96217769646729	-12.349367681338
206.70000000000	0.96155036039145	-13.009555911411
206.80000000000	0.96092180440724	-13.669419454314
206.90000000000	0.96029020069299	-14.329011146125
207.00000000000	0.95965331278156	-14.988363909015
207.10000000000	0.95900852521945	-15.647480829899
207.20000000000	0.95835293703257	-16.306324085962
207.30000000000	0.95768353885428	-16.964804173388
207.40000000000	0.95699748439285	-17.622771791654
207.50000000000	0.95629244692358	-18.280015453162
207.60000000000	0.95556702160267	-18.936267939910
207.70000000000	0.95482110154132	-19.591223618600
207.80000000000	0.95405613411833	-20.244566171475
207.90000000000	0.95327517006334	-20.896003005359
208.00000000000	0.95248265956317	-21.545299720816
208.10000000000	0.95168401750559	-22.192307036537
208.20000000000	0.95088504739990	-22.836974264081
208.30000000000	0.95009135059166	-23.479347254505
208.40000000000	0.94930783917390	-24.119553023170
208.50000000000	0.94853842594417	-24.757776229491
208.60000000000	0.94778590691224	-25.394233470484
208.70000000000	0.94705200511608	-26.029150226694
208.80000000000	0.94633752086470	-26.662743246820
208.90000000000	0.94564253195805	-27.295209147215
209.00000000000	0.94496659950627	-27.926718597384
209.10000000000	0.94430895153598	-28.557414777875
209.20000000000	0.94366863144587	-29.187414673491
209.30000000000	0.94304460890538	-29.816811963210
209.40000000000	0.94243585686298	-30.445680588630
209.50000000000	0.94184140094893	-31.074078398865
209.60000000000	0.94126034798963	-31.702050525566
209.70000000000	0.94069189965349	-32.329632323501
209.80000000000	0.94013535609681	-32.956851828349
209.90000000000	0.93959011328586	-33.583731750082
210.00000000000	0.93905565663522	-34.210291053136
210.10000000000	0.93853155276731	-34.836546187505
210.20000000000	0.93801744057214	-35.462512034075
210.30000000000	0.93751302230275	-36.088202622742
210.40000000000	0.93701805512857	-36.713631673026
210.50000000000	0.93653234336853	-37.338812998813
210.60000000000	0.93605573148412	-37.963760810605
210.70000000000	0.93558809784264	-38.588489942156
210.80000000000	0.93512934920159	-39.213016022445
210.90000000000	0.93467941584732	-39.837355609696
211.00000000000	0.93423824730685	-40.461526300489
211.10000000000	0.93380580854665	-41.085546824362
211.20000000000	0.93338207657804	-41.709437132368
211.30000000000	0.93296703738850	-42.333218486664
211.40000000000	0.93256068312533	-42.956913557239
211.50000000000	0.93216300946107	-43.580546531461
211.60000000000	0.93177401307422	-44.204143241926
211.70000000000	0.93139368917984	-44.827731318279
211.80000000000	0.93102202904491	-45.451340369220
211.90000000000	0.93065901742128	-46.075002201760
212.00000000000	0.93030462982351	-46.698751086032
212.10000000000	0.92995882957105	-47.322624075767
212.20000000000	0.92962156450152	-47.946661396829
212.30000000000	0.92929276324458	-48.570906919366
212.40000000000	0.92897233092096	-49.195408733248
212.50000000000	0.92866014409837	-49.820219851972
212.60000000000	0.92835604478994	-50.445399077556
212.70000000000	0.92805983321934	-51.071012068903
212.80000000000	0.92777125899028	-51.697132669536
212.90000000000	0.92749001018165	-52.323844569196
213.00000000000	0.92721569972355	-52.951243399489
213.10000000000	0.92694784817766	-53.579439400051
213.20000000000	0.92668586171357	-54.208560843278
213.30000000000	0.92642900358937	-54.838758480492
213.40000000000	0.92617635673566	-55.470211382232
213.50000000000	0.92592677397607	-56.103134709884
213.60000000000	0.92567881078782	-56.737790206491
213.70000000000	0.92543063296276	-57.374500585334
213.80000000000	0.92517988745920	-58.013669617533
213.90000000000	0.92492351805475	-58.655810739176
214.00000000000	0.92465749611284	-59.301588715617
214.10000000000	0.92437641702017	-59.951881890775
214.20000000000	0.92407287696993	-60.607877954940
214.30000000000	0.92373647666599	-61.271226367747
214.40000000000	0.92335216251898	-61.944290821617
214.50000000000	0.92289732740122	-62.630587763539
214.60000000000	0.92233643506803	-63.335593351621
214.70000000000	0.92161029229710	-64.068338777791
214.80000000000	0.92061251918591	-64.844867203902
214.90000000000	0.91913099109103	-65.696698139183
215.00000000000	0.91667346908475	-66.695451370545
215.10000000000	0.91178013390784	-68.046385293661
215.20000000000	0.89740405180274	-70.671600067160
215.30000000000	0.59030650730367	-97.694272215520
215.40000000000	0.95663697017181	-61.959966540790
215.50000000000	0.94209518407752	-65.620878126441
215.60000000000	0.93718955213760	-67.163763090197
215.70000000000	0.93479553816870	-68.231823935851
215.80000000000	0.93342056018587	-69.118190851403
215.90000000000	0.93256291788974	-69.916110867043
216.00000000000	0.93200703638668	-70.664509367528
216.10000000000	0.93164503722933	-71.382525364143
216.20000000000	0.93141698368883	-72.080672876361
216.30000000000	0.93128692777291	-72.765213409250
216.40000000000	0.93123201074215	-73.440113568676
216.50000000000	0.93123701026372	-74.108012618626
216.60000000000	0.93129140339032	-74.770738736219
216.70000000000	0.93138768802445	-75.429601838563
216.80000000000	0.93152037574795	-76.085568207877
216.90000000000	0.93168536234574	-76.739369075050
217.00000000000	0.93187952051481	-77.391570576804
217.10000000000	0.93210042835259	-78.042620223679
217.20000000000	0.93234618359656	-78.692878596250
217.30000000000	0.93261527359685	-79.342641475922
217.40000000000	0.93290648243925	-79.992155620297
217.50000000000	0.93321882339298	-80.641630218516
217.60000000000	0.93355148897135	-81.291245349791
217.70000000000	0.93390381346381	-81.941158324771
217.80000000000	0.93427524444331	-82.591508506369
217.90000000000	0.93466532082854	-83.242421022161
218.00000000000	0.93507365579782	-83.894009657768
218.10000000000	0.93549992333761	-84.546379137577
218.20000000000	0.93594384754469	-85.199626941983
218.30000000000	0.93640519403523	-85.853844770423
218.40000000000	0.93688376298127	-86.509119731165
218.50000000000	0.93737938341433	-87.165535318546
218.60000000000	0.93789190852288	-87.823172223605
218.70000000000	0.93842121173530	-88.482109013251
218.80000000000	0.93896718342574	-89.142422705074
218.90000000000	0.93952972811769	-89.804189258923
219.00000000000	0.94010876208565	-90.467484001817
219.10000000000	0.94070421127630	-91.132381999319
219.20000000000	0.94131600948631	-91.798958383845
219.30000000000	0.94194409674574	-92.467288648321
219.40000000000	0.94258841786582	-93.137448912035
219.50000000000	0.94324892111677	-93.809516164261
219.60000000000	0.94392555700733	-94.483568490244
219.70000000000	0.94461827714235	-95.159685283402
219.80000000000	0.94532703313773	-95.837947446938
219.90000000000	0.94605177557556	-96.518437587590
220.00000000000	0.94679245298367	-97.201240203866
220.10000000000	0.94754901082603	-97.886441870786
220.20000000000	0.94832139049168	-98.574131422905
220.30000000000	0.94910952827015	-99.264400137221
220.40000000000	0.94991335430297	-99.957341917369
220.50000000000	0.95073279150059	-100.65305348046
220.60000000000	0.95156775441426	-101.35163454774
220.70000000000	0.95241814805288	-102.05318804028
220.80000000000	0.95328386663444	-102.75782028074
220.90000000000	0.95416479226096	-103.46564120238
221.00000000000	0.95506079350639	-104.17676456630
221.10000000000	0.95597172390522	-104.89130818807
221.20000000000	0.95689742032969	-105.60939417473
221.30000000000	0.95783770124201	-106.33114917341
221.40000000000	0.95879236480739	-107.05670463264
221.50000000000	0.95976118685207	-107.78619707750
221.60000000000	0.96074391864953	-108.51976840001
221.70000000000	0.96174028451617	-109.25756616601
221.80000000000	0.96274997919604	-109.99974393990
221.90000000000	0.96377266501232	-110.74646162885
222.00000000000	0.96480796876070	-111.49788584802
222.10000000000	0.96585547831745	-112.25419030856
222.20000000000	0.96691473893189	-113.01555623026
222.30000000000	0.96798524916979	-113.78217278086
222.40000000000	0.96906645647049	-114.55423754423
222.50000000000	0.97015775227649	-115.33195701979
222.60000000000	0.97125846668953	-116.11554715579
222.70000000000	0.97236786260182	-116.90523391938
222.80000000000	0.97348512924549	-117.70125390637
222.90000000000	0.97460937509631	-118.50385499442
223.00000000000	0.97573962006040	-119.31329704324
223.10000000000	0.97687478686431	-120.12985264617
223.20000000000	0.97801369155895	-120.95380793766
223.30000000000	0.97915503303739	-121.78546346225
223.40000000000	0.98029738145405	-122.62513511060
223.50000000000	0.98143916541922	-123.47315512973
223.60000000000	0.98257865782698	-124.32987321489
223.70000000000	0.98371396015690	-125.19565769226
223.80000000000	0.98484298506995	-126.07089680298
223.90000000000	0.98596343709572	-126.95600010080
224.00000000000	0.98707279118240	-127.85139997863
224.10000000000	0.98816826885068	-128.75755334215
224.20000000000	0.98924681165860	-129.67494345369
224.30000000000	0.99030505164386	-130.60408197522
224.40000000000	0.99133927836310	-131.54551124876
224.50000000000	0.99234540208976	-132.49980686405
224.60000000000	0.99331891266068	-133.46758058215
224.70000000000	0.99425483336722	-134.44948370925
224.80000000000	0.99514766915783	-135.44621105501
224.90000000000	0.99599134822923	-136.45850567002
225.00000000000	0.99677915579027	-137.48716465062
225.10000000000	0.99750365830207	-138.53304644817
225.20000000000	0.99815661567253	-139.59708036097
225.30000000000	0.99872887740836	-140.68027928729
225.40000000000	0.99921025599119	-141.78375750158
225.50000000000	0.99958936548465	-142.90875642128
225.60000000000	0.99985340287045	-144.05668353744
225.70000000000	0.99998782764743	-145.22917390135
225.80000000000	0.99997584673908	-146.42819205796
225.90000000000	0.99979749720816	-147.65621052874
226.00000000000	0.99942782481608	-148.91654297728
226.10000000000	0.99883281457742	-150.21401637479
226.20000000000	0.99795897082792	-151.55646670907
226.30000000000	0.99670160929728	-152.95852320572
226.40000000000	0.99478197466542	-154.45301379292
226.50000000000	0.99104891645446	-156.13463817314
226.60000000000	0.97547571029304	-158.32202732422
226.70000000000	0.95127776739542	-156.34829921368
226.80000000000	0.98265424788876	-158.54444115397
226.90000000000	0.98355237727945	-160.49357573573
227.00000000000	0.98116881883462	-162.25164822415
227.10000000000	0.97766447332210	-163.97049340152
227.20000000000	0.97339260046061	-165.69784114453
227.30000000000	0.96841232489799	-167.45387353568
227.40000000000	0.96270381759636	-169.24935931104
227.50000000000	0.95621719006985	-171.09118120984
227.60000000000	0.94888718560909	-172.98437723170
227.70000000000	0.94063857888270	-174.93299878199
227.80000000000	0.93138858938200	-176.94050030725
227.90000000000	0.92104827664163	-179.00991877914
228.00000000000	0.90952365005772	178.85605215610
228.10000000000	0.89671681947864	176.65504681304
228.20000000000	0.88252736196821	174.38504852624
228.30000000000	0.86685401583398	172.04443543159
228.40000000000	0.84959677779850	169.63204404757
228.50000000000	0.83065945093348	167.14724573285
228.60000000000	0.80995265994425	164.59003167185
228.70000000000	0.78739731197832	161.96110184272
228.80000000000	0.76292843363778	159.26195281586
228.90000000000	0.73649925907634	156.49495846918
229.00000000000	0.70808538338441	153.66343701116
229.10000000000	0.67768873616720	150.77169729413
229.20000000000	0.64534108118169	147.82505749266
229.30000000000	0.61110671971077	144.82983000240
229.40000000000	0.57508407857060	141.79326800480
229.50000000000	0.53740590631060	138.72347156238
229.60000000000	0.49823788608482	135.62925424506
229.70000000000	0.45777559623551	132.51997490547
229.80000000000	0.41623989704750	129.40534301563
229.90000000000	0.37387097475954	126.29520971827
230.00000000000	0.33092140872132	123.19936056271
230.10000000000	0.28764872302613	120.12733095111
230.20000000000	0.24430792493181	117.08827572997
230.30000000000	0.20114451375184	114.09095399688
230.40000000000	0.15838837138205	111.14399214984
230.50000000000	0.11624883417511	108.25701749726
230.60000000000	0.074911117101342	105.44575792881
230.70000000000	0.034534160101566	102.77241532463
230.80000000000	0.0047522916515397	-81.591457682911
230.90000000000	0.042838593744876	-82.948015391138
231.00000000000	0.079650142106589	-85.448982809368
231.10000000000	0.11513060765561	-87.926527322638
231.20000000000	0.14924634223297	-90.345891480729
231.30000000000	0.18198259133330	-92.700002412606
231.40000000000	0.21334075625265	-94.987252914068
231.50000000000	0.24333572485397	-97.207924992907
231.60000000000	0.27199335293387	-99.363195943630
231.70000000000	0.29934815915497	-101.45475184552
231.80000000000	0.32544126980692	-103.48459468919
231.90000000000	0.35031862767468	-105.45492687284
232.00000000000	0.37402946290084	-107.36807319504
232.10000000000	0.39662501242349	-109.22642432896
232.20000000000	0.41815746749117	-111.03239435487
232.30000000000	0.43867912497609	-112.78838839510
232.40000000000	0.45824171686387	-114.49677794541
232.50000000000	0.47689589265204	-116.15988226513
232.60000000000	0.49469083084407	-117.77995461451
232.70000000000	0.51167395782473	-119.35917239322
232.80000000000	0.52789075480964	-120.89963041748
232.90000000000	0.54338463604559	-122.40333671112
233.00000000000	0.55819688384483	-123.87221029546
233.10000000000	0.57236662827355	-125.30808055275
233.20000000000	0.58593086133144	-126.71268781260
233.30000000000	0.59892447723829	-128.08768487397
233.40000000000	0.61138033198351	-129.43463922770
233.50000000000	0.62332931660602	-130.75503578934
233.60000000000	0.63480043978237	-132.05027998850
233.70000000000	0.64582091622039	-133.32170109216
233.80000000000	0.65641625812148	-134.57055566445
233.90000000000	0.66661036759711	-135.79803108673
234.00000000000	0.67642562843443	-137.00524907858
234.10000000000	0.68588299601398	-138.19326917467
234.20000000000	0.69500208451166	-139.36309212357
234.30000000000	0.70380125077629	-140.51566318361
234.40000000000	0.71229767447938	-141.65187529864
234.50000000000	0.72050743429472	-142.77257214176
234.60000000000	0.72844557998629	-143.87855102019
234.70000000000	0.73612620038010	-144.97056563756
234.80000000000	0.74356248726353	-146.04932871323
234.90000000000	0.75076679530873	-147.11551445974
235.00000000000	0.75775069815346	-148.16976092159
235.10000000000	0.76452504079815	-149.21267217935
235.20000000000	0.77109998849308	-150.24482042418
235.30000000000	0.77748507230109	-151.26674790823
235.40000000000	0.78368923152283	-152.27896877671
235.50000000000	0.78972085317257	-153.28197078788
235.60000000000	0.79558780868985	-154.27621692684
235.70000000000	0.80129748806575	-155.26214691937
235.80000000000	0.80685683155696	-156.24017865169
235.90000000000	0.81227235915257	-157.21070950194
236.00000000000	0.81755019794939	-158.17411758905
236.10000000000	0.82269610758502	-159.13076294437
236.20000000000	0.82771550386566	-160.08098861117
236.30000000000	0.83261348072084	-161.02512167702
236.40000000000	0.83739483060475	-161.96347424372
236.50000000000	0.84206406345905	-162.89634433920
236.60000000000	0.84662542434122	-163.82401677569
236.70000000000	0.85108290981677	-164.74676395818
236.80000000000	0.85544028320530	-165.66484664700
236.90000000000	0.85970108876387	-166.57851467830
237.00000000000	0.86386866488479	-167.48800764580
237.10000000000	0.86794615637786	-168.39355554737
237.20000000000	0.87193652590219	-169.29537939972
237.30000000000	0.87584256460600	-170.19369182434
237.40000000000	0.87966690202772	-171.08869760809
237.50000000000	0.88341201530592	-171.98059424151
237.60000000000	0.88708023773959	-172.86957243824
237.70000000000	0.89067376673544	-173.75581663890
237.80000000000	0.89419467117075	-174.63950550303
237.90000000000	0.89764489819509	-175.52081239292
238.00000000000	0.90102627948440	-176.39990585358
238.10000000000	0.90434053695202	-177.27695009351
238.20000000000	0.90758928790895	-178.15210547158
238.30000000000	0.91077404964910	-179.02552899620
238.40000000000	0.91389624341536	-179.89737484396
238.50000000000	0.91695719767473	179.23220509369
238.60000000000	0.91995815059461	178.36306062564
238.70000000000	0.92290025155634	177.49504262566
238.80000000000	0.92578456147694	176.62800233145
238.90000000000	0.92861205160146	175.76179056010
239.00000000000	0.93138360028836	174.89625681763
239.10000000000	0.93409998709815	174.03124827644
239.20000000000	0.93676188319665	173.16660858920
239.30000000000	0.93936983664022	172.30217650319
239.40000000000	0.94192425046819	171.43778423605
239.50000000000	0.94442535055817	170.57325557627
239.60000000000	0.94687313880582	169.70840368293
239.70000000000	0.94926732506469	168.84302859562
239.80000000000	0.95160722822925	167.97691454545
239.90000000000	0.95389163232819	167.10982733114
240.00000000000	0.95611857726367	166.24151236900
240.10000000000	0.95828505551302	165.37169471108
240.20000000000	0.96038657692830	164.50008362817
240.30000000000	0.96241655786213	163.62638678696
240.40000000000	0.96436550213764	162.75034337679
240.50000000000	0.96622000524740	161.87179264665
240.60000000000	0.96796181140150	160.99080409006
240.70000000000	0.96956764000924	160.10790289322
240.80000000000	0.97101145995634	159.22440889994
240.90000000000	0.97227217218252	158.34281784924
241.00000000000	0.97334961156414	157.46692090858
241.10000000000	0.97428602194124	156.60105535439
241.20000000000	0.97517611472849	155.74805575561
241.30000000000	0.97614147446688	154.90684754816
241.40000000000	0.97727323223602	154.07206916554
241.50000000000	0.97859039715183	153.23666289625
241.60000000000	0.98004880257409	152.39509318341
241.70000000000	0.98157994205636	151.54465848841
241.80000000000	0.98312232905777	150.68492763076
241.90000000000	0.98463303831532	149.81662982903
242.00000000000	0.98608649326511	148.94082972172
242.10000000000	0.98746926980994	148.05851505623
242.20000000000	0.98877526789103	147.17045567015
242.30000000000	0.99000236154493	146.27719126507
242.40000000000	0.99115036266325	145.37906507766
242.50000000000	0.99221987419153	144.47626600062
242.60000000000	0.99321167893817	143.56886559622
242.70000000000	0.99412643091614	142.65684679773
242.80000000000	0.99496451033549	141.74012486547
242.90000000000	0.99572596363816	140.81856216563
243.00000000000	0.99641048545443	139.89197833208
243.10000000000	0.99701741933308	138.96015707287
243.20000000000	0.99754576507841	138.02285055982
243.30000000000	0.99799418646122	137.07978207093
243.40000000000	0.99836101622561	136.13064735231
243.50000000000	0.99864425693905	135.17511502048
243.60000000000	0.99884157705994	134.21282622212
243.70000000000	0.99895030196054	133.24339369574
243.80000000000	0.99896739978813	132.26640032793
243.90000000000	0.99888946205425	131.28139726013
244.00000000000	0.99871267879088	130.28790157469
244.10000000000	0.99843280801787	129.28539356836
244.20000000000	0.99804513915468	128.27331360507
244.30000000000	0.99754444987941	127.25105852617
244.40000000000	0.99692495579531	126.21797758399
244.50000000000	0.99618025210597	125.17336785294
244.60000000000	0.99530324632301	124.11646906034
244.70000000000	0.99428608083036	123.04645776705
244.80000000000	0.99312004390048	121.96244081362
244.90000000000	0.99179546749696	120.86344793242
245.00000000000	0.99030160989493	119.74842340793
245.10000000000	0.98862652080132	118.61621664626
245.20000000000	0.98675688625017	117.46557148963
245.30000000000	0.98467785007827	116.29511408131
245.40000000000	0.98237280824205	115.10333904986
245.50000000000	0.97982317161292	113.88859373624
245.60000000000	0.97700809217820	112.64906013159
245.70000000000	0.97390414677977	111.38273412310
245.80000000000	0.97048497165244	110.08740155565
245.90000000000	0.96672084010729	108.76061050021
246.00000000000	0.96257817479970	107.39963896525
246.10000000000	0.95801898523982	106.00145707756
246.20000000000	0.95300022074270	104.56268246539
246.30000000000	0.94747302922553	103.07952715650
246.40000000000	0.94138191373882	101.54773367927
246.50000000000	0.93466378239765	99.962497097598
246.60000000000	0.92724689522761	98.318368187054
246.70000000000	0.91904972643374	96.609130446299
246.80000000000	0.90997978814274	94.827639323681
246.90000000000	0.89993251144634	92.965604328539
247.00000000000	0.88879037031233	91.013280294780
247.10000000000	0.87642259687080	88.959005823018
247.20000000000	0.86268613636919	86.788468369723
247.30000000000	0.84742904927723	84.483445696568
247.40000000000	0.83049861069771	82.019461220198
247.50000000000	0.81175817390301	79.360955247008
247.60000000000	0.79111875231023	76.449985435422
247.70000000000	0.76858004697278	73.174499647081
247.80000000000	0.74407950705125	69.246488028107
247.90000000000	0.71230474563306	63.163627467967
248.00000000000	0.77572126932826	63.095655402331
248.10000000000	0.90269629006175	33.139604429190
248.20000000000	0.35266562675120	76.716914039133
248.30000000000	0.41846351551768	64.180902315246
248.40000000000	0.38821262597538	58.233750676346
248.50000000000	0.33557529032339	53.735177182211
248.60000000000	0.27155359910429	50.224591096219
248.70000000000	0.20016858762026	48.377169225799
248.80000000000	0.12493127709720	51.300532508312
248.90000000000	0.057120641399936	78.296340459033
249.00000000000	0.069258794922836	156.31886592223
249.10000000000	0.14382926581506	174.02823806657
249.20000000000	0.22380177793944	175.41937521286
249.30000000000	0.30163376480333	173.19452438754
249.40000000000	0.37477282545350	169.74523081323
249.50000000000	0.44126689797646	165.78826201195
249.60000000000	0.49657237762620	161.45628328740
249.70000000000	0.50667157086820	169.87197901753
249.80000000000	0.62896687980676	156.04619999752
249.90000000000	0.66841818797260	151.83201970225
250.00000000000	0.70569281546251	148.24018231620
250.10000000000	0.73902755245859	144.93961771757
250.20000000000	0.76841989428947	141.86227148284
250.30000000000	0.79418828902203	138.97818408627
250.40000000000	0.81670904946850	136.26691393026
250.50000000000	0.83634362085015	133.71181926367
250.60000000000	0.85341858421369	131.29867937184
250.70000000000	0.86822297543322	129.01517523349
250.80000000000	0.88101001188473	126.85055823925
250.90000000000	0.89199924981404	124.79544960485
251.00000000000	0.90137881641657	122.84177432358
251.10000000000	0.90930819075403	120.98280795938
251.20000000000	0.91592199517265	119.21331166443
251.30000000000	0.92133535032249	117.52974136596
251.40000000000	0.92565175123709	115.93051736746
251.50000000000	0.92897507415752	114.41631091137
251.60000000000	0.93142797317621	112.99021939356
251.70000000000	0.93317882001183	111.65752767982
251.80000000000	0.93447658927227	110.42447650143
251.90000000000	0.93568431622935	109.29520575203
252.00000000000	0.93728456761811	108.26630606099
252.10000000000	0.93981332652909	107.32010960618
252.20000000000	0.94369431072451	106.42115295394
252.30000000000	0.94902857755022	105.52194410164
252.40000000000	0.95549262084929	104.57869420830
252.50000000000	0.96245992777819	103.56729003711
252.60000000000	0.96926757692660	102.48790301871
252.70000000000	0.97543316352711	101.35741971869
252.80000000000	0.98071908376870	100.19815999536
252.90000000000	0.98508285034007	99.030026760279
253.00000000000	0.98859468254936	97.867497589502
253.10000000000	0.99137100498157	96.719700286404
253.20000000000	0.99353498869719	95.591657426296
253.30000000000	0.99519812801357	94.485628796966
253.40000000000	0.99645415594228	93.402168458679
253.50000000000	0.99737894916943	92.340850580190
253.60000000000	0.99803279251976	91.300731088901
253.70000000000	0.99846322196000	90.280626731201
253.80000000000	0.99870769202037	89.279276860283
253.90000000000	0.99879581723753	88.295433100200
254.00000000000	0.99875115845652	87.327905947096
254.10000000000	0.99859260805283	86.375586287769
254.20000000000	0.99833544947337	85.437452693935
254.30000000000	0.99799216294123	84.512570939297
254.40000000000	0.99757303752377	83.600089511632
254.50000000000	0.99708663707518	82.699233291163
254.60000000000	0.99654015639455	81.809296617130
254.70000000000	0.99593969494181	80.929636406271
254.80000000000	0.99529046851553	80.059665662132
254.90000000000	0.99459697406711	79.198847527555
255.00000000000	0.99386311894057	78.346689928132
255.10000000000	0.99309232295478	77.502740798027
255.20000000000	0.99228759962336	76.666583850824
255.30000000000	0.99145162124538	75.837834845774
255.40000000000	0.99058677144115	75.016138296211
255.50000000000	0.98969518784909	74.201164568237
255.60000000000	0.98877879705644	73.392607321569
255.70000000000	0.98783934336051	72.590181249054
255.80000000000	0.98687841258687	71.793620076245
255.90000000000	0.98589745192604	71.002674787464
256.00000000000	0.98489778653080	70.217112048617
256.10000000000	0.98388063346336	69.436712801389
256.20000000000	0.98284711344904	68.661271006262
256.30000000000	0.98179826080537	67.890592515180
256.40000000000	0.98073503182942	67.124494056435
256.50000000000	0.97965831187670	66.362802316682
256.60000000000	0.97856892130968	65.605353106305
256.70000000000	0.97746762046593	64.851990595333
256.80000000000	0.97635511376390	64.102566607896
256.90000000000	0.97523205304981	63.356939963402
257.00000000000	0.97409904028051	62.614975852600
257.10000000000	0.97295662964140	61.876545236322
257.20000000000	0.97180532920728	61.141524254244
257.30000000000	0.97064560228815	60.409793630186
257.40000000000	0.96947786863968	59.681238060393
257.50000000000	0.96830250577576	58.955745571079
257.60000000000	0.96711985068826	58.233206832734
257.70000000000	0.96593020235125	57.513514420784
257.80000000000	0.96473382544428	56.796562015656
257.90000000000	0.96353095576345	56.082243539278
258.00000000000	0.96232180776344	55.370452227744
258.10000000000	0.96110658458505	54.661079637785
258.20000000000	0.95988549077413	53.954014570899
258.30000000000	0.95865874773734	53.249141864898
258.40000000000	0.95742661194186	52.546340933037
258.50000000000	0.95618939616168	51.845483805542
258.60000000000	0.95494749506829	51.146432209864
258.70000000000	0.95370141873121	50.449032840880
258.80000000000	0.95245184221573	49.753109252694
258.90000000000	0.95119968881171	49.058447342139
259.00000000000	0.94994628453075	48.364768136061
259.10000000000	0.94869366931703	47.671673583289
259.20000000000	0.94744527895158	46.978529022870
259.30000000000	0.94620761189477	46.284176196346
259.40000000000	0.94499500591414	45.586101821623
259.50000000000	0.94384721175123	44.877296833067
259.60000000000	0.94293133914368	44.126860475275
259.70000000000	0.94445504757036	42.547792583518
259.80000000000	0.93807009303403	43.109045073264
259.90000000000	0.93753618697792	42.320433027615
260.00000000000	0.93643339115160	41.608650498872
260.10000000000	0.93520871342817	40.914176221481
260.20000000000	0.93393439173043	40.226531955684
260.30000000000	0.93263217078045	39.542323817596
260.40000000000	0.93131051213841	38.860060352886
260.50000000000	0.92997307778021	38.178933302503
260.60000000000	0.92862140386437	37.498424631059
260.70000000000	0.92725592478194	36.818152127831
260.80000000000	0.92587641795666	36.137799411651
260.90000000000	0.92448221209293	35.457080269786
261.00000000000	0.92307228657226	34.775718408679
261.10000000000	0.92164531511792	34.093434584177
261.20000000000	0.92019967759935	33.409937354739
261.30000000000	0.91873345115405	32.724915534235
261.40000000000	0.91724438575446	32.038031257421
261.50000000000	0.91572986614814	31.348912963651
261.60000000000	0.91418686016451	30.657147781808
261.70000000000	0.91261185197634	29.962272860288
261.80000000000	0.91100075765018	29.263765173789
261.90000000000	0.90934881897379	28.561029269628
262.00000000000	0.90765046991320	27.853382291674
262.10000000000	0.90589916791076	27.140035430072
262.20000000000	0.90408717931045	26.420070668891
262.30000000000	0.90220530408835	25.692411307370
262.40000000000	0.90024251917214	24.955784158809
262.50000000000	0.89818551102075	24.208670498348
262.60000000000	0.89601805531002	23.449241600309
262.70000000000	0.89372018210457	22.675272856245
262.80000000000	0.89126703472364	21.884027631599
262.90000000000	0.88862728266631	21.072097584824
263.00000000000	0.88576087116380	20.235179066781
263.10000000000	0.88261575981588	19.367753523576
263.20000000000	0.87912307821797	18.462619999167
263.30000000000	0.87518972490772	17.510193072598
263.40000000000	0.87068668808885	16.497416246923
263.50000000000	0.86542990728083	15.406020309611
263.60000000000	0.85914748866347	14.209614911318
263.70000000000	0.85142048395393	12.868588784730
263.80000000000	0.84156878556609	11.320623595201
263.90000000000	0.82841292577202	9.4617141658279
264.00000000000	0.80972329639595	7.1045232539333
264.10000000000	0.78076301665404	3.8753189950645
264.20000000000	0.72965274931278	-1.0860182339542
264.30000000000	0.61826378704623	-10.216138837288
264.40000000000	0.27665631126784	-32.373995015375
264.50000000000	0.65899363836432	88.325737489544
264.60000000000	0.98586488416754	47.428997112038
264.70000000000	0.98950147184452	32.960340376448
264.80000000000	0.97004356295861	26.117688724426
264.90000000000	0.95283233345862	21.913062091420
265.00000000000	0.93821457057708	18.893795572640
265.10000000000	0.92454656378098	16.444312607702
265.20000000000	0.90983377954221	14.238940618960
265.30000000000	0.89071843549070	12.042539764440
265.40000000000	0.85906020464052	9.6435081139580
265.50000000000	0.78896033421118	7.3479842723516
265.60000000000	0.65311494246438	14.670770082222
265.70000000000	0.82381652480062	25.967641040517
265.80000000000	0.91570546524665	19.957547884408
265.90000000000	0.93034541749746	16.143578467271
266.00000000000	0.93129303090229	13.741248407591
266.10000000000	0.92946325513592	11.984924824303
266.20000000000	0.92719258043805	10.554613904326
266.30000000000	0.92517212325600	9.2915928654659
266.40000000000	0.92386258101226	8.0765329160518
266.50000000000	0.92455982653819	6.6713356899920
266.60000000000	0.94515364784121	1.6072497052743
266.70000000000	0.90139817472474	7.6045412702100
266.80000000000	0.90677024238542	5.8608227220565
266.90000000000	0.90700243268033	4.8263816243950
267.00000000000	0.90632967254300	3.9531648454451
267.10000000000	0.90538617897693	3.1503167199085
267.20000000000	0.90435515671991	2.3881567279803
267.30000000000	0.90330575347809	1.6533771971443
267.40000000000	0.90226781319448	0.93875658130449
267.50000000000	0.90125501072501	0.23984830910093
267.60000000000	0.90027358662585	-0.44633623782589
267.70000000000	0.89932611182350	-1.1219357813779
267.80000000000	0.89841326840987	-1.7885531151142
267.90000000000	0.89753475042762	-2.4474319859739
268.00000000000	0.89668974203060	-3.0995639155103
268.10000000000	0.89587717989449	-3.7457564425611
268.20000000000	0.89509590013864	-4.3866787736465
268.30000000000	0.89434472111747	-5.0228935040729
268.40000000000	0.89362248959869	-5.6548793697211
268.50000000000	0.89292810562069	-6.2830480061804
268.60000000000	0.89226053478441	-6.9077565755827
268.70000000000	0.89161881311267	-7.5293174655062
268.80000000000	0.89100204754338	-8.1480058639474
268.90000000000	0.89040941391282	-8.7640657617301
269.00000000000	0.88984015356248	-9.3777147695490
269.10000000000	0.88929356926331	-9.9891480272929
269.20000000000	0.88876902088070	-10.598541408496
269.30000000000	0.88826592103447	-11.206054170582
269.40000000000	0.88778373090298	-11.811831164486
269.50000000000	0.88732195625370	-12.416004690433
269.60000000000	0.88688014374114	-13.018696066998
269.70000000000	0.88645787748726	-13.620016965880
269.80000000000	0.88605477594358	-14.220070553859
269.90000000000	0.88567048902499	-14.818952474907
270.00000000000	0.88530469549984	-15.416751699004
270.10000000000	0.88495710061878	-16.013551259126
270.20000000000	0.88462743396341	-16.609428893924
270.30000000000	0.88431544749637	-17.204457610458
270.40000000000	0.88402091379480	-17.798706178890
270.50000000000	0.88374362445071	-18.392239568968
270.60000000000	0.88348338862242	-18.985119336564
270.70000000000	0.88324003172304	-19.577403967165
270.80000000000	0.88301339423302	-20.169149182176
270.90000000000	0.88280333062500	-20.760408212941
271.00000000000	0.88260970839047	-21.351232046725
271.10000000000	0.88243240715878	-21.941669648219
271.20000000000	0.88227131789987	-22.531768159691
271.30000000000	0.88212634220330	-23.121573082391
271.40000000000	0.88199739162663	-23.711128441548
271.50000000000	0.88188438710699	-24.300476936945
271.60000000000	0.88178725843080	-24.889660080782
271.70000000000	0.88170594375600	-25.478718324387
271.80000000000	0.88164038918322	-26.067691175079
271.90000000000	0.88159054837116	-26.656617304391
272.00000000000	0.88155638219320	-27.245534648670
272.10000000000	0.88153785843150	-27.834480503012
272.20000000000	0.88153495150551	-28.423491609363
272.30000000000	0.88154764223247	-29.012604239549
272.40000000000	0.88157591761652	-29.601854273935
272.50000000000	0.88161977066405	-30.191277276371
272.60000000000	0.88167920022242	-30.780908566021
272.70000000000	0.88175421083927	-31.370783286672
272.80000000000	0.88184481263941	-31.960936474126
272.90000000000	0.88195102121593	-32.551403122210
273.00000000000	0.88207285753200	-33.142218248066
273.10000000000	0.88221034782924	-33.733416957338
273.20000000000	0.88236352353779	-34.325034509961
273.30000000000	0.88253242118298	-34.917106387377
273.40000000000	0.88271708228178	-35.509668362049
273.50000000000	0.88291755322217	-36.102756570405
273.60000000000	0.88313388511602	-36.696407590423
273.70000000000	0.88336613361625	-37.290658525438
273.80000000000	0.88361435868490	-37.885547096025
273.90000000000	0.88387862429902	-38.481111742226
274.00000000000	0.88415899807694	-39.077391738950
274.10000000000	0.88445555080491	-39.674427328039
274.20000000000	0.88476835584028	-40.272259871301
274.30000000000	0.88509748836226	-40.870932029959
274.40000000000	0.88544302443475	-41.470487977275
274.50000000000	0.88580503983786	-42.070973652922
274.60000000000	0.88618360861294	-42.672437069967
274.70000000000	0.88657880125075	-43.274928688335
274.80000000000	0.88699068243101	-43.878501872618
274.90000000000	0.88741930819025	-44.483213457457
275.00000000000	0.88786472235164	-45.089124451026
275.10000000000	0.88832695198536	-45.696300917233
275.20000000000	0.88880600157342	-46.304815091441
275.30000000000	0.88930184541109	-46.914746804756
275.40000000000	0.88981441756222	-47.526185321425
275.50000000000	0.89034359835688	-48.139231737578
275.60000000000	0.89088919590606	-48.754002155742
275.70000000000	0.89145092029191	-49.370631952039
275.80000000000	0.89202834676598	-49.989281615634
275.90000000000	0.89262086207780	-50.610144905558
276.00000000000	0.89322758426135	-51.233460517345
276.10000000000	0.89384723946784	-51.859529232951
276.20000000000	0.89447796697323	-52.488739948930
276.30000000000	0.89511699935201	-53.121610692140
276.40000000000	0.89576011537640	-53.758856216531
276.50000000000	0.89640065495698	-54.401505625115
276.60000000000	0.89702762813898	-55.051121236301
276.70000000000	0.89762177218822	-55.710241895481
276.80000000000	0.89814636950307	-56.383385999090
276.90000000000	0.89852227727609	-57.079690764248
277.00000000000	0.89854210436028	-57.821572497810
277.10000000000	0.89742822433357	-58.685706341709
277.20000000000	0.88762388991327	-60.243169417539
277.30000000000	0.91236013789617	-57.549689091925
277.40000000000	0.90808262600780	-59.586218991182
277.50000000000	0.90688485830572	-60.536665259010
277.60000000000	0.90590571379621	-61.356294016305
277.70000000000	0.90423089378180	-62.117535926296
277.80000000000	0.90166713542076	-62.779201411699
277.90000000000	0.89959702452845	-63.287766245247
278.00000000000	0.89986382932393	-63.726378174733
278.10000000000	0.90195881632419	-64.226366740656
278.20000000000	0.90448742195070	-64.808275895837
278.30000000000	0.90683206169411	-65.441010479957
278.40000000000	0.90889968307236	-66.099800505999
278.50000000000	0.91074328398867	-66.772013834348
278.60000000000	0.91242990866023	-67.452027320638
278.70000000000	0.91401275492536	-68.137618823882
278.80000000000	0.91553045762301	-68.828252085344
278.90000000000	0.91701155858058	-69.524407034123
279.00000000000	0.91848067409279	-70.227521752498
279.10000000000	0.91997383043117	-70.940410442245
279.20000000000	0.92159264692132	-71.666323722412
279.30000000000	0.92346442169529	-72.397367782184
279.40000000000	0.92532838147557	-73.132601880503
279.50000000000	0.92723461983726	-73.901144210297
279.60000000000	0.92950822527922	-74.730500279370
279.70000000000	0.93269939773084	-75.694713764322
279.80000000000	0.93903320600465	-77.147382594948
279.90000000000	0.95283503378805	-91.940319771718
280.00000000000	0.91432173939927	-75.100078616799
280.10000000000	0.92464899357352	-76.805668359742
280.20000000000	0.92864293819816	-77.834562671135
280.30000000000	0.93128274481463	-78.708985432997
280.40000000000	0.93342085214737	-79.526046160036
280.50000000000	0.93532373496333	-80.317238812190
280.60000000000	0.93710143675351	-81.095921991808
280.70000000000	0.93880759508745	-81.868786783244
280.80000000000	0.94047140569069	-82.639602014191
280.90000000000	0.94211004677359	-83.410691972692
281.00000000000	0.94373420861651	-84.183601600423
281.10000000000	0.94535081311290	-84.959426782730
281.20000000000	0.94696445811435	-85.738991359232
281.30000000000	0.94857823254476	-86.522948011061
281.40000000000	0.95019419936360	-87.311838778415
281.50000000000	0.95181369313253	-88.106132983137
281.60000000000	0.95343750908183	-88.906251922243
281.70000000000	0.95506602601166	-89.712585515700
281.80000000000	0.95669928733283	-90.525503900044
281.90000000000	0.95833705470934	-91.345365758702
282.00000000000	0.95997884317455	-92.172524496009
282.10000000000	0.96162394330527	-93.007332959058
282.20000000000	0.96327143404242	-93.850147167033
282.30000000000	0.96492018850105	-94.701329355219
282.40000000000	0.96656887431308	-95.561250543642
282.50000000000	0.96821594951950	-96.430292776870
282.60000000000	0.96985965467362	-97.308851139341
282.70000000000	0.97149800156932	-98.197335622142
282.80000000000	0.97312875883150	-99.096172897585
282.90000000000	0.97474943447515	-100.00580804431
283.00000000000	0.97635725543822	-100.92670625608
283.10000000000	0.97794914401238	-101.85935456058
283.20000000000	0.97952169102793	-102.80426356947
283.30000000000	0.98107112558828	-103.76196927761
283.40000000000	0.98259328109435	-104.73303492627
283.50000000000	0.98408355724587	-105.71805294337
283.60000000000	0.98553687765419	-106.71764697202
283.70000000000	0.98694764264797	-107.73247399723
283.80000000000	0.98830967679885	-108.76322657946
283.90000000000	0.98961617063777	-109.81063520233
284.00000000000	0.99085961597419	-110.87547074067
284.10000000000	0.99203173416977	-111.95854705334
284.20000000000	0.99312339665606	-113.06072370385
284.30000000000	0.99412453692264	-114.18290880920
284.40000000000	0.99502405313960	-115.32606201512
284.50000000000	0.99580970051860	-116.49119759241
284.60000000000	0.99646797246184	-117.67938764489
284.70000000000	0.99698396950340	-118.89176541465
284.80000000000	0.99734125501647	-120.12952866373
284.90000000000	0.99752169665092	-121.39394310390
285.00000000000	0.99750529248714	-122.68634583658
285.10000000000	0.99726998095566	-124.00814875359
285.20000000000	0.99679143369318	-125.36084183542
285.30000000000	0.99604283070264	-126.74599626719
285.40000000000	0.99499461748138	-128.16526727248
285.50000000000	0.99361424420658	-129.62039654165
285.60000000000	0.99186588765500	-131.11321410384
285.70000000000	0.98971015732708	-132.64563945976
285.80000000000	0.98710378829149	-134.21968175572
285.90000000000	0.98399932462029	-135.83743873793
286.00000000000	0.98034479900711	-137.50109418036
286.10000000000	0.97608341631350	-139.21291342972
286.20000000000	0.97115325143099	-140.97523665931
286.30000000000	0.96548697502821	-142.79046937144
286.40000000000	0.95901162449757	-144.66106963967
286.50000000000	0.95164844171170	-146.58953154274
286.60000000000	0.94331280396479	-148.57836421850
286.70000000000	0.93391427953423	-150.63006596816
286.80000000000	0.92335684434701	-152.74709288280
286.90000000000	0.91153930078747	-154.93182155820
287.00000000000	0.89835594303862	-157.18650563326
287.10000000000	0.88369751454825	-159.51322614933
287.20000000000	0.86745250102777	-161.91383610921
287.30000000000	0.84950879534584	-164.38990013664
287.40000000000	0.82975575712703	-166.94263082184
287.50000000000	0.80808666814635	-169.57282420449
287.60000000000	0.78440155330257	-172.28079790375
287.70000000000	0.75861029517507	-175.06633666861
287.80000000000	0.73063591790882	-177.92865161575
287.90000000000	0.70041785444935	179.13363878330
288.00000000000	0.66791494176705	176.12249561214
288.10000000000	0.63310781308359	173.04040068963
288.20000000000	0.59600027223376	169.89023299566
288.30000000000	0.55661913085029	166.67505114145
288.40000000000	0.51501182557265	163.39773143573
288.50000000000	0.47124080567266	160.06036304276
288.60000000000	0.42537290875544	156.66318429914
288.70000000000	0.37745989339962	153.20252962047
288.80000000000	0.32750016303044	149.66630684761
288.90000000000	0.27534984866543	146.02217102530
289.00000000000	0.22044921624349	142.17899491743
289.10000000000	0.16047174810948	137.82475235345
289.20000000000	0.072208034825538	136.09095407882
289.30000000000	0.076924866454945	145.72414891922
289.40000000000	0.0069538141113349	-119.78983038979
289.50000000000	0.088504255087654	-60.453954022840
289.60000000000	0.24642035190167	-68.349873099764
289.70000000000	0.33273611478789	151.20235008466
289.80000000000	0.075860670264294	-63.401570434289
289.90000000000	0.18167665681496	-66.610651641155
290.00000000000	0.26083649609320	-71.206414031893
290.10000000000	0.33395729179485	-75.918939394336
290.20000000000	0.40670528249438	-80.905820127954
290.30000000000	0.48174178760068	-86.359881443748
290.40000000000	0.56066503071149	-92.519641869477
290.50000000000	0.64403540230916	-99.704136193004
290.60000000000	0.73013973425765	-108.34032897118
290.70000000000	0.81190251667277	-118.94447093068
290.80000000000	0.87194035915674	-131.94668124104
290.90000000000	0.88144858319792	-147.20629893108
291.00000000000	0.81715695336573	-163.43317272484
291.10000000000	0.68950166262774	-178.48105574935
291.20000000000	0.53679254963398	169.37678130038
291.30000000000	0.39141954868447	160.90828213371
291.40000000000	0.26707901979807	156.70601838734
291.50000000000	0.16658869566023	158.88085263393
291.60000000000	0.093432183530508	175.88313569287
291.70000000000	0.069643136789691	-137.47888891845
291.80000000000	0.10115012362696	-103.77553678177
291.90000000000	0.14589396602521	-92.898419286805
292.00000000000	0.18925265868534	-89.503765260298
292.10000000000	0.22905210857601	-88.763543720819
292.20000000000	0.26527449518803	-89.151491580845
292.30000000000	0.29829592303446	-90.077597042858
292.40000000000	0.32852952623428	-91.277491912725
292.50000000000	0.35634491368061	-92.620007131659
292.60000000000	0.38205491630132	-94.035233685639
292.70000000000	0.40591996426985	-95.483979122807
292.80000000000	0.42815633157509	-96.943500970747
292.90000000000	0.44894421212343	-98.400340176607
293.00000000000	0.46843453356834	-99.846514532470
293.10000000000	0.48675433638321	-101.27741090264
293.20000000000	0.50401080270463	-102.69058711140
293.30000000000	0.52029403450767	-104.08509022956
293.40000000000	0.53567858000889	-105.46109250664
293.50000000000	0.55022349444137	-106.81975394413
293.60000000000	0.56397029218609	-108.16329901427
293.70000000000	0.57693716726619	-109.49539177724
293.80000000000	0.58910528203952	-110.82209527314
293.90000000000	0.60038505949185	-112.15427519274
294.00000000000	0.61052158271755	-113.51435502316
294.10000000000	0.61876045004519	-114.95989721834
294.20000000000	0.62206266647333	-116.70577158066
294.30000000000	0.58580771875329	-120.88261552964
294.40000000000	0.70053828127262	-114.40798721812
294.50000000000	0.68570115026145	-117.68264676545
294.60000000000	0.68916031317383	-119.29813234277
294.70000000000	0.69551462041400	-120.63601655725
294.80000000000	0.70268491719669	-121.87033584752
294.90000000000	0.71008262881788	-123.05057448645
295.00000000000	0.71748394740906	-124.19645837583
295.10000000000	0.72478966515897	-125.31763591566
295.20000000000	0.73195200748400	-126.41958249821
295.30000000000	0.73894700670763	-127.50580789448
295.40000000000	0.74576237630508	-128.57882108361
295.50000000000	0.75239147560030	-129.64061366128
295.60000000000	0.75882984978099	-130.69294456947
295.70000000000	0.76507277394729	-131.73755343148
295.80000000000	0.77111285384198	-132.77638252694
295.90000000000	0.77693671288199	-133.81189555279
296.00000000000	0.78251904955881	-134.84765627632
296.10000000000	0.78780985778104	-135.88957202408
296.20000000000	0.79270206339204	-136.94902832284
296.30000000000	0.79693110760405	-138.05255375933
296.40000000000	0.79964766192990	-139.28254726335
296.50000000000	0.79594872870466	-141.10047826514
296.60000000000	0.90089592460900	-130.55180248988
296.70000000000	0.83443307313584	-140.22533182124
296.80000000000	0.83377844745831	-141.74148406115
296.90000000000	0.83650694701521	-142.89284995949
297.00000000000	0.84010247457693	-143.94091760208
297.10000000000	0.84400212725132	-144.94374338634
297.20000000000	0.84801089501348	-145.92167882169
297.30000000000	0.85204436368750	-146.88377311808
297.40000000000	0.85606035582730	-147.83471886513
297.50000000000	0.86003507593680	-148.77725856126
297.60000000000	0.86395299495847	-149.71320210765
297.70000000000	0.86780160202878	-150.64395543913
297.80000000000	0.87156754594393	-151.57090214285
297.90000000000	0.87523152881507	-152.49587681523
298.00000000000	0.87875643792244	-153.42220287414
298.10000000000	0.88204616725182	-154.35821647449
298.20000000000	0.88471549531895	-155.33692052418
298.30000000000	0.88123739665531	-156.83680735487
298.40000000000	0.89759491032155	-156.62841880773
298.50000000000	0.89868822805806	-157.70893268071
298.60000000000	0.90138790635784	-158.64608452916
298.70000000000	0.90433401957816	-159.55352018655
298.80000000000	0.90732411005916	-160.44843179314
298.90000000000	0.91029824305163	-161.33605641244
299.00000000000	0.91323271780312	-162.21857820431
299.10000000000	0.91611656169469	-163.09710086978
299.20000000000	0.91894421840473	-163.97226182124
299.30000000000	0.92171274982462	-164.84446752672
299.40000000000	0.92442060211997	-165.71399760691
299.50000000000	0.92706700213700	-166.58105607356
299.60000000000	0.92965163796313	-167.44579875166
299.70000000000	0.93217447921170	-168.30834898614
299.80000000000	0.93463567094201	-169.16880716106
299.90000000000	0.93703546863837	-170.02725675144
300.00000000000	0.93937419717137	-170.88376833237
