7.983781827764290240e-01
8.087412910235278751e-01
8.350330823605168762e-01
8.949217703109213495e-01
1.018063703761130867e+00
1.631064371132657717e-02
4.097504400747889464e-01
5.337140699685236633e-01
5.842926384584689048e-01
6.145750519385916322e-01
6.374038808452460181e-01
6.549409611831369382e-01
6.693357782352434837e-01
6.817126563081128410e-01
6.926621934326943064e-01
7.025124322077547223e-01
7.114558747321598764e-01
7.196123962948189901e-01
7.270612703583954062e-01
7.337136380757254273e-01
7.400987259647453520e-01
7.457570287897009598e-01
7.509116363162380292e-01
7.556035506499878540e-01
7.598762153427427446e-01
7.637739748119419803e-01
7.673415288050835503e-01
7.706233394272171688e-01
7.736629606322796837e-01
7.765023281741505468e-01
7.791810438837950548e-01
7.817356774272108400e-01
7.841990993464595938e-01
7.865998517923251665e-01
7.889615574476730453e-01
7.913023621501538152e-01
7.936344021554646577e-01
7.959632823835388615e-01
7.982875469189334439e-01
8.005981170017458792e-01
8.028776641659933766e-01
8.050998763066238295e-01
8.072285612859052550e-01
8.092165148465410018e-01
8.110040551627126781e-01
8.125170926245129932e-01
8.136645565862304919e-01
8.143349354208880841e-01
8.143915947815617562e-01
8.136664112161478002e-01
8.119510808878602770e-01
8.089852205190770640e-01
8.044400561412448081e-01
7.978960965441819209e-01
7.888127664965087771e-01
7.764877304884936216e-01
7.600041486369676358e-01
7.381668652039213852e-01
7.094370988816318668e-01
6.718969467190373246e-01
6.233025507658321862e-01
5.617906466315746306e-01
4.861092417495494478e-01
3.990222464579081807e-01
3.098541151080256295e-01
2.366517550029054728e-01
2.011900880974951400e-01
2.153974413696008172e-01
2.708767504511515600e-01
3.447079505566947866e-01
4.182616128814939938e-01
5.652567536355306288e-01
1.502470654594108279e-01
1.453196724948323804e-01
1.345058706067610577e-01
1.574216478031408017e-01
2.067619878544292300e-01
2.634028372419887631e-01
3.161852837389602100e-01
3.611470149882682890e-01
3.976235414758794162e-01
4.264594459919615055e-01
4.380418012331174782e-01
4.526588454317631571e-01
4.576428939500086224e-01
4.585951555513348432e-01
4.577551767797276572e-01
4.560339980338189436e-01
4.535675782100331843e-01
4.502441464445906538e-01
4.459447158990693105e-01
4.406002497684762820e-01
4.341844936387577181e-01
4.266952860179633600e-01
4.181393791624562484e-01
4.085226471557651395e-01
3.978444136027787792e-01
3.860944645706144152e-01
3.732517609740251263e-01
3.592843074883418919e-01
3.441499744870996080e-01
3.277983356001352711e-01
3.101738259679203691e-01
2.912207916844715139e-01
2.708913314479040602e-01
2.491572652276154709e-01
2.260281293712019246e-01
2.015777868621739244e-01
1.759829586663225198e-01
1.495774193170439637e-01
1.229250119830002930e-01
9.691148754242787100e-02
7.284675180957560225e-02
5.255169081097117723e-02
3.837481233944370351e-02
3.304916941675258013e-02
3.928620216240043261e-02
5.906629885518972778e-02
9.277984597477266504e-02
1.386457460041779777e-01
1.929393818121701298e-01
2.512164843268222536e-01
3.100250984071728499e-01
3.681257861507588047e-01
4.264411029917700158e-01
4.866940633115665049e-01
5.494190776590841541e-01
6.094949549357320251e-01
6.827104501348482124e-01
7.412013611092492793e-01
7.934485967237809856e-01
8.377723354219795970e-01
8.740398425920096193e-01
9.029568029942853791e-01
9.255905846065883846e-01
9.430740143695538480e-01
9.564512058505098002e-01
9.665756921706674110e-01
9.737411543584130191e-01
9.797269655691415169e-01
9.840743909796954014e-01
9.867115367619321287e-01
9.891766755661799415e-01
9.906470683308650216e-01
9.914672960246025957e-01
9.916715113805538717e-01
9.911821939457857722e-01
9.897643324396468989e-01
9.869090770855420969e-01
9.815756391173374729e-01
9.715979993033615481e-01
9.522351907573327612e-01
9.124035138148297586e-01
8.247768742514205442e-01
6.267534048165765981e-01
2.673896642555685932e-01
5.149712786396857395e-02
2.138669960163094297e-01
4.190418197666185840e-01
5.511459521966325381e-01
6.292951958386939770e-01
6.759153985765543604e-01
7.038640335049213270e-01
7.200853325146302497e-01
7.284421760352157715e-01
7.311819630805833636e-01
7.296688533107976715e-01
7.247572323400836014e-01
7.169813175577796072e-01
7.066299409919065688e-01
6.937036084320892249e-01
6.776683429816977577e-01
6.568878413327927657e-01
6.284067251030376333e-01
5.916403347509633370e-01
5.538040316907417715e-01
5.210044860356213281e-01
4.923668035815517152e-01
4.713222823282465224e-01
4.318673774328289916e-01
3.892194245002933983e-01
3.488633209019778580e-01
3.067165976650434445e-01
2.624952549533097756e-01
2.166895175783967731e-01
1.703261451202534582e-01
1.250955426680828153e-01
8.355263297685631974e-02
4.927442463383292087e-02
2.686980929320657158e-02
2.249100482504420156e-02
2.217247789659292784e-02
5.859539664875081100e-02
1.096224954942129487e-01
1.729691591106804760e-01
2.453147100934673086e-01
3.255977237505480182e-01
4.141892099043184561e-01
5.099201337332853745e-01
6.084255053607844355e-01
