9.044991437979919002e-01
9.047782412378995165e-01
9.047127110799028094e-01
9.042187273705885042e-01
9.032216643834896086e-01
9.016131635110425924e-01
8.991636406192698994e-01
8.951086646338556330e-01
8.876916674891657255e-01
8.675406522639184104e-01
6.520655280633780304e-01
9.835761479816965691e-01
9.500112656475284689e-01
9.435254450754594346e-01
9.439450350962629299e-01
9.479109317683190872e-01
9.543749661545475327e-01
9.627753645805876559e-01
9.725239285414134516e-01
9.829330429866915964e-01
9.801499591236726427e-01
9.890475319907741092e-01
9.778608726349461433e-01
9.413927224670820548e-01
8.632766997031356970e-01
7.277032448512917862e-01
5.361220295102017142e-01
3.244195659700494505e-01
1.487021641033486052e-01
4.284173640659459659e-02
2.645431483925803681e-03
5.862483440362899721e-03
3.186149849205773682e-02
6.745947046064358632e-02
1.056273837806256388e-01
1.430569160209264057e-01
1.784096425601801594e-01
2.113153484183676600e-01
2.418527914735184581e-01
2.703078165991305015e-01
2.972766832572431572e-01
3.210891668447406477e-01
3.453371721050671472e-01
3.683185879904062321e-01
3.905416849505954913e-01
4.122434033655932306e-01
4.336133266454501589e-01
4.548148333405356847e-01
4.759919871905469724e-01
4.972737090204182864e-01
5.187594781533445554e-01
5.405961206358117499e-01
5.628422211475894166e-01
5.855948864402817922e-01
6.089330077282791853e-01
6.329264085972685638e-01
6.576348497885742272e-01
6.831057634476437324e-01
7.093704291750536628e-01
7.364378495978541883e-01
7.642850318486973382e-01
7.928413997884738995e-01
8.219631388092683011e-01
8.513890321446042631e-01
8.806578842864989376e-01
9.089238118594835658e-01
9.342730000700598669e-01
9.419355032237860526e-01
9.871295532816222185e-01
9.881899572277508259e-01
9.719924336760623618e-01
9.216245636707655065e-01
8.158233167013202447e-01
6.336691825355007524e-01
3.826548511877946868e-01
1.375164604134404556e-01
8.519434492205681803e-03
2.783807268204820801e-02
1.381567581464719641e-01
2.755907885147557135e-01
4.066606381083558985e-01
5.203518013742705062e-01
6.155194889743802467e-01
6.941983109829513721e-01
7.589922366471461013e-01
8.122494355265069688e-01
8.558899135352152632e-01
8.914392886330761989e-01
9.201101458436681257e-01
9.428803145166478883e-01
9.605553202273838798e-01
9.738146087120349570e-01
9.832446636194704936e-01
9.893421312944717938e-01
9.926178662632199057e-01
9.934428850693529656e-01
9.922091669631235566e-01
9.892636661464172532e-01
9.849239961612079597e-01
9.794811027400979198e-01
9.732007373702729058e-01
9.663208937656364572e-01
9.588598233360634548e-01
9.517811760879115734e-01
9.443872109709035012e-01
9.366474626270437920e-01
9.305709513701071467e-01
9.243417758443052135e-01
9.188169867594918605e-01
9.141427959889482091e-01
9.104721237578198290e-01
9.079649476218518700e-01
9.067915123313639025e-01
9.071356753831576469e-01
9.091966821656578546e-01
9.131861227075711573e-01
9.193124397166947404e-01
9.277344246186203236e-01
9.384371597777216856e-01
9.509091811153203011e-01
9.632916561274490475e-01
9.700779514127307879e-01
9.558573393644193006e-01
8.801355793347056533e-01
6.622127806114936899e-01
2.856082072142467343e-01
2.445679118349245243e-02
2.954950593203841541e-02
1.396605286310669547e-01
2.511782193757628456e-01
3.424080405812485739e-01
4.151535102814993272e-01
4.745216465376957959e-01
5.248071301950139045e-01
5.691202061256845912e-01
6.096580493478640506e-01
6.479846404003704041e-01
6.852234090882086681e-01
7.221642088729920417e-01
7.593352017531380671e-01
7.969166781655960818e-01
8.347215230556425114e-01
8.719601142580802877e-01
9.069251976857287678e-01
9.365023113410094746e-01
9.555506215599869346e-01
9.563984632447747325e-01
9.291629195947563868e-01
8.641886847642563652e-01
7.576034575043522068e-01
6.166117060116069748e-01
4.711647006967660256e-01
3.535909975475686196e-01
4.483367076140494789e-01
2.955082693397483723e-02
6.482032570948225748e-03
5.351577865686309469e-04
5.807690036283745874e-03
2.008211078246293496e-02
4.035509787695946288e-02
6.429201913711682370e-02
9.026420670139467806e-02
1.174827899020385452e-01
1.451190396038248842e-01
1.729486995657249504e-01
2.008162541903486531e-01
2.286782375364359576e-01
2.565593175887048716e-01
2.845251993305926153e-01
3.126648830240217891e-01
3.410786253669809143e-01
3.698693123863200372e-01
3.991357250757110453e-01
4.289663084533138493e-01
4.594201149501997983e-01
4.906174301818010397e-01
5.225077483490710994e-01
5.551244963695443069e-01
5.884299198163481792e-01
6.223453567299721545e-01
6.567409490511331160e-01
6.912812061923727658e-01
7.263644204263378645e-01
7.610014815331457294e-01
7.951401515695923905e-01
8.283995027907243847e-01
8.603614797499253841e-01
8.905766968707281572e-01
9.185749212673991471e-01
9.438448812953489364e-01
9.660535589351920693e-01
9.846068628069210016e-01
9.991623060327313732e-01
1.009357541022859683e+00
1.014861251432436218e+00
1.015290631261153154e+00
1.009827121927834970e+00
9.943089294106691733e-01
6.405780611307381189e-01
9.970735883467063410e-01
