6.167699439168158881e-03
2.911088362723971909e-02
6.839223629241042435e-02
1.149717122105212153e-01
1.633055960116578942e-01
2.104433317581868301e-01
2.551049853238506748e-01
2.969803682702122916e-01
3.362641345635754009e-01
3.733714547717323362e-01
4.087745981675183771e-01
4.429149932993512451e-01
4.761604461206482841e-01
5.087885617585286013e-01
5.409849455894752968e-01
5.728494448919865256e-01
6.044065084945882127e-01
6.356173984000874633e-01
6.663929470709953895e-01
6.966061031018246918e-01
7.261038187637178787e-01
7.547180078347399679e-01
7.822754016461718196e-01
8.086062012140567967e-01
8.335513870125343949e-01
8.569688376011957986e-01
8.787379401978862026e-01
8.987630111770921193e-01
9.169754062651667148e-01
9.333344570772794668e-01
9.478273372141821085e-01
9.604679940126813475e-01
9.712953112370353859e-01
9.803707953543623344e-01
9.877584586438760139e-01
9.936017300900015226e-01
9.979666792249806129e-01
1.000986125888356337e+00
1.002785856640410644e+00
1.003494696129206831e+00
1.003241875340718403e+00
1.002154627125877884e+00
1.000356132501953654e+00
9.979638389316393132e-01
9.950881471318474558e-01
9.918314486786040662e-01
9.882874868359441400e-01
9.845410065286349655e-01
9.806676556716694693e-01
9.767340987026982280e-01
9.727983036742394729e-01
9.689099662067349739e-01
9.651110365649009371e-01
9.614363197415609630e-01
9.579141224103953078e-01
9.545669247068701013e-01
9.514120588379254562e-01
9.484623803903821093e-01
9.457269218416156642e-01
9.432115211593876669e-01
9.409194215462505229e-01
9.388518414197604134e-01
9.370085167661875714e-01
9.353882212839682575e-01
9.339892735625401343e-01
9.328100452799917841e-01
9.318494886545045652e-01
9.311073322078654568e-01
9.305868993932209232e-01
9.302915022527723510e-01
9.302303087177986596e-01
9.304175784144774752e-01
9.308757934791146438e-01
9.316398422009163349e-01
9.327641637865109470e-01
9.343356966053859569e-01
9.364990581029223327e-01
9.395099390002739081e-01
9.438615870058472135e-01
9.506316380730869264e-01
9.626294635102873309e-01
9.877520703499519383e-01
2.197132306236088406e-01
8.276690793308628669e-01
8.833436541065577963e-01
9.014935801014029026e-01
9.111577110900137555e-01
9.176997809039423304e-01
9.228155868222122082e-01
9.272131944244688118e-01
9.312426007078339341e-01
9.350982967155053727e-01
9.388981459326859458e-01
9.427182833979645959e-01
9.466098322567714218e-01
9.506070173898545361e-01
9.547304426617002626e-01
9.589869556474108769e-01
9.633656753198256428e-01
9.678290642038244185e-01
9.722950638200550388e-01
9.766027917277967374e-01
9.804454504905317780e-01
9.832345380094500431e-01
9.838121978544436264e-01
9.798080920271907690e-01
9.661129429848521744e-01
9.309313060658490624e-01
8.483515531350950267e-01
6.581694761893620571e-01
3.075512112305850421e-01
1.555842405864554974e-02
8.745509658961427013e-02
2.955199664137341808e-01
4.600691318398911767e-01
5.692404110192174072e-01
6.410502388781703642e-01
6.892688042944086213e-01
7.220686221693251028e-01
7.441020998362681826e-01
7.579575240927853841e-01
7.649463270252880864e-01
7.654819928956427821e-01
7.592081488880076945e-01
7.449393551222589505e-01
7.204163574803347236e-01
6.818439946507819371e-01
6.232245148041196670e-01
5.358752804035687989e-01
4.101112307237523291e-01
2.455776378859854392e-01
7.924072542039516109e-02
2.209786395875672996e-03
7.506158511827450142e-02
2.378393148876164487e-01
4.005974845884989199e-01
5.266751639926849915e-01
6.159933945181497172e-01
6.778040658965754917e-01
7.206020906718001440e-01
7.504222623617861077e-01
7.712730615697948044e-01
7.857894151793147763e-01
7.957223697042060673e-01
8.022583057750095614e-01
8.062192573282699337e-01
8.081882299634043365e-01
8.085886703414275622e-01
8.077370150358765821e-01
8.058904314276983394e-01
8.026860579911669902e-01
7.996062843199736037e-01
7.956190042508435312e-01
7.911160461327126914e-01
7.861808135189948255e-01
7.808727561366191061e-01
7.752376248113365120e-01
7.693104354055974037e-01
7.631173256970231744e-01
7.566761871021708830e-01
7.499978944540994785e-01
7.430870521226854430e-01
7.359441348798969607e-01
7.285787934856527981e-01
7.203119637122743502e-01
7.128312117458577291e-01
7.045979765799260663e-01
6.960002332287789084e-01
6.870128542499644997e-01
6.775941901916531229e-01
6.676950736976112744e-01
6.572602369165173597e-01
6.462286730778787902e-01
6.345337114447098248e-01
6.221029441906473778e-01
6.088580187538302768e-01
5.947142710552970613e-01
5.795801571789382933e-01
5.633564301495135318e-01
5.459350027141517403e-01
5.271974399688011959e-01
5.070130458126579365e-01
4.852365612675340056e-01
4.617056119431205419e-01
4.362382840984521670e-01
4.086316794204165048e-01
3.786631887071625346e-01
3.460978728115254865e-01
3.107083258595622066e-01
2.723186493313614065e-01
2.308929584658249434e-01
1.867022179820236605e-01
1.406194726157797559e-01
9.460062851414868801e-02
5.236593613219089893e-02
2.011615075736772687e-02
6.689688213657525757e-03
2.203282772747668788e-02
7.313030896834384065e-02
1.589107169773192052e-01
