9.982982422514101728e-01
9.878280255597217119e-01
9.758777159533862378e-01
9.630047509170379660e-01
9.496668158752260558e-01
9.361576766075965228e-01
9.224565720882570430e-01
9.077935642527532600e-01
8.890278186735205423e-01
8.511048786057878734e-01
5.422509554613158533e-01
1.054460268047349381e+00
9.961344665278882848e-01
9.872469138829300661e-01
9.867524786467746223e-01
9.758882438090028533e-01
9.187119736195958897e-01
7.427689551434402127e-01
4.044490301818308153e-01
9.225358435732115836e-02
3.296852468601389101e-04
4.448446379302559150e-02
1.194029105500189897e-01
1.882975542071317065e-01
2.446287263171873783e-01
2.897150539626699439e-01
3.260888139835487753e-01
3.559596514047218552e-01
3.810050838355424907e-01
4.024534183792526920e-01
4.212007653569301291e-01
4.379068395674781677e-01
4.530644903254797407e-01
4.670483484856678413e-01
4.801485854740824011e-01
4.925944182295451390e-01
5.045706068942863443e-01
5.162291470336780597e-01
5.276976372538894067e-01
5.390853206749326443e-01
5.504874783750114409e-01
5.619886395881831254e-01
5.736649301801686196e-01
5.855857836135029970e-01
5.978151715823510903e-01
6.104124645474219291e-01
6.234329988056931393e-01
6.369284019637171390e-01
6.509467095789355229e-01
6.655322899175446505e-01
6.807255792411395223e-01
6.965626147603580787e-01
7.130743339242887613e-01
7.302855835761736802e-01
7.482137452614193718e-01
7.668668246219643159e-01
7.862407578755409299e-01
8.063155295098723974e-01
8.270494229615145132e-01
8.483702481276089724e-01
8.701615305097565312e-01
8.922400624588514573e-01
9.143182129854301454e-01
9.359385261996379102e-01
9.563563277112210326e-01
9.743215744937998579e-01
9.876592593725308511e-01
9.924372207346262575e-01
9.812880144978580743e-01
9.401179689220059421e-01
8.427530411366954688e-01
6.495071984087505967e-01
3.458559985936526249e-01
6.244010346962917263e-02
1.495641034875621819e-02
1.686468153113072355e-01
3.618495164324443958e-01
5.231218101592735037e-01
6.444778538085393915e-01
7.329300499527325874e-01
7.479415215746264556e-01
8.639494379035801419e-01
9.001862319183741024e-01
9.294071431435211306e-01
9.519267344825802502e-01
9.688818476928650059e-01
9.812520006184318744e-01
9.898329937209392471e-01
9.952815224144518913e-01
9.981560306354507750e-01
9.989470086791506498e-01
9.980988838031796817e-01
9.960263638306748879e-01
9.931275371046668354e-01
9.897953347104089250e-01
9.864280862930362437e-01
9.834381673378448374e-01
9.812530004013391149e-01
9.802879401906147150e-01
9.808209213812508764e-01
9.825156398674689262e-01
9.825827114587470934e-01
9.680000322973687510e-01
8.795193648478841775e-01
5.024462722121664227e-01
1.220010006663917873e-02
1.466171400254751844e-01
3.411008943541945504e-01
4.549759542193193007e-01
5.207743630733384643e-01
5.612233621021152086e-01
5.876667591361779408e-01
6.059545397235034381e-01
6.193433294673975631e-01
6.298314957742334741e-01
6.389130515841511260e-01
6.486330144469125702e-01
5.850980572398782886e-01
6.477706755291049445e-01
6.569827013657961734e-01
6.642931768177390284e-01
6.714669406647582051e-01
6.789872603317524957e-01
6.870994042186059358e-01
6.959739222304917039e-01
7.057515432919871934e-01
7.165602271656179578e-01
7.285229923803564489e-01
7.417615434552471410e-01
7.563970443107550512e-01
7.725479208277534759e-01
7.903235541785239571e-01
8.098115258654461357e-01
8.310542697905444198e-01
8.540080714030927611e-01
8.784726303460016483e-01
9.039720116559128993e-01
9.295572372375607850e-01
9.534888708513171718e-01
9.727552058043404948e-01
9.824229463146402219e-01
9.749902333074552674e-01
9.403638247448641296e-01
8.678253032518151722e-01
7.515225195154618953e-01
5.982756264324322615e-01
4.305778267647152879e-01
2.776280415022910897e-01
1.602007583384470191e-01
8.345945748486557902e-02
4.104606801663140958e-02
2.311885171322006563e-02
2.567434498375366705e-02
9.064187383746874493e-02
6.001315218135695462e-01
8.765417721195858380e-01
6.155639867279401045e-01
5.223996770037998560e-01
4.981797094867109199e-01
5.020761078627882235e-01
5.199292812212357173e-01
5.461225270015377387e-01
5.783589428367001961e-01
6.160064421392222878e-01
6.596664221183803356e-01
7.114487214634765966e-01
7.761304752368123339e-01
8.632345116997385270e-01
9.629468120357538297e-01
2.819765434940901261e-01
2.133899598061251290e-01
4.727277435748530321e-01
5.979607842037411025e-01
6.755523996530512498e-01
7.318627153452800238e-01
7.762592166472902511e-01
8.126273676027638837e-01
8.426829929021065757e-01
8.671080242662373427e-01
8.859497950491951324e-01
8.986468402881802042e-01
9.036259400462918201e-01
8.968123768358614578e-01
8.659643889121036997e-01
7.630457985697329804e-01
3.573614386444915469e-01
2.627141174228199150e-01
7.461685789486727227e-01
8.576869465970630158e-01
8.841566229606691030e-01
8.865607087803238917e-01
8.794350106696211533e-01
8.675497447750027957e-01
8.528115608473245679e-01
8.359222063423318305e-01
8.166965605703380149e-01
7.936889048047383044e-01
7.626545361988216198e-01
7.109009924436585637e-01
5.892803916075107784e-01
