9.993748034654689194e-01
9.993745820450697925e-01
9.993745382042975578e-01
9.993746721624957585e-01
9.993749840374246407e-01
9.993754738451505748e-01
9.993761414997892611e-01
9.993769868134319001e-01
9.993780094960443838e-01
9.993792091554382084e-01
9.993805852972892367e-01
9.993821373251544626e-01
9.993838645405316301e-01
9.993857661431042594e-01
9.993878412307507508e-01
9.993900887999055405e-01
9.993925077458365447e-01
9.993950968628115827e-01
9.993978548447154386e-01
9.994007802852782341e-01
9.994038716786445287e-01
9.994071274199299859e-01
9.994105458057762625e-01
9.994141250349451999e-01
9.994178632091192949e-01
9.994217583335524013e-01
9.994258083180064256e-01
9.994300109774399976e-01
9.994343640330582978e-01
9.994388651132077861e-01
9.994435117545032998e-01
9.994483014026743772e-01
9.994532314139632501e-01
9.994582990561394764e-01
9.994635015098285447e-01
9.994688358696601771e-01
9.994742991457618020e-01
9.994798882650359761e-01
9.994856000726421996e-01
9.994914313334483102e-01
9.994973787336257631e-01
9.995034388821517624e-01
9.995096083124576092e-01
9.995158834841946227e-01
9.995222607847830121e-01
9.995287365312915950e-01
9.995353069722220374e-01
9.995419682893695867e-01
9.995487165996363998e-01
9.995555479570973345e-01
9.995624583547603192e-01
9.995694437268387578e-01
9.995764999505859505e-01
9.995836228484943353e-01
9.995908081903285280e-01
9.995980516953468786e-01
9.996053490344699588e-01
9.996126958324774714e-01
9.996200876702842075e-01
9.996275200872254407e-01
9.996349885833093474e-01
9.996424886216438432e-01
9.996500156307135398e-01
9.996575650068609820e-01
9.996651321165701543e-01
9.996727122990506365e-01
9.996803008685756220e-01
9.996878931170500859e-01
9.996954843164203020e-01
9.997030697212788697e-01
9.997106445713807021e-01
9.997182040940946202e-01
9.997257435070545650e-01
9.997332580207265451e-01
9.997407428409692542e-01
9.997481931716862835e-01
9.997556042172593971e-01
9.997629711853773804e-01
9.997702892895514726e-01
9.997775537516554456e-01
9.997847598046406548e-01
9.997919026951918031e-01
9.997989776862642453e-01
9.998059800596931224e-01
9.998129051188647809e-01
9.998197481913229101e-01
9.998265046313157267e-01
9.998331698224867115e-01
9.998397391803246492e-01
9.998462081549132074e-01
9.998525722332771704e-01
9.998588269421374575e-01
9.998649678503327420e-01
9.998709905712904744e-01
9.998768907656402360e-01
9.998826641436796558e-01
9.998883064676455934e-01
9.998938135543712358e-01
9.998991812776062416e-01
9.999044055703263378e-01
9.999094824272328763e-01
9.999144079068831292e-01
9.999191781341746355e-01
9.999237893024341961e-01
9.999282376758434898e-01
9.999325195913771891e-01
9.999366314611694007e-01
9.999405697745716859e-01
9.999443311001370294e-01
9.999479120877924343e-01
9.999513094707851435e-01
9.999545200675370449e-01
9.999575407837461016e-01
9.999603686140814407e-01
9.999630006440413110e-01
9.999654340518051576e-01
9.999676661098577668e-01
9.999696941866256239e-01
9.999715157482433892e-01
9.999731283599624376e-01
9.999745296877348144e-01
9.999757174996558584e-01
9.999766896673341066e-01
9.999774441672849568e-01
9.999779790821341496e-01
9.999782926018746521e-01
9.999783830250613681e-01
9.999782487598628533e-01
9.999778883250649564e-01
9.999773003510992186e-01
9.999764835809087371e-01
9.999754368707042262e-01
9.999741591909632188e-01
9.999726496268570575e-01
9.999709073789606606e-01
9.999689317639173236e-01
9.999667222146969570e-01
9.999642782812379060e-01
9.999615996305571963e-01
9.999586860471210148e-01
9.999555374330150181e-01
9.999521538079400029e-01
9.999485353092845141e-01
9.999446821920836559e-01
9.999405948287628521e-01
9.999362737089868558e-01
9.999317194392601804e-01
9.999269327425575060e-01
9.999219144578230800e-01
9.999166655393533221e-01
9.999111870561467885e-01
9.999054801911211321e-01
9.998995462402481271e-01
9.998933866116992419e-01
9.998870028246923392e-01
9.998803965084259726e-01
9.998735694008888952e-01
9.998665233475182434e-01
9.998592602998708223e-01
9.998517823141170879e-01
9.998440915494236636e-01
9.998361902663750467e-01
9.998280808252183460e-01
9.998197656840157599e-01
9.998112473967325498e-01
9.998025286112365295e-01
9.997936120671595539e-01
9.997845005938615914e-01
9.997751971079511524e-01
9.997657046111050327e-01
9.997560261874817167e-01
9.997461650012708922e-01
9.997361242940431270e-01
9.997259073819209085e-01
9.997155176528479403e-01
9.997049585636020863e-01
9.996942336367368176e-01
9.996833464574483852e-01
9.996723006702702419e-01
9.996610999756592175e-01
9.996497481265449458e-01
9.996382489245965175e-01
9.996266062164338440e-01
9.996148238896654936e-01
9.996029058688382651e-01
9.995908561110643520e-01
9.995786786017007985e-01
9.995663773495586657e-01
9.995539563822053442e-01
9.995414197408246659e-01
9.995287714750558106e-01
9.995160156374641724e-01
9.995031562777821899e-01
9.994901974370384856e-01
9.994771431411866303e-01
9.994639973946981559e-01
9.994507641736651848e-01
9.994374474187828206e-01
9.994240510277601075e-01
9.994105788477439800e-01
