9.333032829911777073e-01
9.497868660344137570e-01
9.650493306346359379e-01
9.844342953758143944e-01
7.408002899573811195e-01
2.536980254815919822e-01
6.110769955731349956e-01
7.049468478136395877e-01
7.422816980592943370e-01
7.606147259474731470e-01
7.705551958292605752e-01
7.761514923381072073e-01
7.792632398935083193e-01
7.808570187703949284e-01
7.814803070739266833e-01
7.814620578603840295e-01
7.810063751818862032e-01
7.802369429183041438e-01
7.792069370567821229e-01
7.778183662709026169e-01
7.738772688748175588e-01
7.781709938354366418e-01
7.760100142094085163e-01
7.745759478082663296e-01
7.732782444866760363e-01
7.720359888128925929e-01
7.708283805161776359e-01
7.696488165923718316e-01
7.684951134454128807e-01
7.673666531943567071e-01
7.662633810645267385e-01
7.651853905642059805e-01
7.641327012622720627e-01
7.631050730219020028e-01
7.621017492663094695e-01
7.611209264226066473e-01
7.601581706028445184e-01
7.591988181724891316e-01
7.581172057493693606e-01
7.576946887370131778e-01
7.566949600817743926e-01
7.557993780985254872e-01
7.549213387426860766e-01
7.540406172233060644e-01
7.531425046981952143e-01
7.522113138379632469e-01
7.512285004636872765e-01
7.501714976806331814e-01
7.490125550414445943e-01
7.477173255784951289e-01
7.462429893607560594e-01
7.445356117086661119e-01
7.425261821176636357e-01
7.401241350161053001e-01
7.372052634729931997e-01
7.335841434617401680e-01
7.289288012767259906e-01
7.223379887207962424e-01
7.093868812399456436e-01
7.164717283297448169e-01
7.047093878666322864e-01
6.912744622387871907e-01
6.743384427102662171e-01
6.520743031309287341e-01
6.219192729583101764e-01
5.798552208566395416e-01
5.193319149738568896e-01
4.298729258068601511e-01
2.988953276100058676e-01
1.040336539369356578e-01
1.100187550624440657e-03
2.120473910862496481e-01
5.846602421291137164e-01
8.142399705937328758e-01
9.171036808009633834e-01
9.610028166466887400e-01
9.799668076906778991e-01
9.882027109403918042e-01
9.916967050215218515e-01
9.930839318992848996e-01
9.935703478284630963e-01
9.937189087378289765e-01
9.937892242170530688e-01
9.938923413249830530e-01
9.940646532967577498e-01
9.943045844761440044e-01
9.945913651754416662e-01
9.948948585520016596e-01
9.951807756637370828e-01
9.954134536614084316e-01
9.955573217750550707e-01
9.955776513344251066e-01
9.954409121618925660e-01
9.951149125245259963e-01
9.945688232790760308e-01
9.937731527600105474e-01
9.926997481088445374e-01
9.913220056919440637e-01
9.896159458981051982e-01
9.875651016862101450e-01
9.851873213593373979e-01
9.827860649261160875e-01
9.755845026792916430e-01
9.728997534224352872e-01
9.667601179229869945e-01
9.446180650447689731e-01
9.742548074663198721e-01
9.624502425986800613e-01
9.549937450730296984e-01
9.479331531081145457e-01
9.406843946086704822e-01
9.330675559021285315e-01
9.250039395037480405e-01
9.164494793296695807e-01
9.073738125407260213e-01
8.977518573638789690e-01
8.875595219976614159e-01
8.767708054900208436e-01
8.653550925126337612e-01
8.532737743325102819e-01
8.404750080973331094e-01
8.268841690603252470e-01
8.123838547951914846e-01
7.967657850637134276e-01
7.795981132800496871e-01
7.598493514401348792e-01
7.364916457693994056e-01
7.268909032176651408e-01
7.163482165879454522e-01
6.961462100968370814e-01
6.733247527168452207e-01
6.486799735853211457e-01
6.220424152708644572e-01
5.930152814649167770e-01
5.616010912096150998e-01
5.264666532606654403e-01
4.878306512157452035e-01
4.446922727456610325e-01
3.965896039084795821e-01
3.421023174458904248e-01
2.829100565588582583e-01
2.187515019198750799e-01
1.526811263851896583e-01
8.762069700830235619e-02
3.388884184428299362e-02
5.059280364383121967e-03
3.492234944192667070e-03
2.220058328238245018e-02
3.863192271543493261e-02
2.719998487093439402e-02
4.934930739004554298e-04
7.187310215258502222e-02
3.007015234746417964e-01
5.216142600624953385e-01
6.532618295337434544e-01
7.079850985288517196e-01
7.677738140006682421e-01
7.844331040184663317e-01
7.923997802806723723e-01
7.947885305392590194e-01
7.934816645219310294e-01
7.892596481132687636e-01
7.815529854307398105e-01
7.654542543812103972e-01
6.846503457057464548e-01
6.326943779898982489e-01
7.977330082689947366e-01
7.918775830513810066e-01
7.862858310157679886e-01
7.810222867853278128e-01
7.419222737581188110e-01
7.803725466857796000e-01
7.772865307493536102e-01
7.755490408806533509e-01
7.745114457681118170e-01
7.740103479281789101e-01
7.739677727739009416e-01
7.743296967417412358e-01
7.750497289996013395e-01
7.760833269849461979e-01
7.773853792730068824e-01
7.789091118470556907e-01
7.806055424316551417e-01
7.824229001445832665e-01
7.843043029948549849e-01
7.861690615071260657e-01
7.832124188712185076e-01
7.900951866767146337e-01
7.917287319402677159e-01
7.932288813146572970e-01
7.945348522676094483e-01
7.956157934930742082e-01
7.964564891369192434e-01
7.970578016941830546e-01
7.974392034406206919e-01
7.976418663816345900e-01
7.977319155435182996e-01
7.978036490861675212e-01
7.979826020830298461e-01
7.984284717065731618e-01
