9.936290552630597794e-01
9.936647806578001729e-01
9.937036462295542050e-01
9.937454515128709698e-01
9.937900078312763563e-01
9.938371398587616534e-01
9.938866865394142547e-01
9.939385014713731925e-01
9.939924528515676760e-01
9.940484230680913802e-01
9.941063080173072608e-01
9.941660162134807743e-01
9.942274677497994206e-01
9.942905931613729154e-01
9.943553322325222599e-01
9.944216327844336289e-01
9.944894494719880296e-01
9.945587426129433029e-01
9.946294770684532827e-01
9.947016211877611758e-01
9.947751458277179770e-01
9.948500234533861342e-01
9.949262273235134346e-01
9.950037307623205152e-01
9.950825065173179995e-01
9.951625262007902650e-01
9.952437598120604800e-01
9.953261753359665676e-01
9.954097384131912474e-01
9.954944120768137727e-01
9.955801565496849026e-01
9.956669290967027353e-01
9.957546839269488803e-01
9.958433721392386806e-01
9.959329417064897161e-01
9.960233374931313222e-01
9.961145013013861238e-01
9.962063719412265206e-01
9.962988853203501582e-01
9.963919745500473546e-01
9.964855700637208491e-01
9.965795997446955656e-01
9.966739890607799746e-01
9.967686612031423365e-01
9.968635372270088224e-01
9.969585361929306222e-01
9.970535753066489537e-01
9.971485700563854637e-01
9.972434343464172679e-01
9.973380806263718590e-01
9.974324200149923270e-01
9.975263624187100664e-01
9.976198166438168258e-01
9.977126905026489911e-01
9.978048909133754307e-01
9.978963239935926266e-01
9.979868951476712491e-01
9.980765091480606754e-01
9.981650702108739726e-01
9.982524820658875697e-01
9.983386480213308767e-01
9.984234710239136001e-01
9.985068537142188783e-01
9.985886984781340292e-01
9.986689074943650990e-01
9.987473827788599934e-01
9.988240262260996705e-01
9.988987396479436232e-01
9.989714248102402605e-01
9.990419834677330968e-01
9.991103173974791307e-01
9.991763284310786197e-01
9.992399184863284267e-01
9.993009895983804292e-01
9.993594439507113014e-01
9.994151839063915022e-01
9.994681120395431106e-01
9.995181311679708358e-01
9.995651443864140839e-01
9.996090551011608261e-01
9.996497670663310187e-01
9.996871844219279435e-01
9.997212117339135951e-01
9.997517540367358846e-01
9.997787168788005996e-01
9.998020063710042482e-01
9.998215292390225661e-01
9.998371928800502406e-01
9.998489054245135454e-01
9.998565758042889939e-01
9.998601138282146028e-01
9.998594302676734324e-01
9.998544369542503585e-01
9.998450468938739899e-01
9.998311744034334980e-01
9.998127352782508748e-01
9.997896470040283923e-01
9.997618290349661319e-01
9.997292031720402816e-01
9.996916940995440592e-01
9.996492301808488357e-01
9.996017446955350882e-01
9.995491778672235261e-01
9.994914803865018182e-01
9.994286199628736878e-01
9.993605945459903550e-01
9.992874619036149486e-01
9.992094155224959806e-01
9.991270216786413139e-01
9.990422343114351289e-01
9.989665951488859719e-01
9.986823181436386143e-01
9.986911116583514492e-01
9.985889489816356379e-01
9.984734208396189858e-01
9.983497912539935903e-01
9.982192492967054687e-01
9.980821922423316339e-01
9.979387773612107271e-01
9.977890704136530564e-01
9.976330974470640767e-01
9.974708662261554393e-01
9.973023762727830643e-01
9.971276240526453227e-01
9.969466058847430423e-01
9.967593196990071069e-01
9.965657661748544838e-01
9.963659495306130820e-01
9.961598781082732224e-01
9.959475648346227672e-01
9.957290276059582723e-01
9.955042896250781981e-01
9.952733797087844891e-01
9.950363325767067613e-01
9.947931891299354179e-01
9.945439967244008583e-01
9.942888094423616430e-01
9.940276883654488582e-01
9.937607018505891787e-01
9.934879258110843603e-01
9.932094440040067918e-01
9.929253483251528900e-01
9.926357391131008789e-01
9.923407254634381003e-01
9.920404255544504890e-01
9.917349669860546779e-01
9.914244871331689968e-01
9.911091335157924398e-01
9.907890641875813920e-01
9.904644481453717120e-01
9.901354657624932276e-01
9.898023092488004160e-01
9.894651831411505061e-01
9.891243048284764638e-01
9.887799051157452057e-01
9.884322288326845563e-01
9.880815354930262417e-01
9.877281000111572951e-01
9.873722134843313514e-01
9.870141840490099794e-01
9.866543378216413585e-01
9.862930199352895055e-01
9.859305956849332420e-01
9.855674517959386316e-01
9.852039978321300850e-01
9.848406677618305460e-01
9.844779217025044771e-01
9.841162478674529979e-01
9.837561647400570042e-01
9.833982235055657162e-01
9.830430107724910105e-01
9.826911516208397535e-01
9.823433130180881934e-01
9.820002076490987886e-01
9.816625982119843163e-01
9.813313022377351258e-01
9.810071974989762467e-01
9.806912280810556881e-01
9.803844111976526277e-01
9.800878448432421841e-01
9.798027163861601219e-01
9.795303122182247302e-01
9.792720285909358724e-01
9.790293837828227819e-01
9.788040317575509297e-01
9.785977774869335510e-01
9.784125941254124825e-01
9.782506422279729774e-01
9.781142911984005428e-01
9.780061431244710946e-01
9.779290590858086274e-01
9.778861878690784382e-01
9.778809967306943962e-01
9.779173032817767286e-01
9.779993064811242087e-01
9.781316125862186128e-01
9.783192475650931419e-01
9.785676381581702721e-01
9.788825223870101233e-01
9.792696965699676515e-01
