7.021787406667803211e-01
7.033048661577334659e-01
7.049645330755199835e-01
7.071391525210805051e-01
7.097933430909542096e-01
7.128773111560808839e-01
7.163288378845488191e-01
7.200748197870564526e-01
7.240323031068041093e-01
7.281089369140596457e-01
7.322027420208575554e-01
7.362010470908372239e-01
7.399783681974986260e-01
7.433928698911210775e-01
7.462806534130641545e-01
7.484442502926437202e-01
7.495456331429281027e-01
7.481040577667402713e-01
7.477048897366886937e-01
7.439345258458981425e-01
7.372310537368671479e-01
7.266158336949790630e-01
7.106032490485668651e-01
6.869875229427087060e-01
6.525971370401800753e-01
6.035472892035682602e-01
5.380572546498257891e-01
4.646859090031434936e-01
3.985203033697642394e-01
3.195950480040444797e-01
2.019224668071909756e-01
1.090818198974527892e-01
1.579642267735257288e-01
3.294899218805526497e-01
5.050446948129564406e-01
6.324622902085885734e-01
7.155317638913365474e-01
7.685870700850249149e-01
8.026342600752576217e-01
8.245760350783987169e-01
8.385738979811122595e-01
8.471620395896065636e-01
8.519472162997575593e-01
8.540763041170571501e-01
8.509999896497566496e-01
8.507537995849039358e-01
8.474315658919493455e-01
8.428301001978065754e-01
8.371962100490510927e-01
8.306726358673898192e-01
8.233767511080156698e-01
8.153995044939855719e-01
8.068167677895830003e-01
7.976938304433832672e-01
7.880881841359276274e-01
7.780513438683259730e-01
7.676300599408023562e-01
7.568671181248213253e-01
7.457903526123493831e-01
7.344715423161611856e-01
7.229088945640937958e-01
7.111460906872392185e-01
6.992130092607055092e-01
6.871386756256985251e-01
6.749527767564006409e-01
6.626886539317465852e-01
6.503895880536426644e-01
6.381233015301621680e-01
6.260202654564186453e-01
6.143982403449393948e-01
6.043420909140736486e-01
6.034332117481813196e-01
4.826360068035646100e-01
5.349077535517063886e-01
5.317577403308646478e-01
5.202877269867182131e-01
5.068395899862405685e-01
4.923154011887275194e-01
4.769153198929111936e-01
4.606397240815344740e-01
4.433989374252297888e-01
4.250441679569184616e-01
4.053755344743967259e-01
3.841418584928018021e-01
3.610379331588038920e-01
3.357041733907304981e-01
3.077413182866551855e-01
2.768644629719010930e-01
2.402795546016656680e-01
2.011094360276582671e-01
1.426834907494703986e-01
1.510226650046497809e-01
1.079496469814186649e-01
8.856231228187068372e-02
9.446180873037107739e-02
1.263235640031012130e-01
1.798273529363875467e-01
2.610297278619632677e-01
3.879557662597273304e-01
5.559116710444219622e-01
7.280260903297548492e-01
8.555925390043161993e-01
9.297553925451725876e-01
9.643020014696089826e-01
9.747686948962274167e-01
9.726292101906910403e-01
9.645642793353653710e-01
9.541942286070745904e-01
9.433985117036088885e-01
9.331124976664577630e-01
9.237686368301128992e-01
9.155334288803357312e-01
9.084336457028125977e-01
9.024233620233329534e-01
8.974191876911175036e-01
8.933180842801092814e-01
8.900052248003602617e-01
8.873555553528408302e-01
8.852303649328934210e-01
8.834680418195240970e-01
8.818634141879964083e-01
8.800692247402485124e-01
8.780410364605915063e-01
8.747457441260722000e-01
8.690280171362028128e-01
8.581502409979098189e-01
8.341305793785382949e-01
7.603243336279467135e-01
1.692610162581714150e-01
1.086943026888925301e+00
1.019322408260827206e+00
9.956917457449965259e-01
9.857213957906738599e-01
9.813840197094412243e-01
9.798484786196812735e-01
9.798583665672202514e-01
9.807615266576028556e-01
9.821785824094638739e-01
9.838695452109138539e-01
9.856739942707810620e-01
9.874825461704744844e-01
9.892222148058661402e-01
9.908420747623327696e-01
9.922547292635280902e-01
9.928815993225796888e-01
9.838383373723367242e-01
8.933616165619526761e-01
9.122791009765097714e-01
2.109384980553117850e-01
8.010800342701029919e-01
8.732743679955352611e-01
8.864163931016133535e-01
8.819456894746432463e-01
8.661222929405809623e-01
8.350872980336672136e-01
7.655567404020510169e-01
4.408712669295677400e-01
9.721181727146261942e-01
9.084037262910209520e-01
8.476133495310824717e-01
7.901013501665939964e-01
7.251397403676025366e-01
6.446049514705215477e-01
5.389846972038275785e-01
3.952548772196562421e-01
1.948479157411393548e-01
2.128262143682962404e-01
1.952045452498742464e-02
1.147101209523775645e-01
3.916590099388070900e-01
6.491648439596747755e-01
8.125546819759035255e-01
9.011758529597166945e-01
9.451392528676458848e-01
9.641781918516563188e-01
9.693243107676525749e-01
9.666061780119664659e-01
9.593918894956554588e-01
9.496405920416017832e-01
9.385118718784116743e-01
9.249928269046072682e-01
9.191126641944941111e-01
9.142660655256723556e-01
6.651909937930809980e-01
8.548768039416201336e-01
8.520103258723353834e-01
8.442046754487269045e-01
8.357673724235150647e-01
8.276198140800815617e-01
8.200682890643631318e-01
8.131960835882613425e-01
8.069349914248417077e-01
8.010395655396796988e-01
7.949768594694528456e-01
7.876451637396392202e-01
7.765921551296801617e-01
7.553121061734811015e-01
7.002625731295057943e-01
5.304187617618527639e-01
7.776309191716042069e-01
