9.847100052681337923e-01
9.849187382939063040e-01
9.850244076617333810e-01
9.850525972707783184e-01
9.850262819322969099e-01
9.849657491903981432e-01
9.848885986316981977e-01
9.848098033005034946e-01
9.847418195955034426e-01
9.846947337225906427e-01
9.846764343828262600e-01
9.846928028698951341e-01
9.847479131324820001e-01
9.848442356136525300e-01
9.849828398111621919e-01
9.851635915158695189e-01
9.853853415760598367e-01
9.856461038167242394e-01
9.859432204175796466e-01
9.862735136279723314e-01
9.866334231848291614e-01
9.870191292022857388e-01
9.874266606327338769e-01
9.878519896639618159e-01
9.882911126238791422e-01
9.887401181210273560e-01
9.891952432624842029e-01
9.896529188661269405e-01
9.901098046294697363e-01
9.905628152349710280e-01
9.910091383691564948e-01
9.914462456122455913e-01
9.918718971222066916e-01
9.922841409913840671e-01
9.926813081040056774e-01
9.930620032647097251e-01
9.934250933094724845e-01
9.937696928475193703e-01
9.940951482224897884e-01
9.944010202195049386e-01
9.946870659868152220e-01
9.949532205837171572e-01
9.951995785139745587e-01
9.954263755537574587e-01
9.956339711368691336e-01
9.958228315182943158e-01
9.959935138976895308e-01
9.961466516500676605e-01
9.962829407794155934e-01
9.964031276835237927e-01
9.965079982928123359e-01
9.965983686252513074e-01
9.966750767786083376e-01
9.967389763647823697e-01
9.967909313737020049e-01
9.968318124382223866e-01
9.968624944535029453e-01
9.968838554837140542e-01
9.968967768624642511e-01
9.969021443565759810e-01
9.969008502112146619e-01
9.968937958179350245e-01
9.968818946330314512e-01
9.968660748022831752e-01
9.968472806863225566e-01
9.968264720818114100e-01
9.968046193154480594e-01
9.967826914277188033e-01
9.967616331505864125e-01
9.967423239768473664e-01
9.967255087329052188e-01
9.967116826975269683e-01
9.967009036808054390e-01
9.966924853842032972e-01
9.966844948609434596e-01
9.966729206326719881e-01
9.966502745886635095e-01
9.966031943265273307e-01
9.965082251543417868e-01
9.963241633358213001e-01
9.959776160040664239e-01
9.953344730148756536e-01
9.941402504536067664e-01
9.918862633120929528e-01
9.874817672578420913e-01
9.783552372709751754e-01
9.576063202184906809e-01
9.031943766435053256e-01
7.312786859200074430e-01
2.620871049946139064e-01
1.329851371164805507e-01
5.399454488231726357e-01
7.405159725824317363e-01
8.261020339335425344e-01
8.689439721801440752e-01
8.933549627730941189e-01
9.085768412620047751e-01
9.186824949724510248e-01
9.256917447512614805e-01
9.307020849503760962e-01
9.343541383335713935e-01
9.370438692623408450e-01
9.390276588473833730e-01
9.404779469513891987e-01
9.415143563202086341e-01
9.422218700383256929e-01
9.426617431767086996e-01
9.428779942202327735e-01
9.429007130961823968e-01
9.427459369518431664e-01
9.424085084975346582e-01
9.418292066005202745e-01
9.406931924598602723e-01
9.333412827284833790e-01
9.437313711305902464e-01
9.418211962237835744e-01
9.407664181360358979e-01
9.398649916702648266e-01
9.389950309539676354e-01
9.381208947653805197e-01
9.372297047946976933e-01
9.363165015705198213e-01
9.353795287324417895e-01
9.344184249311561219e-01
9.334334365789067611e-01
9.324250422388999926e-01
9.313937604045564589e-01
9.303400451275805061e-01
9.292642258946829381e-01
9.281664703888022894e-01
9.270467589509173711e-01
9.259048644045078102e-01
9.247403331435015694e-01
9.235524641036170213e-01
9.223402816764144641e-01
9.211024962454716913e-01
9.198374398672607422e-01
9.185429488362741868e-01
9.172161208043753122e-01
9.158527334224806360e-01
9.144455694059759887e-01
9.129781422091550747e-01
9.113881850339069501e-01
9.089394604825989932e-01
9.074170376379745440e-01
9.070055924504216716e-01
9.053674152741619796e-01
9.036350593935343900e-01
9.018309019224902690e-01
8.999506554117194801e-01
8.979866570547307969e-01
8.959300234911913297e-01
8.937708577894847295e-01
8.914981554556513643e-01
8.890996378195540339e-01
8.865615481563297040e-01
8.838684109547476631e-01
8.810027464829925936e-01
8.779447294454679751e-01
8.746717776620013263e-01
8.711580532240569275e-01
8.673738540330387936e-01
8.632848676181611447e-01
8.588512511882312461e-01
8.540264913438447847e-01
8.487559828736173095e-01
8.429752473560526704e-01
8.366076872118628494e-01
8.295617371167072207e-01
8.217272292240416220e-01
8.129707274122809357e-01
8.031295036509797924e-01
7.920037206170383870e-01
7.793462432324811395e-01
7.648493259137594258e-01
7.481272227506089445e-01
7.286935897384765326e-01
7.059325225350684407e-01
6.790625353284293064e-01
6.470945442835690509e-01
6.087898433177609814e-01
5.626363123772260000e-01
5.068893945427572767e-01
4.397848779211654402e-01
3.601447846871830838e-01
2.687606153210992943e-01
1.709908890894679401e-01
8.044252606115435966e-02
2.297823690918814402e-02
5.723467122207778063e-02
3.742038220296767248e-02
1.446849467910146236e-01
2.785247414900655638e-01
4.117412616924625568e-01
5.278399518954020042e-01
6.203092150895449519e-01
6.819670463588897169e-01
7.254080920233167973e-01
7.397048951515490245e-01
8.434124063712024055e-01
