9.882809070017990472e-01
9.885071919564535348e-01
9.886762537870658063e-01
9.887980792980672895e-01
9.888821157895832936e-01
9.889371405648963442e-01
9.889711712421271894e-01
9.889914107901602858e-01
9.890042216786787410e-01
9.890151240090134799e-01
9.890288130071561712e-01
9.890491917551238465e-01
9.890794155278560540e-01
9.891219445694203749e-01
9.891786025823963158e-01
9.892506386161726839e-01
9.893387904143907674e-01
9.894433476252112447e-01
9.895642135858985222e-01
9.897009646654003623e-01
9.898529063909148329e-01
9.900191257928884214e-01
9.901985395832980652e-01
9.903899379355615151e-01
9.905920237627879876e-01
9.908034474966692651e-01
9.910228374558969211e-01
9.912488259602135754e-01
9.914800713994595949e-01
9.917152765049643826e-01
9.919532030979573145e-01
9.921926836062658905e-01
9.924326296501873035e-01
9.926720379983393627e-01
9.929099941919777850e-01
9.931456741263959831e-01
9.933783438671012211e-01
9.936073579624918883e-01
9.938321564993054524e-01
9.940522611283647558e-01
9.942672702701959020e-01
9.944768536905475020e-01
9.946807466177468582e-01
9.948787435550290326e-01
9.950706919229743708e-01
9.952564856510490721e-01
9.954360588202265658e-01
9.956093794442928413e-01
9.957764434630901329e-01
9.959372690087057167e-01
9.960918909928624387e-01
9.962403560546179149e-01
9.963827178962795239e-01
9.965190330284247056e-01
9.966493569363661376e-01
9.967737406745602602e-01
9.968922278892012878e-01
9.970048522646575151e-01
9.971116353854064807e-01
9.972125850012802939e-01
9.973076936814294635e-01
9.973969378400796559e-01
9.974802771151691783e-01
9.975576540802038039e-01
9.976289942681316747e-01
9.976942064863851822e-01
9.977531834010985312e-01
9.978058023693959777e-01
9.978519264983699566e-01
9.978914059103399792e-01
9.979240791942185496e-01
9.979497750237167342e-01
9.979683139244985846e-01
9.979795101726087747e-01
9.979831738080581216e-01
9.979791127486002944e-01
9.979671349893185495e-01
9.979470508759535896e-01
9.979186754395226178e-01
9.978818307822577838e-01
9.978363485056288562e-01
9.977820721721979425e-01
9.977188597942721060e-01
9.976465863436125847e-01
9.975651462775599887e-01
9.974744560774677637e-01
9.973744567968153563e-01
9.972651166171032644e-01
9.971464334099422455e-01
9.970184373051070859e-01
9.968811932634978890e-01
9.967348036552363677e-01
9.965794108410782615e-01
9.964151997549953732e-01
9.962424004830612301e-01
9.960612908290268352e-01
9.958721988507025502e-01
9.956755053408814504e-01
9.954716462090282825e-01
9.952611146945652409e-01
9.950444633016073404e-01
9.948223052786502318e-01
9.945953153617843601e-01
9.943642293222793027e-01
9.941298415621249163e-01
9.938929994759254649e-01
9.936545923504954692e-01
9.934155307781852295e-01
9.931767090013132737e-01
9.929389351166457711e-01
9.927027971727006017e-01
9.924683916570248288e-01
9.922347271344921227e-01
9.919982574678808396e-01
9.917486312559466999e-01
9.914528015347936485e-01
9.909608769590572130e-01
9.878689566810795464e-01
9.921909755442770429e-01
9.918170906836060174e-01
9.916199361822952696e-01
9.915265228928961116e-01
9.914992700708584739e-01
9.915275091189728052e-01
9.916089883949888995e-01
9.917446674555269182e-01
9.919368222051809791e-01
9.921881081314137818e-01
9.925008734138613953e-01
9.928764230978031069e-01
9.933140276152826464e-01
9.938094433470897604e-01
9.943526053571600798e-01
9.949239399022280494e-01
9.954883549152611089e-01
9.959852499605237330e-01
9.963115366381058990e-01
9.962920373098067550e-01
9.956263597854815295e-01
9.937903695590870612e-01
9.898466873781571751e-01
9.820658937528831123e-01
9.671412097049543188e-01
9.385232412862508644e-01
8.829851620173340132e-01
7.749326178444712054e-01
5.765026462899146553e-01
2.849337241701692669e-01
4.402667607200149574e-02
5.077978862423676576e-02
2.206911058960268901e-01
3.857299766683235931e-01
5.046541456451348884e-01
5.863246867880180790e-01
6.432204151921563362e-01
6.839699932115076431e-01
7.139709863284425806e-01
7.365921942204590733e-01
7.539855645450661559e-01
7.675666077489431416e-01
7.782940253114551954e-01
7.868349820787112758e-01
7.936652698551998064e-01
7.991316940894521714e-01
8.034919855294010427e-01
8.069409832124412318e-01
8.096282127637068893e-01
8.116699385652270671e-01
8.131575852400914073e-01
8.141637227250045905e-01
8.147463837762920491e-01
8.149522188168746295e-01
8.148188258177219145e-01
8.143764848774465159e-01
8.136494560791135422e-01
8.126569516152027939e-01
8.114138607889802568e-01
8.099312841090392512e-01
8.082169169584666468e-01
8.062753120623279424e-01
8.041080417433922323e-01
8.017137747455546082e-01
7.990882774969844116e-01
7.962243455133531933e-01
7.931116667043570656e-01
7.897366141049753097e-01
7.860819603196993466e-01
7.821264987126893553e-01
7.778445454047476781e-01
7.732052784363200315e-01
7.681718404039538095e-01
7.627000774195185073e-01
7.567366875680650029e-01
7.502163563017794079e-01
7.430570484256530106e-01
7.351517156167052258e-01
7.263524669250328580e-01
7.164372943692878248e-01
7.050311457762244993e-01
6.913860915931562268e-01
