9.977271015185601444e-01
9.963549013859916981e-01
9.949572365371450733e-01
9.935324449141708092e-01
9.920772520937853889e-01
9.905872847967194250e-01
9.890575397741760977e-01
9.874828051561150843e-01
9.858580329444298629e-01
9.841786626522829318e-01
9.824408971530456114e-01
9.806419326349314902e-01
9.787801451972694133e-01
9.768552370877837676e-01
9.748683458979230387e-01
9.728221202269241585e-01
9.707207654092384619e-01
9.685700628987723437e-01
9.663773668292227059e-01
9.641515811339637088e-01
9.619031204294207216e-01
9.596438576442746227e-01
9.573870611268535669e-01
9.551473236862371152e-01
9.529404857251271288e-01
9.507835543025051628e-01
9.486946196234111728e-01
9.466927700851599514e-01
9.447980066083710993e-01
9.430311565341011892e-01
9.414137868587909574e-01
9.399681159821045018e-01
9.387169224260994982e-01
9.376834480970603902e-01
9.368912925439394357e-01
9.363642932232982830e-01
9.361263848886227645e-01
9.362014287003250779e-01
9.366129982573822010e-01
9.373841051241684763e-01
9.385368400663780530e-01
9.400918973909048182e-01
9.420679374612168644e-01
9.444807251063356279e-01
9.473419570268178935e-01
9.506576561381108181e-01
9.544259602094108397e-01
9.586340589218556030e-01
9.632539268037096925e-01
9.682363433670403419e-01
9.735024624392167869e-01
9.789318555197369376e-01
9.843454598111953668e-01
9.894811443190286715e-01
9.939585885951223165e-01
9.972287838305150531e-01
9.985017521244879957e-01
9.966444192302249538e-01
9.900403129528038138e-01
9.764076298331172410e-01
9.525912953651488602e-01
9.143971527838181679e-01
8.566545997582803995e-01
7.739039009515383816e-01
6.623259246391550725e-01
5.233373091570994173e-01
3.677958485734836303e-01
2.169888365366723915e-01
9.616978102954486241e-02
2.293782677349134533e-02
3.559217871055374142e-05
1.801176888251643585e-02
6.276238227265383551e-02
1.219491142467545586e-01
1.866773940461378956e-01
2.516146995468133696e-01
3.139209215277887211e-01
3.723066850748948386e-01
4.263597488830839222e-01
4.761242144546510846e-01
5.218571645532222858e-01
5.638955682743944653e-01
6.025874129068070628e-01
6.382586726435681701e-01
6.711992137474972475e-01
7.016539998705575432e-01
7.300194228917339379e-01
7.560409826937883881e-01
7.802443574731414699e-01
8.026644373839633140e-01
8.234106233589512103e-01
8.425804059962771486e-01
8.602602151423015542e-01
8.765277945752375510e-01
8.914543665082241830e-01
9.051064105022001982e-01
9.175470625978950912e-01
9.288371746043885269e-01
9.390360801798780521e-01
9.482021139598925119e-01
9.563929273269937692e-01
9.636656408826685949e-01
9.700768697706767529e-01
9.756826539169703993e-01
9.805383211217633121e-01
9.846983068526312666e-01
9.882159506360672641e-01
9.911432851992849624e-01
9.935308310481560934e-01
9.954274060300150051e-01
9.968799566584063410e-01
9.979334155912078508e-01
9.986305876546619498e-01
9.990120651801203122e-01
9.991161721474863810e-01
9.989789356718925539e-01
9.986340826936355164e-01
9.981130592939181367e-01
9.974450698191984488e-01
9.966571329142159819e-01
9.957741516023523864e-01
9.948189946696409658e-01
9.938125867671312452e-01
9.927740047849794580e-01
9.917205780598669085e-01
9.906679895808956360e-01
9.896303737207570173e-01
9.886204001137093300e-01
9.876493095766343266e-01
9.867267441978635478e-01
9.858591446116552470e-01
9.850017795551032629e-01
9.843730051940318138e-01
9.837259134883185041e-01
9.831712653503527077e-01
9.827111024853500965e-01
9.823507928723789195e-01
9.820978638132996652e-01
9.819665487846096497e-01
9.820102893901722085e-01
9.812246617586771746e-01
9.818105704350192919e-01
9.822073133768864928e-01
9.826535654195074354e-01
9.832048445878233123e-01
9.838698179304250502e-01
9.846419268242304623e-01
9.854944878855114165e-01
9.863582900474151538e-01
9.870625925116813804e-01
9.871719971809047589e-01
9.854770855210445157e-01
9.780914774093172337e-01
9.491859056452088828e-01
8.049703933844539749e-01
9.868356406572934003e-02
5.080717584520446639e-01
7.840491339067828802e-01
8.681598472859221038e-01
9.042136489763257234e-01
9.234715009096055027e-01
9.352878198003238275e-01
9.432504005036469463e-01
9.489876546958372350e-01
9.533323320980825466e-01
9.567496852618769809e-01
9.595179898855931144e-01
9.618129859928012948e-01
9.637507419360574756e-01
9.654108973494381907e-01
9.668499697572457974e-01
9.681093254171099227e-01
9.692201393639908735e-01
9.702065837757228861e-01
9.710879385729211943e-01
9.718800374699698708e-01
9.725963324719714143e-01
9.732488762704006868e-01
9.738499561815173733e-01
9.744182314083935648e-01
9.750348955600118828e-01
9.743507676933900186e-01
9.741812562963404476e-01
9.762834926389403201e-01
9.765781217612657938e-01
9.768979833829845028e-01
9.771881896683843882e-01
9.774259169661697610e-01
9.775816325724335787e-01
9.776037852384561466e-01
9.773897779038311917e-01
9.767001792496271539e-01
9.748158033294318514e-01
9.683176790463011718e-01
9.020416979578439465e-01
9.649622255756282740e-01
9.779161179823046002e-01
9.813853267609787823e-01
9.810844576890221935e-01
9.801708916667167815e-01
