5.994428908510230767e+46
4.899174037209136509e+46
4.012097168048068451e+46
3.292252598015120181e+46
2.706996028320900401e+46
2.230254940604023632e+46
1.841168406541577880e+46
1.523015608870293769e+46
1.262370361732239281e+46
1.048432832139519662e+46
8.725004304186320460e+45
7.275481806843224954e+45
6.078953580453661212e+45
5.089402132265501922e+45
4.269485246726622049e+45
3.588847745631947346e+45
3.022771323399150897e+45
2.551092966617895506e+45
2.157337098240538721e+45
1.828018067569648006e+45
1.552078631013559735e+45
1.320437171880283726e+45
1.125622007864259984e+45
9.614755573054039244e+44
8.229146327963594245e+44
7.057359011494412749e+44
6.064577465564795020e+44
5.221915200538930204e+44
4.505365480019214118e+44
3.894943797760915391e+44
3.373986388281024558e+44
2.928575478930824942e+44
2.547067648511256136e+44
2.219706193190216914e+44
1.938302042632515239e+44
1.695970698213601125e+44
1.486915023877344512e+44
1.306245622694501569e+44
1.149832068762030093e+44
1.014179507056296826e+44
8.963261406797098361e+43
7.937579417621027315e+43
7.043375857953811069e+43
6.262451490006297723e+43
5.579285481487727999e+43
4.980620610354243134e+43
4.455115589650100828e+43
3.993053224383154211e+43
3.586095077243011035e+43
3.227074932130734837e+43
2.909824668791570569e+43
2.629027251476095582e+43
2.380092432178506159e+43
2.159051509379133901e+43
1.962468095042783577e+43
1.787362348358606577e+43
1.631146553990646384e+43
1.491570270053099749e+43
1.366673559692491810e+43
1.254747060223328728e+43
1.154297843673973976e+43
1.064020189154630969e+43
9.827705267019744238e+42
9.095459284945211540e+42
8.434656207200778977e+42
7.837550709359209810e+42
7.297322742894260789e+42
6.807959194272418460e+42
6.364151633713992614e+42
5.961207854046792568e+42
5.594975243762193955e+42
5.261774328968984753e+42
4.958341064461868439e+42
4.681776661724122251e+42
4.429503918382482112e+42
4.199229162580390475e+42
3.988909053179976908e+42
3.796721584664803186e+42
3.621040737637337027e+42
3.460414294437719351e+42
3.313544406325110687e+42
3.179270556145560613e+42
3.056554609347465633e+42
2.944467688354695132e+42
2.842178641436712216e+42
2.748943908180588495e+42
2.664098610463576189e+42
2.587048720851586571e+42
2.517264180192960223e+42
2.454272853506889175e+42
2.397655228070100192e+42
2.347039770705621099e+42
2.302098872451426902e+42
2.262545318837958488e+42
2.228129232515199570e+42
2.198635442720729911e+42
2.173881242841952092e+42
2.153714503305070351e+42
2.138012112540428726e+42
2.126678723606949611e+42
2.119645788621585886e+42
2.116870867287713443e+42
2.118337199756294762e+42
2.124053537783920916e+42
2.134054231828461229e+42
2.148399575268496465e+42
2.167176410598275111e+42
2.190499006140920164e+42
2.218510215640854510e+42
2.251382937274953617e+42
2.289321892906428349e+42
2.332565753248476604e+42
2.381389639820041189e+42
2.436108040418958063e+42
2.497078181304426225e+42
2.564703906729901684e+42
2.639440124632741993e+42
2.721797886896881238e+42
2.812350183291224400e+42
2.911738540693307494e+42
3.020680533343059472e+42
3.139978326349711222e+42
3.270528393657646887e+42
3.413332573523154268e+42
3.569510650023167111e+42
3.740314678705373648e+42
3.927145308633211139e+42
4.131570393228364690e+42
4.355346228727959182e+42
4.600441813610593794e+42
4.869066585842427906e+42
5.163702169189618254e+42
5.487138747181558169e+42
5.842516785506712450e+42
6.233374943943982841e+42
6.663705160362832843e+42
7.138016055802154736e+42
7.661406006162494285e+42
8.239647457783393691e+42
8.879284338537279677e+42
9.587744740001322192e+42
1.037347143144653010e+43
1.124607322150855801e+43
1.221650072648829047e+43
1.329725074756691202e+43
1.450260422800270025e+43
1.584890367535262773e+43
1.735487702900478741e+43
1.904201625759125897e+43
2.093502053710415818e+43
2.306231573495173837e+43
2.545666417583334543e+43
2.815588137034622094e+43
3.120367964219325303e+43
3.465066251110704759e+43
3.855549842316604380e+43
4.298630813451344699e+43
4.802230697533023714e+43
5.375575159741784252e+43
6.029425097757980935e+43
6.776351379485767366e+43
7.631061932323812690e+43
8.610791727604183036e+43
9.735768435809727275e+43
1.102976925412951742e+44
1.252078774239140736e+44
1.424183358752249005e+44
1.623189322674326214e+44
1.853708541295477691e+44
2.121205337566211392e+44
2.432164455535206337e+44
2.794294039125951684e+44
3.216771285392868874e+44
3.710540199357029629e+44
4.288673055816248588e+44
4.966809876101048996e+44
5.763693586405727065e+44
6.701822703202782866e+44
7.808248600470887044e+44
9.115550914304795134e+44
1.066303276730785179e+45
1.249818766877672082e+45
1.467850270262427965e+45
1.727367863218446679e+45
2.036836769450719298e+45
2.406555522843146941e+45
2.849074328569032001e+45
3.379713481018518622e+45
4.017206813666632230e+45
4.784501640437116927e+45
5.709754878720859878e+45
6.827575507596264021e+45
8.180576837616280330e+45
9.821319057503692040e+45
1.181474422315006985e+46
1.424123361227962900e+46
1.720045293252392935e+46
2.081619650653675483e+46
2.524250020810288406e+46
3.067136841474363784e+46
