9.873889007343938928e-01
9.879120758255830470e-01
9.883948700623712558e-01
9.888454494951280926e-01
9.892707145883569142e-01
9.896763501228340587e-01
9.900668967751727889e-01
9.904458385664957065e-01
9.908157011192253449e-01
9.911781563763139014e-01
9.915341301032616350e-01
9.918839090972492167e-01
9.922272455723151197e-01
9.925634566604156772e-01
9.928915173687364870e-01
9.932101456585463728e-01
9.935178785524482192e-01
9.938131383331980651e-01
9.940942879560223933e-01
9.943596747389721324e-01
9.946076612053408317e-01
9.948366415830853793e-01
9.950450418696419330e-01
9.952313004591690770e-01
9.953938249761310475e-01
9.955309189712502338e-01
9.956406692159566196e-01
9.957207800179611601e-01
9.957683345534124042e-01
9.957794535184014695e-01
9.957488065918730369e-01
9.956689092241324257e-01
9.955291010262043994e-01
9.953140438341893104e-01
9.950014822026579386e-01
9.945588495661051853e-01
9.939380300332156803e-01
9.930671054142107268e-01
9.918370485656096136e-01
9.900797045856705170e-01
9.875302778132841741e-01
9.837612941857777349e-01
9.780620147815649590e-01
9.692091684852696121e-01
9.550118640519126290e-01
9.313695216068583749e-01
8.902640174283786845e-01
8.155752037891293993e-01
6.762704105255635811e-01
4.309207146045176406e-01
1.207232769415571422e-01
4.098606792151621506e-03
1.589207685440789386e-01
3.626742877415337629e-01
5.139766349980571247e-01
6.145522754196686144e-01
6.814843990270252894e-01
7.273144582471534614e-01
7.597140574184774175e-01
7.832971812406749335e-01
8.009515056440957848e-01
8.124109195658594240e-01
8.238723714952018717e-01
8.318939249596598584e-01
8.380995907936547029e-01
8.429307415721242203e-01
8.466820260260184972e-01
8.495676180685847179e-01
8.517482007964575219e-01
8.533468391842315981e-01
8.544593553989022761e-01
8.551614278841322969e-01
8.555135858629481227e-01
8.555647968545281312e-01
8.553550880881769514e-01
8.549174906651848538e-01
8.542795006272553282e-01
8.534641901288370081e-01
8.524910616821468334e-01
8.513767113623887939e-01
8.501353483120739352e-01
8.487792049843146946e-01
8.473188634709080125e-01
8.457635167680910282e-01
8.441211791422054134e-01
8.423988563322080125e-01
8.406026837999374113e-01
8.387380393580584625e-01
8.368096350928105887e-01
8.348215924306330304e-01
8.327775033829345475e-01
8.306804803823230055e-01
8.285331966468640896e-01
8.263379186494831385e-01
8.240965320043646125e-01
8.218105619011825125e-01
8.194811891240394441e-01
8.171092627005840381e-01
8.146953103802209162e-01
8.122395485334003018e-01
8.097418938876276284e-01
8.072019811823651914e-01
8.046191942583252876e-01
8.019927254808242312e-01
7.993216953241071288e-01
7.966054059799078102e-01
7.938439180429371911e-01
7.910394928647469515e-01
7.882006279131545945e-01
7.853521588496898964e-01
7.819342124540229477e-01
7.770654569860977467e-01
7.751425825459810071e-01
7.720976374918488983e-01
7.688243114595332273e-01
7.654061317773657169e-01
7.618573180864322003e-01
7.581760803661600212e-01
7.543546529726570249e-01
7.503820582911195913e-01
7.462450175753262416e-01
7.419282571434345774e-01
7.374145851755581349e-01
7.326848825415299693e-01
7.277180887206043947e-01
7.224912711665898435e-01
7.169799472913216398e-01
7.111590917890108221e-01
7.050061879405895571e-01
6.985118268675243325e-01
6.917317221739389677e-01
6.854360726954134009e-01
6.740343208178011247e-01
6.668735638851150949e-01
6.591814142303998869e-01
6.272267997611684631e-01
6.329980798495572492e-01
6.220976991019461222e-01
6.094592851203102235e-01
5.954564938896180770e-01
5.800642096858438235e-01
5.631718825903208048e-01
5.446333185890385176e-01
5.242806874359171587e-01
5.019314119993547596e-01
4.773944172312824530e-01
4.503980794974788426e-01
4.210209231252901585e-01
3.888667489800972099e-01
3.539509643532807726e-01
3.163114924691502461e-01
2.761555556530965183e-01
2.339345735561899620e-01
1.904318458248738799e-01
1.468516187010511509e-01
1.048862878596288767e-01
6.672448973557494611e-02
3.495342115969970326e-02
1.231601872070589229e-02
1.320345516885913957e-03
3.764993620355184221e-03
2.031413515765485150e-02
5.027989218357514084e-02
9.171142171509884256e-02
1.417682804036940747e-01
1.972425186232097671e-01
2.550573402589981775e-01
3.126179861242560087e-01
3.679756898753259176e-01
4.198347857237531011e-01
4.674629802064841910e-01
5.105619673971703021e-01
5.491376082430416972e-01
5.833898495451393940e-01
6.136287750885129899e-01
6.402154571243823256e-01
6.635230502024176413e-01
6.839129620951435173e-01
7.017215449219792456e-01
7.172537422173423938e-01
7.307810897032137598e-01
7.425421775367125887e-01
7.527432351763654328e-01
7.615081270240976474e-01
7.691849546494613499e-01
7.757074169879242254e-01
7.812586998535212546e-01
7.859435939190465570e-01
7.898633886563329876e-01
7.931470436850680539e-01
7.944095425575344871e-01
7.969419256294840714e-01
7.983448245112837460e-01
7.991645150880667403e-01
7.994887958087423252e-01
7.993860198840041509e-01
7.989669504556484725e-01
7.984893618285467953e-01
7.818704395793304451e-01
7.908307001782526324e-01
