9.840601612498055539e-01
9.845681428573406224e-01
9.850316547642036236e-01
9.854511126589076131e-01
9.858280267178149980e-01
9.861647568713477474e-01
9.864642949661698301e-01
9.867300735952382329e-01
9.869658007823510770e-01
9.871753192717022118e-01
9.873624888598728777e-01
9.875310899945737297e-01
9.876847467407103842e-01
9.878268671572677517e-01
9.879605991273061605e-01
9.880887997289680147e-01
9.882140163101339470e-01
9.883384775322536786e-01
9.884640927679658740e-01
9.885924583657464959e-01
9.887248694324684006e-01
9.888623359212166397e-01
9.890056019479477323e-01
9.891551673930603084e-01
9.893113109693674190e-01
9.894741140565987969e-01
9.896434847124917500e-01
9.898191813713086429e-01
9.900008358328177271e-01
9.901879752267019885e-01
9.903800427108299109e-01
9.905764167260288078e-01
9.907764286871119097e-01
9.909793790366380195e-01
9.911845516304951254e-01
9.913912264576653088e-01
9.915986907257818839e-01
9.918062483661356232e-01
9.920132280306386274e-01
9.922189896664359576e-01
9.924229297644212577e-01
9.926244853841555971e-01
9.928231370622931928e-01
9.930184107129567117e-01
9.932098786279806024e-01
9.933971596838857554e-01
9.935799188582208341e-01
9.937578661543738923e-01
9.939307550285360060e-01
9.940983804074097208e-01
9.942605763783451955e-01
9.944172136287403596e-01
9.945681967036530402e-01
9.947134611455212827e-01
9.948529705729427519e-01
9.949867137498101810e-01
9.951147016899083431e-01
9.952369648367173083e-01
9.953535503530327455e-01
9.954645195496074628e-01
9.955699454778630386e-01
9.956699107071468324e-01
9.957645053028506554e-01
9.958538250184284513e-01
9.959379697101853335e-01
9.960170419813106912e-01
9.960911460574964904e-01
9.961603868943542661e-01
9.962248695131274978e-01
9.962846985585255277e-01
9.963399780686627016e-01
9.963908114432759033e-01
9.964373015921206278e-01
9.964795512391583232e-01
9.965176633512744520e-01
9.965517416508763437e-01
9.965818911590721418e-01
9.966082187004160486e-01
9.966308332767986888e-01
9.966498461888543270e-01
9.966653707417840735e-01
9.966775213154190904e-01
9.966864114998016388e-01
9.966921508881985137e-01
9.966948399656219149e-01
9.966945623130174514e-01
9.966913730377310321e-01
9.966852818948390702e-01
9.966762289161870125e-01
9.966640494146946638e-01
9.966484238205293167e-01
9.966288056884590185e-01
9.966043179870713864e-01
9.965736027924754215e-01
9.965346016700689091e-01
9.964842314897288666e-01
9.964178999717441254e-01
9.963287711826863680e-01
9.962066330341279308e-01
9.960361168887579275e-01
9.957938353078407134e-01
9.954436603684125862e-01
9.949286989555738980e-01
9.941571739199633884e-01
9.929765563752409596e-01
9.911238532783964716e-01
9.881244747003177231e-01
9.830718938234891402e-01
9.741058158228587116e-01
9.570436169550263772e-01
9.213247926009505706e-01
8.363773938280993914e-01
6.067510395151248792e-01
1.157914404082753673e-01
1.376611788164839034e-01
5.208963495369761665e-01
7.166856869261408747e-01
8.085751571372207236e-01
8.570874277974738220e-01
8.855895359830426861e-01
9.037371803844261864e-01
9.159991907258918653e-01
9.246589795985413751e-01
9.309809225262886123e-01
9.357121181181035086e-01
9.393180624816181989e-01
9.421018063848058954e-01
9.442680363923966480e-01
9.459593794945032608e-01
9.472779044774071178e-01
9.482983513591062286e-01
9.490765450271350101e-01
9.496549029425294108e-01
9.500661331497148865e-01
9.503357732563115778e-01
9.504839682213450658e-01
9.505267367172293147e-01
9.504768865945345535e-01
9.503446847706156220e-01
9.501383518601379530e-01
9.498644291197611000e-01
9.495280500969106585e-01
9.491331388801863556e-01
9.486825492005923621e-01
9.481781525381574038e-01
9.476208777787638038e-01
9.470106986947657290e-01
9.463465569644721187e-01
9.456261947431336967e-01
9.448458462636883937e-01
9.439996901975373778e-01
9.430788644587478897e-01
9.420696186266297456e-01
9.409496179425652640e-01
9.396798578973778460e-01
9.381846652393917019e-01
9.362927342963589528e-01
9.335084096655331676e-01
9.275248189629771156e-01
8.481483415961582617e-01
9.466101289736723601e-01
9.393650019806272233e-01
9.360305124640150298e-01
9.335794680436378945e-01
9.314205188790259937e-01
9.293559948742885490e-01
9.272984143468743223e-01
9.252008652173627778e-01
9.230340471685785086e-01
9.207771336420935704e-01
9.184136058112611911e-01
9.159291337538310041e-01
9.133103852137048895e-01
9.105442818676481309e-01
9.076174767053245551e-01
9.045159358360980173e-01
9.012245585631484257e-01
8.977267936782699076e-01
8.940042213118883918e-01
8.900360743806049468e-01
8.857986744940745671e-01
8.812647553861892025e-01
8.764026430413496271e-01
8.711752557895537930e-01
8.655388795720887485e-01
8.594416629403874852e-01
8.528217625474870944e-01
8.456050520531271930e-01
8.377022841292200983e-01
8.290055638001705418e-01
8.193839426561798644e-01
8.086778325838442916e-01
7.966914170560724928e-01
7.831757972352639818e-01
7.669225895113895852e-01
7.504159278204531880e-01
7.303571273418659748e-01
7.071529149468999131e-01
6.801626859055057706e-01
6.486089806287823611e-01
