7.031854816764527838e-01
7.283295390018782456e-01
7.521498079497886957e-01
7.748003929521550814e-01
7.963891512510857806e-01
8.169840947096255190e-01
8.366199498014816882e-01
8.553046728378358443e-01
8.730257608497742350e-01
8.897562259406819329e-01
9.054601218042066524e-01
9.200975306473214710e-01
9.336289394800769692e-01
9.460189574113713196e-01
9.572393499463214273e-01
9.672713914212873743e-01
9.761075614853378379e-01
9.837526348449336933e-01
9.902242345088463349e-01
9.955529371631658409e-01
9.997820354163976520e-01
1.002967076680721048e+00
1.005175314803855358e+00
1.006485232347574588e+00
1.006986325492421619e+00
1.006779401488051784e+00
1.005977740342566484e+00
1.004709653363855537e+00
1.003123293945960004e+00
1.001395146949345838e+00
9.997445849209191104e-01
9.984581804601199151e-01
9.979270776715490898e-01
9.986818056743860250e-01
1.001232622685626739e+00
1.003701610682296019e+00
9.632746527651333546e-01
3.812043101645933019e-02
6.220285907175675533e-01
7.856485361074290186e-01
8.320157663627059108e-01
8.504877186238759545e-01
8.587014640181419578e-01
8.621830257070609571e-01
8.631832899007781945e-01
8.627860468546235673e-01
8.615772671480549372e-01
8.599016925380500442e-01
8.579753777593042141e-01
8.559403173010068366e-01
8.538931523898232179e-01
8.519012542642493413e-01
8.500122211143567030e-01
8.482597341089762599e-01
8.466672969800591586e-01
8.452506877221455106e-01
8.440195909282893760e-01
8.429786835814506718e-01
8.421283354764795837e-01
8.414650181945734220e-01
8.409814729704067071e-01
8.406666562716557101e-01
8.405054551706002686e-01
8.404781370854838007e-01
8.405594646615777155e-01
8.407173592498506931e-01
8.409109244786532322e-01
8.410875257927415971e-01
8.411784281514576023e-01
8.410921572157497028e-01
8.407041406496208458e-01
8.398400395886030934e-01
8.382479172508836562e-01
8.355496787273437587e-01
8.311517691615457615e-01
8.240701956473355239e-01
8.125600553013274663e-01
7.932522132106153423e-01
7.588864204520061607e-01
6.914414625061469089e-01
5.386625205305806130e-01
1.746025101068751084e-01
1.639268867351255099e-01
7.259766037653458959e-01
8.929675552591851417e-01
9.322683715580153407e-01
9.311710910059487478e-01
8.951257718463355717e-01
7.767447832100173866e-01
4.060131474299249477e-01
9.750910068100155509e-03
4.048517663662656862e-01
6.766197524107812056e-01
7.965453706137461953e-01
8.572408903511637979e-01
8.927856061305696755e-01
9.160548801760054483e-01
9.326013593381433653e-01
9.451114555863906475e-01
9.550073382251565990e-01
9.630962279504370338e-01
9.698617411694744339e-01
9.756060269038301369e-01
9.805240663836704007e-01
9.847448151706765795e-01
9.883551221976322188e-01
9.914142278845027301e-01
9.939628745376807295e-01
9.960292134802973818e-01
9.976327408087055648e-01
9.987869813462362245e-01
9.995013541963283510e-01
9.997824879860126579e-01
9.996351554615269253e-01
9.990629368449752690e-01
9.980686834878409464e-01
9.966548289057151067e-01
9.948235780070076029e-01
9.925769940709949779e-01
9.899169947998697205e-01
9.868452622499952476e-01
9.833630656820998572e-01
9.794709905754735990e-01
9.751685604553804732e-01
9.704537298890251185e-01
9.653222158175835954e-01
9.597666185597346633e-01
9.537752606481953999e-01
9.473306368089792207e-01
9.404073146904061709e-01
9.329690411820976692e-01
9.249646719426234398e-01
9.163223134470909192e-01
9.069406753466856541e-01
8.966759364562844059e-01
8.853211479924257832e-01
8.725727352982353136e-01
8.579736801591949513e-01
8.408123036918589976e-01
8.199311638792168289e-01
7.933401911507266258e-01
7.573646333730624791e-01
7.045689677945330409e-01
6.181049702481036245e-01
4.555762801019341834e-01
1.393440417680561760e-01
1.730524081540742165e-01
8.077887982618053853e-01
9.630320602621790238e-01
9.781566363920207730e-01
9.683780219160532665e-01
9.547634662855167820e-01
9.416314358750433877e-01
9.298242348227550025e-01
9.193749613660101572e-01
9.101386063545919836e-01
9.019538957047371630e-01
8.946827407758696227e-01
8.882159858286634568e-01
8.824703380045048062e-01
8.773837388529648340e-01
8.729112073595243215e-01
8.690215908802322309e-01
8.656951952979551335e-01
8.629221586681756762e-01
8.607014360115551321e-01
8.590402962315738522e-01
8.579542705258860202e-01
8.574675292760229883e-01
8.576137021717670228e-01
8.584371981152725262e-01
8.599951334837204753e-01
8.623600493688670099e-01
8.656237068957500780e-01
8.699024244679937068e-01
8.753447197863797324e-01
8.821425634662001247e-01
8.905486098676600459e-01
9.009039950516997131e-01
9.136863797407592802e-01
9.296006301321331211e-01
9.497684958816828837e-01
9.761543292231553703e-01
1.012076604644422062e+00
1.030077893213641627e+00
3.520365330808717386e-01
8.529508959706952886e-01
8.992668843146339741e-01
7.993005178030709867e-01
4.818674315117494333e-01
1.000273079893400224e-01
9.217608382513391152e-03
1.109055183206505840e-01
2.345288527175252991e-01
3.359763939785838094e-01
4.146689604715254607e-01
4.765816770053818985e-01
5.268498599907118773e-01
5.690635627243237904e-01
6.056279273692987131e-01
