9.988631654983104458e-01
9.991942788436291023e-01
9.994533579407546275e-01
9.996371903929784919e-01
9.997432484477377646e-01
9.997696356252693262e-01
9.997150347270529203e-01
9.995786589795384591e-01
9.993602076501688636e-01
9.990598271141087894e-01
9.986780780402692015e-01
9.982159090963088621e-01
9.976746373508347254e-01
9.970559353613944742e-01
9.963618247831598218e-01
9.955946762111846926e-01
9.947572148700195571e-01
9.938525316914905705e-01
9.928840992686477351e-01
9.918557921359293372e-01
9.907719108054735546e-01
9.896372089785534509e-01
9.884569233504044705e-01
9.872368054317942621e-01
9.859831548202339091e-01
9.847028533621922097e-01
9.834033996546048817e-01
9.820929433326964775e-01
9.807803185792668410e-01
9.794750762591321047e-01
9.781875140270123170e-01
9.769287036646444600e-01
9.757105147638471809e-01
9.745456336643550932e-01
9.734475762615415473e-01
9.724306928826023100e-01
9.715101628525287802e-01
9.707019755714578757e-01
9.700228938274307877e-01
9.694903935591672184e-01
9.691225722133740561e-01
9.689380149944927245e-01
9.689556043853495559e-01
9.691942529014168084e-01
9.696725315322631822e-01
9.704081558707710053e-01
9.714172773119599258e-01
9.727135061707815611e-01
9.743065645962717403e-01
9.762004261071979272e-01
9.783907401842513174e-01
9.808612570715359302e-01
9.835788489776098320e-01
9.864865540850240588e-01
9.894938285063646921e-01
9.924628518603137994e-01
9.951892636505547118e-01
9.973750839951982528e-01
9.985907982114454740e-01
9.982227623929302851e-01
9.954015706452187251e-01
9.889077547265834323e-01
9.770553491251681155e-01
9.575659904704718617e-01
9.274744980991521670e-01
8.831624439407018690e-01
8.207035390603253378e-01
7.367881450098284768e-01
6.304338743591241245e-01
5.052225258978348954e-01
3.708348986815263038e-01
2.419637225430521787e-01
1.338735090688830953e-01
5.689747531899174565e-02
1.361423399710567049e-02
5.571054670070163642e-05
9.152876841114753262e-03
3.290205552958756080e-02
6.588752661449240322e-02
1.033894894320435270e-01
1.425451257895958002e-01
1.816071488995714134e-01
2.195955278375055220e-01
2.560213860244372475e-01
2.906951606355261952e-01
3.236011534939682299e-01
3.548185452260032569e-01
3.844730418977517772e-01
4.127080311102690469e-01
4.396678923368264047e-01
4.654887591877548969e-01
4.902937874967280285e-01
5.141911077234655458e-01
5.372733468208930052e-01
5.596180437384594697e-01
5.812885534125467046e-01
6.023351998845083433e-01
6.227965399349147946e-01
6.427006591326870355e-01
6.620664578586012983e-01
6.809049052202050811e-01
6.992202497709215647e-01
7.170111812993685829e-01
7.342719400054187329e-01
7.509933696190385088e-01
7.671639103930066872e-01
7.827705270232425683e-01
7.977995657958696363e-01
8.122375348591481803e-01
8.260718015827103189e-01
8.392912015285011185e-01
8.518865545855247579e-01
8.638510852260486983e-01
8.751807454841280531e-01
8.858744409326283487e-01
8.959341612886505546e-01
9.053650175717867787e-01
9.141751849502842697e-01
9.223757375458521146e-01
9.299803079737835043e-01
9.370042284775377261e-01
9.434604889452093968e-01
9.492543500464956097e-01
9.548878085354314260e-01
9.597881044727878397e-01
9.642420360000343305e-01
9.682608316981740071e-01
9.718686072765162498e-01
9.750913109533534406e-01
9.779551827259526098e-01
9.804862008500523363e-01
9.827097457201724451e-01
9.846503387715370703e-01
9.863314164927872163e-01
9.877751218412662571e-01
9.890020990659023070e-01
9.900312746632479177e-01
9.908795977339353023e-01
9.915616927344039766e-01
9.920893326985668059e-01
9.924705319092459455e-01
9.927077582051075932e-01
9.927938102952887922e-01
9.927001454735011610e-01
9.923322158152064754e-01
9.912354725102245911e-01
9.760559843579763584e-01
9.940755720203194867e-01
9.925708750957062954e-01
9.913469726747713429e-01
9.899458438908793623e-01
9.881606541132201826e-01
9.857800006759930289e-01
9.825080296329060658e-01
9.778828037201409140e-01
9.711377465090689221e-01
9.609284009596467113e-01
9.447459209268943559e-01
9.175516225574407159e-01
8.683255931108017078e-01
7.709271464241044258e-01
5.653908930916680120e-01
2.129664177534192349e-01
5.480198350251837963e-02
2.992168109717933677e-01
5.707387143351629888e-01
7.294258105822801763e-01
8.162828315331982498e-01
8.667576267255747702e-01
8.983037468802032022e-01
9.193073574518138003e-01
9.339053614428008965e-01
9.448512606130172742e-01
9.532239871856316160e-01
9.596940524673106543e-01
9.648965010642126527e-01
9.691738751236582683e-01
9.727563497233928658e-01
9.758038006136415810e-01
9.784296854879704908e-01
9.807158023155160276e-01
9.827217376762649170e-01
9.844910689322629027e-01
9.860555118035839728e-01
9.874377245666947633e-01
9.886532021816820670e-01
9.897115263869417090e-01
9.906171342418255144e-01
9.913697084825442429e-01
9.919643024507940332e-01
9.923916445936288300e-01
9.926425679113233258e-01
9.920107710644485710e-01
9.923538262649376218e-01
9.918222307397080995e-01
9.908845070834199076e-01
9.894172054814689421e-01
9.872155378900612233e-01
9.839388742728805148e-01
9.789936734421771369e-01
