1.010616577226818968e+00
1.037711774369394879e+00
1.059541163397465402e+00
1.075707300680424305e+00
1.085659465406227486e+00
1.088565384185190332e+00
1.083144730262509237e+00
1.067459477323969175e+00
1.038675604571389854e+00
9.928664901046216906e-01
9.250584345025953947e-01
8.299582798693527774e-01
7.040700110947323287e-01
5.497038062846945072e-01
3.796446731201945646e-01
2.179410526373384560e-01
9.197673616850005063e-02
1.919639626640149907e-02
6.356704323255685371e-05
2.247265966195419531e-02
7.083574557433397478e-02
1.322012588998939531e-01
1.979855526984695135e-01
2.633159107617819572e-01
3.257958056390904966e-01
3.844706077850579273e-01
4.391435668642392764e-01
4.899747006415139938e-01
5.372686851226262661e-01
5.814513268105087063e-01
6.220003510821530135e-01
6.605334045742604632e-01
6.964024572578715322e-01
7.298760381731795865e-01
7.610755433035226725e-01
7.900836269298890935e-01
8.169602569973050121e-01
8.417517849603232127e-01
8.644978098343027995e-01
8.852365597145780418e-01
9.040090058840989373e-01
9.208618445794415353e-01
9.358494724094233996e-01
9.490350839667184291e-01
9.604910226275363838e-01
9.702985154393082290e-01
9.785469198769568555e-01
9.853326041504378852e-01
9.907575739383549518e-01
9.949279473517588235e-01
9.979523672120305111e-01
9.999404263425446526e-01
1.001001172610469725e+00
1.001241235702809096e+00
1.000765799220744379e+00
9.996734363061872131e-01
9.980591021468938617e-01
9.960116530459632855e-01
9.936136666839144871e-01
9.909411184332963529e-01
9.880632101753307195e-01
9.850423380706146981e-01
9.819341812902280253e-01
9.787878930996267712e-01
9.756463761601197326e-01
9.725466250826602099e-01
9.695201210153184812e-01
9.665932655121316497e-01
9.637878451225198040e-01
9.611215294761461525e-01
9.586084628869400159e-01
9.562606756258733576e-01
9.540595466733789998e-01
9.520740965807084066e-01
9.502559134730251822e-01
9.486212039567151200e-01
9.471726198731073021e-01
9.459121424708907266e-01
9.448420416405409750e-01
9.439656105543329234e-01
9.432879921265591161e-01
9.428172107369104937e-01
9.425655420890385328e-01
9.425514276910215150e-01
9.428022778011079241e-01
9.433587588473135721e-01
9.442816382141572262e-01
9.456631953910541455e-01
9.476471351140368649e-01
9.504657627863239977e-01
9.544364355947487777e-01
9.603136229614515074e-01
9.685583196246784210e-01
9.710250847696130228e-01
5.945923540546386166e-01
3.522643023680651075e-01
7.799639404207349136e-01
8.526066415817109556e-01
8.775953344435066805e-01
8.903743416986152903e-01
8.982917320014972562e-01
9.038245152764303736e-01
9.080432841240307917e-01
9.114891956160641184e-01
9.144682196792385254e-01
9.171693592224455793e-01
9.197183958585380958e-01
9.221954979737277958e-01
9.247020182343324013e-01
9.272704162956401097e-01
9.299517867275433058e-01
9.327847665305604163e-01
9.351643971202489025e-01
9.394471377616079311e-01
9.431544135945701957e-01
9.473420378594943347e-01
9.520784328300893051e-01
9.574495702211398562e-01
9.634814040652676104e-01
9.699148951322550394e-01
9.753332264685858899e-01
9.732027402002021432e-01
9.290859479285508149e-01
6.292724307012778073e-01
1.982443020366176853e-02
3.827067254293651244e-01
6.143361282748188712e-01
7.122963244822790863e-01
7.608602572190655833e-01
7.875524102441984198e-01
8.025227263198437822e-01
8.100378429933822177e-01
8.119636941299791522e-01
8.089788446842617331e-01
8.010231703723712515e-01
7.874318405035444224e-01
7.669007026197064425e-01
7.373296545514648193e-01
6.955698169984896317e-01
6.371632101294497641e-01
5.564255117937426665e-01
4.479489601140655419e-01
3.118921126727675075e-01
1.650669396616967766e-01
5.024033615069714576e-02
1.961356423425033094e-02
8.858688602267528189e-02
2.174990139702857039e-01
3.536767262158969638e-01
4.688733879570370910e-01
5.574467884735911927e-01
6.230929718095473691e-01
6.712223026088657285e-01
7.065061436274577833e-01
7.324022790806952177e-01
7.513936994126189095e-01
7.652363084014986994e-01
7.751801453973105049e-01
7.821251959334346582e-01
7.866940484229500985e-01
7.895705916591044815e-01
7.908743285874462181e-01
7.910227301273233813e-01
7.902327873498217192e-01
7.886829021243421112e-01
7.865191104550877110e-01
7.838584036610729555e-01
7.807979014970137799e-01
7.771167449299124508e-01
7.736694691013529246e-01
7.697544212758519189e-01
7.656136313321119102e-01
7.612600186531760516e-01
7.566877787117367582e-01
7.518759962804212327e-01
7.467901702885304527e-01
7.413606805715182713e-01
7.355608202483634450e-01
7.292830892180846014e-01
7.224389122192894641e-01
7.149212134371961680e-01
7.066098749650073785e-01
6.973732333361339908e-01
6.870697652183546111e-01
6.755502061941099923e-01
6.626601843297565964e-01
6.482434215614620854e-01
6.321455246640119707e-01
6.142182643206104409e-01
5.943233654372448438e-01
5.723180776504470657e-01
5.482469586118582372e-01
5.218582786047941680e-01
4.932225999836888364e-01
4.623676308059606055e-01
4.293844429244272343e-01
3.944365169545830940e-01
3.577703669809059739e-01
3.197269160772039931e-01
2.807528627639462870e-01
