1.079419234432039021e+00
1.098118842602083367e+00
1.108888353535929738e+00
1.112497306679858688e+00
1.109837630278840859e+00
1.101870894187452432e+00
1.089574320104664151e+00
1.073907959305847148e+00
1.055783030332875905e+00
1.036040807566629862e+00
1.015438624087973363e+00
9.946457352775424088e-01
9.741887506006889907e-01
9.546144226229001939e-01
9.362582220550157430e-01
9.194250403556009088e-01
9.043359101842860515e-01
8.911428224018265176e-01
8.799381597088768991e-01
8.707637764431148675e-01
8.636197100179321406e-01
8.584723488634333766e-01
8.552619169327169146e-01
8.539091830983649434e-01
8.543213447313435793e-01
8.563970659574179356e-01
8.600306735008296233e-01
8.651155286142140355e-01
8.715466015970333435e-01
8.792222364878840013e-01
8.880444329487959809e-01
8.978893876808755614e-01
9.088501513745587124e-01
9.207142981013879401e-01
9.316184557928867127e-01
9.463489239357535387e-01
9.612457596408287008e-01
9.792143435418756425e-01
8.557676235063981229e-01
9.778647969388265526e-01
9.933944762388635663e-01
1.001834056816151231e+00
1.004437449619647760e+00
9.993769127577918354e-01
9.834559576950718807e-01
9.522551030565017394e-01
9.003502326183344673e-01
8.218303256099918075e-01
7.140990785103581429e-01
5.780410096532538899e-01
4.245648404842288781e-01
2.729427680514098786e-01
1.449883921789221763e-01
5.602908786209568476e-02
9.899742513554594253e-03
8.535950846359090282e-04
1.891188488708771265e-02
5.427236507067564192e-02
9.931611310855884001e-02
1.488746045885333824e-01
1.997576486361173354e-01
2.501505581256359134e-01
2.991199256225155478e-01
3.462416858729503444e-01
3.914166587826138355e-01
4.346863655613348865e-01
4.761706150191763465e-01
5.160137118167984482e-01
5.543564315991926783e-01
5.913207242689753063e-01
6.270019756467372085e-01
6.614657466614739523e-01
6.947471824649632532e-01
7.268520472404907951e-01
7.577587902056770464e-01
7.874212995728633313e-01
8.157720945972670723e-01
8.427254690058738618e-01
8.681770785370225285e-01
8.916610521296541858e-01
9.142765636501571924e-01
9.346128205412090884e-01
9.530568301348042448e-01
9.695244203635415836e-01
9.839713511508095811e-01
9.964078487729222111e-01
1.006936032694230265e+00
1.015828118034991512e+00
1.023693398085949058e+00
1.031667743135330939e+00
1.034286061556015435e+00
7.817201915419930147e-02
8.727520613354984302e-01
9.218728075585750359e-01
9.245398487279182786e-01
9.106204497250935948e-01
8.936419733623005568e-01
8.661414589534159880e-01
8.293444368403063427e-01
7.798672646248678841e-01
7.108547678186006857e-01
6.087855847165232204e-01
4.473091940854622139e-01
1.951269583898770643e-01
1.101132234047325943e-02
4.175563051831094330e-01
8.391115495688751258e-01
9.684129260822751384e-01
9.886168622650647331e-01
9.773515665458956114e-01
9.570154950953754236e-01
9.343832886457970055e-01
9.116055633382244006e-01
8.893595669499867462e-01
8.677179483173425023e-01
8.465429113421260032e-01
8.255483579690229279e-01
8.043049398387519533e-01
7.821765291291905564e-01
7.581720333179787774e-01
7.306305367422158970e-01
6.965078918145787279e-01
6.495620344558069581e-01
5.749694950339199195e-01
4.304569084824864111e-01
1.058059151109194407e-01
4.671907691631154713e-01
9.675541672052105913e-01
9.629877101449432208e-01
9.312652265736037771e-01
9.070771712829056588e-01
8.903153063418639546e-01
8.790575817164283379e-01
8.719351935068501147e-01
8.680951441401304480e-01
8.670310794325255532e-01
8.685626862262437742e-01
8.718170787426069435e-01
8.778931212496318137e-01
8.862071516532863402e-01
8.969660317306863417e-01
9.101736285609229871e-01
9.263312950161376458e-01
9.448288633793351377e-01
9.642450865164883256e-01
9.788283548365031006e-01
9.682409828417273268e-01
8.636199531441669519e-01
5.101146718193141361e-01
6.088659676852542502e-02
4.581154553935787299e-02
2.174593001038536144e-01
3.641444022082289678e-01
4.688233314897369275e-01
5.447332843090562093e-01
6.018624129725498317e-01
6.500823344448837249e-01
6.892271538482106497e-01
7.236511843157769075e-01
7.548297028717280144e-01
7.837765371010295690e-01
8.111578968543324830e-01
8.373910020796592191e-01
8.625816082581498900e-01
8.869908399159428525e-01
9.102718218500864822e-01
9.320929398486694772e-01
9.518392977798496579e-01
9.686431403700577203e-01
9.815431131718268531e-01
9.903681611879693314e-01
9.841665350255039968e-01
6.578149003032682796e-01
7.943057703331521946e-01
7.154438530839464239e-01
5.677558031899045954e-01
3.516372343920126653e-01
8.977843958425463233e-02
1.257113569331367586e-01
7.140209977262242935e-01
2.386409623624633214e-01
2.933299318473850045e-02
1.053710525090437167e-02
8.640592219656380302e-02
2.026102073390373681e-01
3.287193287274233211e-01
4.493924944962659485e-01
5.575288237814864933e-01
6.506533909359961676e-01
7.284060341849395437e-01
7.914002747299424545e-01
8.406637601700990281e-01
8.773927001548983418e-01
9.028571339089518366e-01
9.183738828334055970e-01
9.253180401866351046e-01
9.249618148659647376e-01
9.189728012763993537e-01
9.087641039571748847e-01
8.957617870908595181e-01
