9.984688768028616712e-01
9.994532448417472459e-01
1.000270810040461367e+00
1.000923234524808025e+00
1.001414405129023466e+00
1.001749904127202884e+00
1.001936537115432957e+00
1.001981918482465206e+00
1.001894113584703927e+00
1.001681335708457299e+00
1.001351695116310836e+00
1.000912996895267248e+00
1.000372583929664660e+00
9.997372210737720533e-01
9.990130164772000887e-01
9.982053759985929364e-01
9.973189867037433043e-01
9.963578255713605447e-01
9.953251897064709919e-01
9.942237445699843024e-01
9.930555869721151563e-01
9.918223198253325323e-01
9.905251359128898203e-01
9.891649081879401173e-01
9.877422843747607484e-01
9.862577838916050110e-01
9.847118953532901786e-01
9.831051731366815538e-01
9.814383317047081778e-01
9.797123365811785112e-01
9.779284910513942330e-01
9.760885178306787369e-01
9.741946350971053548e-01
9.722496264221535123e-01
9.702569042605587724e-01
9.682205667725886089e-01
9.661454478544529989e-01
9.640371603414840118e-01
9.619021324291819885e-01
9.597476374255650144e-01
9.575818170078160829e-01
9.554136982046544935e-01
9.532532043648480613e-01
9.511111603995801023e-01
9.489992926015766717e-01
9.469302233463706697e-01
9.449174609661096236e-01
9.429753850536899407e-01
9.411192273981286993e-01
9.393650486670291899e-01
9.377297108285984617e-01
9.362308451367785667e-01
9.348868152693943223e-01
9.337166748958349860e-01
9.327401185256262162e-01
9.319774239170059982e-01
9.314493835493061757e-01
9.311772216103130217e-01
9.311824915117790091e-01
9.314869469688961123e-01
9.321123769441103102e-01
9.330803909416064412e-01
9.344121357820261986e-01
9.361279174065291198e-01
9.382466904470749824e-01
9.407853627644473526e-01
9.437578396707275719e-01
9.471736998123431173e-01
9.510363468084098715e-01
9.553404106996380429e-01
9.600680716679323989e-01
9.651838353970598749e-01
9.706271055353798971e-01
9.763017377983790324e-01
9.820620059433914362e-01
9.876972651239238621e-01
9.929392772782500431e-01
9.977498350622766576e-01
9.935703797962662787e-01
9.957738775946055609e-01
9.900387197689514140e-01
9.761473658966985933e-01
9.500388796075558417e-01
9.055930403187624211e-01
8.345439827173128933e-01
7.276255684046292194e-01
5.791374534877786751e-01
3.966920023112599503e-01
2.110240291586970574e-01
6.904786373236730668e-02
4.061982952854473715e-03
1.427400136526941685e-02
7.401306458900890062e-02
1.562000306894422708e-01
2.429605355043644443e-01
3.253297109908101503e-01
3.998902122029262540e-01
4.660016121925023014e-01
5.242055965637730797e-01
5.754369650925449386e-01
6.206741486506559546e-01
6.608033591644524307e-01
6.965792491950869580e-01
7.286259069739045025e-01
7.574525431266901920e-01
7.834727202022437886e-01
8.070226334569294835e-01
8.283769141755287224e-01
8.477616856398413336e-01
8.653650906221176387e-01
8.813456602782567817e-01
8.958389051309949558e-01
9.089624680385915978e-01
9.208201249289443835e-01
9.315048670154403299e-01
9.411012533609057762e-01
9.496871858622569773e-01
9.573352291801485725e-01
9.641135745575769578e-01
9.700867276027166364e-01
9.753159848960122336e-01
9.798597518827270036e-01
9.837737443070672105e-01
9.871111069705674756e-01
9.899224765206433574e-01
9.922560090492154039e-01
9.941573883147951651e-01
9.956698262395426990e-01
9.968340638246906416e-01
9.976883775989975334e-01
9.982685939078022042e-01
9.986081103251316371e-01
9.987379195878470783e-01
9.986866281005647439e-01
9.984804960121866912e-01
9.981443360967972023e-01
9.977480735362788122e-01
9.974900334412137859e-01
9.966584689737432168e-01
9.959878339144905279e-01
9.952985267446817774e-01
9.945920894254230982e-01
9.938782184480187132e-01
9.931671375271573510e-01
9.924684455958596718e-01
9.917908981530196844e-01
9.911424040971580363e-01
9.905300860766355076e-01
9.899603610525680164e-01
9.894390249175532004e-01
9.889713317883062071e-01
9.885620572082906010e-01
9.882155247075222748e-01
9.879355458762875131e-01
9.877251309337369278e-01
9.875854653339354305e-01
9.875117228839876971e-01
9.874652673415221793e-01
9.864551226797021455e-01
9.881084074166868181e-01
9.883453285562999735e-01
9.886808501170253338e-01
9.890561491960533358e-01
9.893719945357428713e-01
9.893991468154161861e-01
9.885431980920466044e-01
9.850543130004283388e-01
9.726489956990015395e-01
9.198137368979432127e-01
5.774479336132286589e-01
2.142889438532420976e-01
7.187004030538904908e-01
8.609660772417131458e-01
9.083398629314758388e-01
9.303353703877351721e-01
9.427258164404178631e-01
9.506198398723180176e-01
9.560968531841775864e-01
9.601425394952890491e-01
9.632773134586268826e-01
9.657987100313264461e-01
9.678874407434406857e-01
9.696585023337965792e-01
9.711877623833253814e-01
9.725266757453612243e-01
9.737108636174438558e-01
9.747653397930818864e-01
9.757078181425902219e-01
9.765508772369537738e-01
9.773034200333352572e-01
9.779716850781058346e-01
9.785599649234999475e-01
9.790711313768076796e-01
9.795070408711157306e-01
9.798689012219671257e-01
9.801577795673724891e-01
9.803759556097549899e-01
9.805337242353129312e-01
9.807623598813710597e-01
9.772545262326997051e-01
