4.644749020506487580e-02
9.533418052456120451e-02
1.395235824194341889e-01
1.763098290487952191e-01
2.065041058994823986e-01
2.315090908286623894e-01
2.525643676878355781e-01
2.706212168567774246e-01
2.863781330921450485e-01
3.003434871012751750e-01
3.128914896047663707e-01
3.243075975624338247e-01
3.348370807230735546e-01
3.446036224333207110e-01
3.528600214115770739e-01
3.616941857095866686e-01
3.699099372227324101e-01
3.777953691146937465e-01
3.854811938730284826e-01
3.930856476703553093e-01
4.007506967758345806e-01
4.084625131866991832e-01
4.148271169003637793e-01
4.229446157011104712e-01
4.360431977674341097e-01
4.445413803292795896e-01
4.553401058239505139e-01
4.676264106670659504e-01
4.818514259835076086e-01
4.986515918689049531e-01
5.190147999663490275e-01
5.445207509821460290e-01
5.778512731233841349e-01
6.238964492917861149e-01
6.921844880010514789e-01
8.002076034678662353e-01
9.269018921590332916e-01
4.208038238244086182e-01
7.183507567269960606e-03
1.240973323055733490e-01
2.212572717930877952e-01
2.883331914417247566e-01
3.348174081992383311e-01
3.727240495769186257e-01
4.043429453468823653e-01
4.322575416552307259e-01
4.578601609174775544e-01
4.820104416148786042e-01
5.052636845977156455e-01
5.279883071311761711e-01
5.504313056727700992e-01
5.727566899838024694e-01
5.950694972862665688e-01
6.174366403385572744e-01
6.396146634732470249e-01
6.622679737519430176e-01
6.847737144453006630e-01
7.072405818931344346e-01
7.296014118701258377e-01
7.517733633687800898e-01
7.736743572663882240e-01
7.952689300998697641e-01
8.168653730087356291e-01
6.690403816787563462e-01
8.522944627116851857e-01
8.712788611277623163e-01
8.885038233342131830e-01
9.043032460943690731e-01
9.186653357661069830e-01
9.315397287901487910e-01
9.428850312467969008e-01
9.526825928105274732e-01
9.609414440595069884e-01
9.676989025752408269e-01
9.730174030558568221e-01
9.769766614643473623e-01
9.796589466902999588e-01
9.811230304234428434e-01
9.813581466511556162e-01
9.802008041698008212e-01
9.771799933944491645e-01
9.712208686476584418e-01
9.600660368691354973e-01
9.391467429394265709e-01
8.994818974475717877e-01
8.077736807545746744e-01
6.848041813191628746e-01
4.680776321505952242e-01
2.057314568259291376e-01
4.521204003173736469e-02
1.671892289698110245e-03
4.471787548041758487e-02
1.134365101875725174e-01
1.792288646776163119e-01
2.342185546557500053e-01
2.783339734581157243e-01
3.136100762602662129e-01
3.422985338416884016e-01
3.663899861826525051e-01
3.875930929220843812e-01
4.074545774498902762e-01
4.275018108747739021e-01
4.499858022597486018e-01
4.768149551962313493e-01
5.156969233592626489e-01
5.737349174773461735e-01
6.813940621570609979e-01
9.145390529230319476e-01
3.221244045408825918e-01
4.853673812284679812e-02
1.957162120248552017e-01
3.289828798106340102e-01
6.333847872911433363e-01
1.013009149878896370e-01
8.470374693103074892e-02
1.506542957483993084e-01
1.865925376486423926e-01
2.094610799159161707e-01
2.255961876783820763e-01
2.377829127723721514e-01
2.472208917062490297e-01
2.554444854542424204e-01
2.628596398895285402e-01
2.690861310542680407e-01
2.747999584280199081e-01
2.801796803038468786e-01
2.853634382222284271e-01
2.904633408011412232e-01
2.955745215144877092e-01
3.007819814530526270e-01
3.061664110327742550e-01
3.118100759969010261e-01
3.178041287058256392e-01
3.242596297011894890e-01
3.313269896168995476e-01
3.392350957062142403e-01
3.483813968346621270e-01
3.595884278141754375e-01
3.747336000989908711e-01
4.010421278610971640e-01
4.950565539457471576e-01
2.024165175222605306e-01
3.249094462863144073e-01
3.554742892023584622e-01
3.742000955162426146e-01
3.894337621901161617e-01
4.034015175441914014e-01
4.169450831190725792e-01
4.304436454998214479e-01
4.440792401126162914e-01
4.579312457936411396e-01
4.720137055942064119e-01
4.862894071312622302e-01
5.006723311149486877e-01
5.150223237804419929e-01
5.291322650182476162e-01
5.427052740924451779e-01
5.553160216296650908e-01
5.663861324402142960e-01
5.748138459361303854e-01
5.792185994220127032e-01
5.768218531134864380e-01
5.621169073197349597e-01
5.180745231777280635e-01
4.333491718681135030e-01
2.064825911348269483e-01
2.027031151332572001e-01
9.626148537523004922e-01
9.867021078619321317e-01
9.581597403429904514e-01
9.318194159874054749e-01
9.069051474191461848e-01
8.781309173287540348e-01
8.389365400645167892e-01
7.800256933892621980e-01
6.749584722110670842e-01
3.073165369086250931e-01
2.756919354165844327e-01
6.402035237112005395e-02
1.158835516252600117e-02
1.169098841675126066e-01
2.613731286347650840e-01
3.788586597067321038e-01
4.643817381683725265e-01
5.282937637680732434e-01
5.805728238111417250e-01
6.310205682528345905e-01
6.901077390291421310e-01
7.638796735345646516e-01
7.256608870101206588e-01
8.897041063614341549e-02
1.167546065910396447e-01
2.345036702396405548e-01
3.005003464091575704e-01
3.391524066459916109e-01
3.635798081731754228e-01
3.798750817164410210e-01
3.908980563121607910e-01
3.987915454880709420e-01
4.051956361632815806e-01
