9.853171724710817481e-01
1.004645806288575693e+00
1.017201574021564081e+00
1.024807432687225850e+00
1.027566117346738528e+00
1.026227801657100924e+00
1.021474716813975503e+00
1.014005756026716831e+00
1.004512294462610811e+00
9.936602255382948057e-01
9.820774283374997804e-01
9.703458267898117384e-01
9.589970775213930709e-01
9.485083308707144001e-01
9.393339800157134434e-01
9.318186542699737895e-01
9.263154874496047908e-01
9.230971951943341969e-01
9.223284112004858093e-01
9.145530289517173061e-01
9.296597076909117741e-01
9.366980900980765856e-01
9.455377526369060925e-01
9.544504573215180088e-01
9.601144489275430516e-01
9.567526668703864035e-01
9.377046859938326095e-01
2.861659194834141329e-01
5.240136605787780733e-01
3.561227859849329103e-01
1.621550309684963997e-01
3.977857458744209901e-02
1.729484951693107666e-03
1.796095829212086478e-02
5.842954493887433237e-02
1.057693511665734054e-01
1.521791134506427501e-01
1.948254203291131248e-01
2.330738430427920782e-01
2.671563232688011769e-01
2.975886624677060999e-01
3.249324396142931892e-01
3.497065866323786354e-01
3.723615675030405581e-01
3.932783764138657601e-01
4.127762737665652826e-01
4.311226150170669458e-01
4.485421973362472836e-01
4.652252785813517089e-01
4.813341331690667579e-01
4.970082813914166175e-01
5.123686281021563316e-01
5.275208391420180831e-01
5.425587904096303982e-01
5.575750411137310181e-01
5.723533748013500677e-01
5.876478590673062108e-01
6.029258691049486085e-01
6.183830887679381272e-01
6.340609147719632466e-01
6.499872851396721884e-01
6.661805240644023129e-01
6.826496829824528767e-01
6.993943170888559102e-01
7.164040827690956181e-01
7.336582112439018477e-01
7.511246414003384109e-01
7.687564894256115888e-01
7.862220434670365021e-01
8.043742990503891521e-01
8.221517145604840815e-01
8.398367683417861107e-01
8.573147872131753333e-01
8.744811238944333320e-01
8.912201839910393053e-01
9.074091821521770296e-01
9.229196275760865875e-01
9.376189548833443466e-01
9.513721861341742914e-01
9.640434128071341258e-01
9.754967164812663460e-01
9.855955146265847899e-01
9.941944450622185458e-01
1.000812028834105583e+00
1.006562182205238187e+00
1.009834872134754979e+00
1.010996114942289914e+00
1.009733235042571620e+00
1.005584331816418597e+00
9.977590494329918736e-01
9.847895645294810762e-01
9.639633352659829901e-01
9.281036779456134367e-01
3.837490049232448741e-01
4.154495207281933555e-01
1.372238048247277076e-01
8.364418399027895301e-01
9.724005838556835091e-01
9.945764525545276458e-01
9.939037032782861436e-01
9.868029372498047236e-01
9.775368048991811554e-01
9.675496662536628989e-01
9.574509251014647893e-01
9.475586751331601665e-01
9.380776437528380862e-01
9.291658774905448004e-01
9.209629914409677154e-01
9.136040045368674090e-01
9.072276420897749105e-01
9.019827453311631826e-01
8.980344451085321422e-01
8.955709152841566656e-01
8.948110087845960736e-01
8.960123919820164318e-01
8.994782234247451491e-01
9.055564279515467829e-01
9.146161275082911324e-01
9.268052240650493934e-01
9.422649972648204919e-01
9.591854595002706763e-01
9.714609527370744457e-01
9.588053976883935681e-01
8.627144754390320136e-01
5.809700325397788578e-01
1.422369449867749158e-01
1.109399923127564122e-02
5.328247458072093296e-02
1.479588940352926374e-01
2.332746856714694172e-01
3.003362040534588995e-01
3.522735699441201795e-01
3.929067147801039162e-01
4.258492977803585711e-01
4.531586098955797670e-01
4.764354574149015087e-01
4.967929692286399690e-01
5.150253093484465916e-01
5.317107348627768681e-01
5.472787803444590926e-01
5.620546670794744903e-01
5.762882363787134032e-01
5.901170577589117672e-01
6.038990552917994359e-01
6.175532581033099655e-01
6.312612729902868924e-01
6.451136736539261340e-01
6.591867639085166042e-01
6.734393253090230624e-01
6.883037792688303513e-01
7.034279830092196040e-01
7.190095010362687056e-01
7.350836922617234315e-01
7.516791474592858791e-01
7.688120117017825939e-01
7.864790938061742009e-01
8.046384869087539471e-01
8.227845676342705472e-01
8.425200729304037628e-01
8.616504694852010759e-01
8.807030199812491134e-01
8.991915890820192381e-01
9.164096835157116150e-01
9.312687734678418705e-01
9.419745558166358057e-01
9.446976286292237956e-01
9.237009321934399608e-01
7.571214253740286004e-01
3.924141550855291261e-01
2.105918984958439766e-01
2.949857792867306011e-02
2.883090057036393448e-03
5.233799180733431783e-02
2.165206251127418657e-01
4.775801092618455757e-01
8.107691959314727859e-01
8.710107378697101721e-01
4.277006590807643990e-03
2.565000052420944310e-01
4.761991837151337559e-01
6.232100565293485772e-01
7.284042602649808407e-01
8.071248730098297131e-01
8.671819993317054776e-01
9.129622641357096891e-01
9.471572560070852242e-01
9.715653780209756452e-01
9.866510360279963088e-01
9.957096831678295956e-01
9.974448576884357154e-01
9.933155859033820922e-01
9.841068231444158876e-01
9.706146875991770173e-01
9.536573430813808372e-01
9.341010756906634738e-01
9.128581549392741357e-01
8.908889338548907633e-01
8.691994794224803256e-01
8.488361237469009835e-01
8.308757998623430563e-01
