8.195937851084256209e-01
8.146814821951043895e-01
8.080069786558969902e-01
8.001194685336003865e-01
7.915076142423281835e-01
7.825945391772143322e-01
7.737347919803266860e-01
7.652127923658660347e-01
7.572422840796788623e-01
7.499663152828415225e-01
7.434572317013411480e-01
7.377160896007560753e-01
7.326707526003440885e-01
7.281716958257807848e-01
7.239841582683912424e-01
7.197747291276973547e-01
7.150899311361407218e-01
7.093263233187385719e-01
7.017354236457740146e-01
6.893608864219512578e-01
6.747681111332957116e-01
6.521542345799299367e-01
6.189123140698106207e-01
5.700167597852646706e-01
4.984727333133989191e-01
3.965581139917806475e-01
2.632263285644282358e-01
1.255598424653953105e-01
5.875388365226300730e-02
1.269368599500044492e-01
2.863073684161054899e-01
4.484458182236687462e-01
5.728435993034748375e-01
6.583893033493735114e-01
7.144017896896975861e-01
7.490962286776846613e-01
7.670651228362418417e-01
7.686690581920793131e-01
8.184743625625469088e-01
8.098647734317451219e-01
8.090505317066339908e-01
8.096418867360721805e-01
8.082552092811520206e-01
8.085261959678440302e-01
8.048730969580336625e-01
7.997091895969032915e-01
7.931730665649979750e-01
7.854833557706736302e-01
7.768365240831541785e-01
7.673699387048051879e-01
7.555527409759440483e-01
7.472276239900677020e-01
7.362246044847293724e-01
7.249881699267020085e-01
7.135360353254105448e-01
7.019199429838369753e-01
6.901894437620128553e-01
6.783894569316207823e-01
6.665629545220692620e-01
6.547580500936699410e-01
6.430459296808272995e-01
6.315765685267706875e-01
6.208204495700778702e-01
6.136179491822653098e-01
5.690377597406358623e-01
5.738026279125991724e-01
5.644271422698196039e-01
5.527089003819289914e-01
5.403484711669733764e-01
5.275439299819781880e-01
5.143209308166432070e-01
5.006439709497881863e-01
4.864442682117988137e-01
4.716277420393161224e-01
4.560761582911896928e-01
4.396451119620153891e-01
4.221599524371253409e-01
4.034089447158709651e-01
3.828974283861658612e-01
3.610728257919059714e-01
3.368274165521288888e-01
3.099997124282601324e-01
2.801383090329176428e-01
2.467925950240686395e-01
2.096352883020725089e-01
1.687520098956479531e-01
1.252949353961216039e-01
8.287931963799193003e-02
5.031254267745920161e-02
4.619514512320849198e-02
1.145357626312646648e-01
1.759645461265304245e-01
3.739716645049462329e-01
5.638260423059852089e-01
7.017499267046258815e-01
7.759410231797753132e-01
8.049785395141194622e-01
8.454593094995153102e-01
8.715238696807811047e-01
8.999679974845653518e-01
9.282752377996331683e-01
9.374104919864019170e-01
9.337178997377324485e-01
9.246837032627620578e-01
9.143572933633919986e-01
9.045256022342332836e-01
8.958967764894263386e-01
8.887039660015244591e-01
8.829763014911866659e-01
8.786578061413271579e-01
8.756595232743218382e-01
8.738818725225304673e-01
8.732230330243160310e-01
8.735796455300043339e-01
8.748407165838532062e-01
8.768686617553663742e-01
8.792377201622931793e-01
8.820037348917031395e-01
8.824938180705087509e-01
8.608983816546641465e-01
3.887208971845433347e-01
8.844925654770489087e-01
9.057022296661573213e-01
9.158940489382538797e-01
9.242848677985525674e-01
9.322003215758826178e-01
9.399410498132210190e-01
9.475637043242547408e-01
9.550446195527799720e-01
9.623272984166522104e-01
9.693395795541146498e-01
9.760011109294601805e-01
9.822273133666205025e-01
9.879320141779110998e-01
9.930296158749090107e-01
9.974371347193699000e-01
1.001076073077393769e+00
1.003873422277363536e+00
1.005759112216924933e+00
1.006650358226097053e+00
1.006386615849580890e+00
1.004456506761016943e+00
9.986340212552906603e-01
9.741932211771044958e-01
7.889071379140261131e-01
6.960522620786636916e-02
6.330631096762467935e-01
7.392013066436660118e-01
8.040955912392634408e-01
8.174669151095579345e-01
8.001248295111930142e-01
7.750620373562968624e-01
7.423855450662799615e-01
7.004790643270166761e-01
6.462845231902769605e-01
5.758221083362440318e-01
4.938776980136731498e-01
4.017313267492536033e-01
2.927688239840772755e-01
1.705983183797930569e-01
5.811435037060171810e-02
7.917514159934052609e-03
8.349387444411572601e-02
2.852563730247721363e-01
5.275128667111117498e-01
7.250986036434624582e-01
8.542895745789709228e-01
9.251544119920992459e-01
9.575409240632412056e-01
9.664674925156521157e-01
9.688555165570708061e-01
9.681969063911346485e-01
9.611994243294308404e-01
9.516814097811626683e-01
9.404108158292908692e-01
9.277644012308317034e-01
9.138795677087844238e-01
8.985118878228941508e-01
8.731559741548414744e-01
8.689601871120513632e-01
8.496541813322314729e-01
8.291682434380120981e-01
8.063892369456081566e-01
7.801391611159557149e-01
7.484720427210458382e-01
7.047533797544482947e-01
6.410543593515306560e-01
5.170867015197260219e-01
1.974633000486714640e-01
6.102653031585462129e-01
9.087603009929926534e-01
9.049379048566258410e-01
9.596376643469523016e-01
4.281657194960152291e-01
6.172492864621641484e-01
6.151718140035433713e-01
4.846446411006991029e-01
6.973962519497566293e-01
6.786952391249079231e-01
6.765437985816101785e-01
