1.015668751804448044e+00
1.010907083721230171e+00
1.006243950071553206e+00
1.001799822364025871e+00
9.976679455739339009e-01
9.939170741878494697e-01
9.905942680039722115e-01
9.877276707173711090e-01
9.853292104397196605e-01
9.833971754222149420e-01
9.819186304807198118e-01
9.808716500877584510e-01
9.802273529412690589e-01
9.799517301897476829e-01
9.800072655353269102e-01
9.803543502985941904e-01
9.809525003464633075e-01
9.817613846953842094e-01
9.827416777286046567e-01
9.838557484213766857e-01
9.850682008627629216e-01
9.863462807852907410e-01
9.876601628559135149e-01
9.889831332149680021e-01
9.902916812438855576e-01
9.915655138522497802e-01
9.927875047532728203e-01
9.939435902837071568e-01
9.950226223576179585e-01
9.960161881504430159e-01
9.969184051162804927e-01
9.977256989655219899e-01
9.984365712881978494e-01
9.990513626084859267e-01
9.995720158114749232e-01
1.000001844093730607e+00
1.000345306863019035e+00
1.000607796345896361e+00
1.000795437058907611e+00
1.000914899753673870e+00
1.000973230958096316e+00
1.000977698798522830e+00
1.000935655396869128e+00
1.000854415784269369e+00
1.000741152949751855e+00
1.000602808339852157e+00
1.000446016824888318e+00
1.000277044835079732e+00
1.000101740016517304e+00
9.999254903294922947e-01
9.997531899569042091e-01
9.995892086382078823e-01
9.994373599789263540e-01
9.993008627466940519e-01
9.991822868904383093e-01
9.990834726124696585e-01
9.990054056457655651e-01
9.989480239146126817e-01
9.989099182987153380e-01
9.988878704542661913e-01
9.988761387485742826e-01
9.988653509143228248e-01
9.988407739553261111e-01
9.987795804280780176e-01
9.986464629329934173e-01
9.983864622036198178e-01
9.979129566252494810e-01
9.970869521169593019e-01
9.956800249617919762e-01
9.933045365377972669e-01
9.892699471349699625e-01
9.821970105506282467e-01
9.556954657860576852e-01
9.516555987748929191e-01
9.117968086043317655e-01
8.337743202352809746e-01
6.755570742391013850e-01
3.854509269610436051e-01
7.918228416938766223e-02
9.046424412685084848e-02
3.043344631787726629e-01
4.876481023390168978e-01
6.071905051740199566e-01
6.827973168402304838e-01
7.307004020165775993e-01
7.586876872204432187e-01
7.688859128008518340e-01
7.731141976379024561e-01
7.905762234694736490e-01
8.100684733616370092e-01
8.243953604823164305e-01
8.344472964201672394e-01
8.416546509543270105e-01
8.469335879456846294e-01
8.508406409821939187e-01
8.537287832193857229e-01
8.558342762421476957e-01
8.573230298462758414e-01
8.583162880642439818e-01
8.589056169237641036e-01
8.591621027137378297e-01
8.591422590859045805e-01
8.588919763615046055e-01
8.584492607878013715e-01
8.578462041075289868e-01
8.571104561811276890e-01
8.562663797534559862e-01
8.553360146541734155e-01
8.543399532089559489e-01
8.532982229967132071e-01
8.522312873867634586e-01
8.511613156163699845e-01
8.501139609078661730e-01
8.491210584045458809e-01
8.482250066013539147e-01
8.474863394749633239e-01
8.469976330574856549e-01
8.469104219772516373e-01
8.474841123537127929e-01
8.484799139828629322e-01
8.543200468392543323e-01
8.662206396759651872e-01
9.115124867927808516e-01
5.891092242087935249e-01
7.653503647816126687e-01
7.875161752838356621e-01
7.946557726862770732e-01
7.972564518335312211e-01
7.978506794164074156e-01
7.973482375937619437e-01
7.961518932879191324e-01
7.944637405100424266e-01
7.923931421754870641e-01
7.900015425308699601e-01
7.873233847802196816e-01
7.843767741012247496e-01
7.811692962776199955e-01
7.777013654833692113e-01
7.739682288924790710e-01
7.699611994155802774e-01
7.656684214457971649e-01
7.610753391848414928e-01
7.561649647973746058e-01
7.509180031784328246e-01
7.453128665002215492e-01
7.393255973404875281e-01
7.329297100948339860e-01
7.260959543774878622e-01
7.187920000235336060e-01
7.109820404704636498e-01
7.026263093949230987e-01
6.936805044130098796e-01
6.840951115067739341e-01
6.738146248872189936e-01
6.627766597410225113e-01
6.509109605240455121e-01
6.381383163502706291e-01
6.243694093359737352e-01
6.095036440239586240e-01
5.934280398053207728e-01
5.760163185034039568e-01
5.571283925318654129e-01
5.366105634839677396e-01
5.142968858300207557e-01
4.900123433217326574e-01
4.635787265318765948e-01
4.348243649805160760e-01
4.035990729081803674e-01
3.697955847080514058e-01
3.333777989393420516e-01
2.944128438743489062e-01
2.530948278367766147e-01
2.097303819974079553e-01
1.647398439315844731e-01
1.207854923654443219e-01
8.924801904263680863e-02
6.183093285176508025e-02
3.706804467460809993e-02
2.102460376253227972e-02
1.650662463451428932e-02
2.472126055470373965e-02
4.561900305491008861e-02
7.798900832242007530e-02
1.197216382248255800e-01
1.682294263526005473e-01
2.208958905896780678e-01
2.754162859297146215e-01
3.299582005413334573e-01
3.831577826703467804e-01
4.340319355555284919e-01
4.818960755172380650e-01
5.263397842410154626e-01
5.672792234258218214e-01
6.051369472605383493e-01
6.413518360910198668e-01
6.769100382950864470e-01
5.198922723276001578e-01
6.347643917172226535e-01
6.711111491368741966e-01
6.893796650828651895e-01
