9.782094952238724606e-01
9.754123034140149695e-01
9.735544474507192847e-01
9.725198387649557352e-01
9.721933629660374221e-01
9.724634004286465405e-01
9.732237880595805413e-01
9.743752866983973471e-01
9.758266170519158678e-01
9.774951243009329938e-01
9.793071278992826478e-01
9.811980088966181235e-01
9.831120825888080006e-01
9.850022996175001877e-01
9.868298139478989262e-01
9.885634515640318032e-01
9.901791093153951007e-01
9.916591091897873911e-01
9.929915294166300477e-01
9.941695302448566585e-01
9.951906890083087598e-01
9.960563561869986149e-01
9.967710415923833889e-01
9.973418375376039702e-01
9.977778838828722519e-01
9.980898781534732755e-01
9.982896324933268062e-01
9.983896780167945684e-01
9.984029161357790283e-01
9.983423156427335687e-01
9.982206537045091865e-01
9.980502984437451541e-01
9.978430304371921356e-01
9.976099002212781564e-01
9.973611187540191159e-01
9.971059777171890071e-01
9.968527965456925877e-01
9.966088931246888105e-01
9.963805751937298005e-01
9.961731496264594199e-01
9.959909469101314583e-01
9.958373583209143565e-01
9.957148834754956379e-01
9.956251861292955141e-01
9.955691562837342135e-01
9.955469768565352595e-01
9.955581933548441897e-01
9.956017851716453260e-01
9.956762372977645548e-01
9.957796114047003933e-01
9.959096154051270133e-01
9.960636707406689272e-01
9.962389767754420422e-01
9.964325717944234606e-01
9.966413902130167868e-01
9.968623157021311298e-01
9.970922300196479737e-01
9.973280574165237500e-01
9.975668045534410444e-01
9.978055959225934357e-01
9.980417048200775909e-01
9.982725799575024039e-01
9.984958678372020113e-01
9.987094310458050073e-01
9.989113626443212324e-01
9.990999968526028674e-01
9.992739162394596031e-01
9.994319556407020855e-01
9.995732030335052754e-01
9.996969975994044466e-01
9.998029252087567986e-01
9.998908115580544820e-01
9.999607131885933642e-01
1.000012906609260899e+00
1.000047875740347925e+00
1.000066297888024591e+00
1.000069028450453423e+00
1.000057084548837016e+00
1.000031627766148068e+00
9.999939461680764641e-01
9.999454357709188779e-01
9.998875816114806137e-01
9.998219385646901491e-01
9.997501120458033297e-01
9.996737387249939877e-01
9.995944673731721464e-01
9.995139399498963462e-01
9.994337730362038430e-01
9.993555397070218449e-01
9.992807519311367459e-01
9.992108435783719766e-01
9.991471541079377516e-01
9.990909130033837071e-01
9.990432250135370396e-01
9.990050562512104992e-01
9.989772211930869616e-01
9.989603706159099206e-01
9.989549804945204725e-01
9.989613418746973172e-01
9.989795517201791597e-01
9.990095047155095331e-01
9.990508859827759158e-01
9.991031646415374778e-01
9.991655880998535633e-01
9.992371769116685787e-01
9.993167199591519445e-01
9.994027696156507767e-01
9.994936363934557866e-01
9.995873823654174428e-01
9.996818123301997039e-01
9.997744612117720475e-01
9.998625754501750951e-01
9.999430849915924568e-01
1.000012560638491532e+00
1.000067148476017964e+00
1.000102467907261650e+00
1.000113450703842721e+00
1.000094081763297060e+00
1.000036970235659517e+00
9.999326149883592807e-01
9.997680893153993997e-01
9.995245475792465806e-01
9.991721376738420535e-01
9.986585642385220618e-01
9.978797516791492184e-01
9.965888189552539744e-01
9.940137680778253770e-01
9.859525228846791611e-01
7.143027983951865112e-01
1.008539426544456052e+00
1.004878403938366249e+00
1.002918260723104638e+00
1.001616199261381679e+00
1.000587555348882107e+00
9.996830487235462970e-01
9.988344699116349368e-01
9.980070947551592520e-01
9.971821609871424075e-01
9.963494327333697331e-01
9.955036857996432120e-01
9.946428994345493102e-01
9.937672588922543682e-01
9.928785704189432293e-01
9.919798972200185583e-01
9.910753182683232909e-01
9.901697567843510406e-01
9.892688481538913781e-01
9.883788293324136109e-01
9.875064386561458463e-01
9.866588189823766175e-01
9.858434195077203643e-01
9.850678931475610467e-01
9.843399873796681021e-01
9.836674271729154428e-01
9.830577891638968557e-01
9.825183666869143906e-01
9.820560256514536679e-01
9.816770516277523173e-01
9.813869888651850504e-01
9.811904723417627094e-01
9.810910543371458292e-01
9.810910274407422804e-01
9.811912463548745356e-01
9.813909513332146339e-01
9.816875966065219394e-01
9.820766876902851106e-01
9.825516320391872727e-01
9.831036081077275668e-01
9.837214584863688271e-01
9.843916134035723964e-01
9.850980514996672266e-01
9.858223053811079328e-01
9.865435200315640918e-01
9.872385726734818068e-01
9.878822631151853439e-01
9.884475839569667466e-01
9.889060802353928370e-01
9.892283081210079265e-01
9.893844021114217568e-01
9.893447597344837696e-01
9.890808520438664209e-01
9.885661670953911351e-01
9.877772920735041762e-01
9.866951377178857507e-01
9.853063060925700833e-01
9.836045994300197659e-01
9.815926636181838694e-01
9.792837546515313907e-01
9.767036096852862448e-01
9.738923956175279395e-01
9.709066963485476487e-01
9.678214831621695380e-01
9.647319876132286476e-01
9.617553563997848221e-01
9.590319004500997835e-01
9.567256311796846768e-01
9.550235555664625675e-01
9.541327740155436388e-01
9.542735658132597276e-01
9.556648517603317794e-01
