9.357476957440590271e-01
9.374504465917224971e-01
9.404939502286135955e-01
9.445907890660120154e-01
9.494734377651585788e-01
9.548969002048108834e-01
9.606404050828033503e-01
9.665082963563917939e-01
9.723302469911170309e-01
9.779609161744766688e-01
9.832791622356124028e-01
9.881869175644651948e-01
9.926078310628773105e-01
9.964857960382140778e-01
9.997835297015819078e-01
1.002481529694730034e+00
1.004578299542547848e+00
1.006095197038171074e+00
1.007104557176229820e+00
1.008003002280398519e+00
1.003654611109919603e+00
1.005204292461717497e+00
1.004229231453938276e+00
1.002661092906288243e+00
1.000665850919365774e+00
9.983194212958118596e-01
9.956793440105218274e-01
9.927966982956594189e-01
9.897189392304477362e-01
9.864905949500366589e-01
9.831533522395486946e-01
9.797459680479644328e-01
9.763041538137592346e-01
9.728604860308778246e-01
9.694443621531499966e-01
9.660820071194406999e-01
9.627965299756322537e-01
9.596080277298353334e-01
9.565337329178653647e-01
9.535882016302754671e-01
9.507835396713327780e-01
9.481296660139975074e-01
9.456346148697803988e-01
9.433048807372460542e-01
9.411458151571731046e-01
9.391620903235486928e-01
9.373582544381982018e-01
9.357394189555855446e-01
9.343121425748991404e-01
9.330856182641426022e-01
9.320733416708184560e-01
9.312955698676534944e-01
9.307831271562325703e-01
9.305836104374474171e-01
9.307721029789158829e-01
9.314709332602759684e-01
9.328891448557403709e-01
9.354097887935515221e-01
9.398114142909214097e-01
9.479543062796389474e-01
9.657248479289138876e-01
1.027392976568432648e+00
7.140248033059598542e-01
9.165762873868855687e-01
7.367672596306887867e-01
8.444189647281471478e-01
8.640973184580210686e-01
8.725320910461096258e-01
8.770496156792234599e-01
8.796852055140037541e-01
8.812539908718938220e-01
8.821524523398204254e-01
8.825988204150342353e-01
8.827242670314264794e-01
8.826132507621485823e-01
8.823235191374603215e-01
8.818971673693538627e-01
8.813681691649256633e-01
8.807724833571467515e-01
8.802019153403480844e-01
8.782895174154660145e-01
8.782243710117982882e-01
8.774691041434998784e-01
8.766445268914334621e-01
8.757931570139031452e-01
8.749304134826020318e-01
8.740656865550757715e-01
8.732058117418539656e-01
8.723558038267323900e-01
8.715187323475142023e-01
8.706949684350467900e-01
8.698804696805721992e-01
8.690629984674848041e-01
8.682130222713742018e-01
8.672582074473691449e-01
8.659926203998291605e-01
8.635840682448396866e-01
8.504050165004342077e-01
8.759672829039564235e-01
8.713200434439191122e-01
8.699224122039196372e-01
8.693361188529920014e-01
8.691108388088796266e-01
8.691110522584954978e-01
8.692833730502450562e-01
8.696033356681899251e-01
8.700586843290131212e-01
8.706429748859061402e-01
8.713527750468600397e-01
8.721863256867331549e-01
8.731428733969907041e-01
8.742223518349894196e-01
8.754252758055011130e-01
8.767527993007711018e-01
8.782069417962734548e-01
8.797910335509242508e-01
8.815104782849367826e-01
8.833739201552032183e-01
8.853942769798277546e-01
8.875829273076688564e-01
8.898571462990193526e-01
8.897859947928183910e-01
8.099121924304221176e-01
8.888005746895210057e-01
8.953728276933007324e-01
8.995649722276159999e-01
9.035577314087344103e-01
9.080123129900840029e-01
9.136995085022510121e-01
9.216728657294623872e-01
7.257380405179418847e-01
8.366603669371044383e-01
8.892569301542591065e-01
9.009142220344623642e-01
9.071652733840060989e-01
9.116417282016240353e-01
9.152971857172578218e-01
9.184863876165100249e-01
9.213677011921250770e-01
9.240193679147937766e-01
9.264818219822102963e-01
9.287756604620871492e-01
9.309101584339299906e-01
9.328876368743788117e-01
9.347058255405288341e-01
9.363591697929348756e-01
9.378395307828106819e-01
9.391364997188573760e-01
9.402374325624717200e-01
9.411272478567049848e-01
9.417879890901089679e-01
9.421981197736837288e-01
9.423314855761500963e-01
9.421558362965344324e-01
9.416307431679370454e-01
9.407046629330229059e-01
9.393107723554636745e-01
9.373609981433960181e-01
9.347373532566699561e-01
9.312791885867472974e-01
9.267641620753154230e-01
9.208794367401080816e-01
9.131776093812947748e-01
9.030089808432363307e-01
8.894185571228284681e-01
8.709963820151063185e-01
8.456892154864610323e-01
8.106754558066915362e-01
7.627332802054711536e-01
7.003689686749428045e-01
6.297495911005303038e-01
5.718288123187003080e-01
5.530634164987681123e-01
5.752466344793055741e-01
6.122129480867338769e-01
6.381802462153828293e-01
6.395525491085313208e-01
6.094029802051933453e-01
5.437464208585792713e-01
4.477356432237471484e-01
3.505172830386368843e-01
3.015508366535849527e-01
3.232389036172843011e-01
3.885786535401256070e-01
4.602383407760654022e-01
5.254380019612471253e-01
5.675512698648521592e-01
5.918723742211053906e-01
5.921919024766548745e-01
5.439202715663725707e-01
4.782980725487592788e-01
5.458071874881054164e-01
4.292260558184968211e-01
7.421361653256191016e-01
8.077329799359567186e-01
8.162371796347820396e-01
8.139691832123295834e-01
8.078589872773872527e-01
7.985402912997386915e-01
7.841463883520791711e-01
