7.266165496553328440e-01
7.471794123614594607e-01
7.661078208994006600e-01
7.833621159704144965e-01
7.989496238197422162e-01
8.129168577600680567e-01
8.253421011200710034e-01
8.363284457910100667e-01
8.459973173073168651e-01
8.544823570087999309e-01
8.619190266614236151e-01
8.684778113187604509e-01
8.742649100963175712e-01
8.794341531171464554e-01
8.841127716544201487e-01
8.884184223645410494e-01
8.924562917167467857e-01
8.963175880172949972e-01
9.000786123172463959e-01
9.038003716114394459e-01
9.075290676993328365e-01
9.113014508860300955e-01
9.150528776661176478e-01
9.189366068007809307e-01
9.228345227411397511e-01
9.267377940444941897e-01
9.306075693093209811e-01
9.343898765040895560e-01
9.380152066686313628e-01
9.413958114903272500e-01
9.444207135286483146e-01
9.469475476298124805e-01
9.487898509233084754e-01
9.496978163090274982e-01
9.493297691801414473e-01
9.472108401094144758e-01
9.426749932467045623e-01
9.347881534011467375e-01
9.222548414997313593e-01
9.032860806874973836e-01
8.758998400618457358e-01
8.375470083393675713e-01
7.863204609222841368e-01
7.216881830858666858e-01
6.452668150891921472e-01
5.600461208672006252e-01
4.680604509246610867e-01
3.690714596988917684e-01
2.625683799290050580e-01
1.507819814041503337e-01
5.526085764173808285e-02
3.009556447971701298e-01
3.521766200260343926e-01
1.283751617163750025e-01
2.982972166918339274e-02
2.908003305822030524e-02
4.517253676305113541e-02
6.633195037571174013e-02
8.820670285872043992e-02
1.089904607973521400e-01
1.254580935224137717e-01
1.424890018449630757e-01
1.561114081618691085e-01
1.673651630435545601e-01
1.764986175978379701e-01
1.837304678403381131e-01
1.892618421353310654e-01
1.932720844310274744e-01
1.959164212165789842e-01
1.973257703595386603e-01
1.976077829095163330e-01
1.968484519449241743e-01
1.951139088281252931e-01
1.924522248885015274e-01
1.888951646922064631e-01
1.844599264680547857e-01
1.791509816047826831e-01
1.729622134287264745e-01
1.658797006262714147e-01
1.578858738799862604e-01
1.489679054052267249e-01
1.391511585396486561e-01
1.281934036773187680e-01
1.165268337973869028e-01
1.040448874093368448e-01
9.096106177875717957e-02
7.760974559097350012e-02
6.452227322429256173e-02
5.250290790072179720e-02
4.270764814302512730e-02
3.670354895308843707e-02
3.646618547546518624e-02
4.425893662026544884e-02
6.235473235750246812e-02
9.263764328363299771e-02
1.362416053068863098e-01
1.934270623003915002e-01
2.637058557655871383e-01
3.458690114138598948e-01
4.375077008056734162e-01
5.342476321441236298e-01
6.297381446546480577e-01
7.171484981453748464e-01
7.913810819856582635e-01
8.503638040761396510e-01
8.947754954125030080e-01
9.268925305868731535e-01
9.494856269253352243e-01
9.652786257353167532e-01
9.730735316440404237e-01
9.814682885343483099e-01
9.861995534031773314e-01
9.891927320724575035e-01
9.910488338206329129e-01
9.921296333484713736e-01
9.926612584924686677e-01
9.927772273714574602e-01
9.925713213942509716e-01
9.920714155801546585e-01
9.913021753855485452e-01
9.902713117030480516e-01
9.889829109206237368e-01
9.874438331404725711e-01
9.856688830247825051e-01
9.836850424861131037e-01
9.815349028480930826e-01
9.792794702172891164e-01
9.769808627978038285e-01
9.747847804346152500e-01
9.727490388695978485e-01
9.700229702912992469e-01
9.699973919314830439e-01
9.699322544359704201e-01
9.717221227680169493e-01
9.761159642505446987e-01
9.788683732127934078e-01
9.646790195170588111e-01
9.114074365732719452e-01
7.925813117288418308e-01
5.913980003279177833e-01
3.473377732485937730e-01
1.523954043649386747e-01
5.224689666914161812e-02
2.188546574936666919e-02
2.346168639988525928e-02
3.427325294210823575e-02
4.453726871474458088e-02
5.096086612692157097e-02
5.296422059675811450e-02
5.099778362797395548e-02
4.587726424689325677e-02
3.856056921807185511e-02
3.022508863969148793e-02
2.075612959885235476e-02
1.336872146139843343e-02
8.275079304288043835e-03
7.226124474142901592e-03
1.204884252542651711e-02
2.473169995221122588e-02
4.733402287842700118e-02
8.181273844380741733e-02
1.297339930185692214e-01
1.798141364394179320e-01
2.678850670411892509e-01
3.582364689130810298e-01
4.579757928519140875e-01
5.622018697784971764e-01
6.641328768701204588e-01
7.566432687263063839e-01
8.340690933121055473e-01
8.935302973352587941e-01
9.350964512526915851e-01
9.609553346199356527e-01
9.742658761116205213e-01
9.782509763222081434e-01
9.757031168144691957e-01
9.688206688978909797e-01
9.592265619594388948e-01
9.480129137948455353e-01
9.352279976797218675e-01
9.241605389509420787e-01
9.122446673840911568e-01
9.006511859095629458e-01
8.882204780424016732e-01
8.786372771919475078e-01
8.684327157913088735e-01
8.586508108863459832e-01
8.492431883498913203e-01
8.401331815072985432e-01
8.312287274547884852e-01
8.224262851450871992e-01
8.136124780701462500e-01
8.046643056093356616e-01
7.954480029907002869e-01
7.858163452414451688e-01
7.756039700600498854e-01
7.646200647529375338e-01
7.526375122362086723e-01
7.393773512207024723e-01
7.244872655257368343e-01
