1.007980864452879599e+00
1.007908162699345578e+00
1.007607905966073636e+00
1.007125593671082342e+00
1.006502948813234211e+00
1.005777663123023746e+00
1.004983295797219345e+00
1.004149299357190772e+00
1.003301148487347527e+00
1.002460550019527163e+00
1.001645714445449142e+00
1.000871671375516581e+00
1.000150613130204258e+00
9.994922520338771488e-01
9.989041778311056330e-01
9.983922017456612341e-01
9.979606727135396094e-01
9.976127487237086422e-01
9.973506011410063765e-01
9.971755209599837411e-01
9.970878807792969978e-01
9.970868807622523811e-01
9.971699634688099279e-01
9.973317065050797403e-01
9.975618595935954458e-01
9.978418735759612135e-01
9.981380679715213811e-01
9.983698569930440359e-01
9.986011617421389763e-01
9.984406501813380963e-01
9.977435539421144473e-01
9.960184913937993878e-01
9.924055146410013517e-01
9.853161437215647300e-01
9.717094065589846341e-01
9.455495084761671443e-01
8.945355892068802550e-01
7.940603057161250700e-01
6.034140679598517520e-01
3.054611421936259119e-01
4.352114246745432402e-02
2.645578388739898076e-02
1.724481230426580247e-01
3.273477005944209761e-01
4.452688658222880291e-01
5.289035041670977488e-01
5.881666192904352330e-01
6.309265926139918657e-01
6.624431540422824893e-01
6.861301770685466206e-01
7.042246482313841982e-01
7.182244996942533932e-01
7.291579569617039347e-01
7.377483756563727457e-01
7.445165269760553040e-01
7.498453871325304609e-01
7.540221073836376187e-01
7.572658145383562855e-01
7.597464218572267391e-01
7.615976140096832880e-01
7.629259788523314878e-01
7.638175418216250900e-01
7.643425184799599315e-01
7.645588251634618526e-01
7.645147120322087764e-01
7.642507690645746754e-01
7.638014808180954018e-01
7.631964558443342650e-01
7.624614211537819042e-01
7.616190380693315110e-01
7.606895247008296224e-01
7.596907726226693747e-01
7.586357935839194155e-01
7.575053056967282483e-01
7.537459806173230081e-01
7.558628702720407988e-01
7.551177993165446578e-01
7.551987588822771658e-01
7.606913149695092580e-01
7.371555783420057351e-01
7.437240801684141811e-01
7.438754504801916578e-01
7.431525815439313787e-01
7.421451632675414301e-01
7.410133268807294060e-01
7.398191203231442303e-01
7.385918655260480525e-01
7.373472406791868883e-01
7.360942803401924195e-01
7.348383670088022290e-01
7.335826578099893247e-01
7.323288224676792746e-01
7.310774484152393615e-01
7.298282721323243738e-01
7.285803134720454377e-01
7.273319523716598178e-01
7.260809691909033692e-01
7.248245605845020645e-01
7.235593377596499787e-01
7.222813111012075238e-01
7.209858634423395030e-01
7.196677131930107052e-01
7.183208678358303789e-01
7.169385678001107820e-01
7.155132203450723649e-01
7.140363227634655141e-01
7.124983739283481388e-01
7.108887729197468364e-01
7.091957031726960903e-01
7.074060002672363234e-01
7.055050011234216267e-01
7.034763719604893994e-01
7.013019119178665051e-01
6.989613287045336465e-01
6.964319820337332434e-01
6.936885898948511597e-01
6.907028918976174658e-01
6.874432629631936909e-01
6.838742694628734409e-01
6.799561583352061733e-01
6.756442672048693643e-01
6.708883382632041537e-01
6.656317036833118150e-01
6.598102529251599346e-01
6.533507822227183626e-01
6.461653406648338871e-01
6.377891561406076049e-01
6.293544892886062669e-01
6.194209631872769073e-01
6.083386257969156663e-01
5.959527604439299742e-01
5.820973979642721785e-01
5.665895486930934144e-01
5.492285394845670687e-01
5.297972911069720459e-01
5.080659767888723310e-01
4.837994761474457839e-01
4.567232059542827294e-01
4.267554586465746036e-01
3.936268304151704367e-01
3.573001289247672019e-01
3.177866702805292598e-01
2.746032020071381696e-01
2.296292238837165933e-01
1.876314562218872328e-01
1.429173804808084314e-01
9.996992914815518161e-02
6.669682742917372453e-02
3.479983468630443860e-02
1.386292919835900583e-02
4.173405255930168374e-03
6.362105840831207455e-03
2.008395574796736222e-02
4.401477635408672373e-02
7.610584985535537306e-02
1.139541571925318519e-01
1.551657247079303303e-01
1.976259290991849160e-01
2.396454545357386279e-01
2.799959117165709555e-01
3.178710776212164135e-01
3.528110715559364952e-01
3.846173766600176624e-01
4.132750388639085393e-01
4.388891133941683620e-01
4.616366080091214297e-01
4.817322344503270348e-01
4.994052225766814068e-01
5.148844109545286374e-01
5.283892288665920089e-01
5.401247062522275266e-01
5.502791377179658827e-01
5.590234286399043961e-01
5.665114575560740162e-01
5.728810114528632980e-01
5.782550067736675903e-01
5.827428159102542304e-01
5.864415905026558740e-01
5.894375196486298929e-01
5.918069906561654880e-01
5.936176371528282258e-01
5.949292662813929766e-01
5.957946505668196835e-01
5.962601330267216504e-01
5.963658407270298056e-01
5.961445185285221271e-01
5.956115881811685497e-01
5.945694160675523143e-01
5.940132035954928114e-01
5.928022885269847997e-01
5.914023153163423530e-01
5.898383820990560356e-01
5.881247451640185808e-01
5.862769159429924715e-01
5.843108050320157121e-01
5.822427344559543139e-01
5.800897401187423696e-01
5.778699703891670980e-01
5.756031159463930180e-01
5.733108425175438283e-01
