1.012518416064507043e-01
3.586310449160914210e-02
4.783031608881035089e-03
8.913605799304955566e-04
1.526447160973812625e-02
4.018002302551094279e-02
7.009002496397101489e-02
1.014523056823603553e-01
1.322037558727144069e-01
1.612537776449388116e-01
1.881078358307622100e-01
2.126181962725142705e-01
2.348289307148726801e-01
2.548832312841532999e-01
2.729695706036799341e-01
2.892912869492935690e-01
3.040499996622579859e-01
3.174370587091353557e-01
3.296295856837577753e-01
3.407890822592709590e-01
3.510614231223137538e-01
3.605775400318532165e-01
3.694543732036794648e-01
3.777957675717001362e-01
3.856928359225368919e-01
3.932221430897078207e-01
4.004307809399233475e-01
4.070594158312435540e-01
4.148832425100403842e-01
4.214826445323672233e-01
4.281766267164231476e-01
4.348814411834843185e-01
4.416161861180561421e-01
4.484080890098476324e-01
4.552836496200965977e-01
4.622670166404113656e-01
4.693797041422312910e-01
4.766406452530812521e-01
4.840663364595315099e-01
4.916709973823017443e-01
4.994667200984966304e-01
5.074635987201183696e-01
5.156698362792959678e-01
5.240918286337117316e-01
5.327342263316359183e-01
5.415999760054615031e-01
5.506903432366020423e-01
5.600049191022855588e-01
5.695416128410097922e-01
5.792966332882342195e-01
5.892644619463816014e-01
5.994378207663783042e-01
6.098076379230601418e-01
6.203630150569743318e-01
6.310911996144726865e-01
6.419775660320717892e-01
6.530056095609835243e-01
6.641569564949326709e-01
6.754113944295928595e-01
6.867469259269277648e-01
6.981398485678060872e-01
7.095648638402437536e-01
7.209952166233750681e-01
7.324028661928920769e-01
7.437586887022084037e-01
7.550327100092392163e-01
7.661943665504382661e-01
7.772127907549619685e-01
7.880571162866290003e-01
7.986967972476836097e-01
8.091019344053621554e-01
8.192436004895681245e-01
8.290941554691019233e-01
8.386275406909931007e-01
8.478195348840718015e-01
8.566479314979543735e-01
8.650924705186769925e-01
8.731332300924604661e-01
8.806814624424592619e-01
8.880055214250356377e-01
8.947692461756819871e-01
9.011022829966047754e-01
9.070010116846066728e-01
9.124792625058832929e-01
9.175973642275290221e-01
9.228065727752946534e-01
9.235791159442037213e-01
9.286669108746963275e-01
9.319780337724473673e-01
9.336993370074087029e-01
9.385848394766604930e-01
9.365931168713074184e-01
9.391082378691664179e-01
9.403469134512770777e-01
9.407273214365815539e-01
9.405265878909729871e-01
9.397468671381050687e-01
9.383593410783216404e-01
9.363183049799361779e-01
9.335631990760911991e-01
9.300178884240228872e-01
9.255889456737595999e-01
9.201634195823864548e-01
9.136062720438867801e-01
9.057576000967682006e-01
8.964297753440670924e-01
8.854046968271689355e-01
8.724314607274369360e-01
8.572249074443271111e-01
8.394657224881368895e-01
8.188030484299414491e-01
7.948609066454946914e-01
7.672501025582674217e-01
7.355876272521741921e-01
6.995257352505477311e-01
6.587926442223099865e-01
6.132458382608647618e-01
5.629368750334126092e-01
5.081830948145581450e-01
4.496367676237039701e-01
3.883368152766900616e-01
3.257242145544118062e-01
2.636023793222160294e-01
2.040309950263740901e-01
1.491566540926875795e-01
1.010029787276870150e-01
6.125949274273832790e-02
3.111420018026964801e-02
1.116576905249183106e-02
1.429861555241654456e-03
1.444034254900576197e-03
1.052921455325715391e-02
3.090726749373069737e-02
4.777005474766684440e-02
7.763099392865560611e-02
1.133290604284225567e-01
1.671003786131777802e-01
1.382101909339242540e-01
2.006543214717738943e-01
2.448942978428771955e-01
2.874196069410392962e-01
3.298833024018056892e-01
3.727603641007085633e-01
4.163660300403015935e-01
4.610696586190480839e-01
5.073837097539556362e-01
5.560395960974136020e-01
6.080833305109002440e-01
6.649988791173199187e-01
7.288051514370319506e-01
8.017632137884642685e-01
8.836980283977715622e-01
9.522149288387997679e-01
9.020728200346505021e-01
4.349565469658904227e-01
1.810011873706004332e-02
5.620664988867243167e-02
1.865101750563808725e-01
2.968524135826042243e-01
3.819518644436867283e-01
4.487645552194847731e-01
5.029797828589811504e-01
5.482709113835548820e-01
5.838173605456767890e-01
6.214036134207940876e-01
6.519420053835212059e-01
6.792825900106289616e-01
7.040982025257684906e-01
7.267896932636838114e-01
7.476521764363046607e-01
7.669120940026074029e-01
7.847477817647979803e-01
8.013028415605754073e-01
8.166952043434850816e-01
8.310233560142441522e-01
8.443706034031093211e-01
8.568079334353142507e-01
8.683958216656063600e-01
8.791852188916261523e-01
8.892178561937672532e-01
8.985259412311211724e-01
9.071312591506983658e-01
9.150436291240346964e-01
9.222585906003415435e-01
9.287540866954834273e-01
9.344857541408215784e-01
9.393801901299875245e-01
9.433252196060075701e-01
9.461558124642504009e-01
9.476349117012310419e-01
9.474392054411865383e-01
9.424412800054865480e-01
9.388147882328008453e-01
9.289120649003697050e-01
9.125228139564511842e-01
8.863175886144623039e-01
8.445062233172325739e-01
7.756785605073283074e-01
6.719612670306380764e-01
5.070389526905310085e-01
