9.928242430708030808e-01
9.928981397199503345e-01
9.929755428826025909e-01
9.930562737638942705e-01
9.931401563056083681e-01
9.932270192557272059e-01
9.933166976786726998e-01
9.934090339821944893e-01
9.935038785324626920e-01
9.936010899233143068e-01
9.937005349604622895e-01
9.938020884152282131e-01
9.939056325968950167e-01
9.940110567870453773e-01
9.941182565732608056e-01
9.942271331153965663e-01
9.943375923718049680e-01
9.944495443087822961e-01
9.945629021131249248e-01
9.946775814226491708e-01
9.947934995876496211e-01
9.949105749726271375e-01
9.950287263052299824e-01
9.951478720772785058e-01
9.952679300010814911e-01
9.953888165221798090e-01
9.955104463889847821e-01
9.956327322780941236e-01
9.957555844739376383e-01
9.958789106001377789e-01
9.960026153998100540e-01
9.961266005613838015e-01
9.962507645871415685e-01
9.963750027000868315e-01
9.964992067862440406e-01
9.966232653682790543e-01
9.967470636076057877e-01
9.968704833309411928e-01
9.969934030786997692e-01
9.971156981718559686e-01
9.972372407948032480e-01
9.973579000913281867e-01
9.974775422716137818e-01
9.975960307281280803e-01
9.977132261581549422e-01
9.978289866918387263e-01
9.979431680237882407e-01
9.980556235471924609e-01
9.981662044891249641e-01
9.982747600464511040e-01
9.983811375210313033e-01
9.984851824542549936e-01
9.985867387596852884e-01
9.986856488539817001e-01
9.987817537854786210e-01
9.988748933604912894e-01
9.989649062670774571e-01
9.990516301962246715e-01
9.991349019607133064e-01
9.992145576114709327e-01
9.992904325517476538e-01
9.993623616493443329e-01
9.994301793468673978e-01
9.994937197706119658e-01
9.995528168379121947e-01
9.996073043637671018e-01
9.996570161665394583e-01
9.997017861734042166e-01
9.997414485256114203e-01
9.997758376841234806e-01
9.998047885357833620e-01
9.998281365002292809e-01
9.998457176382595790e-01
9.998573687616284511e-01
9.998629275446679898e-01
9.998622326381755299e-01
9.998551237855370921e-01
9.998414419420498245e-01
9.998210293970093421e-01
9.997937298992367605e-01
9.997593887864850704e-01
9.997178531188456452e-01
9.996689718164020189e-01
9.996125958016320867e-01
9.995485781470168085e-01
9.994767742279966338e-01
9.993970418818355350e-01
9.993092415730058242e-01
9.992132365653572101e-01
9.991088931021634423e-01
9.989960805941187072e-01
9.988746718166200411e-01
9.987445431155441700e-01
9.986055746193488458e-01
9.984576504471291969e-01
9.983006588740717113e-01
9.981344923164199301e-01
9.979590465894387918e-01
9.977742168843857229e-01
9.975798747881213790e-01
9.973756675124781923e-01
9.971542138017370771e-01
9.969270929964251238e-01
9.967038880039680304e-01
9.964620992158650381e-01
9.962096789100906014e-01
9.959471110753921330e-01
9.956744694717928335e-01
9.953917587531659894e-01
9.950989697183736382e-01
9.947960937122477532e-01
9.944831276960653943e-01
9.941600765312810228e-01
9.938269542730620021e-01
9.934837850715496632e-01
9.931306039088243498e-01
9.927674572692786192e-01
9.923944037895175985e-01
9.920115149118090558e-01
9.916188755540195077e-01
9.912165848051945893e-01
9.908047566524655902e-01
9.903835207441790134e-01
9.899530231935919078e-01
9.895134274268384544e-01
9.890649150795161049e-01
9.886076869457817162e-01
9.881419639843259661e-01
9.876679883859845743e-01
9.871860247080966877e-01
9.866963610810213225e-01
9.861993104928740150e-01
9.856952121594967364e-01
9.851844329862317062e-01
9.846673691304347331e-01
9.841444476734089175e-01
9.836161284114083303e-01
9.830829057775664070e-01
9.825453109063624346e-01
9.820039138550779034e-01
9.814593259975163964e-01
9.809122026072587541e-01
9.803632456503936776e-01
9.798132068093985403e-01
9.792628907631381052e-01
9.787131587512242215e-01
9.781649324542002200e-01
9.776191982259702096e-01
9.770770117191576176e-01
9.765395029500836266e-01
9.760078818565237624e-01
9.754834444087118195e-01
9.749675793429409820e-01
9.744617755970875761e-01
9.739676305385109867e-01
9.734868590888553497e-01
9.730213038650457058e-01
9.725729464735853869e-01
9.721439201159978172e-01
9.717365236860151523e-01
9.713532375662289331e-01
9.709967413618335597e-01
9.706699338427531298e-01
9.703759554027688861e-01
9.701182133843334610e-01
9.699004106594677488e-01
9.697265778975732164e-01
9.696011099862815730e-01
9.695288070917408296e-01
9.695149208400519747e-01
9.695652060443008535e-01
9.696859782608826528e-01
9.698841771686225188e-01
9.701674352288566228e-01
9.705441501372205071e-01
9.710235579440306131e-01
9.716158009406377083e-01
9.723319796992645481e-01
9.731841706685824267e-01
9.741853771136897988e-01
9.753493577673294501e-01
9.766902367552813269e-01
9.782217261524462915e-01
9.799556623178281578e-01
9.818993171158164612e-01
9.840504911665163279e-01
9.863885122374330683e-01
9.888574819972251184e-01
9.913343927082263196e-01
9.935666152466730017e-01
9.950446826170306069e-01
9.947315493025096211e-01
9.904559493246356539e-01
9.774765812205086224e-01
9.449272197848164190e-01
8.671358970096156860e-01
6.882634782644139193e-01
3.491720734331383857e-01
3.242251017979917715e-02
5.841349566757911282e-02
