7.818051997665518802e+24
6.391614408668181441e+24
5.235959161501405449e+24
4.297889198846765563e+24
3.534981068242265219e+24
2.913342479890589225e+24
2.405848374382776170e+24
1.990751039627611888e+24
1.650583102393573639e+24
1.371290214305537261e+24
1.141544179069300196e+24
9.521980630740688720e+23
7.958532123129106567e+23
6.665146153020457914e+23
5.593161266328228887e+23
4.703010242756868886e+23
3.962464662000883844e+23
3.345228315624676587e+23
2.829808279780914543e+23
2.398607347863959214e+23
2.037193223244874902e+23
1.733709085171631406e+23
1.478397406527992365e+23
1.263214640577055881e+23
1.081518933387680468e+23
9.278166152532732989e+22
7.975560783571364662e+22
6.869599160421655459e+22
5.928880043380321131e+22
5.127256454811611038e+22
4.442920420956886480e+22
3.857652893261922881e+22
3.356208078517633548e+22
2.925807306341505355e+22
2.555722300851859594e+22
2.236931534398903288e+22
1.961836411377648507e+22
1.724026506621804452e+22
1.518085083852879744e+22
1.339427738410217059e+22
1.184168320166790588e+22
1.049007356781953181e+22
9.311390622312332001e+21
8.281737192591632368e+21
7.380727978368595657e+21
6.590946396365653017e+21
5.897489209316279845e+21
5.287584192582107791e+21
4.750268655840461324e+21
4.276118741695722422e+21
3.857021152210255872e+21
3.485980377040042328e+21
3.156955669452947456e+21
2.864722983728547627e+21
2.604757886798607155e+21
2.373136118241746747e+21
2.166449020542232297e+21
1.981731516009488056e+21
1.816400684293460591e+21
1.668203308355126034e+21
1.535171018328348033e+21
1.415581880772450320e+21
1.307927462924564300e+21
1.210884553838832648e+21
1.123290851779711730e+21
1.044124034079276532e+21
9.724837153901312737e+20
9.075758756261899796e+20
8.486994023177884795e+20
7.952344455497946235e+20
7.466323287405905838e+20
7.024067965864780759e+20
6.621264137115331461e+20
6.254079548194763571e+20
5.919106502727955907e+20
5.613311706306858844e+20
5.333992503754671391e+20
5.078738652245640479e+20
4.845398895286009856e+20
4.632051705693820682e+20
4.436979653692502835e+20
4.258646931694615921e+20
4.095679631708382822e+20
3.946848426740724531e+20
3.811053354928148972e+20
3.687310446036271104e+20
3.574739965081665536e+20
3.472556078140087337e+20
3.380057771631648440e+20
3.296620879023799009e+20
3.221691088518926172e+20
3.154777822504634286e+20
3.095448894304472269e+20
3.043325860948226867e+20
2.998080002022264668e+20
2.959428864879980708e+20
2.927133325267616727e+20
2.900995120664318116e+20
2.880854820601466388e+20
2.866590204911366308e+20
2.858115026744744018e+20
2.855378142895502787e+20
2.858362999057527276e+20
2.867087462817675346e+20
2.881604002013314417e+20
2.902000210924809421e+20
2.928399691730618941e+20
2.960963303603851756e+20
2.999890797193877914e+20
3.045422857705966141e+20
3.097843585858553774e+20
3.157483452560102523e+20
3.224722770291619922e+20
3.299995732260016620e+20
3.383795079334017761e+20
3.476677464927613747e+20
3.579269599422365041e+20
3.692275268884803092e+20
3.816483337673501573e+20
3.952776861823519293e+20
4.102143459592912241e+20
4.265687108540811182e+20
4.444641564585278833e+20
4.640385628925804544e+20
4.854460524001148273e+20
5.088589680525650821e+20
5.344701285257219277e+20
5.624953994609474273e+20
5.931766283783275807e+20
6.267849976746320855e+20
6.636248590423255941e+20
7.040381230072296899e+20
7.484092893737865708e+20
7.971712186038673736e+20
8.508117608440589189e+20
9.098813789947351532e+20
9.750019253522793759e+20
1.046876758691849044e+21
1.126302420879394472e+21
1.214182130267248919e+21
1.311541394278072975e+21
1.419546097035250762e+21
1.539523481511406076e+21
1.672986521009791959e+21
1.821662264687869559e+21
1.987524848693877146e+21
2.172833992180224754e+21
2.380179949705200927e+21
2.612536073868325421e+21
2.873320360142931755e+21
3.166467607505528160e+21
3.496514142528512459e+21
3.868697432112584196e+21
4.289073364555092984e+21
4.764654526204816130e+21
5.303573462473419784e+21
5.915275710057242690e+21
6.610748355008020873e+21
7.402791042025562046e+21
8.306337782296564728e+21
9.338839634406659850e+21
1.052072043449264846e+22
1.187592031252381906e+22
1.343254485598654903e+22
1.522364159942175438e+22
1.728813018881889141e+22
1.967191829213967758e+22
2.242924234853524596e+22
2.562428087460356004e+22
2.933309866183926114e+22
3.364599327698165170e+22
3.867033141698906974e+22
4.453398261346765845e+22
5.138948246260494526e+22
5.941908814318215050e+22
6.884092695204907398e+22
7.991648577110651227e+22
9.295974812334406028e+22
1.083483587029163269e+23
1.265372866939339019e+23
1.480755735118956085e+23
1.736268937637386498e+23
2.039948377702396351e+23
2.401540495178173944e+23
2.832886376153657461e+23
3.348396342777804814e+23
3.965637284003193238e+23
4.706060688235822391e+23
5.595906553934014264e+23
6.667327501110794686e+23
7.959789020183930245e+23
9.521816563253499239e+23
1.141317899295291567e+24
1.370762189888518768e+24
1.649629494819855765e+24
1.989205666567879894e+24
2.403489031506735376e+24
2.909872908792933158e+24
3.530007177190273305e+24
4.290887689414336921e+24
