3.515048237958296400e+16
2.873599125398232800e+16
2.353936682631194000e+16
1.932131501798840400e+16
1.589101099953210600e+16
1.309600935429616000e+16
1.081430756299775200e+16
8.948092672956181000e+15
7.418805829439738000e+15
6.163240340471414000e+15
5.130451627713027000e+15
4.279306003297123500e+15
3.576532930170051500e+15
2.995174751467111500e+15
2.513350712839452500e+15
2.113269915304891250e+15
1.780441751969066500e+15
1.503043270138596500e+15
1.271411432871270250e+15
1.077634951104424750e+15
9.152256221559982500e+14
7.788532556396692500e+14
6.641315365973495000e+14
5.674447575278398750e+14
4.858073932177152500e+14
4.167501101951640625e+14
3.582270863991445625e+14
3.085405370089258125e+14
2.662791545258974688e+14
2.302678185290171875e+14
1.995264472931721250e+14
1.732362766280758438e+14
1.507121821637254062e+14
1.313799266311755625e+14
1.147574267935557344e+14
1.004393060797131719e+14
8.808413704402300000e+13
7.740388914338954688e+13
6.815518730914682031e+13
6.013205958042155469e+13
5.315991104977750781e+13
4.709050922573040625e+13
4.179780480185994531e+13
3.717444346289930469e+13
3.312885013054912500e+13
2.958278815339027344e+13
2.646931295470426172e+13
2.373105403354125391e+13
2.131877040329173438e+13
1.919013424580964453e+13
1.730870523417252734e+13
1.564306439463154102e+13
1.416608164802178906e+13
1.285429551792908594e+13
1.168738708701715039e+13
1.064773325385792578e+13
9.720026805945507812e+12
8.890952866709691406e+12
8.148912971276141602e+12
7.483789436777591797e+12
6.886743868452445312e+12
6.350044622867512695e+12
5.866918867933687500e+12
5.431425563856174805e+12
5.038346261788316406e+12
4.683091097403306641e+12
4.361617759423511230e+12
4.070361552059421387e+12
3.806174955194331543e+12
3.566275326299547363e+12
3.348199590745272949e+12
3.149764938047480957e+12
2.969034686520027832e+12
2.804288601113364746e+12
2.653997046102120117e+12
2.516798498393475586e+12
2.391479828136217773e+12
2.276959201707367676e+12
2.172271039656136963e+12
2.076552886656908936e+12
1.989033902892779053e+12
1.909024772919153076e+12
1.835908850550073975e+12
1.769134383215909912e+12
1.708207680438476318e+12
1.652687109572529541e+12
1.602177817530937012e+12
1.556327091109227051e+12
1.514820279995484375e+12
1.477377216944392090e+12
1.443749078331541260e+12
1.413715636005411865e+12
1.387082858039192627e+12
1.363680821862053711e+12
1.343361908362056396e+12
1.325999250118303955e+12
1.311485410908468018e+12
1.299731277266986572e+12
1.290665146059432129e+12
1.284231995003389404e+12
1.280392925740186768e+12
1.279124771760335205e+12
1.280419855129431641e+12
1.284285952604432129e+12
1.290746293830445312e+12
1.299839867001767822e+12
1.311621776553144287e+12
1.326163816371407471e+12
1.343555174329659912e+12
1.363903372563763184e+12
1.387335359685548096e+12
1.413998834713009766e+12
1.444063798229019043e+12
1.477724357551839355e+12
1.515200812743529053e+12
1.556742054733760254e+12
1.602628312058628662e+12
1.653174288485519531e+12
1.708732753106577881e+12
1.769698555412062744e+12
1.836513376546068848e+12
1.909670891852879150e+12
1.989722824296711182e+12
2.077285759699402100e+12
2.173048915012191650e+12
2.277782984520141602e+12
2.392350220208595215e+12
2.517715927341943848e+12
2.654961585206493652e+12
2.805299836700336426e+12
2.970091629915990723e+12
3.150865841015697266e+12
3.349341761868825195e+12
3.567454899435827148e+12
3.807386608509328125e+12
4.071598167327201172e+12
4.362870008943733398e+12
4.684346943434398438e+12
5.039590349926804688e+12
5.432638488131608398e+12
5.868076280594968750e+12
6.351116156351503906e+12
6.887691830155636719e+12
7.484567229034207031e+12
8.149463178599042969e+12
8.891204939570066406e+12
9.719894254709408203e+12
1.064711024673041602e+13
1.168614432228070117e+13
1.285227521179528711e+13
1.416309144374891992e+13
1.563886995543593164e+13
1.730302122863053320e+13
1.918261336886184375e+13
2.130898999362495703e+13
2.371849974792315625e+13
2.645335883414148438e+13
2.956267226154579688e+13
3.310364475380185156e+13
3.714301860197182031e+13
4.175878346496450000e+13
4.704221250508964062e+13
5.310029050304598438e+13
6.005861498750993750e+13
6.806486353140605469e+13
7.729295106161668750e+13
8.794801444695279688e+13
1.002724022314345312e+14
1.145528816213518750e+14
1.311293228088843125e+14
1.504051819481710625e+14
1.728601702393978750e+14
1.990655922733700625e+14
2.297029422288530938e+14
2.655864853088277188e+14
3.076907207705094375e+14
3.571838336646466875e+14
4.154685046891510625e+14
4.842317746869438750e+14
5.655060671822060000e+14
6.617439878896328750e+14
7.759101490745466250e+14
9.115940800502211250e+14
1.073149285207695875e+15
1.265864777567912000e+15
1.496177014512114750e+15
1.771932174212945500e+15
2.102711256515068250e+15
2.500233713060624000e+15
2.978859394732013000e+15
3.556213788911050000e+15
4.253968111757980000e+15
5.098814217383595000e+15
6.123684996641185000e+15
7.369284622740502000e+15
8.886010510985246000e+15
1.073637130143924200e+16
1.299803397792849400e+16
1.576767026790900400e+16
1.916582014577894400e+16
