9.933344365353151684e-01
9.939679710028598292e-01
9.945606527773821481e-01
9.951138011942111117e-01
9.956287543243991234e-01
9.961068406987673152e-01
9.965493604345210255e-01
9.969575745811050105e-01
9.973327015465943690e-01
9.976759195215439968e-01
9.979883738776507140e-01
9.982711885752143521e-01
9.985254806628016677e-01
9.987523769847975741e-01
9.989530322202285761e-01
9.991286473503636634e-01
9.992804875742260506e-01
9.994098985451087547e-01
9.995183195565990886e-01
9.996072919211745900e-01
9.996784602025514666e-01
9.997335630897827841e-01
9.997744094067412268e-01
9.998028328295949230e-01
9.998206160252676167e-01
9.998293706380761980e-01
9.998303530759403701e-01
9.998241861539330921e-01
9.998104413577795224e-01
9.997870125119939777e-01
9.997491734754394566e-01
9.996881507179581350e-01
9.995889397946751131e-01
9.994269234014868664e-01
9.991625539965711678e-01
9.987328446411307681e-01
9.980374720090433582e-01
9.969155455649034714e-01
9.951057354587684589e-01
9.921757787133183015e-01
9.873936817627172458e-01
9.794838902293035998e-01
9.661486317489400566e-01
9.430976691285011260e-01
9.019466375480239551e-01
8.270045946942936599e-01
6.887928230091511228e-01
4.529943098347719577e-01
1.563337315007577444e-01
1.190470148357182121e-03
8.485613182752130279e-02
2.548039966838315795e-01
4.023228999496922809e-01
5.094089080501107425e-01
5.846606226196049416e-01
6.380800527575218872e-01
6.768120866960635196e-01
7.055173421299474334e-01
7.272083856147770753e-01
7.438633975188898573e-01
7.568120920485050807e-01
7.669708263090522227e-01
7.749864819536096405e-01
7.813260578723627559e-01
7.863336821393707154e-01
7.902677210380451012e-01
7.933254715497903842e-01
7.956599379555117091e-01
7.973914538749412584e-01
7.986158795490453377e-01
7.994104802372701268e-01
7.998382065781027839e-01
7.999508554775286440e-01
7.997914347452190764e-01
7.993959533136335560e-01
7.987947915907948060e-01
7.980137611364918060e-01
7.970749318183842913e-01
7.959972830756792961e-01
7.947972207914677512e-01
7.934889905154843825e-01
7.920850100399823290e-01
7.905961387083545455e-01
7.890318967136726869e-01
7.874006446020602734e-01
7.857097309425781217e-01
7.839656144422471051e-01
7.821739653649767421e-01
7.803397485588373650e-01
7.784672749893932764e-01
7.765600254150971660e-01
7.746138014476029454e-01
7.725652537864120539e-01
7.706462381259674421e-01
7.686326603609564545e-01
7.665917768336070193e-01
7.645272904376396728e-01
7.624402378312364892e-01
7.603308584512594726e-01
7.581988706879192463e-01
7.560435357968849912e-01
7.538636719420719334e-01
7.516576508415040436e-01
7.494233857000842658e-01
7.471583131572726577e-01
7.448593700931785966e-01
7.425229653723709466e-01
7.401449461250952933e-01
7.377205575883652999e-01
7.352443943082189737e-01
7.327103369444575298e-01
7.301114556050105620e-01
7.274397929985817468e-01
7.246853659349629107e-01
7.218106332759947064e-01
7.189187134064786155e-01
7.158597345964091696e-01
7.126787918287690315e-01
7.093591346450958124e-01
7.058844174615038769e-01
7.022369176320444328e-01
6.983971087031479730e-01
6.943433907647943437e-01
6.900518327161717647e-01
6.854958952219788459e-01
6.806461231353636565e-01
6.754698008256435626e-01
6.699305650857801941e-01
6.639879706147076011e-01
6.575970030673311539e-01
6.507075341713303152e-01
6.432637107734898718e-01
6.352032563509643071e-01
6.264565842073394064e-01
6.169448593734704334e-01
6.065097887234914831e-01
5.953080142740910796e-01
5.829562465936288795e-01
5.694447131154622976e-01
5.546444531768949249e-01
5.384180331007253351e-01
5.206185972752209734e-01
5.010916142838008902e-01
4.796784125842774027e-01
4.562220393060637535e-01
4.305762594178228486e-01
4.026185849778622372e-01
3.722676165403342452e-01
3.394994854545677621e-01
3.042557371272643363e-01
2.679101329514232410e-01
2.290164170028019530e-01
1.894083154092571497e-01
1.499062942619193706e-01
1.117870608772034702e-01
7.662784136050708461e-02
4.621060449407040499e-02
2.236217285523609682e-02
6.733066373111391834e-03
5.502939430621385649e-04
4.400684536004226440e-03
1.806531965868154316e-02
4.097598656860102634e-02
7.118300347137637707e-02
1.070897729666021453e-01
1.467517656307386065e-01
1.883663957796135602e-01
2.304176177870771447e-01
2.717874631750561987e-01
3.119737735347767327e-01
3.532202419674393967e-01
3.702163264324985215e-01
4.080393858085594183e-01
4.375803763283675485e-01
4.636002021537799500e-01
4.867319875094222592e-01
5.072810522723769644e-01
5.254864289998265603e-01
5.415631281909883965e-01
5.557100607531741954e-01
5.681110765146218933e-01
5.789348802471824262e-01
5.883351309913389393e-01
5.964509293448804206e-01
6.034076218089383659e-01
6.093178039389528511e-01
6.142824191906529618e-01
6.183918780503679935e-01
6.217271473330399090e-01
6.243607784153784035e-01
6.263578538440349730e-01
6.277768262834658719e-01
6.286701477784177872e-01
6.290839267332944962e-01
6.290438767511279394e-01
6.281462798525986324e-01
6.278468833693721107e-01
6.267717703483272063e-01
6.253862450999515543e-01
6.237322955312997186e-01
