9.962832302211754865e-01
9.967871838674370322e-01
9.972593830920017943e-01
9.976980476121738439e-01
9.981014223631697879e-01
9.984677611692718280e-01
9.987953136162568413e-01
9.990823150248198115e-01
9.993269793841385029e-01
9.995274950787589319e-01
9.996820232267016326e-01
9.997886984357390316e-01
9.998456317848364305e-01
9.998509158376002182e-01
9.998026315010606346e-01
9.996988565527891168e-01
9.995376756680862673e-01
9.993171917910613766e-01
9.990355387059844938e-01
9.986908946756509753e-01
9.982814970264178855e-01
9.978056575697048514e-01
9.972617787594866279e-01
9.966483704944045785e-01
9.959640674806922167e-01
9.952076470780949480e-01
9.943780475566079691e-01
9.934743866951170066e-01
9.924959806566487908e-01
9.914423630758364414e-01
9.903133042956347998e-01
9.891088306897581894e-01
9.878292440077929282e-01
9.864751406772583886e-01
9.850474309971249953e-01
9.835473581544781352e-01
9.819765169958148965e-01
9.803368724818970481e-01
9.786307777553984177e-01
9.768609917495416628e-01
9.750306962668127131e-01
9.731435124576655049e-01
9.712035166317222190e-01
9.692152553371254919e-01
9.671837596475186816e-01
9.651145586026225187e-01
9.630136917539282582e-01
9.608877207751955751e-01
9.587437401057697928e-01
9.565893866043984062e-01
9.544328482001932512e-01
9.522828715385849296e-01
9.501487686282072964e-01
9.480404225045501176e-01
9.459682919323247896e-01
9.439434151729051425e-01
9.419774128428820559e-01
9.400824898836199761e-01
9.382714366474184109e-01
9.365576290792282377e-01
9.349550279311025225e-01
9.334781768823430248e-01
9.321421993438691045e-01
9.309627935902519136e-01
9.299562256695121931e-01
9.291393192694136216e-01
9.285294413350662079e-01
9.281444816944743881e-01
9.280028241884308304e-01
9.281233057271438547e-01
9.285251581687377076e-01
9.292279257320362751e-01
9.302513475122905495e-01
9.316151900956616272e-01
9.333390085205303111e-01
9.354418035536110620e-01
9.379415257795448158e-01
9.408543255907187985e-01
9.441871596149817858e-01
9.479698045639767257e-01
9.521836046765667083e-01
9.568291550436810455e-01
9.618849732072608516e-01
9.673078450999246236e-01
9.730216421768527191e-01
9.789000833304249971e-01
9.847397035287991374e-01
9.902168467414227404e-01
9.948182642185593449e-01
9.977276646512940328e-01
9.976385047360128988e-01
9.924445889684179178e-01
9.787366473030986169e-01
9.510270175221831046e-01
9.007347696975035456e-01
8.155219845266259426e-01
6.813428027409612620e-01
4.927226525217948128e-01
2.742948999287938006e-01
9.080097575229059692e-02
4.626808965073332496e-03
2.029184646275006970e-02
9.732726536936360529e-02
1.953927544820034112e-01
2.920028475083785158e-01
3.785422479696171072e-01
4.532796584186318256e-01
5.171308833509801195e-01
5.717401215009594306e-01
6.187459257360385934e-01
6.595527982419124857e-01
6.952960011667193019e-01
7.268707704581789386e-01
7.549765629170186454e-01
7.801591229509905467e-01
8.028455535954630573e-01
8.233720430317565953e-01
8.420052824601604868e-01
8.589588561995447069e-01
8.744057518171878263e-01
8.884879147482441786e-01
9.013235585981078657e-01
9.130127673054211357e-01
9.236417905814138241e-01
9.332863333855967447e-01
9.420140660851640257e-01
9.498865276462062912e-01
9.569605543705953510e-01
9.632893372856865533e-01
9.689231893552190389e-01
9.739100870767989360e-01
9.782960382488802287e-01
9.821253176607521729e-01
9.854406044365446871e-01
9.882830482379745263e-01
9.906922861403241187e-01
9.927064275021305617e-01
9.943620203822556292e-01
9.956940098951797546e-01
9.967356962543667542e-01
9.975186980607901877e-01
9.980729245967674412e-01
9.984265594341692474e-01
9.986060565149033064e-01
9.986361489702865191e-01
9.985398702740087007e-01
9.983385868312938394e-01
9.980520407595565580e-01
9.976984013721349465e-01
9.972943236958858870e-01
9.968550121758014138e-01
9.963942874452802467e-01
9.959246534380888916e-01
9.954573605170675688e-01
9.950024552820436741e-01
9.945687882761350407e-01
9.941638475074421333e-01
9.937923511593260706e-01
9.934180945078614489e-01
9.931939172218434697e-01
9.929742549539937180e-01
9.928016319338258677e-01
9.926837924641196409e-01
9.926201837234102099e-01
9.926072673375417876e-01
9.926373444629367215e-01
9.926961566196176312e-01
9.927585997579786437e-01
9.927808919036426039e-01
9.926857098102189747e-01
9.923326131286107632e-01
9.914556395228322216e-01
9.895216838130214132e-01
9.853782718983220557e-01
9.762686018913375730e-01
9.546248043572399533e-01
8.954070520502972474e-01
6.971320873070904200e-01
1.284435991471893634e-01
2.799862223542762818e-01
6.567417192750978350e-01
8.025927049284385939e-01
8.663396171752165698e-01
8.996636534620330306e-01
9.194902493554952816e-01
9.324230954224275170e-01
9.414494739386835009e-01
9.480820370544958964e-01
9.531559980935113696e-01
9.571649423044658045e-01
9.604169256680844535e-01
9.631130270650648528e-01
9.653895301269652673e-01
9.673418312301467203e-01
9.690386202042874375e-01
9.705306222041664155e-01
9.718561665354183976e-01
9.730448339065487229e-01
9.741199004708808173e-01
9.751000051027685078e-01
