9.883804358561901759e-01
9.958522195252217379e-01
1.000218691216655298e+00
9.997374965858858431e-01
9.919638386826454823e-01
9.735502873155249537e-01
9.401255637147850619e-01
8.864643578063936546e-01
8.073384489215102988e-01
6.995324883299613994e-01
5.650890393854121063e-01
4.144085437367843183e-01
2.660566576418516016e-01
1.410067688271451902e-01
5.410838796389717126e-02
9.228545905585501877e-03
9.138378103821855362e-04
1.945468488479418570e-02
5.518514271620093142e-02
1.005117580473448569e-01
1.502345195389997168e-01
2.011130962558339841e-01
2.512828046560475759e-01
2.997627249823206497e-01
3.461061568537190936e-01
3.901726604986938129e-01
4.319867590959189929e-01
4.716534012581599100e-01
5.093089417091135607e-01
5.450937583407707843e-01
5.791378188109875813e-01
6.115538899603891743e-01
6.424351928470188877e-01
6.718555928785413522e-01
6.998711888641327983e-01
7.265226268160532852e-01
7.518377382842252876e-01
7.758342648403576680e-01
7.985225263414447161e-01
8.199079497494450308e-01
8.399934182568769003e-01
8.587814512777754983e-01
8.762763483988769142e-01
8.924869383906064435e-01
9.074340102248334983e-01
9.212273652837021931e-01
9.331722136332476492e-01
9.445171894824232472e-01
9.545406096320697698e-01
9.633918781030570422e-01
9.711250860756872605e-01
9.777903215695089578e-01
9.834399328320476696e-01
9.881292137192447811e-01
9.919160764653137674e-01
9.948604497889732556e-01
9.970235963378699662e-01
9.984674227017210635e-01
9.992538183751598080e-01
9.994440448801023003e-01
9.990981869940908089e-01
9.982746815287016906e-01
9.970299041184121913e-01
9.954178470592955907e-01
9.934898617077118077e-01
9.912944660695981458e-01
9.888772160336681827e-01
9.862806300459217024e-01
9.835441593922497061e-01
9.807041939106418971e-01
9.777940888407017361e-01
9.748441872437532130e-01
9.718817762733155119e-01
9.689307756973393193e-01
9.660102361153187767e-01
9.631244761468321647e-01
9.599104934800924971e-01
9.578511588112059716e-01
9.552122997531252713e-01
9.527334083110422513e-01
9.503919237590857660e-01
9.481913648634008318e-01
9.461377976773280851e-01
9.442370977535327059e-01
9.424943988269779416e-01
9.409139873841667612e-01
9.394993196380850842e-01
9.382530763718633926e-01
9.371772280720549464e-01
9.362730994160395337e-01
9.355414271944626492e-01
9.349824058844402597e-01
9.345957105537435750e-01
9.343804718725473579e-01
9.343351293206867414e-01
9.344569000152158633e-01
9.347396258038666028e-01
9.351602922008350749e-01
9.352322106973712801e-01
9.368389753120240915e-01
9.377281097585070668e-01
9.388364067993721918e-01
9.401311620814921666e-01
9.415963703061768220e-01
9.423723098019024524e-01
9.444878484298429022e-01
9.450118032810806978e-01
9.487789268372921470e-01
9.508941400989360249e-01
9.531981841951513434e-01
9.556542992158376659e-01
9.582549065019526635e-01
9.609969823300223979e-01
9.638788058257229396e-01
9.668992957306252745e-01
9.700581459969710441e-01
9.733569838713207467e-01
9.768033635237812762e-01
9.804243158175700579e-01
9.843180510171736231e-01
9.889113963739207813e-01
9.974169170185311906e-01
9.656946052963882865e-01
9.848970215018547636e-01
9.860193743146306034e-01
9.812644978576108290e-01
9.670752139718593599e-01
9.332240677007727081e-01
8.545846039609544809e-01
6.730932492405781176e-01
3.143564717228299887e-01
8.194219522739716946e-03
1.442525341979929987e-01
3.946830681975646571e-01
5.659815466502549075e-01
6.709353006178638834e-01
7.372918252891186297e-01
7.814293685958610958e-01
8.121282681469746967e-01
8.342115377692157496e-01
8.504498080086992928e-01
8.625033394314024493e-01
8.713993399153547870e-01
8.777836446556048777e-01
8.820583475148757735e-01
8.844587648124803136e-01
8.850961501332821335e-01
8.839795818695737051e-01
8.810238486299729610e-01
8.760465935415056027e-01
8.687559124879992156e-01
8.587283544207848784e-01
8.453766472745628535e-01
8.279066900718539124e-01
8.052652008473856204e-01
7.760846273012800278e-01
7.386437680533893824e-01
6.908863582524249480e-01
6.305827403845084556e-01
5.557847238594513239e-01
4.657807207144208372e-01
3.626688293746652691e-01
2.531530448605448513e-01
1.491705351146032921e-01
6.546773148874780734e-02
1.420442893584668818e-02
3.919983134618018270e-03
8.313275701813822513e-03
4.498386443874191620e-02
9.193487413674439335e-02
1.420052312552798346e-01
1.905033299506627142e-01
2.349494432125306953e-01
2.743481036205578927e-01
3.085617643822728406e-01
3.378922521541565804e-01
3.628363829461944134e-01
3.839621172953346373e-01
4.018716950698649204e-01
4.172710399322590580e-01
4.314083821890616899e-01
4.500794746253388712e-01
4.133462820495467094e-01
4.393078116859198690e-01
4.468639111120323304e-01
4.510107116208575406e-01
4.532667405875370759e-01
4.540953188857138612e-01
4.537165905686973422e-01
4.522625100791722863e-01
4.498229196501018490e-01
4.464637877204911676e-01
4.422362359154519695e-01
4.371819149456738218e-01
4.313365234552514749e-01
4.247334974531425389e-01
4.174058003155809438e-01
4.093867260696387178e-01
4.007145425709761621e-01
3.914323140502763976e-01
