1.858516643830537952e+152
1.519683829988892261e+152
1.245127832192505474e+152
1.022228913334310163e+152
8.409216492679365250e+151
6.931635521673110913e+151
5.725170265619238839e+151
4.738199287053517369e+151
3.929255100481630197e+151
3.264967841468695735e+151
2.718436526404771695e+151
2.267936813635979289e+151
1.895894018119338235e+151
1.588065561588039894e+151
1.332889058040652543e+151
1.120961609426339851e+151
9.446232112601183258e+150
7.976229000001938866e+150
6.748507666756342157e+150
5.721224880499267895e+150
4.860057995098485699e+150
4.136805174657068513e+150
3.528254412501246345e+150
3.015268249371134772e+150
2.582041858114426481e+150
2.215500690806394139e+150
1.904810652525148525e+150
1.640979145634273313e+150
1.416529610857418338e+150
1.225235605583879580e+150
1.061903185936021912e+150
9.221925390681236172e+149
8.024715580466512684e+149
6.996954519329054993e+149
6.113076084962954416e+149
5.351578318150325392e+149
4.694348059952134494e+149
4.126102243790579776e+149
3.633924988272751832e+149
3.206883481863021744e+149
2.835708766533339339e+149
2.512530056019956387e+149
2.230653279386620685e+149
1.984376212822408014e+149
1.768833925549895622e+149
1.579869378085821860e+149
1.413924920134269250e+149
1.267951179413572056e+149
1.139330442496471940e+149
1.025812129157246166e+149
9.254583730032588431e+148
8.365980596288055325e+148
7.577879524474931869e+148
6.877797665352489053e+148
6.254922409993646552e+148
5.699874177810028740e+148
5.204504651764535614e+148
4.761724925555957805e+148
4.365358926244130239e+148
4.010018223423953455e+148
3.690994958807344707e+148
3.404170149430537147e+148
3.145935051497198057e+148
2.913123634587774212e+148
2.702954519603632362e+148
2.512980988539492532e+148
2.341047887793186753e+148
2.185254426463206880e+148
2.043922022180210743e+148
1.915566474488906280e+148
1.798873853216821176e+148
1.692679580076159468e+148
1.595950258546416007e+148
1.507767872081941691e+148
1.427316025856856011e+148
1.353867954043110401e+148
1.286776054398832382e+148
1.225462745825484828e+148
1.169412473365684977e+148
1.118164709750789237e+148
1.071307823608830391e+148
1.028473702446046330e+148
9.893330338938847128e+147
9.535911619112884514e+147
9.209844460073808479e+147
8.912770612435549131e+147
8.642581852235608447e+147
8.397395254839300984e+147
8.175531469762630430e+147
7.975495647472446852e+147
7.795960716142261846e+147
7.635752747378132659e+147
7.493838185441973201e+147
7.369312745831109135e+147
7.261391816377116177e+147
7.169402218333309476e+147
7.092775206271241727e+147
7.031040604916844068e+147
6.983821998221534987e+147
6.950832901746824533e+147
6.931873863811005524e+147
6.926830454323190842e+147
6.935672112913288858e+147
6.958451840048709321e+147
6.995306726848652041e+147
7.046459330946969659e+147
7.112219917792757173e+147
7.192989598971458952e+147
7.289264412056322194e+147
7.401640400059825421e+147
7.530819763399697327e+147
7.677618173258958001e+147
7.842973352995259177e+147
8.027955053960398837e+147
8.233776574226922072e+147
8.461807993648111502e+147
8.713591326928777374e+147
8.990857828862619988e+147
9.295547722423732934e+147
9.629832663055369710e+147
9.996141301051653351e+147
1.039718836000870067e+148
1.083600771436783984e+148
1.131599002403789486e+148
1.184092557130891454e+148
1.241505304638147652e+148
1.304311514556148537e+148
1.373042198329783322e+148
1.448292347911251308e+148
1.530729206735306339e+148
1.621101729606711265e+148
1.720251413715058501e+148
1.829124712987172019e+148
1.948787283173113216e+148
2.080440346480212662e+148
2.225439513205542832e+148
2.385316455244065511e+148
2.561803893975690386e+148
2.756864445006813067e+148
2.972723956754318740e+148
3.211910091758169252e+148
3.477297032347596701e+148
3.772157349746504136e+148
4.100222262890735267e+148
4.465751736000852549e+148
4.873616129349562446e+148
5.329391434279312108e+148
5.839470501806783280e+148
6.411193126498340952e+148
7.052998389181427499e+148
7.774603311723486854e+148
8.587212657381585884e+148
9.503765648184110488e+148
1.053922650025348859e+149
1.171092703938324371e+149
1.303897130257115515e+149
1.454671401795283610e+149
1.626132725980967860e+149
1.821447248971235343e+149
2.044309873182456343e+149
2.299039192862199076e+149
2.590690575485509484e+149
2.925191054240341017e+149
3.309500474857300001e+149
3.751804290786557853e+149
4.261744564193287026e+149
4.850697156047148444e+149
5.532104838341606954e+149
6.321878211868969639e+149
7.238878959317919082e+149
8.305503225268401379e+149
9.548386939929108233e+149
1.099925987937651206e+150
1.269598141382630986e+150
1.468379852983632974e+150
1.701687619037013536e+150
1.976016187951102203e+150
2.299166084994156389e+150
2.680521688487680180e+150
3.131391623204604459e+150
3.665426093908096861e+150
4.299129360810092290e+150
5.052490048221772879e+150
5.949757618023461174e+150
7.020400436794306203e+150
8.300289809403810776e+150
9.833165640269211397e+150
1.167245365342174013e+151
1.388352216863340292e+151
1.654648933924631243e+151
1.975972085078616733e+151
2.364419508524804509e+151
2.834895990025740190e+151
3.405796532526582819e+151
4.099863334965031065e+151
4.945262436921431852e+151
5.976938598842791274e+151
7.238323181899984237e+151
8.783490615763345123e+151
1.067988586218105631e+152
