2.183108020848970269e+46
1.784459688585916604e+46
1.461544054601348903e+46
1.199472629477475486e+46
9.863741186424724334e+45
8.127660372529869645e+45
6.710604914531203815e+45
5.551748209988136128e+45
4.602243342404517296e+45
3.822794164281976757e+45
3.181732002086764796e+45
2.653490158804767805e+45
2.217391899851712721e+45
1.856685885711095355e+45
1.557777246834455674e+45
1.309613595755994125e+45
1.103193941232411550e+45
9.311752519736730728e+44
7.875567322998168983e+44
6.674260430861624335e+44
5.667549799241950438e+44
4.822347015261442865e+44
4.111426365846858308e+44
3.512348045321179267e+44
3.006585568937858690e+44
2.578817529715442524e+44
2.216351825940784540e+44
1.908656835556069443e+44
1.646979066417424686e+44
1.424030838514239004e+44
1.233734769133225776e+44
1.071014401855270534e+44
9.316223781146529644e+43
8.119992000238041175e+43
7.091569582252382547e+43
6.205834641711676662e+43
5.441630845550823293e+43
4.781112679314414036e+43
4.209203127928669537e+43
3.713143787930374644e+43
3.282121093068036153e+43
2.906955308642219889e+43
2.579841365774318397e+43
2.294132572386923217e+43
2.044159839129984673e+43
1.825080365213800041e+43
1.632750796750202455e+43
1.463620743816706684e+43
1.314643258215601997e+43
1.183199461229609390e+43
1.067034993168955890e+43
9.642063535721065829e+42
8.730355279763044483e+42
7.920715670559627021e+42
7.200580068430154138e+42
6.559052031944261036e+42
5.986668063950869216e+42
5.475197285407175699e+42
5.017470615633625054e+42
4.607234912904633085e+42
4.239028258315743206e+42
3.908073173513484607e+42
3.610185070352275849e+42
3.341693654869129684e+42
3.099375362994363375e+42
2.880395203205927958e+42
2.682256630952517572e+42
2.502758289900344495e+42
2.339956631298696668e+42
2.192133571922043796e+42
2.057768476272858286e+42
1.935513854888618411e+42
1.824174260158087901e+42
1.722687936943057664e+42
1.630110849644388139e+42
1.545602761923496479e+42
1.468415091703250424e+42
1.397880303532207297e+42
1.333402634022765458e+42
1.274449974765331146e+42
1.220546761592717628e+42
1.171267740035596073e+42
1.126232494715778283e+42
1.085100645819094920e+42
1.047567628970892018e+42
1.013360986190974063e+42
9.822371053538577878e+41
9.539783540383452810e+41
9.283905608715574377e+41
9.053008038612375617e+41
8.845554705118820566e+41
8.660185594643499909e+41
8.495701973760870221e+41
8.351053484609579980e+41
8.225326972438659224e+41
8.117736879262024831e+41
8.027617061842612918e+41
7.954413914963990485e+41
7.897680700347448285e+41
7.857072999976542472e+41
7.832345228947039790e+41
7.823348158376198641e+41
7.830027413395808829e+41
7.852422925070233353e+41
7.890669328390571959e+41
7.944997312067794705e+41
8.015735938943182135e+41
8.103315969764446571e+41
8.208274237388649897e+41
8.331259133558562773e+41
8.473037286854903280e+41
8.634501528132346236e+41
8.816680259321845875e+41
9.020748363182604801e+41
9.248039815999083648e+41
9.500062192532266719e+41
9.778513283657432357e+41
1.008530008251218019e+42
1.042256043533203831e+42
1.079268769958943909e+42
1.119835880520151406e+42
1.164256617611543939e+42
1.212865404057898197e+42
1.266035974011558497e+42
1.324186074299136023e+42
1.387782817789446582e+42
1.457348783240973969e+42
1.533468971025672469e+42
1.616798741599174347e+42
1.708072883939211332e+42
1.808115984994230881e+42
1.917854299085630339e+42
2.038329348870552768e+42
2.170713527797495003e+42
2.316328019186097700e+42
2.476663399771168861e+42
2.653403358399605911e+42
2.848452033848014101e+42
3.063965562874365098e+42
3.302388532347853710e+42
3.566496150960237794e+42
3.859443100242174250e+42
4.184820195717694439e+42
4.546720192315064850e+42
4.949814310006105053e+42
5.399441343758870427e+42
5.901711565400021266e+42
6.463628035325804760e+42
7.093228432567486943e+42
7.799751099053781083e+42
8.593829698090147567e+42
9.487721732227743789e+42
1.049557718166591024e+43
1.163375474702906548e+43
1.292119465370968257e+43
1.437985875352441011e+43
1.603525080708599773e+43
1.791703243159125131e+43
2.005975334675536976e+43
2.250371837478323422e+43
2.529601829229472089e+43
2.849175728068906121e+43
3.215551660269501738e+43
3.636310252759848677e+43
4.120363678156637311e+43
4.678206034653831797e+43
5.322213679744539544e+43
6.067006022276617379e+43
6.929879593441170151e+43
7.931331066790276721e+43
9.095688407980412809e+43
1.045187366620547680e+44
1.203432627109984215e+44
1.388412232025169419e+44
1.605033354835015749e+44
1.859167985138720830e+44
2.157854189425352496e+44
2.509541608067055787e+44
2.924391379700827114e+44
3.414643135001699610e+44
3.995064765741409157e+44
4.683504511624998817e+44
5.501569717866999974e+44
6.475462658421505952e+44
7.637011418879420914e+44
9.024943405967452797e+44
1.068646112843362060e+45
1.267919515536381149e+45
1.507362847242604215e+45
1.795611093753588600e+45
2.143261361625127293e+45
2.563341229246696320e+45
3.071893977157253301e+45
3.688711077361482764e+45
4.438250520248479343e+45
5.350790047137812884e+45
6.463877798103826299e+45
7.824160135199485190e+45
9.489688575362566351e+45
1.153283631251477093e+46
