9.921307750650657509e-01
9.930614885040582873e-01
9.939095581219268283e-01
9.946687148301357473e-01
9.953360207513464175e-01
9.959113172954087156e-01
9.963967153285258060e-01
9.967961306925908760e-01
9.971148666247946490e-01
9.973592432499767124e-01
9.975362732285438794e-01
9.976533818025459244e-01
9.977181688579007668e-01
9.977382101778390355e-01
9.977208947730724642e-01
9.976732950123814447e-01
9.976020662179975185e-01
9.975133724147043912e-01
9.974128350123296904e-01
9.973055013390859092e-01
9.971958301211695241e-01
9.970876912040758100e-01
9.969843770288868701e-01
9.968886236020297886e-01
9.968026389244224461e-01
9.967281370694806020e-01
9.966663763167975532e-01
9.966181999547444326e-01
9.965840785603669039e-01
9.965641527454139892e-01
9.965582755242350377e-01
9.965660536104196110e-01
9.965868870866813056e-01
9.966200070130413202e-01
9.966645106477863836e-01
9.967193940489262882e-01
9.967835819068372460e-01
9.968559545277703160e-01
9.969353719481075515e-01
9.970206952081751561e-01
9.971108048552226322e-01
9.972046167775536762e-01
9.973010954974685927e-01
9.973992650698537688e-01
9.974982177467569544e-01
9.975971205780601592e-01
9.976952201226155781e-01
9.977918454464569376e-01
9.978864095830666248e-01
9.979784096277330985e-01
9.980674256316555137e-01
9.981531184558655179e-01
9.982352267354941411e-01
9.983135630973737351e-01
9.983880097635194906e-01
9.984585136640400371e-01
9.985250811724255549e-01
9.985877725666729710e-01
9.986466963098498129e-01
9.987020032340575559e-01
9.987538807026610232e-01
9.988025468170120824e-01
9.988482447252623464e-01
9.988912370834047705e-01
9.989318007109602160e-01
9.989702214775145750e-01
9.990067894493608325e-01
9.990417943203546702e-01
9.990755211454355189e-01
9.991082463910002653e-01
9.991402343115228790e-01
9.991717336582800479e-01
9.992029747229725922e-01
9.992341667154278628e-01
9.992654954722837157e-01
9.992971214915168376e-01
9.993291782849353933e-01
9.993617710403476240e-01
9.993949755821327496e-01
9.994288376187582257e-01
9.994633722647014995e-01
9.994985638227342761e-01
9.995343658120893204e-01
9.995707012273913339e-01
9.996074630126575711e-01
9.996445147334195314e-01
9.996816914299857526e-01
9.997188006337562882e-01
9.997556235272631042e-01
9.997919162280373140e-01
9.998274111737720515e-01
9.998618185855120410e-01
9.998948279813335560e-01
9.999261097103646634e-01
9.999553164718377740e-01
9.999820847766207610e-01
1.000006036300116641e+00
1.000026779063235560e+00
1.000043908360198630e+00
1.000057007328733594e+00
1.000065647024620308e+00
1.000069385813855849e+00
1.000067767827419241e+00
1.000060320119880330e+00
1.000046548021991333e+00
1.000025927942264969e+00
9.999978965116611551e-01
9.999618343844389745e-01
9.999170420621398270e-01
9.998627035113151207e-01
9.997978305651087361e-01
9.997211760735558173e-01
9.996310942804256250e-01
9.995253080729169515e-01
9.994005031002994865e-01
9.992515791263788527e-01
9.990701680032193499e-01
9.988414199751941558e-01
9.985361328748737497e-01
9.980878612531983718e-01
9.973060934716432291e-01
9.953386271565778376e-01
9.729546160571829194e-01
1.004152512266521136e+00
1.001360846589755882e+00
1.000391696920171380e+00
9.998469363203350557e-01
9.994639862651810702e-01
9.991586266344399947e-01
9.988958161296395133e-01
9.986585560533135508e-01
9.984377522673787420e-01
9.982282245723322900e-01
9.980269126337238950e-01
9.978319849332027980e-01
9.976423599932767727e-01
9.974574318199680434e-01
9.972769033295428853e-01
9.971006800028161532e-01
9.969287986562030968e-01
9.967613774704507934e-01
9.965985793119871428e-01
9.964405836128222838e-01
9.962875639166599573e-01
9.961396692886649307e-01
9.959970084522149492e-01
9.958596359348900195e-01
9.957275397795322114e-01
9.956006305581472926e-01
9.954787315535080783e-01
9.953615700632297836e-01
9.952487698479660638e-01
9.951398447963841765e-01
9.950341939196853946e-01
9.949310978201550970e-01
9.948297168056513540e-01
9.947290908427367517e-01
9.946281415591478048e-01
9.945256765201730964e-01
9.944203960130516551e-01
9.943109025794043543e-01
9.941957135368817422e-01
9.940732767268520842e-01
9.939419897150778560e-01
9.938002226557679508e-01
9.936463450047730017e-01
9.934787562348287304e-01
9.932959206631118976e-01
9.930964064468630337e-01
9.928789287384462980e-01
9.926423969103458367e-01
9.923859656681154329e-01
9.921090897589790458e-01
9.918115818574805287e-01
9.914936730656185304e-01
9.911560753012590430e-01
9.908000446671298977e-01
9.904274446907720408e-01
9.900408081055463994e-01
9.896433956038159785e-01
9.892392497381947702e-01
9.888332418763544629e-01
9.884311098343983026e-01
9.880394835256515185e-01
9.876658956728987526e-01
9.873187743488436308e-01
9.870074138412154863e-01
9.867419200938982726e-01
9.865331267675617744e-01
9.863924778019458328e-01
9.863318722643256153e-01
9.863634672436951689e-01
9.864994346124188462e-01
9.867516676304224355e-01
9.871314336076563167e-01
9.876489691487163602e-01
9.883130148224479328e-01
9.891302863233835119e-01
9.901048791132059934e-01
9.912376027824251201e-01
