9.996916022020791992e-01
9.996984723635464753e-01
9.996834839233222914e-01
9.996509040308805272e-01
9.996046610090520979e-01
9.995483140181968817e-01
9.994850373767911744e-01
9.994176169296270507e-01
9.993484561220747908e-01
9.992795897030267716e-01
9.992127032344417792e-01
9.991491568277172108e-01
9.990900117540906233e-01
9.990360587859181685e-01
9.989878473163317230e-01
9.989457144780916620e-01
9.989098136359522151e-01
9.988801417626287371e-01
9.988565653286763935e-01
9.988388444375020381e-01
9.988266550262772103e-01
9.988196090265242244e-01
9.988172724401088720e-01
9.988191813366339433e-01
9.988248558189611881e-01
9.988338120345723325e-01
9.988455723350879722e-01
9.988596737030192019e-01
9.988756745771747436e-01
9.988931602145375566e-01
9.989117467297446984e-01
9.989310839528200425e-01
9.989508572437992839e-01
9.989707883966153501e-01
9.989906357597511111e-01
9.990101936923962977e-01
9.990292914676319747e-01
9.990477917242676087e-01
9.990655885609647235e-01
9.990826053564926257e-01
9.990987923915813917e-01
9.991141243387905435e-01
9.991285976789336942e-01
9.991422280946352652e-01
9.991550478839066329e-01
9.991671034307524346e-01
9.991784527625133805e-01
9.991891632187160921e-01
9.991993092505694340e-01
9.992089703661711786e-01
9.992182292315222591e-01
9.992271699350053771e-01
9.992358764184998687e-01
9.992444310766822602e-01
9.992529135230665549e-01
9.992613995197289212e-01
9.992699600657334313e-01
9.992786606381074410e-01
9.992875605783089199e-01
9.992967126159257862e-01
9.993061625209899157e-01
9.993159488761033105e-01
9.993261029586228972e-01
9.993366487239722096e-01
9.993476028802109612e-01
9.993589750450833087e-01
9.993707679760193141e-01
9.993829778645805240e-01
9.993955946866651674e-01
9.994086026006547829e-01
9.994219803854936801e-01
9.994357019114696872e-01
9.994497366371343228e-01
9.994640501256603082e-01
9.994786045747514613e-01
9.994933593547634665e-01
9.995082715494918446e-01
9.995232964957658783e-01
9.995383883166788497e-01
9.995535004450655236e-01
9.995685861337325617e-01
9.995835989490897688e-01
9.995984932452486316e-01
9.996132246161461010e-01
9.996277503235184714e-01
9.996420296983714593e-01
9.996560245143266688e-01
9.996696993312940149e-01
9.996830218077755736e-01
9.996959629810147074e-01
9.997084975132598528e-01
9.997206039039715497e-01
9.997322646664191792e-01
9.997434664682863792e-01
9.997542002358256186e-01
9.997644612206318948e-01
9.997742490286475325e-01
9.997835676114028569e-01
9.997924252186820571e-01
9.998008343124057395e-01
9.998088114418873795e-01
9.998163770796396621e-01
9.998235554184382590e-01
9.998303741286416191e-01
9.998368640767212323e-01
9.998430590040410237e-01
9.998489951670483933e-01
9.998547109382042164e-01
9.998602463683049502e-01
9.998656427106400457e-01
9.998709419071483140e-01
9.998761860371799814e-01
9.998814167299012734e-01
9.998866745403796052e-01
9.998919982909744153e-01
9.998974243786734606e-01
9.999029860494776933e-01
9.999087126412141702e-01
9.999146287963628366e-01
9.999207536457475065e-01
9.999270999652670744e-01
9.999336733067207827e-01
9.999404711043226035e-01
9.999474817582094666e-01
9.999546836956537676e-01
9.999620444107401029e-01
9.999695194818815080e-01
9.999770515657950831e-01
9.999845693647727574e-01
9.999919865620764403e-01
9.999992007166430552e-01
1.000006092104253286e+00
1.000012522486431354e+00
1.000018333778825541e+00
1.000023346580657835e+00
1.000027358509163022e+00
1.000030142259949795e+00
1.000031443282126453e+00
1.000030976908484526e+00
1.000028424713363062e+00
1.000023429768619021e+00
1.000015590315623371e+00
1.000004451138950756e+00
9.999894915632381309e-01
9.999701084149583696e-01
9.999455913405947971e-01
9.999150862691833508e-01
9.998775400133568247e-01
9.998316139451598472e-01
9.997755451248954151e-01
9.997069142672236897e-01
9.996222398772998119e-01
9.995162272245957658e-01
9.993802769475673697e-01
9.991992414913786202e-01
9.989434595834310038e-01
9.985455382854042661e-01
9.978122465852636847e-01
9.958836786537922370e-01
9.766176117043589011e-01
1.003933211985113205e+00
1.001937104109545951e+00
1.001109075429415185e+00
1.000649495839330827e+00
1.000338070991355410e+00
1.000099450044767080e+00
9.999015145003850025e-01
9.997285783025203765e-01
9.995723325834798834e-01
9.994282099874960412e-01
9.992937311577791970e-01
9.991676778221282307e-01
9.990496464509091012e-01
9.989397909912393070e-01
9.988386651617675582e-01
9.987471194188279888e-01
9.986662286949691270e-01
9.985972374960039311e-01
9.985415144567553192e-01
9.985005114895537659e-01
9.984757243988168218e-01
9.984686528736070876e-01
9.984807584189784313e-01
9.985134192139528686e-01
9.985678811856969483e-01
9.986452048213173560e-01
9.987462074360878850e-01
9.988714007995506128e-01
9.990209242070380302e-01
9.991944732795902118e-01
9.993912249926447666e-01
9.996097596743842573e-01
9.998479809875057134e-01
1.000103035214013225e+00
1.000371231506223202e+00
1.000647965151176821e+00
1.000927646320196152e+00
1.001203637242858324e+00
1.001468201252569523e+00
1.001712467699864995e+00
