7.916073308486111330e+21
6.468493598685841588e+21
5.296272680599406248e+21
4.345211996202366665e+21
3.572108843242763059e+21
2.942463856130803630e+21
2.428678456578231239e+21
2.008635150155565236e+21
1.664577459073646068e+21
1.382224754047009948e+21
1.150071538986457891e+21
9.588318152440538726e+20
8.009977451596177736e+20
6.704885134665560883e+20
5.623704843734695936e+20
4.726338058597911101e+20
3.980137783618242478e+20
3.358477809577332572e+20
2.839604877630720246e+20
2.405716290439370834e+20
2.042217474542452736e+20
1.737123410371573187e+20
1.480575266279298826e+20
1.264449430992266363e+20
1.082040771409675715e+20
9.278056112914333696e+19
7.971528365978045645e+19
6.862738449656522342e+19
5.920038962603882086e+19
5.117088868273674650e+19
4.431927398201441485e+19
3.846215388855051878e+19
3.344612809405847962e+19
2.914267235940929946e+19
2.544392846070120448e+19
2.225923379671584358e+19
1.951225630288723558e+19
1.713862547276580659e+19
1.508397059177717350e+19
1.330229371717288960e+19
1.175461824257833574e+19
1.040786467755140301e+19
9.233914037417629696e+18
8.208826369468749824e+18
7.312187749802291200e+18
6.526563823137708032e+18
5.837041828373089280e+18
5.230846219089343488e+18
4.697015581552037888e+18
4.226130680796886528e+18
3.810085212753325568e+18
3.441892278414281216e+18
3.115520779955783680e+18
2.825756915714374144e+18
2.568086757612718592e+18
2.338596561829044224e+18
2.133888016317178112e+18
1.951006086751902976e+18
1.787377503294330112e+18
1.640758246802247936e+18
1.509188656668788992e+18
1.390955002006809088e+18
1.284556541320307968e+18
1.188677248983753728e+18
1.102161515128421120e+18
1.023993233015739648e+18
9.532777781461397760e+17
8.892264591272513280e+17
8.311430840603800320e+17
7.784123398632494080e+17
7.304897272800275200e+17
6.868928324581826560e+17
6.471937483934252800e+17
6.110124868237073920e+17
5.780112443786672640e+17
5.478894064471640960e+17
5.203791889491725440e+17
4.952418324167429120e+17
4.722642748931795840e+17
4.512562404928558720e+17
4.320476892843995520e+17
4.144865816882428800e+17
3.984369170432766080e+17
3.837770115213655040e+17
3.703979853198383360e+17
3.582024331401952000e+17
3.471032554712691200e+17
3.370226312283693440e+17
3.278911149105396480e+17
3.196468436991441280e+17
3.122348418852696320e+17
3.056064117189465600e+17
2.997186012493053440e+17
2.945337410368961920e+17
2.900190427426083840e+17
2.861462536145270400e+17
2.828913617707042560e+17
2.802343479688063040e+17
2.781589803282561280e+17
2.766526488692597760e+17
2.757062378191058880e+17
2.753140335640953600e+17
2.754736671268823040e+17
2.761860903022456320e+17
2.774555851138906560e+17
2.792898067378457280e+17
2.816998604811082240e+17
2.847004139091250880e+17
2.883098457060842880e+17
2.925504333560586880e+17
2.974485824514869120e+17
3.030351006775141760e+17
3.093455207688723200e+17
3.164204769428928000e+17
3.243061404943440000e+17
3.330547210544942080e+17
3.427250411263322880e+17
3.533831927274936320e+17
3.651032863611332480e+17
3.779683041592794880e+17
3.920710708503547520e+17
4.075153583764161280e+17
4.244171423434857600e+17
4.429060314722832000e+17
4.631268943257806080e+17
4.852417115474659840e+17
5.094316862028531840e+17
5.358996500060496000e+17
5.648728092227306240e+17
5.966058810770023680e+17
6.313846796930288640e+17
6.695302202330177280e+17
7.114034211486643200e+17
7.574104976902828800e+17
8.080091553467811840e+17
8.637157101672096000e+17
9.251132844167627520e+17
9.928612514049592320e+17
1.067706133280594688e+18
1.150494190953089664e+18
1.242185987266320128e+18
1.343873254151792896e+18
1.456798453425189376e+18
1.582377490859376640e+18
1.722226126437503232e+18
1.878190722786054912e+18
2.052384092057637120e+18
2.247227342636672256e+18
2.465498795840473088e+18
2.710391244770894848e+18
2.985579069612609024e+18
3.295297014303229952e+18
3.644432778722363392e+18
4.038636000842095104e+18
4.484446709643547136e+18
4.989446940667049984e+18
5.562439944168338432e+18
6.213662308962577408e+18
6.955035406827575296e+18
7.800463874830341120e+18
8.766190446885727232e+18
9.871218385069185024e+18
1.113781512318588723e+19
1.259211361579545805e+19
1.426483140490773914e+19
1.619213172055518208e+19
1.841665620307212698e+19
2.098876530146534195e+19
2.396803034426565018e+19
2.742503104970098278e+19
3.144352427582588109e+19
3.612306465751799808e+19
4.158217611617442202e+19
4.796219591776853197e+19
5.543194106396702310e+19
6.419338168121107251e+19
7.448854940736282624e+19
8.660796272065275494e+19
1.009009183467815895e+20
1.177880817985998520e+20
1.377769149474654945e+20
1.614806098116868506e+20
1.896413623377942282e+20
2.231590266209274429e+20
2.631264499221543322e+20
3.108731161984098632e+20
3.680191388068499948e+20
4.365421647536768287e+20
5.188604130104339988e+20
6.179359060226670592e+20
7.374030154279284900e+20
8.817287929319987610e+20
1.056413276076406997e+21
1.268240150457537528e+21
1.525590949400510726e+21
1.838839553128536474e+21
2.220848337482206151e+21
2.687593209480971026e+21
3.258952333094721946e+21
3.959703087208630059e+21
