5.658074766687495316e-01
5.978709510032064189e-01
6.280188259599295275e-01
6.564801486888612869e-01
6.834449397185651254e-01
7.090660529049481742e-01
7.334616863626808314e-01
7.567160492281471695e-01
7.786370497763176468e-01
8.000953334895014590e-01
8.202235192713717149e-01
8.392815468958030323e-01
8.574349798191841510e-01
8.744977669221926098e-01
8.904993805243009986e-01
9.054165811005236986e-01
9.192262548721020776e-01
9.319082440392567612e-01
9.434473891230592546e-01
9.538351237619911993e-01
9.630706529705755914e-01
9.711617176011174690e-01
9.781248800370991869e-01
9.839830665234823304e-01
9.887849584968156913e-01
9.925542359170996809e-01
9.953509749576225918e-01
9.972318063831541179e-01
9.982599464227193131e-01
9.985036298936820209e-01
9.980350991235518165e-01
9.969296974487443785e-01
9.952650693159117434e-01
9.931204983042895007e-01
9.905764181944857194e-01
9.877141349008073945e-01
9.846158031439468106e-01
9.813647137187557767e-01
9.780459681808360006e-01
9.747476523161463513e-01
9.715626750683975521e-01
9.685915269992472210e-01
9.659463490266098074e-01
9.637569112728946452e-01
9.621794021401519625e-01
9.614092753115675016e-01
9.616994234083848792e-01
9.633827317838370430e-01
9.668843753375157002e-01
9.726361098594039634e-01
9.803819142730979541e-01
9.843400486048528020e-01
9.301916061150834469e-01
3.282535541838509929e-01
2.226379412875214014e-01
5.493029142075643856e-01
6.718998905854068893e-01
7.280286945726741621e-01
7.588406014877479011e-01
7.773192855257272660e-01
7.902522103615062798e-01
7.994040076335653389e-01
8.063438280744724684e-01
8.118930216894560958e-01
8.165524139167630313e-01
8.206458980464669262e-01
8.243925341099559434e-01
8.279459516470309977e-01
8.313970149154285005e-01
8.348397819293974509e-01
8.384129973367360211e-01
8.420765799298569609e-01
8.458999288760843394e-01
8.499238347237529911e-01
8.541847189922967543e-01
8.587181356023184664e-01
8.635610387427010703e-01
8.687539085016939833e-01
8.743430020346962817e-01
8.803828605813968089e-01
8.869391058660797134e-01
8.940913602887792244e-01
9.019356356280257003e-01
9.105844356973820108e-01
9.201494729122554617e-01
9.307583708297285652e-01
9.419479330549963558e-01
9.544435681455253340e-01
9.656879060723682073e-01
9.710747955791360075e-01
9.557884078208811474e-01
8.780496535307213968e-01
6.545345660177531721e-01
2.912136015711206394e-01
5.174195371872596788e-02
9.688824696345416619e-04
9.565941386591637506e-04
3.997142370922120679e-03
7.584277311018472467e-02
3.234641287904956863e-01
6.390275306874675376e-01
8.385895768307926046e-01
9.289940660190003641e-01
9.663702081189229354e-01
9.818200443533295907e-01
9.883810012032998582e-01
9.912972895537361939e-01
9.927046347382201263e-01
9.934812825057359742e-01
9.939798233721327536e-01
9.943268604398678434e-01
9.945506676891138209e-01
9.946374458155288201e-01
9.945567056757107505e-01
9.942728294071396800e-01
9.937502711170943526e-01
9.929557705721736571e-01
9.918591327724763929e-01
9.904332588671787008e-01
9.886535717625288822e-01
9.864960173569163882e-01
9.839262136068031017e-01
9.805291331060369542e-01
9.778262362285488063e-01
9.740028541668244166e-01
9.697751530893148342e-01
9.651150159675861984e-01
9.600112571801135974e-01
9.544574795152351854e-01
9.484496304892817697e-01
9.419868406021728591e-01
9.350846455238474020e-01
9.269744081533826119e-01
9.196504027618266353e-01
9.113075371793798451e-01
9.024514977065487553e-01
8.930835088717038461e-01
8.831899968982231952e-01
8.727505360294895986e-01
8.617379613207590827e-01
8.501171151452207031e-01
8.378395641963009011e-01
8.248588543207451274e-01
8.110943146173688056e-01
7.964557815576041033e-01
7.805770292981109026e-01
7.640763752640727935e-01
7.459991791535205419e-01
7.263682673346053553e-01
7.048795830815594021e-01
6.811402532288182154e-01
6.546381957921570960e-01
6.247007562680081394e-01
5.904385922856454361e-01
5.506721731145605148e-01
5.038444640665971086e-01
4.479463454673261458e-01
3.805552490412121847e-01
2.993093541810886715e-01
2.037534439761425897e-01
1.008757962978681783e-01
1.778796357896755831e-02
1.537484646493835101e-02
1.572392394034052565e-01
4.106065349866544478e-01
6.548127577817549616e-01
8.203129554369494869e-01
9.124949548086829232e-01
9.576918490478698587e-01
9.765807436277392783e-01
9.814911469587603854e-01
9.791991217198316999e-01
9.733611021384163120e-01
9.659581176915812417e-01
9.580746136612524610e-01
9.503101700004267238e-01
9.429987961170197552e-01
9.363279009415124143e-01
9.304043608771646046e-01
9.252922341101678105e-01
9.210349546544711608e-01
9.176670706820876378e-01
9.150345559461895428e-01
9.137565644874821036e-01
9.133847686833689306e-01
9.141467286932940528e-01
9.161828534645207744e-01
9.196486050843065696e-01
9.246429199145053124e-01
9.287250195666664210e-01
9.398845976164880156e-01
9.451864632439787028e-01
9.218141966235048335e-01
6.177837393651355313e-01
8.609581177585280687e-02
5.467789224920865943e-01
2.083360850761946381e-01
6.452388665247813515e-01
7.266222878320330869e-01
7.669363729700847676e-01
