3.833023619029680089e+79
3.133128398244818743e+79
2.566188799177047374e+79
2.106067768021040455e+79
1.731924812959409445e+79
1.427112934561870240e+79
1.178311065645667073e+79
9.748405813000756594e+78
8.081259121158789391e+78
6.712681578643605417e+78
5.587074582876806230e+78
4.659551940357184228e+78
3.893812174421072374e+78
3.260445212181167873e+78
2.735582513307891654e+78
2.299819186759060656e+78
1.937351860259829767e+78
1.635287973599279808e+78
1.383091496247943379e+78
1.172137391648459899e+78
9.953529057072900288e+77
8.469282879439651821e+77
7.220831264028614828e+77
6.168772988220158390e+77
5.280577741784226680e+77
4.529342665796471019e+77
3.892781460856795311e+77
3.352401255948771771e+77
2.892831299382084920e+77
2.501274603073412207e+77
2.167059315063760021e+77
1.881271106983615876e+77
1.636451475740314784e+77
1.426349755338476624e+77
1.245718961064677240e+77
1.090147459069205906e+77
9.559199612925588279e+76
8.399025610818432311e+76
7.394475067199674033e+76
6.523142043346752068e+76
5.766035851349857138e+76
5.107034939665751879e+76
4.532431803225201361e+76
4.030553180452147322e+76
3.591442611321001097e+76
3.206594724808821572e+76
2.868732498657159700e+76
2.571620268199060783e+76
2.309906517755100982e+76
2.078991519250972537e+76
1.874915730046355126e+76
1.694265558949363200e+76
1.534093683807505451e+76
1.391851577833547645e+76
1.265332293332363225e+76
1.152621875256254209e+76
1.052058045311019721e+76
9.621950197993593545e+75
8.817735092128418464e+75
8.096951012547480169e+75
7.450003569873886268e+75
6.868500565075793031e+75
6.345091196680282926e+75
5.873328018669704494e+75
5.447548272782891801e+75
5.062771741785068592e+75
4.714612708870197164e+75
4.399203977027497980e+75
4.113131212399523435e+75
3.853376136860096301e+75
3.617267315612282201e+75
3.402437471506073757e+75
3.206786415487862456e+75
3.028448815484999559e+75
2.865766139387123226e+75
2.717262203334508572e+75
2.581621838215257970e+75
2.457672256488386798e+75
2.344366760536054523e+75
2.240770484133516467e+75
2.146047901604142831e+75
2.059451876045741563e+75
1.980314049470529522e+75
1.908036404749803135e+75
1.842083852354042641e+75
1.781977714926070825e+75
1.727289999665508581e+75
1.677638363640291347e+75
1.632681689516163059e+75
1.592116200574356807e+75
1.555672053303688549e+75
1.523110354276488449e+75
1.494220555218386797e+75
1.468818186609815412e+75
1.446742895670710018e+75
1.427856759547093225e+75
1.412042848846277790e+75
1.399204020583105956e+75
1.389261923077062272e+75
1.382156198528399523e+75
1.377843871895523096e+75
1.376298917421119461e+75
1.377511996662117782e+75
1.381490364342025948e+75
1.388257940694560613e+75
1.397855551306491198e+75
1.410341337830323914e+75
1.425791345350170929e+75
1.444300294721947865e+75
1.465982550866847050e+75
1.490973300893357377e+75
1.519429959019391620e+75
1.551533818781178089e+75
1.587491976754318146e+75
1.627539556382984484e+75
1.671942265301789132e+75
1.720999325017149271e+75
1.775046818065461766e+75
1.834461504884470282e+75
1.899665170802747427e+75
1.971129572947803662e+75
2.049382067723717341e+75
2.135012011989956201e+75
2.228678045574319082e+75
2.331116379522557608e+75
2.443150233989649169e+75
2.565700592322728876e+75
2.699798464299635519e+75
2.846598882235247239e+75
3.007396889650992995e+75
3.183645824142460128e+75
3.376978245352503445e+75
3.589229916540067402e+75
3.822467315927968590e+75
4.079019233478190835e+75
4.361513102306852839e+75
4.672916824050057113e+75
5.016586977488920557e+75
5.396324453040279745e+75
5.816438737181608403e+75
6.281822285449793671e+75
6.798036677226367364e+75
7.371412547304077463e+75
8.009165648030846610e+75
8.719531822639381812e+75
9.511924178634859131e+75
1.039711635657372651e+76
1.138745651339070403e+76
1.249711750548242000e+76
1.374238979319637383e+76
1.514202483110274564e+76
1.671763820027707197e+76
1.849418353192946648e+76
2.050051042976836251e+76
2.277002219929695092e+76
2.534145233154236052e+76
2.825978248028123275e+76
3.157732926251680882e+76
3.535503277152902074e+76
3.966398643884729242e+76
4.458725607821544388e+76
5.022204591698584410e+76
5.668228156903456743e+76
6.410169472549964900e+76
7.263751244563316352e+76
8.247487608251694871e+76
9.383214201451474744e+76
1.069672496479827813e+77
1.221853830544383333e+77
1.398482029310575064e+77
1.603849875675534772e+77
1.843060979983769389e+77
2.122192770371281108e+77
2.448494088423110458e+77
2.830625105957015549e+77
3.278949077307130415e+77
3.805887676855796378e+77
4.426354453801369829e+77
5.158284404304978434e+77
6.023281990722138712e+77
7.047415350570224595e+77
8.262191215729554210e+77
9.705753561774896155e+77
1.142435968212694037e+78
1.347420080872519351e+78
1.592365131607013378e+78
1.885605188701940474e+78
2.237315898771800268e+78
2.659942712975929966e+78
3.168733366259423377e+78
3.782401076384711623e+78
4.523951913411682355e+78
5.421718684238182820e+78
6.510655020898572167e+78
7.833957853226628921e+78
9.445104988349515660e+78
1.141041828025477510e+79
1.381229336826269852e+79
1.675327616361455652e+79
2.036121673013496551e+79
