4.250889521457559683e+43
3.475479571314583812e+43
2.847235398628517591e+43
2.337250875889191092e+43
1.922472968957588725e+43
1.584483665148927684e+43
1.308541782106166043e+43
1.082827932909494114e+43
8.978485658450238967e+42
7.459647678246266678e+42
6.210190824955467036e+42
5.180394561349314189e+42
4.330039754954849089e+42
3.626536006650035797e+42
3.043428521161984132e+42
2.559205609585114357e+42
2.156344709642671019e+42
1.820547951733821662e+42
1.540128598568431812e+42
1.305517770901889096e+42
1.108867227882421295e+42
9.437289753040491997e+41
8.047964219778518237e+41
6.876949220031197688e+41
5.888120069861391104e+41
5.051595663224006169e+41
4.342617843176937507e+41
3.740638752643834800e+41
3.228576385645154928e+41
2.792206379656612501e+41
2.419664333219232585e+41
2.101037925066743950e+41
1.828032108882912131e+41
1.593693863888014808e+41
1.392185556763387750e+41
1.218598041635537510e+41
1.068796293849476432e+41
9.392917190496296649e+40
8.271363670337804994e+40
7.298351596606864362e+40
6.452729551858414664e+40
5.716538499738930541e+40
5.074505886669869154e+40
4.513623364972501755e+40
4.022793792008424519e+40
3.592535704086550245e+40
3.214735543370269753e+40
2.882439617187425472e+40
2.589679163928308505e+40
2.331323043677891519e+40
2.102953512331574702e+40
1.900761311537002020e+40
1.721456944599322969e+40
1.562195534441580983e+40
1.420513094622554507e+40
1.294272403946355481e+40
1.181616973249228565e+40
1.080931840146057700e+40
9.908101328829609657e+39
9.100245152158134217e+39
8.375027665702336267e+39
7.723068703115516533e+39
7.136150820835739201e+39
6.607065330022308384e+39
6.129479918463227923e+39
5.697824685411537743e+39
5.307193900271423912e+39
4.953261206295933435e+39
4.632206335600757771e+39
4.340651692567020039e+39
4.075607408176111013e+39
3.834423674892959279e+39
3.614749347106710926e+39
3.414495940474262167e+39
3.231806289301316678e+39
3.065027228083052095e+39
2.912685753743928623e+39
2.773468202779165028e+39
2.646202042964806623e+39
2.529839935653461620e+39
2.423445772510319571e+39
2.326182431623851018e+39
2.237301032952943972e+39
2.156131503316673310e+39
2.082074286806276775e+39
2.014593058904758620e+39
1.953208321603943122e+39
1.897491773388614597e+39
1.847061362215438627e+39
1.801576941920022108e+39
1.760736463253852241e+39
1.724272640018215890e+39
1.691950038899392209e+39
1.663562548740752971e+39
1.638931191180010327e+39
1.617902240116953184e+39
1.600345622346534558e+39
1.586153576071433207e+39
1.575239547894391335e+39
1.567537312493119380e+39
1.563000302428530357e+39
1.561601138584013504e+39
1.563331354604039300e+39
1.568201311447565124e+39
1.576240300847674778e+39
1.587496839124228729e+39
1.602039155477051378e+39
1.619955881647034802e+39
1.641356952705376853e+39
1.666374731801211096e+39
1.695165374981370011e+39
1.727910455784306026e+39
1.764818873302027807e+39
1.806129071707159571e+39
1.852111604337000316e+39
1.903072080813756092e+39
1.959354542087153589e+39
2.021345315451425378e+39
2.089477409797323884e+39
2.164235520750494043e+39
2.246161726230150270e+39
2.335861965418524206e+39
2.434013408565265640e+39
2.541372841767979248e+39
2.658786210229524691e+39
2.787199485978507858e+39
2.927671052204647037e+39
3.081385826852109973e+39
3.249671383597421394e+39
3.434016369896034763e+39
3.636091570289188830e+39
3.857774019931880008e+39
4.101174640027151561e+39
4.368669944875588571e+39
4.662938462234368090e+39
4.987002616753762283e+39
5.344276953449362813e+39
5.738623728817626425e+39
6.174417073849281035e+39
6.656617143527998331e+39
7.190855915754516829e+39
7.783536596305741090e+39
8.441948936495689539e+39
9.174403184784473815e+39
9.990385887932525819e+39
1.090074134520546325e+40
1.191788322146456299e+40
1.305604166302401638e+40
1.433155226272874850e+40
1.576319442155857642e+40
1.737258809287799168e+40
1.918465962446249441e+40
2.122818949023888114e+40
2.353645720536729867e+40
2.614800173208705162e+40
2.910751932238987278e+40
3.246692514107617875e+40
3.628661033351785119e+40
4.063693265191865936e+40
4.559998657888919844e+40
5.127170839619629566e+40
5.776438321708741580e+40
6.520963509897817953e+40
7.376199855578104077e+40
8.360319080730117714e+40
9.494722982292410192e+40
1.080465747240286502e+41
1.231995037857334704e+41
1.407589927680906688e+41
1.611434147937057693e+41
1.848494550038516421e+41
2.124677221375724769e+41
2.447016490291182792e+41
2.823904099882132346e+41
3.265367515325775691e+41
3.783408421066629591e+41
4.392415064133747794e+41
5.109665336433324116e+41
5.955941524014901243e+41
6.956282689737329528e+41
8.140906955487669137e+41
9.546343840552403255e+41
1.121682670806717303e+42
1.320600780236894688e+42
1.557907399817588313e+42
1.841536108678551919e+42
2.181158928941123447e+42
2.588587411386145016e+42
3.078270645109615125e+42
3.667914624039545617e+42
4.379253807006099830e+42
5.239013851918933089e+42
6.280114877811909004e+42
7.543177841492325588e+42
9.078413523821403180e+42
1.094799525760586208e+43
1.322904426139983217e+43
1.601739204284500108e+43
1.943233010364259497e+43
2.362261611306580067e+43
