9.996687308476907008e-01
9.996674928893016787e-01
9.996663383735940878e-01
9.996652678741078102e-01
9.996642819291412518e-01
9.996633810411401644e-01
9.996625656758398870e-01
9.996618362615080633e-01
9.996611931880333701e-01
9.996606368060564352e-01
9.996601674261298420e-01
9.996597853178642579e-01
9.996594907090836646e-01
9.996592837851852043e-01
9.996591646883200566e-01
9.996591335168543146e-01
9.996591903248597255e-01
9.996593351214297929e-01
9.996595678705230137e-01
9.996598884904209781e-01
9.996602968535061029e-01
9.996607927861073106e-01
9.996613760682688810e-01
9.996620464336559708e-01
9.996628035695750425e-01
9.996636471169377813e-01
9.996645766704161939e-01
9.996655917784253997e-01
9.996666919433691012e-01
9.996678766218275447e-01
9.996691452248399612e-01
9.996704971179809496e-01
9.996719316219336848e-01
9.996734480126474587e-01
9.996750455218194054e-01
9.996767233371162131e-01
9.996784806028027326e-01
9.996803164200169789e-01
9.996822298473297952e-01
9.996842199011753971e-01
9.996862855564181416e-01
9.996884257468146018e-01
9.996906393655862200e-01
9.996929252660577969e-01
9.996952822620834844e-01
9.996977091287725381e-01
9.997002046030776246e-01
9.997027673844396389e-01
9.997053961353673524e-01
9.997080894822506503e-01
9.997108460158297127e-01
9.997136642921268246e-01
9.997165428330245796e-01
9.997194801270371523e-01
9.997224746300235054e-01
9.997255247659895261e-01
9.997286289278608518e-01
9.997317854782452606e-01
9.997349927502845457e-01
9.997382490484469919e-01
9.997415526493402815e-01
9.997449018026229872e-01
9.997482947318059310e-01
9.997517296352035343e-01
9.997552046866997610e-01
9.997587180367898396e-01
9.997622678133937235e-01
9.997658521228635076e-01
9.997694690508265314e-01
9.997731166632285449e-01
9.997767930072937181e-01
9.997804961123850642e-01
9.997842239910709194e-01
9.997879746401446832e-01
9.997917460415587376e-01
9.997955361635232352e-01
9.997993429613329930e-01
9.998031643786348122e-01
9.998069983483377499e-01
9.998108427936039933e-01
9.998146956289541976e-01
9.998185547613719359e-01
9.998224180912930192e-01
9.998262835136031423e-01
9.998301489188309299e-01
9.998340121941348135e-01
9.998378712243781719e-01
9.998417238932527651e-01
9.998455680842521787e-01
9.998494016818920693e-01
9.998532225725822453e-01
9.998570286459013134e-01
9.998608177955768950e-01
9.998645879204706155e-01
9.998683369258273279e-01
9.998720627242640990e-01
9.998757632367109016e-01
9.998794363936538421e-01
9.998830801361047182e-01
9.998866924166163184e-01
9.998902712004273940e-01
9.998938144663379601e-01
9.998973202079317613e-01
9.999007864343979479e-01
9.999042111717780790e-01
9.999075924636768864e-01
9.999109283725310382e-01
9.999142169804721147e-01
9.999174563902450963e-01
9.999206447262793951e-01
9.999237801356312128e-01
9.999268607887817906e-01
9.999298848807924855e-01
9.999328506320239729e-01
9.999357562890882622e-01
9.999386001258208090e-01
9.999413804440564491e-01
9.999440955744470783e-01
9.999467438774571892e-01
9.999493237440267857e-01
9.999518335964534543e-01
9.999542718891691884e-01
9.999566371094807948e-01
9.999589277783860197e-01
9.999611424511996027e-01
9.999632797183348742e-01
9.999653382060220697e-01
9.999673165769111804e-01
9.999692135307257645e-01
9.999710278049295242e-01
9.999727581752870798e-01
9.999744034564254092e-01
9.999759625025427257e-01
9.999774342077418776e-01
9.999788175065951190e-01
9.999801113747525116e-01
9.999813148292036047e-01
9.999824269289038225e-01
9.999834467750335909e-01
9.999843735114409826e-01
9.999852063250512790e-01
9.999859444460782454e-01
9.999865871483999413e-01
9.999871337498713597e-01
9.999875836124609840e-01
9.999879361426001756e-01
9.999881907912665513e-01
9.999883470542334507e-01
9.999884044721888410e-01
9.999883626308359030e-01
9.999882211610011673e-01
9.999879797386957980e-01
9.999876380851221436e-01
9.999871959668074073e-01
9.999866531954550997e-01
9.999860096279650223e-01
9.999852651664337122e-01
9.999844197579873528e-01
9.999834733947946530e-01
9.999824261138847703e-01
9.999812779970056464e-01
9.999800291704892263e-01
9.999786798051092385e-01
9.999772301158713628e-01
9.999756803617882994e-01
9.999740308456777083e-01
9.999722819138573415e-01
9.999704339560689936e-01
9.999684874049158401e-01
9.999664427357997099e-01
9.999643004664137136e-01
9.999620611565120942e-01
9.999597254074483743e-01
9.999572938617021789e-01
9.999547672024708955e-01
9.999521461531092337e-01
9.999494314764978409e-01
9.999466239743892704e-01
9.999437244866576924e-01
9.999407338903707476e-01
9.999376530989018130e-01
9.999344830607239665e-01
9.999312247581366719e-01
9.999278792057983978e-01
9.999244474490759371e-01
9.999209305620612165e-01
9.999173296454817450e-01
9.999136458240702741e-01
9.999098802438665112e-01
9.999060340688976645e-01
9.999021084776869017e-01
9.998981046591274291e-01
9.998940238079312426e-01
9.998898671196603249e-01
9.998856357850571808e-01
9.998813309839658103e-01
9.998769538785904354e-01
9.998725056062783834e-01
9.998679872715915407e-01
9.998633999381772997e-01
