2.019058813932407270e-01
2.279874800032404558e-01
2.462619564744369938e-01
2.594913028001107347e-01
2.695836570717967118e-01
2.778127494099544292e-01
2.850124823608323754e-01
2.917186270286935557e-01
2.982669008241630726e-01
3.048621303189383847e-01
3.115875909179849357e-01
3.185484514789021504e-01
3.257457916097779016e-01
3.331815101494748355e-01
3.408542678844439511e-01
3.487652749033216537e-01
3.569126663712167136e-01
3.652436186431206600e-01
3.739830447095207622e-01
3.830938898309471652e-01
3.925759429645708787e-01
4.029428700446709422e-01
4.130957826581045378e-01
4.250741715043347968e-01
4.390259020296359838e-01
4.556751221300429644e-01
4.773750608947988083e-01
5.072558822424113600e-01
5.557173738381235850e-01
6.551823808974893693e-01
8.938590326624076265e-01
1.727106792893946460e-02
1.872000404414866370e-01
3.187827789735118711e-01
3.569180378787484842e-01
3.850081584332618045e-01
4.069967489025207996e-01
4.256330219034231699e-01
4.379818962503136959e-01
4.578621129605761064e-01
4.725648351006137005e-01
4.889644746732748071e-01
5.038594047023288169e-01
5.189721358022659770e-01
5.344663054415446091e-01
5.503712216682342673e-01
5.667227149054991919e-01
5.835315095837128041e-01
6.007452984323071732e-01
6.188879137735103786e-01
6.376075135022691853e-01
6.564127531706246410e-01
6.756651730102897213e-01
6.953046677222691763e-01
7.152577295114891376e-01
7.354455454604126308e-01
7.557885284867339459e-01
7.762205773825578969e-01
7.967314323069391024e-01
8.175568701181517017e-01
8.381871710214069404e-01
8.685762109060578551e-01
8.409192191952393758e-01
8.768318632446260308e-01
8.956724777210900434e-01
9.114279405085272678e-01
9.253151628039251175e-01
9.376573154747742667e-01
9.487445735499278054e-01
9.591162620342296163e-01
9.417876730305043687e-01
9.645754763952656408e-01
9.700808518765198230e-01
9.724542113418960243e-01
9.738744479248284680e-01
9.725196341107343878e-01
9.683236968862364291e-01
9.598810863518959513e-01
9.445673400352678772e-01
9.142792502761832862e-01
8.635277781925653207e-01
7.512380626062203914e-01
5.968052118207660683e-01
3.630410097991337848e-01
1.308270587390091555e-01
1.091904136394573205e-02
1.387145381639139086e-02
7.593673917991300426e-02
1.471739990260977071e-01
2.091859592362271814e-01
2.586715180711513518e-01
2.971993612173361443e-01
3.273272793358694144e-01
3.514635847269982905e-01
3.710358102592741791e-01
3.877422379236025729e-01
4.060553435349110174e-01
4.376993184099703393e-01
4.317196650123150126e-01
4.671214158651171844e-01
5.190365726500044685e-01
6.237850645475800926e-01
8.117650014056462249e-01
1.655270029756832073e-02
9.909453458806481707e-02
1.767301168803959988e-01
2.171140745531428551e-01
2.407349311963604410e-01
2.558857919371056999e-01
2.662360489200433777e-01
2.735315864372682149e-01
2.799194050503371334e-01
2.841493923087580198e-01
2.876143863088083674e-01
2.900421983424690819e-01
2.953271297352745850e-01
2.968129759016662761e-01
2.989815480137497650e-01
3.010781707617057323e-01
3.009239613757716536e-01
3.066570530079823498e-01
3.090429062763533907e-01
3.116919924932531893e-01
3.145439853810636510e-01
3.175963724052243697e-01
3.208399447933262816e-01
3.242375856633752940e-01
3.272089108676261016e-01
3.207420889796078756e-01
3.414212355815008371e-01
3.449908338295811228e-01
3.501507118297490506e-01
3.560630113734151725e-01
3.626595000826411397e-01
3.705613862643574730e-01
3.797766340737945279e-01
3.895050777863135472e-01
4.009070605330277148e-01
4.151626737336396866e-01
4.349522096243204627e-01
4.696001165779952746e-01
5.890606901497644765e-01
1.687990897006172164e-01
3.562628627310105434e-01
3.991392286064960881e-01
4.240717258627849651e-01
4.436621654106869261e-01
4.611975012890437986e-01
4.779023859345318259e-01
4.943294869422507065e-01
5.109985101007349373e-01
5.219031598744169331e-01
5.421928610774116031e-01
5.589457653220017974e-01
5.752991992501036433e-01
5.913114431481804045e-01
6.068070621358836458e-01
6.215200814048379430e-01
6.351014890081900788e-01
6.471021809303900696e-01
6.569066965893195498e-01
6.640105293643526752e-01
6.671844533118682641e-01
6.653058769094408742e-01
6.564862413292568144e-01
6.381870658156707510e-01
6.066295220644228881e-01
5.562186753662105021e-01
4.752849507282740915e-01
3.693773377773758027e-01
2.239199340366964941e-01
7.646036591554496165e-02
2.524042644118322260e-03
1.849549194481432332e-02
3.362632654003371302e-01
4.380576797992555838e-01
5.498022682004374273e-01
6.389612060862509546e-01
7.130634658547628790e-01
7.870720142763457661e-01
7.978653093872396518e-01
1.972969628086058969e-01
8.793706827402332504e-02
2.482399306492641122e-01
3.291242689891386020e-01
3.706589280903850314e-01
3.929946359634665098e-01
4.052227098857471566e-01
4.118328573375513724e-01
4.152671041185540535e-01
4.169519529004400704e-01
4.177579231611112665e-01
4.182241044436909028e-01
4.186780783839764708e-01
4.193109682969813901e-01
4.202926465382079702e-01
4.181663465266494129e-01
4.174836513493289103e-01
4.235064520076358141e-01
4.241621854210642084e-01
