7.936693428901231417e-01
7.832334668587213056e-01
7.741017855961918048e-01
7.662436046074769802e-01
7.596041999493807761e-01
7.541114230432507393e-01
7.496811949406846365e-01
7.462220576995480803e-01
7.436389101782746591e-01
7.418360322181201116e-01
7.407194867504643954e-01
7.401989795016515883e-01
7.401892483123334587e-01
7.406110471258884331e-01
7.413917814284701757e-01
7.424658333670851595e-01
7.437744922130204994e-01
7.452572572321275457e-01
7.469024253587795981e-01
7.486345030059575745e-01
7.504360993650668332e-01
7.522801169166140056e-01
7.541447728819536955e-01
7.560126607495409878e-01
7.578700895806913529e-01
7.597064461000271329e-01
7.615135574444413802e-01
7.632850481617422522e-01
7.650156814178076248e-01
7.667006640273950069e-01
7.683348756525577583e-01
7.699119448705971092e-01
7.714230147014876637e-01
7.728548529345405926e-01
7.741864759019350117e-01
7.753820149398371608e-01
7.763725190828141276e-01
7.769970951508348156e-01
7.767310800010983618e-01
7.721304715978529742e-01
4.769386352164659004e-01
7.838792492352127939e-01
7.841842738713604710e-01
7.837345193971874124e-01
7.829147480182154784e-01
7.815764659258462865e-01
7.795290316207864612e-01
7.765560940684217428e-01
7.726439101080146976e-01
7.756838987162729682e-01
7.697819896897051262e-01
7.529537454374741756e-01
7.366598735986917834e-01
7.150397390185303514e-01
6.842594438237394883e-01
6.384710699665224753e-01
5.672365496894852255e-01
4.515973836668937813e-01
2.646964102265262908e-01
3.904608458436534257e-02
9.927817178552293675e-02
5.131614017912156100e-01
7.915161482102804902e-01
9.107841637807736479e-01
9.595218530287161762e-01
9.805814300876275480e-01
9.901300658516404285e-01
9.945811365010348570e-01
9.966637122729621323e-01
9.976121575573437816e-01
9.980098438377231762e-01
9.981393157990551268e-01
9.981377079840522137e-01
9.980697727204330683e-01
9.979638424406530595e-01
9.978301886436115042e-01
9.976705754741905796e-01
9.974831113402872207e-01
9.972642599515078032e-01
9.970086190870877108e-01
9.967060827433463777e-01
9.963347017555569396e-01
9.958451057077335467e-01
9.951268886782111966e-01
9.939341246645007066e-01
9.917126271660055004e-01
9.871705196442337460e-01
9.770498638576230466e-01
9.512415543341364854e-01
8.648904079197503592e-01
5.251913865358961431e-01
4.872416218568072915e-02
3.142108750189817057e-01
5.552130446361964733e-01
6.710729926405755164e-01
7.299059259081418505e-01
7.620996694823980455e-01
7.803041775192326446e-01
7.903375990971702736e-01
7.951504285076085310e-01
7.963687710786265805e-01
7.950446849752530465e-01
7.903311172229784409e-01
7.853265905372394107e-01
7.783365453702654202e-01
7.704684395629624039e-01
7.540740778680636858e-01
7.441099138819867731e-01
7.295552939758244149e-01
7.120794332215416578e-01
6.911785297353109092e-01
6.658902682695905240e-01
6.346928215388966121e-01
5.951519936822733392e-01
5.431987426082115489e-01
4.716323087186700680e-01
3.671307616832020781e-01
2.084658064450090331e-01
4.908249504549933029e-02
6.011916580991982784e-01
6.979534675140504074e-01
5.865495464225919386e-01
2.914037188671619871e-01
1.344263912377918757e-01
3.489350797124660120e-01
6.846257269324699246e-01
8.685162137166286822e-01
9.500936471101062430e-01
9.803400918785287743e-01
9.887441707947474123e-01
9.877645134660241188e-01
9.827974311858277412e-01
9.762824058436309071e-01
9.693620392160549049e-01
9.625812120550280016e-01
9.561974362523294468e-01
9.503256016914843896e-01
9.450083752840892082e-01
9.402515761956556917e-01
9.360423361771208484e-01
9.323584700269244019e-01
9.291731821330113661e-01
9.264571635537127703e-01
9.241790642332727845e-01
9.223046835463518667e-01
9.207946744017414531e-01
9.195997582944419602e-01
9.186507223806886779e-01
9.178360142981547565e-01
9.169482153091519372e-01
9.155702445164952685e-01
9.133138169392679417e-01
9.155339816645909901e-01
9.241224971862470605e-01
9.273602913263132574e-01
9.288790267584640103e-01
9.301832444318108850e-01
9.315530678421914956e-01
9.323608247839274554e-01
9.333073609769656498e-01
9.336232216711790599e-01
9.327978702343286965e-01
9.295587181192938031e-01
9.201250539771395065e-01
8.866465411651964779e-01
5.674855967886717201e-01
9.892207770995345983e-01
9.939061491144893790e-01
9.915368219943853090e-01
9.607968013564704979e-01
9.806082725601795724e-01
9.822632191075988395e-01
9.832472596975889712e-01
9.839663385265743356e-01
9.845411087334617894e-01
9.849805384440409872e-01
9.852779755715080912e-01
9.854275093593660717e-01
9.854251775874278696e-01
9.852640078212504537e-01
9.849216671434306569e-01
9.843316773756157767e-01
9.833092063674909733e-01
9.813279034697879322e-01
9.766850062862648674e-01
9.621192659761168553e-01
8.824388190162008039e-01
2.836317075228209084e-01
8.757330263127568459e-01
9.507051539103309468e-01
9.657657856957930775e-01
9.614895830368229701e-01
9.746883867182002392e-01
9.676953628216184988e-01
7.557450695797776064e-01
9.720400586346089611e-01
1.004628007399634981e+00
1.015986918662478589e+00
1.021614007788514522e+00
1.016528855190138136e+00
