9.997408534049785356e-01
1.000087147251496278e+00
1.000347268296672754e+00
1.000524774907255443e+00
1.000623309072991240e+00
1.000646473194328978e+00
1.000597736183286957e+00
1.000480365783029457e+00
1.000297384039948057e+00
1.000051542956330142e+00
9.997453174930139852e-01
9.993809132639859261e-01
9.989602864650092284e-01
9.984851737893922774e-01
9.979571303035613683e-01
9.973775734777826640e-01
9.967478317828227796e-01
9.960691964745119753e-01
9.953429753889326825e-01
9.945705477576324283e-01
9.937534192289573243e-01
9.928932764412031764e-01
9.919920406400544177e-01
9.910519199641728560e-01
9.900754601407604216e-01
9.890655934351543221e-01
9.880256857887497191e-01
9.869595821546295333e-01
9.858716501034947566e-01
9.847668218201487411e-01
9.836506346454347849e-01
9.825292703358851076e-01
9.814095932135827871e-01
9.802991873541434531e-01
9.792063929099382724e-01
9.781403415759349906e-01
9.771109910669526499e-01
9.761291582671708378e-01
9.752065504124735051e-01
9.743557932335863425e-01
9.735904543728695071e-01
9.729250595123395406e-01
9.723750974081986076e-01
9.719570082591257876e-01
9.716881473134274527e-01
9.715867120113778066e-01
9.716716157676773546e-01
9.719622839982247076e-01
9.724783370913894220e-01
9.732391090752348095e-01
9.742629272437535182e-01
9.755660431683050859e-01
9.771610534584544983e-01
9.790545702461570521e-01
9.812437824316381230e-01
9.837113669839442354e-01
9.864179300989558419e-01
9.892907261819866571e-01
9.922067341198517187e-01
9.949671384669285246e-01
9.972586886736113376e-01
9.985950715986601223e-01
9.982281625368849554e-01
9.950150496520836496e-01
9.872237463025282933e-01
9.722645043673761034e-01
9.463615797319044898e-01
9.042723785364364941e-01
8.393893042315687669e-01
7.449728982450306569e-01
6.175901851447740398e-01
4.628730184712949169e-01
2.999171127502942569e-01
1.570162442421862981e-01
5.761542371660717532e-02
8.664891622732300708e-03
1.922596881900537347e-03
2.312372682302522506e-02
5.938732038586292533e-02
1.018034673509078392e-01
1.451281009239915043e-01
1.866511293341508726e-01
2.251825548559822365e-01
2.603659492611921089e-01
2.922676973937634037e-01
3.211476718825678756e-01
3.473373427118398027e-01
3.711780962468426148e-01
3.929921529999860219e-01
4.130706365604673302e-01
4.316703654880217900e-01
4.490148509833619128e-01
4.652971222851026156e-01
4.806831586636139964e-01
4.953153266722469805e-01
5.093155493758947383e-01
5.227881045728342002e-01
5.358220343773734129e-01
5.484931883833208399e-01
5.608659381131289035e-01
5.729946022857393961e-01
5.849246142608304222e-01
5.966934398230036019e-01
6.083311855684798708e-01
6.198605790563962437e-01
6.312945902998844394e-01
6.426159676236705698e-01
6.522104155206618348e-01
6.654210841676941879e-01
6.765915926402228386e-01
6.877300993694762665e-01
6.988154082927409139e-01
7.098350820649397264e-01
7.207770394259507274e-01
7.316277029105867635e-01
7.423712720569090040e-01
7.529877811497533990e-01
7.634366427897127938e-01
7.716232500614955692e-01
7.840464610186798078e-01
7.940014372957692190e-01
8.037516339143633282e-01
8.132748488380203700e-01
8.225516273168567150e-01
8.315642863787802153e-01
8.402965357671244861e-01
8.487334821149455921e-01
8.568617267418061623e-01
8.646694739860725232e-01
8.721466223571842091e-01
8.792848277712127514e-01
8.860775344059431680e-01
8.925199715432489134e-01
8.986091163205671695e-01
9.043436233105578426e-01
9.097237225366692215e-01
9.147510880089453345e-01
9.194286791617350962e-01
9.237605577008977109e-01
9.277516823313507466e-01
9.314076836327652709e-01
9.347346209862802402e-01
9.377387229279270375e-01
9.404261116121293007e-01
9.428025112088533888e-01
9.448729390182680765e-01
9.466413768479320368e-01
9.481104187298974306e-01
9.492808893089021982e-01
9.501514251418997636e-01
9.507180086151342246e-01
9.509734410749798306e-01
9.509067379001772125e-01
9.505024233680993140e-01
9.497396969507214681e-01
9.485914346658719243e-01
9.470229786917946369e-01
9.449906548041644427e-01
9.424399391983213636e-01
9.393031724157410167e-01
9.354966864036090568e-01
9.309171685682701147e-01
9.254370306747585762e-01
9.188984765154414314e-01
9.111058659979853758e-01
9.018158511924116993e-01
8.907246127835988236e-01
8.774513668324186444e-01
8.615171873327591712e-01
8.423182211542410425e-01
8.190928523880194323e-01
7.908839766495122658e-01
7.565017522938568550e-01
7.145020892267812673e-01
6.632176041434760805e-01
6.009200891076723616e-01
5.262640988912044016e-01
4.392379791528884803e-01
3.428071058266851101e-01
2.450370259618766533e-01
1.583077613409534512e-01
8.026115779258520544e-02
5.354455299937700002e-02
5.872378772345924342e-02
8.846445894801643894e-02
1.368573876383426813e-01
2.010325073347544178e-01
2.721230950338685561e-01
3.455320745733798105e-01
4.174095788747278490e-01
4.850163838790176873e-01
5.467665343547930545e-01
6.020278407612394966e-01
6.508279865285382382e-01
6.935821402741884079e-01
7.308905099019591400e-01
7.634080453168354818e-01
7.917696282825580356e-01
8.165508016614354547e-01
8.382434949473440700e-01
