7.601269956871014033e-01
7.629952295135431495e-01
7.640046728034419754e-01
7.636832026178773658e-01
7.622551506825192558e-01
7.598017403169602391e-01
7.577823213945744651e-01
7.553127845097001858e-01
7.515931742681134509e-01
7.477172124874171821e-01
7.436135837480269961e-01
7.391895143276616675e-01
7.342839820706225096e-01
7.286339470566350895e-01
7.218272942891570398e-01
7.129749403569869415e-01
7.024778984263100323e-01
6.874769665306010857e-01
6.667292975132125266e-01
6.372061104197835890e-01
5.941944460592198940e-01
5.302930694606553530e-01
4.346387735332960522e-01
2.959570175346172283e-01
1.238016615721630465e-01
4.673042785411841982e-03
7.782764311813569758e-02
3.024845233640554021e-01
5.161347729004392981e-01
6.612182542647982997e-01
7.511026697272739083e-01
8.065293229234566930e-01
8.412512555754940724e-01
8.618690999601085201e-01
8.779142083584726697e-01
8.861412121399816488e-01
8.904695827207372849e-01
8.917705059108843590e-01
8.906498368466407856e-01
8.875215159194818071e-01
8.826791728669873827e-01
8.763413085227913513e-01
8.686809573818755625e-01
8.597675175446275464e-01
8.498830961633037084e-01
8.389948026332840758e-01
8.272288710819865054e-01
8.146702027224874687e-01
8.013946306335464342e-01
7.874697332212284850e-01
7.729470687408930285e-01
7.576668101212485906e-01
7.417631564163461588e-01
7.261077363205212798e-01
7.097502137052592586e-01
6.929550520585460172e-01
6.758017650120988762e-01
6.583959219623215509e-01
6.407976490714584195e-01
5.707429894773158319e-01
5.777979124543044520e-01
5.686054892264812421e-01
5.484652833842750264e-01
5.253293652516527468e-01
4.993920703021522689e-01
4.704223007257619105e-01
4.375729269180055891e-01
3.995549228886027260e-01
3.545630303057759614e-01
3.007717520926310728e-01
2.334492833366132447e-01
1.494337106343608945e-01
5.467547328856801891e-02
6.797469279285564287e-04
1.705488178209877415e-01
6.322215638065027399e-01
9.271469164245799144e-01
9.749058393756949714e-01
9.378766872555429623e-01
8.849464108451343680e-01
8.365418709298430011e-01
7.989120132591175372e-01
7.631355469606584396e-01
7.307350792233269221e-01
6.922194257177324284e-01
7.017729519481550327e-01
6.702345618326907006e-01
6.480973319796889953e-01
6.281601148708505500e-01
6.091768680874780628e-01
5.904756626991041202e-01
5.715076472430573595e-01
5.517089956502911896e-01
5.304277382636845006e-01
5.068471296111768387e-01
4.798819097275053291e-01
4.480197675065474838e-01
4.090529232337982712e-01
3.594244355968763682e-01
3.002893103592467194e-01
2.163837543962321697e-01
1.119345026553456440e-01
1.377608933444017351e-02
5.424231675208260328e-02
4.027187290751337301e-01
7.866664554500987228e-01
9.529709939874073665e-01
9.899467971869607696e-01
9.836166864379423114e-01
9.665150870719512177e-01
9.488855907818756208e-01
9.336449567686703199e-01
9.213781434149859173e-01
9.119509315884045675e-01
9.050393986552659475e-01
9.003031385613039506e-01
8.974377276884736299e-01
8.961863849250436553e-01
8.963392425941858477e-01
8.977296019047042996e-01
9.002248155648585604e-01
9.039868244017515986e-01
9.089009885519442333e-01
9.157009116924957892e-01
9.267352781211304347e-01
9.560913427140448340e-01
6.980659080443775144e-01
8.716014447232194318e-01
8.791784949077773303e-01
8.813127156662829975e-01
8.643028147501664593e-01
8.151840173376492249e-01
6.656969853807941373e-01
1.725389192352949908e-01
3.703535768839896769e-01
8.242555271622202806e-01
9.532125442863542686e-01
6.874159623761253446e-01
9.238399158531980238e-01
9.419652868468672002e-01
9.446275417005286501e-01
9.405975268473099060e-01
9.318834977625999327e-01
9.190191721526644875e-01
9.019946065626428533e-01
8.805104546566770995e-01
8.540502364726637596e-01
8.219314455548950571e-01
7.834870131665109261e-01
7.363945703152585676e-01
6.797543026075656414e-01
6.109510989174967710e-01
5.251775675601616511e-01
4.385425622748122532e-01
3.180782446570195043e-01
1.887680041028200473e-01
6.808461275479774089e-02
1.492379177452635109e-03
4.898479379204681572e-02
2.255070993051910000e-01
4.620491888282166060e-01
6.522677858569350118e-01
8.114667294292096100e-01
9.013434598113637675e-01
9.494168625310327458e-01
9.716110393427473957e-01
9.778802632065368705e-01
9.745095051116799967e-01
9.653836982727879157e-01
9.528902380608090805e-01
9.385078873780002828e-01
9.231606447410862781e-01
9.074281878400107804e-01
8.916719038579937751e-01
8.761114442959347937e-01
8.608720471579659472e-01
8.460143613933326368e-01
8.315536611743572504e-01
8.174726094914822605e-01
8.037303186409507916e-01
7.902702610797286420e-01
7.770324337378323731e-01
7.639966980395715979e-01
7.515735155196463513e-01
7.282752628811393070e-01
7.191150192932428409e-01
7.079747984034735486e-01
6.929241815123268200e-01
6.764809595261679354e-01
6.580021204412911384e-01
6.361761628398101553e-01
6.078459694409137359e-01
5.635023989912690823e-01
4.517298683703813156e-01
2.477484180880251408e-01
7.178036872998827533e-01
5.889545487550637004e-01
7.545192840302606951e-01
6.503331483639033239e-01
6.145107159755809345e-01
