9.789171853350119301e-01
9.800974854390785973e-01
9.812957977217118266e-01
9.824796397448881669e-01
9.836229091948931469e-01
9.847053132297307609e-01
9.857117708902684017e-01
9.866318080416883740e-01
9.874589604298306122e-01
9.881901970252624512e-01
9.888253728615905569e-01
9.893667180261931371e-01
9.898183672979277148e-01
9.901859331140119291e-01
9.904761230518651649e-01
9.906964017991152227e-01
9.908546966201894346e-01
9.909591445821148703e-01
9.910178792457836616e-01
9.910388541314774091e-01
9.910297000095017461e-01
9.909976129202145989e-01
9.909492697757166235e-01
9.908907684187728826e-01
9.908275890976160349e-01
9.907645744434251389e-01
9.907059252004871697e-01
9.906552091447565767e-01
9.906153808290359963e-01
9.905888100019375475e-01
9.905773167606074514e-01
9.905822117066523935e-01
9.906043395796837459e-01
9.906441250366284645e-01
9.907016194311728530e-01
9.907765476186641829e-01
9.908683539722789035e-01
9.909762469406201424e-01
9.910992416100905533e-01
9.912361998529815033e-01
9.913858677481485193e-01
9.915469100533504943e-01
9.917179415897003913e-01
9.918975554681157547e-01
9.920843481467731539e-01
9.922769413592307242e-01
9.924740009933669116e-01
9.926742530351466698e-01
9.928764967175754963e-01
9.930796150358145447e-01
9.932825828034548277e-01
9.934844724362568158e-01
9.936844576541301599e-01
9.938818152957772378e-01
9.940759254391062782e-01
9.942662700178654944e-01
9.944524301195707405e-01
9.946340821431888246e-01
9.948109929871865598e-01
9.949830144291664791e-01
9.951500768490069149e-01
9.953121824372027637e-01
9.954693980193907166e-01
9.956218476181121213e-01
9.957697048617895064e-01
9.959131853414379121e-01
9.960525390048520222e-01
9.961880426690919998e-01
9.963199927225165897e-01
9.964486980792079951e-01
9.965744734401549287e-01
9.966976329079305641e-01
9.968184839949034703e-01
9.969373220576408512e-01
9.970544251846017447e-01
9.971700495585840152e-01
9.972844253098590572e-01
9.973977528722753894e-01
9.975101998491348043e-01
9.976218983928629713e-01
9.977329430990737880e-01
9.978433894121310210e-01
9.979532525369545493e-01
9.980625068495221353e-01
9.981710857965804262e-01
9.982788822726449407e-01
9.983857494613732619e-01
9.984915021267872781e-01
9.985959183381513116e-01
9.986987416119511574e-01
9.987996834523260592e-01
9.988984262715475682e-01
9.989946266700161503e-01
9.990879190551854583e-01
9.991779195779140199e-01
9.992642303632593981e-01
9.993464440123518422e-01
9.994241483513218727e-01
9.994969314013463224e-01
9.995643865435269726e-01
9.996261178512289014e-01
9.996817455604494196e-01
9.997309116487212988e-01
9.997732854900397426e-01
9.998085695533323047e-01
9.998365051085300603e-01
9.998568779043279786e-01
9.998695237779106071e-01
9.998743341557831954e-01
9.998712614025210277e-01
9.998603239711173485e-01
9.998416113062980060e-01
9.998152884497306658e-01
9.997816002917384592e-01
9.997408754121989150e-01
9.996935294487988566e-01
9.996400679270265321e-01
9.995810884822412534e-01
9.995172823994648015e-01
9.994494353903478068e-01
9.993784275219318447e-01
9.993052322035337331e-01
9.992309141303411524e-01
9.991566260719835224e-01
9.990836043816393452e-01
9.990131630862814083e-01
9.989466863984122202e-01
9.988856194646614783e-01
9.988314571339622638e-01
9.987857304850219498e-01
9.987499907958832246e-01
9.987257905629767230e-01
9.987146610759430887e-01
9.987180859167706926e-01
9.987374695677718739e-01
9.987741000586559670e-01
9.988291042353171223e-01
9.989033937539206764e-01
9.989975992348497646e-01
9.991119890779444068e-01
9.992463681211504190e-01
9.993999494498289060e-01
9.995711899734912587e-01
9.997575764872440596e-01
9.999553432268130093e-01
1.000159093471729710e+00
1.000361285075677120e+00
1.000551520546744788e+00
1.000715552621992188e+00
1.000833869834491408e+00
1.000879652674158127e+00
1.000815771291960088e+00
1.000590298338334350e+00
1.000129678654612775e+00
9.993281284593268365e-01
9.980308423738692980e-01
9.960068217117067357e-01
9.929039792717646584e-01
9.881735876673596319e-01
9.809418637127229612e-01
9.697946012473821487e-01
9.524439114128316897e-01
9.253281968103429511e-01
8.814644557257222957e-01
4.788932351191849124e-01
2.426372567008941439e-01
1.162017391229903246e-01
1.196761500451492752e-02
1.530669397312408586e-01
2.469659337178568004e-01
4.443321778324250126e-01
5.757470878023396299e-01
6.623264127340009466e-01
7.206960609628068060e-01
7.612096984914997755e-01
7.901148290469867108e-01
8.112163828310022806e-01
8.268968864348048564e-01
8.386989512502779354e-01
8.476563595335966372e-01
8.544859213456585945e-01
8.597017158601594211e-01
8.636851055135374988e-01
8.667288536299876389e-01
8.690656389184724384e-01
8.708868956429575148e-01
8.723554816322341976e-01
8.736142922989850179e-01
8.747921290863720500e-01
8.760076451238774098e-01
8.773718926596901779e-01
8.789898095311164949e-01
8.809608616787107938e-01
8.833789797272686428e-01
8.863318743629483576e-01
8.898997778362114364e-01
8.941536308415409806e-01
8.991527103209424610e-01
9.049416699411790832e-01
9.115469361088696099e-01
