1.530862278259223145e+12
1.250987402684279053e+12
1.024339217255658813e+12
8.404431140510308838e+11
6.909492303463177490e+11
5.691895286103271484e+11
4.698295267450622559e+11
3.885939874734358521e+11
3.220504942763361816e+11
2.674384089856340027e+11
2.225334662822575378e+11
1.855403990730889893e+11
1.550076484874799805e+11
1.297595023147710419e+11
1.088420100263977661e+11
9.147980559496517944e+10
7.704158085483616638e+10
6.501243047036186218e+10
5.497166428679191589e+10
4.657497685363185120e+10
3.954009496053917694e+10
3.363520588703367233e+10
2.866961243132535172e+10
2.448617397984778976e+10
2.095518238912886429e+10
1.796939234924285126e+10
1.543998213185343170e+10
1.329326530369808578e+10
1.146800953381437111e+10
9.913246950526203156e+09
8.586483111604677200e+09
7.452229721707947731e+09
6.480800696248827934e+09
5.647322767669177055e+09
4.930921140980482101e+09
4.314048192070185661e+09
3.781929231146529198e+09
3.322104215525374889e+09
2.924048222808596611e+09
2.578856670851348877e+09
2.278983843953466415e+09
2.018025370699076891e+09
1.790536994083247423e+09
1.591883353209213257e+09
1.418111619026668549e+09
1.265845742820174694e+09
1.132197824679403305e+09
1.014693721460687518e+09
9.112105154245628119e+08
8.199238762040483952e+08
7.392636868127920628e+08
6.678765824830752611e+08
6.045942801743661165e+08
5.484067655703523159e+08
4.984395604004889131e+08
4.539344220552099943e+08
4.142329343352546096e+08
3.787625368463188410e+08
3.470246141815416217e+08
3.185843272456768751e+08
2.930619200527714491e+08
2.701252778248912096e+08
2.494835476960871816e+08
2.308816629844262004e+08
2.140956368014235497e+08
1.989285115857046247e+08
1.852068685865655839e+08
1.727778159947853982e+08
1.615063867474982738e+08
1.512732874350953102e+08
1.419729484859552979e+08
1.335118332183477432e+08
1.258069695974574238e+08
1.187846738310994357e+08
1.123794394291662723e+08
1.065329691571084410e+08
1.011933305501718968e+08
9.631421840559452772e+07
9.185431001047636569e+07
8.777670085172703862e+07
8.404841024734890461e+07
8.063994775674994290e+07
7.752493242698355019e+07
7.467975800295260549e+07
7.208329919206766784e+07
6.971666377372780442e+07
6.756303141937634349e+07
6.560747333993743360e+07
6.383638130753748864e+07
6.223758046311663836e+07
6.080048862124226987e+07
5.951569497117250413e+07
5.837489600160685927e+07
5.737080397849951684e+07
5.649707604503802210e+07
5.574824953561978042e+07
5.511968564689417183e+07
5.460752156929614395e+07
5.420863064041450620e+07
5.392059007579237223e+07
5.374165726298148185e+07
5.367076710675948113e+07
5.370756538228667527e+07
5.385224368152134866e+07
5.410557437670877576e+07
5.446911680592569709e+07
5.494509596935912967e+07
5.553641755642768741e+07
5.624670835372019559e+07
5.708035645404388011e+07
5.804255722283237427e+07
5.913936746931201965e+07
6.037776904024513066e+07
6.176574288074138016e+07
6.331235469134753942e+07
6.502785347625655681e+07
6.692378448340984434e+07
6.901311827511791885e+07
7.131039794445444643e+07
7.383190680966162682e+07
7.659585929153271019e+07
7.962261812452983856e+07
8.293494165939883888e+07
8.655826628123372793e+07
9.052103737123930454e+07
9.485463179211372137e+07
9.959561945321376622e+07
1.047829637604220808e+08
1.104614817781828940e+08
1.166811869260248691e+08
1.234981936309330910e+08
1.309755310268733948e+08
1.391840686855646372e+08
1.482035775891077816e+08
1.581239483458285630e+08
1.690465917942769527e+08
1.810860513197385669e+08
1.943718613034215569e+08
2.090506925165604651e+08
2.252888351682144403e+08
2.432751129423067272e+08
2.632231356753174663e+08
2.853790541981266737e+08
3.100197874524738789e+08
3.374632250433368683e+08
3.680723958159133792e+08
4.022627340544189215e+08
4.405103368835907578e+08
4.833616004687323570e+08
5.314444980474789739e+08
5.854818000833127499e+08
6.463065929223858118e+08
7.148805209151111841e+08
7.923152600212365389e+08
8.798978306561027765e+08
9.791204783230497837e+08
1.091715996248522758e+09
1.219699540619523525e+09
1.365418202668956041e+09
1.531609861096828222e+09
1.721473153202773333e+09
1.938750786210762739e+09
2.187828876976362228e+09
2.473855577525635242e+09
2.802882939377162457e+09
3.182036820268465519e+09
3.619720679114629745e+09
4.125860383362284660e+09
4.712198723490656853e+09
5.392650261251917839e+09
6.183729518840434074e+09
7.105068451980085373e+09
8.180042778885137558e+09
9.436531225569789886e+09
1.090783731050646782e+10
1.263381019424742317e+10
1.466220969608343887e+10
1.705037125064903641e+10
1.986723985281441879e+10
2.319585847939123917e+10
2.713641627928015518e+10
3.180998649725725174e+10
3.736315024511890411e+10
4.397367408375613403e+10
5.185743258848567200e+10
6.127709114712396240e+10
7.255278842517735291e+10
8.607536950621246338e+10
1.023228194267985840e+11
1.218806969674241486e+11
1.454675828336757202e+11
1.739668246505363464e+11
2.084662022602918701e+11
2.503075717914000854e+11
3.011491025079624634e+11
3.630434310425958252e+11
4.385359681150313110e+11
5.307887614094619141e+11
6.437368203297291260e+11
7.822857420191068115e+11
