9.928009250160291232e-01
9.927674039959833996e-01
9.927511736396595898e-01
9.927533250187349223e-01
9.927743391170346099e-01
9.928141863029612546e-01
9.928724186503161686e-01
9.929482543598986410e-01
9.930406538769178670e-01
9.931483875773651215e-01
9.932700951180525317e-01
9.934043367166179861e-01
9.935496367578168231e-01
9.937045202156489232e-01
9.938675424431003824e-01
9.940373129201411917e-01
9.942125135662428503e-01
9.943919122241114961e-01
9.945743719089084056e-01
9.947588563926621497e-01
9.949444326637858493e-01
9.951302707651870083e-01
9.953156414745850666e-01
9.954999122494693209e-01
9.956825418171076914e-01
9.958630737477901507e-01
9.960411293094613150e-01
9.962163998623791983e-01
9.963886390167726592e-01
9.965576547411879593e-01
9.967233015787614336e-01
9.968854730991077995e-01
9.970440946888994294e-01
9.971991167594659311e-01
9.973505084309146618e-01
9.974982517332310339e-01
9.976423363504065556e-01
9.977827549193037937e-01
9.979194988848535397e-01
9.980525549031669108e-01
9.981819017771025315e-01
9.983075079023125964e-01
9.984293291975712137e-01
9.985473074894695156e-01
9.986613693188149954e-01
9.987714251353839723e-01
9.988773688459269273e-01
9.989790776807903061e-01
9.990764123446942424e-01
9.991692174183885999e-01
9.992573219783347227e-01
9.993405404043915752e-01
9.994186733455089344e-01
9.994915088168178086e-01
9.995588234024486152e-01
9.996203835410168992e-01
9.996759468723704911e-01
9.997252636263805892e-01
9.997680780367322884e-01
9.998041297641765413e-01
9.998331553160109131e-01
9.998548894502276019e-01
9.998690665541783984e-01
9.998754219897875162e-01
9.998736933981005048e-01
9.998636219583121321e-01
9.998449535966694723e-01
9.998174401427365465e-01
9.997808404310747354e-01
9.997349213477516594e-01
9.996794588218160804e-01
9.996142387626613113e-01
9.995390579455403213e-01
9.994537248475161562e-01
9.993580604371306020e-01
9.992518989219278946e-01
9.991350884578600322e-01
9.990074918263283088e-01
9.988689870836636731e-01
9.987194681894892012e-01
9.985588456206853092e-01
9.983870469778655110e-01
9.982040175919653091e-01
9.980097211392892076e-01
9.978041402739848964e-01
9.975872772872027561e-01
9.973591548033847731e-01
9.971198165250341194e-01
9.968693280378825294e-01
9.966077776905302166e-01
9.963352775630237579e-01
9.960519645423262514e-01
9.957580015236968674e-01
9.954535787616674014e-01
9.951389153989650405e-01
9.948142612084115433e-01
9.944798985939894420e-01
9.941361449146001172e-01
9.937833552208801269e-01
9.934219255441528729e-01
9.930522969631366825e-01
9.926749608382762213e-01
9.922904659383045001e-01
9.918994289033826739e-01
9.915025511813400083e-01
9.911006499409866777e-01
9.906947232549585536e-01
9.902861139945350333e-01
9.898770298947975332e-01
9.894729094668531788e-01
9.891056787227803238e-01
9.884427182360722153e-01
9.881458742415830665e-01
9.877508681762072751e-01
9.873496574585043373e-01
9.869513367676210347e-01
9.865596301504008236e-01
9.861772690809966768e-01
9.858068117102454231e-01
9.854508891420089567e-01
9.851123097089861114e-01
9.847941191417356466e-01
9.844996456270374008e-01
9.842325400529776669e-01
9.839968155970134633e-01
9.837968884374632683e-01
9.836376202449774730e-01
9.835243623877463204e-01
9.834630011031426644e-01
9.834600020358297279e-01
9.835224513199019025e-01
9.836580885390844298e-01
9.838753240605452310e-01
9.841832288219837244e-01
9.845914777296038700e-01
9.851102168715667462e-01
9.857498072556328816e-01
9.865203695097087833e-01
9.874310077010314268e-01
9.884885135385196309e-01
9.896952223439002827e-01
9.910454687356889947e-01
9.925196976926536907e-01
9.940745825105226086e-01
9.956262063534054851e-01
9.970209209094036407e-01
9.979837593551950103e-01
9.980248475378583617e-01
9.962650039251320644e-01
9.911017924523075617e-01
9.795551075234372185e-01
9.559744399926326519e-01
9.095796594372251853e-01
8.206057323792531610e-01
6.590632305374469757e-01
4.080162673371704463e-01
1.396886709522983661e-01
2.714026677710273776e-03
4.698618070025348953e-02
1.626208366641240521e-01
2.785503358765088477e-01
3.729789355580697130e-01
4.454911596442471811e-01
5.005938709518323870e-01
5.427308680672137120e-01
5.753201002999234204e-01
6.008236352723154150e-01
6.209901195909727223e-01
6.370673582159518400e-01
6.499565060521724780e-01
6.603178798815403372e-01
6.686425756803788811e-01
6.753010760557870418e-01
6.805765712932727585e-01
6.846881025276311261e-01
6.878068672136291584e-01
6.900678754168645401e-01
6.915784030729873466e-01
6.924242088722670774e-01
6.926741692607853995e-01
6.923837805937911316e-01
6.915978405801794793e-01
6.903525287626566254e-01
6.886770426103761000e-01
6.865949020750586884e-01
6.841250048534630590e-01
6.812824929948111397e-01
6.780794762203511405e-01
6.745256466946183416e-01
6.706288130298323491e-01
6.663953776617990155e-01
6.618307817179068797e-01
6.569399463750777990e-01
6.517277524165606684e-01
6.461996264990538252e-01
6.403623569730114706e-01
6.342253740574054222e-01
6.278029704615376572e-01
6.211184937078825241e-01
6.142129326160348235e-01
