3.168259807572571914e+141
2.589072754431760361e+141
2.120026291133287154e+141
1.739447697130365152e+141
1.430060034096261920e+141
1.178065914787894088e+141
9.724270433567697594e+140
8.042967356332723530e+140
6.665721783377404694e+140
5.535405638038441565e+140
4.605989448445956870e+140
3.840320774139136965e+140
3.208359513575848568e+140
2.685773777660967736e+140
2.252820786479782261e+140
1.893453443409809936e+140
1.594605889925147769e+140
1.345621238470679519e+140
1.137792432022643958e+140
9.639932609671897201e+139
8.183813477420344648e+139
6.961586718957343261e+139
5.933781742368453883e+139
5.067873205915290775e+139
4.337013576031032298e+139
3.719004599011990909e+139
3.195461314282274570e+139
2.751131481731735108e+139
2.373340650743863223e+139
2.051538960070282556e+139
1.776930435875365695e+139
1.542169294458582261e+139
1.341110749564273563e+139
1.168606223973420230e+139
1.020334791851718005e+139
8.926642277359102599e+138
7.825362856210916732e+138
6.873718378597976306e+138
6.049923161858907695e+138
5.335545544697291829e+138
4.714966651952560170e+138
4.174930134899332403e+138
3.704167033345811085e+138
3.293082759523911147e+138
2.933495528306113135e+138
2.618417454820747397e+138
2.341871089694650437e+138
2.098735429629933264e+138
1.884616479278594700e+138
1.695738292093044432e+138
1.528851117652553961e+138
1.381153858411779515e+138
1.250228513138129534e+138
1.133984675231841290e+138
1.030612477332245773e+138
9.385426406834758540e+137
8.564125091162280640e+137
7.830371309816156003e+137
7.173846047872902899e+137
6.585550310084613316e+137
6.057625180789573131e+137
5.583197785164002204e+137
5.156249245853523438e+137
4.771501342821885963e+137
4.424319098060124325e+137
4.110626937304200091e+137
3.826836442263025260e+137
3.569784010316035900e+137
3.336676994112036784e+137
3.125047108445083322e+137
2.932710073323119103e+137
2.757730615172638146e+137
2.598392077750333424e+137
2.453170003875379132e+137
2.320709142015587062e+137
2.199803410662371064e+137
2.089378420328287430e+137
1.988476210074104188e+137
1.896241903949603893e+137
1.811912034162323152e+137
1.734804313110618295e+137
1.664308666643135959e+137
1.599879366772466906e+137
1.541028124241689943e+137
1.487318020367979942e+137
1.438358173949532478e+137
1.393799053101756023e+137
1.353328354015701304e+137
1.316667379144193280e+137
1.283567856333262376e+137
1.253809148353984241e+137
1.227195809063400780e+137
1.203555448402181621e+137
1.182736873636749313e+137
1.164608478822161776e+137
1.149056858476829897e+137
1.135985625034428621e+137
1.125314412801924449e+137
1.116978053996535337e+137
1.110925915064215341e+137
1.107121383764047589e+137
1.105541499778920471e+137
1.106176723611813826e+137
1.109030840510716989e+137
1.114120998071763644e+137
1.121477878041438152e+137
1.131146004731817407e+137
1.143184194377680864e+137
1.157666151815475847e+137
1.174681222935167491e+137
1.194335313684999755e+137
1.216751988851196652e+137
1.242073766590340728e+137
1.270463627693195257e+137
1.302106761935107045e+137
1.337212577707411110e+137
1.376017005382748215e+137
1.418785129823528900e+137
1.465814193001036055e+137
1.517437014159312686e+137
1.574025882252789690e+137
1.635996984008787936e+137
1.703815440656899128e+137
1.778001037818452882e+137
1.859134746158634180e+137
1.947866145687244259e+137
2.044921884378100387e+137
2.151115322455111042e+137
2.267357537749715968e+137
2.394669895775023999e+137
2.534198420973984550e+137
2.687230244149149316e+137
2.855212446196336064e+137
3.039773671212145767e+137
3.242748944220884015e+137
3.466208201949040282e+137
3.712489131180767720e+137
3.984235010897937335e+137
4.284438374151270358e+137
4.616491447563612678e+137
4.984244493939629621e+137
5.392073382269745024e+137
5.844957945279143299e+137
6.348572964785356977e+137
6.909393958124072625e+137
7.534820336024489723e+137
8.233318975135114159e+137
9.014591813411637478e+137
9.889771751880846420e+137
1.087165195464846930e+138
1.197495460777900644e+138
1.321664636062091575e+138
1.461630907025363975e+138
1.619657615127627845e+138
1.798364685879813943e+138
2.000789327699210091e+138
2.230457773771407264e+138
2.491470196654858510e+138
2.788601357997458689e+138
3.127420080641131706e+138
3.514431267867417487e+138
3.957244970049333635e+138
4.464777943337159328e+138
5.047494297026980732e+138
5.717693233096042564e+138
6.489853602275282866e+138
7.381047108314897684e+138
8.411434577450221354e+138
9.604862884316921239e+138
1.098958403125124688e+139
1.259912268738816790e+139
1.447332442736558309e+139
1.665962423840735514e+139
1.921458393101177982e+139
2.220575832124698508e+139
2.571396398776090712e+139
2.983604172220699064e+139
3.468822533790709526e+139
4.041025635126082747e+139
4.717041756131693301e+139
5.517170043731619024e+139
6.465937365486310131e+139
7.593028585341858765e+139
8.934431821878190780e+139
1.053385062785491322e+140
1.244444810035189018e+140
1.473100441780917418e+140
1.747259012762387847e+140
2.076588386076397279e+140
2.472929654341241481e+140
2.950810655886955889e+140
3.528086418870535396e+140
4.226739225310366505e+140
5.073879733243751784e+140
6.103001765156252435e+140
7.355557658205522745e+140
8.882939375336239996e+140
1.074897406107822764e+141
1.303307290528768150e+141
1.583421101986869589e+141
