3.459092231383257832e-01
3.623717589090585944e-01
3.761568440466034335e-01
3.878466543861953109e-01
3.979083224098533544e-01
4.067118676465747429e-01
4.145474325085476974e-01
4.216405239192235754e-01
4.281649577166096732e-01
4.342536148456151990e-01
4.400072648999185931e-01
4.455017425902578210e-01
4.507937448714617323e-01
4.559254812201709584e-01
4.609283681404740540e-01
4.658259082901139436e-01
4.706357988268828341e-01
4.753709484083653569e-01
4.800361855462351723e-01
4.844963248018519519e-01
4.893610345708567233e-01
4.938991787637378450e-01
4.984440060605134226e-01
5.029894194258099915e-01
5.075447844151486088e-01
5.121222060580192803e-01
5.167349668006719909e-01
5.213970735064981099e-01
5.261230066426099139e-01
5.309275135439223137e-01
5.358254107080540063e-01
5.408313879538042546e-01
5.459598146434851973e-01
5.512245502751358384e-01
5.566387629910489743e-01
5.622147636276275673e-01
5.679638872354761947e-01
5.738967130288581409e-01
5.799800081212058700e-01
5.863381723292043768e-01
5.928655236607843770e-01
5.996003169615733430e-01
6.065448961721363608e-01
6.136992802774353661e-01
6.210613697991308468e-01
6.286269143511298285e-01
6.363894602933278799e-01
6.443403048673501665e-01
6.524684631755478526e-01
6.607606507501024851e-01
6.692012835925912340e-01
6.777724972848211404e-01
6.864541865907866081e-01
6.952240667474173241e-01
7.040577573181738824e-01
7.129288890316897165e-01
7.218092334287676826e-01
7.306688543861920015e-01
7.394762796709755115e-01
7.481986896072472248e-01
7.568021187206246392e-01
7.652516648780689490e-01
7.735116989876650306e-01
7.815460667915405946e-01
7.893182727048947411e-01
7.967916340582977819e-01
8.039293925148383035e-01
8.106947678849873995e-01
8.170509380654666920e-01
8.229609273997818830e-01
8.283873844152288557e-01
8.332922286848852833e-01
8.376361456386373083e-01
8.413779079176366693e-01
8.444735035422524794e-01
8.468750586202252739e-01
8.485295707145418254e-01
8.493776053666366455e-01
8.493537059300423353e-01
8.483681700141305626e-01
8.463934414637287462e-01
8.426473360955931691e-01
8.382522291696894445e-01
8.324660915276281825e-01
8.248855060503127445e-01
8.154316028145642825e-01
8.038894402396284944e-01
7.897008121363470190e-01
7.730913225518191156e-01
7.533092889166234096e-01
7.300538914023665393e-01
7.029453076067886386e-01
6.716215240202413339e-01
6.357828893675231408e-01
5.952480417406161850e-01
5.500230867802499146e-01
5.003889936206517008e-01
4.467936815037345522e-01
3.904893631497450834e-01
3.326456451201290632e-01
2.749744617370976085e-01
2.193501368610978330e-01
1.676521439613611608e-01
1.215589131683790930e-01
8.236372263188650178e-02
5.085540309421478222e-02
2.728589080630156732e-02
1.142057526688664351e-02
2.646677120318785374e-03
1.064903337449107955e-04
2.825974744325937451e-03
9.819697118388558132e-03
2.016457858201343989e-02
3.304354054352908604e-02
4.776484492834237594e-02
6.376435028221501267e-02
8.059731967299615940e-02
9.792496083419641173e-02
1.154993011773076395e-01
1.331486733119848498e-01
1.507651330413717905e-01
1.682945470965660495e-01
1.857298332256667184e-01
2.031079205896330619e-01
2.205117771436548579e-01
2.380866378435092523e-01
2.559257030614617845e-01
2.745348308429886863e-01
2.942417368468206451e-01
3.158192471485213315e-01
3.405622314767093872e-01
3.708831535237313570e-01
4.125895324561103528e-01
4.790218777076399870e-01
6.167452346731058244e-01
7.293824300990495724e-01
1.453960444145671778e-02
1.428048770845809223e-01
2.150810551117189051e-01
2.585485479104167039e-01
2.890897378347664914e-01
3.129089788453522925e-01
3.328170246628206486e-01
3.502568530479506226e-01
3.660419162956970451e-01
3.806639046293746609e-01
3.944356586516266638e-01
4.075633894287435388e-01
4.201856872803290677e-01
4.323957327760271641e-01
4.442545237360052135e-01
4.557993326598162587e-01
4.668612476792254329e-01
4.779813079471795234e-01
4.886320846541855056e-01
4.985716906246700497e-01
5.068781154249565324e-01
5.180631350678663871e-01
5.270345283413884196e-01
5.353455709636294468e-01
5.429140873984744653e-01
5.496089997771645974e-01
5.552682107014311752e-01
5.596963354401377488e-01
5.626587261379202287e-01
5.638730358993193637e-01
5.629980685601522206e-01
5.596193204212327466e-01
5.532305565796824531e-01
5.432110137984583753e-01
5.287987555772430959e-01
5.090631819927935453e-01
4.828855117849858436e-01
4.489687165637196720e-01
4.059240234462043739e-01
3.525278176863858581e-01
2.883117592122559913e-01
2.146987023707679632e-01
1.367554682110011799e-01
6.492547295029379995e-02
1.466381306939688704e-02
1.304506713229259054e-03
3.127130860028661669e-02
9.717717753126262070e-02
1.824899751254450420e-01
2.708182548352952024e-01
3.515658532354153931e-01
4.202372067645328002e-01
4.763413095960531973e-01
5.209233224695917208e-01
5.567320137394222712e-01
5.852760703945795173e-01
6.084847030824677150e-01
6.279476276268801671e-01
6.450662177557395793e-01
6.611803110978385911e-01
6.777615351149006706e-01
6.963784520396467670e-01
7.242138165147787854e-01
7.697459029730454594e-01
