1.002795550313568596e+00
1.001128471588935920e+00
9.993213514096475070e-01
9.974496146801898888e-01
9.955767621875255546e-01
9.937550502155338972e-01
9.920263085207030596e-01
9.904228490347041225e-01
9.889684255637216648e-01
9.876792118684437627e-01
9.865647718440007097e-01
9.856290011008568275e-01
9.848710241173761482e-01
9.842860353351076119e-01
9.838660761497622920e-01
9.836007427698225669e-01
9.834778224202728181e-01
9.834838574181128390e-01
9.836046382894018114e-01
9.838256283824645676e-01
9.841323234089712768e-01
9.845105500532198572e-01
9.849467082721902189e-01
9.854279622008670358e-01
9.859423847114957562e-01
9.864790606802164019e-01
9.870281539176808394e-01
9.875809425419894705e-01
9.881298273346916794e-01
9.886683173380583778e-01
9.891909966404448529e-01
9.896934759669654413e-01
9.901723323566269386e-01
9.906250398686201608e-01
9.910498939318156397e-01
9.914459316315573645e-01
9.918128499254538211e-01
9.921509234933749699e-01
9.924609236622121688e-01
9.927440396005987600e-01
9.930018027559126548e-01
9.932360153035412198e-01
9.934486831979043586e-01
9.936419542539403071e-01
9.938180615461302825e-01
9.939792722900453459e-01
9.941278422646058210e-01
9.942659757436529411e-01
9.943957908296010562e-01
9.945192900199071318e-01
9.946383357856543039e-01
9.947546309029429157e-01
9.948697032457330947e-01
9.949848947277379896e-01
9.951013540650494038e-01
9.952200330226490532e-01
9.953416858036945314e-01
9.954668712410833509e-01
9.955959574547245117e-01
9.957291286439428069e-01
9.958663936931374527e-01
9.960075962780747805e-01
9.961524261696892424e-01
9.963004314421974872e-01
9.964510313000248809e-01
9.966035292450623473e-01
9.967571263083112587e-01
9.969109340697432931e-01
9.970639871832536194e-01
9.972152551100481599e-01
9.973636527391449569e-01
9.975080495367455446e-01
9.976472768112069067e-01
9.977801326008065574e-01
9.979053835800871797e-01
9.980217632243880699e-01
9.981279652534951197e-01
9.982226310716499906e-01
9.983043294926380318e-01
9.983715264375150333e-01
9.984225414365192064e-01
9.984554865393548972e-01
9.984681814599478678e-01
9.984580361743318200e-01
9.984218883160478342e-01
9.983557768733961613e-01
9.982546247517577465e-01
9.981117888349276823e-01
9.979184140679464576e-01
9.976624922532515427e-01
9.973274668531373344e-01
9.968901241336628472e-01
9.963173345612169607e-01
9.955608904263408832e-01
9.945490926426783229e-01
9.931725899853715012e-01
9.912596460054319270e-01
9.885310567464119513e-01
9.845138037699516786e-01
9.783658446218184146e-01
9.684959077489767587e-01
9.516728729587830005e-01
9.207652198788263131e-01
8.586854492364487390e-01
7.243427587493549424e-01
4.663578462379426304e-01
3.112563399741128389e-01
5.083627485007707891e-01
6.979725087299395447e-01
7.977604268264277820e-01
8.453061840732846166e-01
8.596624092715118293e-01
8.362617162040490992e-01
7.384821003101803560e-01
5.899491924792272801e-01
6.669320882842699749e-01
7.898182957729562581e-01
8.542192725763689820e-01
8.876826251363265641e-01
9.069866765934831987e-01
9.191788304805651455e-01
9.274105134906293069e-01
9.332381368187470105e-01
9.375016875501496205e-01
9.406888104358502867e-01
9.430997795376302451e-01
9.449284559325858979e-01
9.463048250850029097e-01
9.473186827979243052e-01
9.480334921123169112e-01
9.484948391176314386e-01
9.487357818962703915e-01
9.487803384667081730e-01
9.486458182038363107e-01
9.483444088405099670e-01
9.478842665275022394e-01
9.472702597460761487e-01
9.465044582184671818e-01
9.455864184958887586e-01
9.445132886908313985e-01
9.432797290752467090e-01
9.418776170085704225e-01
9.402954665797137457e-01
9.385174338427531016e-01
9.365216761111038180e-01
9.342776448665846001e-01
9.317415216992889215e-01
9.288482348386744025e-01
9.254967661521478206e-01
9.215212488357282794e-01
9.166289571677190828e-01
9.102509159408274098e-01
9.011187646475835589e-01
8.857346513764103868e-01
8.499038606115828509e-01
6.340331227075952647e-01
9.985935434348373052e-01
9.673042928588934108e-01
9.479806552307245004e-01
9.367667557673436951e-01
9.288681613986567998e-01
9.225944280398977737e-01
9.172215368748484199e-01
9.123921114498045881e-01
9.079111130604299307e-01
9.036637464991245094e-01
8.995780328722657870e-01
8.956059289927698064e-01
8.917129311745919384e-01
8.878718556235741799e-01
8.840587865031431791e-01
8.802501850510395798e-01
8.764206224946176071e-01
8.725408328186092799e-01
8.685759037048497166e-01
8.644834921068189626e-01
8.602119942528809737e-01
8.556986400054580333e-01
8.508675541208885473e-01
8.456280519873671242e-01
8.398743805604533819e-01
8.334915115981501588e-01
8.223076097976201870e-01
8.175919000415656779e-01
8.082353069639215404e-01
7.972966789913753516e-01
7.845471217187263147e-01
7.696500962537062840e-01
7.522093605830018070e-01
7.317740124580172090e-01
7.078429113543779350e-01
6.798761939778555918e-01
6.473207684771128401e-01
6.096595325039657620e-01
5.664981378267767154e-01
5.177066087325132848e-01
4.636314750210097091e-01
4.053773456045211554e-01
3.451088164665697122e-01
2.862311241211071278e-01
