9.788782733425335225e-01
9.348024180480341006e-01
8.645174104445666474e-01
7.502253886634481228e-01
5.754144624896785354e-01
3.505211918951152139e-01
1.397782021188786195e-01
2.014292568213908383e-02
3.153436549916122534e-03
4.692133662941387617e-02
1.113696646895895592e-01
1.759115947564627580e-01
2.332521475332380578e-01
2.820416103856284162e-01
3.230190465235180386e-01
3.574440287498483193e-01
3.865286277209934451e-01
4.112969639302732072e-01
4.325659415939959174e-01
4.509718893272185447e-01
4.670484436916765292e-01
4.811299668615955927e-01
4.935647510285741668e-01
5.045972200693636944e-01
5.144309558367357038e-01
5.232351153727542448e-01
5.311523886631934754e-01
5.383050507813237351e-01
5.447994501017958680e-01
5.507293200617101592e-01
5.561782186551437190e-01
5.612213239116519148e-01
5.659267550144730929e-01
5.703565449586396330e-01
5.745673582194456008e-01
5.786110228607619366e-01
5.825349286448384678e-01
5.863823293769123701e-01
5.901925777447299959e-01
5.940013134284914953e-01
5.978406196324748123e-01
6.017391589613398928e-01
6.057222963920020353e-01
6.098122147206572752e-01
6.140280261050794497e-01
6.183858820323725469e-01
6.228990831136844708e-01
6.275781894630829694e-01
6.324311320030548966e-01
6.374633248314104383e-01
6.426777788109259149e-01
6.480752169665799922e-01
6.536541936781327111e-01
6.594112242990186612e-01
6.653409502546866472e-01
6.714364647089505755e-01
6.776908958265347449e-01
6.838293431609017148e-01
6.905952633673615448e-01
6.972472054307234934e-01
7.040001522756523800e-01
7.108402676709177914e-01
7.177506844791796681e-01
7.247132070245156932e-01
7.317086398591311491e-01
7.387169445177339533e-01
7.457173566895318739e-01
7.526884895002852183e-01
7.596084289622454522e-01
7.664548224380830499e-01
7.732049590300097419e-01
7.798358397808129450e-01
7.863242348824566186e-01
7.926467247465401877e-01
7.987797226703843290e-01
8.046994841399830456e-01
8.103821611248911427e-01
8.155629412443637927e-01
8.209341869954962512e-01
8.257571913104300165e-01
8.302412420848691577e-01
8.343591325671804171e-01
8.380815044454539287e-01
8.413766232550933255e-01
8.442097810912396749e-01
8.465427785571872921e-01
8.483347860352453695e-01
8.495635090888633556e-01
8.499135383810688671e-01
8.497844907840697015e-01
8.487822623658333177e-01
8.468606372351150657e-01
8.439047246709229233e-01
8.397716922878627477e-01
8.342886481368591012e-01
8.272474930512291325e-01
8.183987887605206346e-01
8.074452046388400639e-01
7.940351700451474537e-01
7.777577736311458434e-01
7.581406429332153696e-01
7.346535494480301853e-01
7.067218365654613921e-01
6.737553559973952222e-01
6.352000320192012772e-01
5.906195406935645931e-01
5.398122350164892280e-01
4.829610187048617997e-01
4.207992344314976929e-01
3.547542445916866960e-01
2.870089305340389196e-01
2.204148413140630813e-01
1.582174638738048367e-01
1.036199627829965664e-01
5.929323680947612418e-02
2.698831652958565488e-02
7.383539457377505388e-03
2.156877578909713322e-04
4.664613421464790764e-03
1.996445414040229002e-02
4.645333992856789246e-02
8.810491098502797047e-02
1.630235236545032051e-01
3.845643163897167205e-01
3.299624742956902002e-01
5.020157732046360080e-03
4.552912759606711490e-02
8.190689314622234818e-02
1.116292613395930833e-01
1.368470223624022875e-01
1.588122100798562142e-01
1.782319175369480035e-01
1.955419249534277593e-01
2.110378647355093396e-01
2.249302425366333236e-01
2.374267025471790971e-01
2.488409052740656324e-01
2.580260941741541192e-01
2.670465910153990152e-01
2.748674016696572853e-01
2.816801627631467242e-01
2.875463313208599936e-01
2.925026680489889452e-01
2.965514966571219380e-01
2.997345415065256202e-01
3.020108298919433887e-01
3.033586061123397792e-01
3.037302504528389124e-01
3.030481991699245370e-01
3.012556041024094799e-01
2.981976920377565898e-01
2.937178297672562444e-01
2.876279200114394974e-01
2.796854201449079924e-01
2.695940883495780427e-01
2.569978404623596835e-01
2.414784188370736606e-01
2.225631372650029027e-01
1.997555961234067645e-01
1.726154140163700945e-01
1.409379380507456703e-01
1.051284550368845189e-01
6.692779635991899512e-02
3.068391973260698596e-02
5.179422876984079473e-03
5.096568888836054342e-03
4.904578824092525186e-02
1.499120845527538437e-01
3.005245240991271660e-01
4.713162901966740370e-01
6.284890807518098699e-01
7.528707275368303753e-01
8.419954950521736370e-01
9.020987372849836872e-01
9.411674721871945426e-01
9.659039237433898473e-01
9.810588963990204414e-01
9.901391382004337549e-01
9.949468975427742112e-01
9.969395019740407982e-01
9.969837355874471285e-01
9.956401165234524120e-01
9.932809721727502428e-01
9.901650991252016754e-01
9.864858862321573829e-01
9.824024391677219636e-01
9.780596947139413855e-01
9.736012352491002497e-01
9.691770739724741013e-01
9.649477627189954054e-01
9.610855186767404135e-01
9.577721898146092094e-01
9.551890418791092463e-01
9.533694197917769175e-01
9.528243616536237193e-01
9.539067039824110639e-01
9.562190745201470943e-01
9.601090376025720463e-01
9.656616319039927898e-01
9.728617273294942747e-01
