9.864442521655241158e-01
9.866294036065677009e-01
9.868270347382434027e-01
9.870366432415726976e-01
9.872575715864693180e-01
9.874890464737396956e-01
9.877302133348935254e-01
9.879801660711584610e-01
9.882379722868847027e-01
9.885026943245387443e-01
9.887734064427479153e-01
9.890492084969654263e-01
9.893292364899246571e-01
9.896126703554730675e-01
9.898987393286184933e-01
9.901867252392597685e-01
9.904759640460093495e-01
9.907658459035348919e-01
9.910558140328167287e-01
9.913453626369528315e-01
9.916340340802708431e-01
9.919214155233364583e-01
9.922071351817801643e-01
9.924908583539125972e-01
9.927722833411296577e-01
9.930511373643235995e-01
9.933271725621179993e-01
9.936001621395953443e-01
9.938698967221982761e-01
9.941361809557732743e-01
9.943988303827884234e-01
9.946576686143131507e-01
9.949125248099883745e-01
9.951632314693764636e-01
9.954096225338281423e-01
9.956515317917774555e-01
9.958887915777122624e-01
9.961212317507279757e-01
9.963486789375214370e-01
9.965709560222030250e-01
9.967878818648552297e-01
9.969992712297210957e-01
9.972049349042998445e-01
9.974046799904897620e-01
9.975983103493027970e-01
9.977856271820524370e-01
9.979664297310342214e-01
9.981405160842321544e-01
9.983076840696066823e-01
9.984677322259615240e-01
9.986204608379727343e-01
9.987656730254622639e-01
9.989031758768652791e-01
9.990327816193307342e-01
9.991543088184778876e-01
9.992675836024740299e-01
9.993724409060520397e-01
9.994687257313681350e-01
9.995562944240081737e-01
9.996350159631418597e-01
9.997047732662975861e-01
9.997654645103065674e-01
9.998170044706651272e-01
9.998593258832344510e-01
9.998923808325527185e-01
9.999161421729230170e-01
9.999306049886491632e-01
9.999357881016924798e-01
9.999317356356040021e-01
9.999185186462510311e-01
9.998962368307582338e-01
9.998650203275137871e-01
9.998250316219429168e-01
9.997764675736160456e-01
9.997195615822790371e-01
9.996545859121838129e-01
9.995818541954355485e-01
9.995017241379215989e-01
9.994146004520541027e-01
9.993209380434551203e-01
9.992212454803756083e-01
9.991160887758985254e-01
9.990060955142373578e-01
9.988919593530777297e-01
9.987744449330748786e-01
9.986543932226098486e-01
9.985327273209747556e-01
9.984104587335544956e-01
9.982886941165446393e-01
9.981686424650143552e-01
9.980516226792405243e-01
9.979390713888599551e-01
9.978325508279524136e-01
9.977337564289178173e-01
9.976445236159251495e-01
9.975668330009241913e-01
9.975028127743480466e-01
9.974547364698970187e-01
9.974250133637052596e-01
9.974161673844951226e-01
9.974307983070576089e-01
9.974715157721161241e-01
9.975408316695212330e-01
9.976409885590220572e-01
9.977736892925238577e-01
9.979396727783057530e-01
9.981380475854166878e-01
9.983652393831758953e-01
9.986133128903558198e-01
9.988672620025248472e-01
9.991005613924915929e-01
9.992677165820457175e-01
9.992914848977523246e-01
9.990403262383723559e-01
9.982872704492158356e-01
9.966319172876069166e-01
9.933456940244128619e-01
9.870484694146918203e-01
9.749919821938380915e-01
9.513714424420959270e-01
9.031465629560684327e-01
7.999521393316524343e-01
5.790185682876441975e-01
2.089547001023978057e-01
1.461802832390749537e-03
1.726219956382969711e-01
3.997541156430804987e-01
5.542981165926045284e-01
6.509315785279015110e-01
7.130000331600491181e-01
7.546992159375609521e-01
7.839151357972031775e-01
8.051146884312458951e-01
8.209365978067584280e-01
8.330095573798563802e-01
8.423799819332260519e-01
8.497438337453421253e-01
8.555767436506216406e-01
8.602077067652051934e-01
8.638533630759047677e-01
8.665761413610418851e-01
8.668985059623660616e-01
8.726710202288687768e-01
8.734510808047952768e-01
8.743614088927477157e-01
8.750570731022336846e-01
8.755171114890577533e-01
8.757560799760709669e-01
8.757935190747641041e-01
8.756480061006066684e-01
8.753358583114241309e-01
8.748710013457841050e-01
8.742651537637270431e-01
8.735280807410025217e-01
8.726678397282474631e-01
8.716909952703709719e-01
8.706027987486587572e-01
8.694073350768437569e-01
8.681076401667290332e-01
8.667057930942954069e-01
8.652029864105901247e-01
8.635995773480810156e-01
8.618951218897293876e-01
8.600883927586245870e-01
8.581773811642443572e-01
8.561592801412677423e-01
8.540304433737753165e-01
8.517863043369047205e-01
8.494212166945426246e-01
8.469281037717061311e-01
8.442975344077487954e-01
8.415145259514377196e-01
8.385411408354559448e-01
8.349900247061343705e-01
8.327220797323339196e-01
8.291270725193091717e-01
8.254726649851857889e-01
8.216336751867142629e-01
8.175768240117751162e-01
8.132785665692778831e-01
8.087163070223584160e-01
8.038663271743352601e-01
7.987030224875649731e-01
7.931985122274803901e-01
7.873224121038888690e-01
7.810417480807351209e-01
7.743210947406107270e-01
7.671231647485410310e-01
7.594103856508713779e-01
7.511484277800202225e-01
7.413103683498147856e-01
7.320953113727368677e-01
6.931307268899469243e-01
6.999205521088084359e-01
6.934618397282982238e-01
6.811998260130798233e-01
6.669618678518626220e-01
6.511440504635490623e-01
6.337495153154064642e-01
6.146808456655291630e-01
