9.961496109458082282e-01
9.961382988151443740e-01
9.961275453955419357e-01
9.961173567401934159e-01
9.961077378646537861e-01
9.960986927757131681e-01
9.960902245089457985e-01
9.960823351738140596e-01
9.960750260037134485e-01
9.960682974079619889e-01
9.960621490255330279e-01
9.960565797778218045e-01
9.960515879204486778e-01
9.960471710930270950e-01
9.960433263658092784e-01
9.960400502836164183e-01
9.960373389063122973e-01
9.960351878454732910e-01
9.960335922981237156e-01
9.960325470763221611e-01
9.960320466338308254e-01
9.960320850894585076e-01
9.960326562471707446e-01
9.960337536136396608e-01
9.960353704131380548e-01
9.960374996000397330e-01
9.960401338693564144e-01
9.960432656652262740e-01
9.960468871879628594e-01
9.960509903996735970e-01
9.960555670286900254e-01
9.960606085728128667e-01
9.960661063022173689e-01
9.960720512612643018e-01
9.960784342701445304e-01
9.960852459258947578e-01
9.960924766035567091e-01
9.961001164568868971e-01
9.961081554192886545e-01
9.961165832046520174e-01
9.961253893084895950e-01
9.961345630091061887e-01
9.961440933691341204e-01
9.961539692373709842e-01
9.961641792507710536e-01
9.961747118369581599e-01
9.961855552170609807e-01
9.961966974088655169e-01
9.962081262303122964e-01
9.962198293035758878e-01
9.962317940591720600e-01
9.962440077408326600e-01
9.962564574104562087e-01
9.962691299535209044e-01
9.962820120847500904e-01
9.962950903542543424e-01
9.963083511538443071e-01
9.963217807236519619e-01
9.963353651591057014e-01
9.963490904180533070e-01
9.963629423281608055e-01
9.963769065945898840e-01
9.963909688077519089e-01
9.964051144513890179e-01
9.964193289106227924e-01
9.964335974803957274e-01
9.964479053738241054e-01
9.964622377308099965e-01
9.964765796266370490e-01
9.964909160807688959e-01
9.965052320656638818e-01
9.965195125155232869e-01
9.965337423352870205e-01
9.965479064095745798e-01
9.965619896115754939e-01
9.965759768120988626e-01
9.965898528883203600e-01
9.966036027329625568e-01
9.966172112630813373e-01
9.966306634288799593e-01
9.966439442226192602e-01
9.966570386874276100e-01
9.966699319259737511e-01
9.966826091090400519e-01
9.966950554842374244e-01
9.967072563844291411e-01
9.967191972361385544e-01
9.967308635679215101e-01
9.967422410184936243e-01
9.967533153449816830e-01
9.967640724307453848e-01
9.967744982934635400e-01
9.967845790928150373e-01
9.967943011380798746e-01
9.968036508958081354e-01
9.968126149971756611e-01
9.968211802451396597e-01
9.968293336217283196e-01
9.968370622950047943e-01
9.968443536258587701e-01
9.968511951748496580e-01
9.968575747086110272e-01
9.968634802064987310e-01
9.968688998666699330e-01
9.968738221124763266e-01
9.968782355981666843e-01
9.968821292150086277e-01
9.968854920969172362e-01
9.968883136259433231e-01
9.968905834378327668e-01
9.968922914273123936e-01
9.968934277531071864e-01
9.968939828432064054e-01
9.968939473995688250e-01
9.968933124029702997e-01
9.968920691177348692e-01
9.968902090962045159e-01
9.968877241831282099e-01
9.968846065201800721e-01
9.968808485500229022e-01
9.968764430205682148e-01
9.968713829890188949e-01
9.968656618258788793e-01
9.968592732189275329e-01
9.968522111770292682e-01
9.968444700340435283e-01
9.968360444526244146e-01
9.968269294279799020e-01
9.968171202915767637e-01
9.968066127149611821e-01
9.967954027134166006e-01
9.967834866496696478e-01
9.967708612378164412e-01
9.967575235468192352e-01
9.967434710043397983e-01
9.967287014006095403e-01
9.967132128920092038e-01
9.966970040050274759e-01
9.966800736398758742e-01
9.966624210742901502e-01
9.966440459672708529e-01
9.966249483626369310e-01
9.966051286926165265e-01
9.965845877813174214e-01
9.965633268478756301e-01
9.965413475096063234e-01
9.965186517846429393e-01
9.964952420944072076e-01
9.964711212655564809e-01
9.964462925313904984e-01
9.964207595326745048e-01
9.963945263176396949e-01
9.963675973411140196e-01
9.963399774626925387e-01
9.963116719434572666e-01
9.962826864414729977e-01
9.962530270056413340e-01
9.962227000675589750e-01
9.961917124314636496e-01
9.961600712616154318e-01
9.961277840670335060e-01
9.960948586833209273e-01
9.960613032510253761e-01
9.960271261903267392e-01
9.959923361715651291e-01
9.959569420812738327e-01
9.959209529831387631e-01
9.958843780737516305e-01
9.958472266319579047e-01
9.958095079622338863e-01
9.957712313306008589e-01
9.957324058932151001e-01
9.956930406165149794e-01
9.956531441883316180e-01
9.956127249193966744e-01
9.955717906339787149e-01
9.955303485487922988e-01
9.954884051387378197e-01
9.954459659877471500e-01
9.954030356224413678e-01
9.953596173256566981e-01
9.953157129251137825e-01
9.952713225514842055e-01
9.952264443565783658e-01
9.951810741786134562e-01
9.951352051344488636e-01
9.950888271088947912e-01
9.950419260937619637e-01
9.949944833032203784e-01
9.949464739454817463e-01
9.948978654537119493e-01
9.948486148392149397e-01
9.947986645734167022e-01
9.947479359092092910e-01
9.946963175428659154e-01
9.946436453368537878e-01
9.945896637465176937e-01
9.945339466624596447e-01
9.944757184938131100e-01
9.944133944109664336e-01
