6.255978555391259466e-01
6.445055694795773782e-01
6.648291638312860963e-01
6.858411161604308637e-01
7.070858360174429036e-01
7.281304806738241320e-01
7.486038706465665271e-01
7.681947311484097485e-01
7.866481124798682112e-01
8.037608953419848046e-01
8.193765923825370168e-01
8.333795402256902740e-01
8.456885106421838660e-01
8.562496999474468184e-01
8.650289646260250764e-01
8.720030404740607421e-01
8.771492556349937963e-01
8.804334315826458646e-01
8.817929355806007896e-01
8.811166429754415663e-01
8.782138287832950141e-01
8.727660895654059114e-01
8.642814106968346177e-01
8.519399581722715276e-01
8.344711607478413340e-01
8.098454967427761719e-01
7.748272265410315329e-01
7.242923883341473301e-01
6.504256308805508313e-01
5.427263044917254309e-01
3.925122183517208985e-01
2.101744964794382831e-01
5.242910807670792678e-02
1.244428169684623888e-03
6.924282146349602929e-02
1.914909509901998041e-01
3.106228506448660553e-01
4.061371469023999370e-01
4.774557165038015860e-01
5.294626656638498075e-01
5.674604525381435893e-01
5.951670230681636031e-01
6.155173513718001921e-01
6.305387358750264015e-01
6.416871251318014835e-01
6.500361970352208640e-01
6.564109342828298166e-01
6.614832443336958745e-01
6.658455104849871908e-01
6.700757827874621597e-01
6.748088506127590813e-01
6.808331210933104005e-01
6.892494710974241823e-01
7.017698351745975671e-01
7.213423954055729892e-01
7.535832814177866323e-01
8.100925213588214824e-01
9.096179813676266157e-01
8.355162498711289354e-01
1.473241638844106655e-03
1.554308803504569347e-01
2.695080492072206568e-01
3.267741486471082424e-01
3.578016627129084748e-01
3.753786957219541476e-01
3.852446968292420615e-01
3.902791002949790311e-01
3.920575546879528916e-01
3.914976196628072169e-01
3.891509447768541907e-01
3.853477424073620816e-01
3.802748036851444913e-01
3.740138840694494093e-01
3.665616008996704367e-01
3.578361040953256800e-01
3.476733711780549130e-01
3.357822191774895715e-01
3.219002812528314328e-01
3.053625329078116235e-01
2.855012262463542116e-01
2.612425342081118873e-01
2.311629084449250693e-01
1.933511175812697436e-01
1.456082417778952476e-01
8.695864696324943910e-02
2.498255685259237469e-02
5.128498276490930409e-03
1.727572382915719129e-01
6.011554057975293519e-01
9.074000886896720353e-01
9.662280432378876904e-01
9.331193150613467102e-01
8.851120621802782695e-01
8.415237203767244045e-01
8.049285396601613130e-01
7.738709720769344491e-01
7.458234650215902484e-01
7.172333715403844678e-01
6.815278840698461016e-01
6.203808207070627967e-01
4.447112674262807541e-01
2.920378498209850737e-01
9.110631354349623123e-01
8.650498323265624068e-01
8.394275608128208832e-01
8.262514821814632704e-01
8.197160403017957897e-01
8.171829598320217158e-01
8.173170723639097135e-01
8.193644510609190412e-01
8.228589014945638658e-01
8.274899836155373833e-01
8.330415369746435594e-01
8.392575360541553176e-01
8.461946643050117789e-01
8.535983326087603906e-01
8.614023354205663230e-01
8.695214112874831702e-01
8.778745415468784952e-01
8.863838716710629173e-01
8.949731849404900519e-01
9.035666228812893053e-01
9.120875763829220384e-01
9.204575241890694537e-01
9.285944092400051364e-01
9.364094363960786538e-01
9.437996148493241755e-01
9.506260412300917562e-01
9.566344007576121911e-01
9.610062575884001923e-01
9.531051262520383593e-01
9.832474634995664875e-01
9.828407300538785085e-01
9.850485833678542802e-01
9.871351483511823233e-01
9.886627302423719454e-01
9.894679055823628611e-01
9.896860287582412985e-01
9.892217340945675952e-01
9.881502986165043856e-01
9.864698664051803068e-01
9.839799702866111053e-01
9.798333739586815305e-01
9.711747833271470176e-01
9.488035524026110501e-01
8.833759063703844339e-01
6.940786204993805164e-01
3.093490253314370442e-01
2.623653049457855962e-02
2.073987611419308291e-02
7.702719400310782671e-02
1.046322926856053381e-01
9.787488409387772037e-02
6.638590648738902644e-02
2.526197116269048373e-02
1.286273006252575384e-03
3.890407616931931822e-02
1.815053015440486195e-01
4.134438867183982125e-01
6.495355172322359039e-01
8.188639034278534234e-01
9.129842162852387366e-01
9.538007919620787867e-01
9.633654836818188461e-01
9.561501899061369825e-01
9.404180081279459591e-01
9.206653992818921717e-01
8.993088891617285752e-01
8.776406270276611021e-01
8.563530171426047000e-01
8.357981450008343804e-01
8.162028898686068956e-01
7.975565650375457949e-01
7.798673596385208295e-01
7.630054695668144760e-01
7.466774817811916432e-01
7.302140162581699512e-01
7.118475503305904395e-01
6.852544247470245820e-01
6.046632167163233929e-01
5.780808547469296066e-01
7.410462211291480861e-01
7.267227111397994710e-01
7.183513215464547574e-01
7.137504772176804790e-01
7.117180774042093372e-01
7.116770526956851528e-01
7.132939956508452806e-01
7.163325332908357934e-01
7.205916718230861440e-01
7.258765744725049762e-01
7.319831739041571250e-01
7.386894310768052918e-01
7.457415887267070387e-01
7.528912616536352909e-01
7.598195674826963009e-01
7.662074455734759759e-01
7.717065184037654735e-01
7.759485385394483403e-01
7.785521216392575772e-01
