9.957858993311914375e-01
9.963060816653621643e-01
9.967940101362379179e-01
9.972485247115564500e-01
9.976685802802459646e-01
9.980532595312394673e-01
9.984017864017530330e-01
9.987135401444241500e-01
9.989880700487239196e-01
9.992251108395910908e-01
9.994245987632109918e-01
9.995866883514537005e-01
9.997117698384355711e-01
9.998004871774481828e-01
9.998537565762541934e-01
9.998727854330317077e-01
9.998590915054688111e-01
9.998145220850142012e-01
9.997412728691354999e-01
9.996419061187619137e-01
9.995193675532596522e-01
9.993770012540035275e-01
9.992185616093888223e-01
9.990482210168430965e-01
9.988705716344352670e-01
9.986906189069721940e-01
9.985137638296049944e-01
9.983457698815575432e-01
9.981927091671322083e-01
9.980608803984226673e-01
9.979566887514237372e-01
9.978864740457691340e-01
9.978562687471757009e-01
9.978714604034171209e-01
9.979363234939588878e-01
9.980533721192909047e-01
9.982224657705649484e-01
9.984395730913382394e-01
9.986950593849774904e-01
9.989713071833707936e-01
9.992393974317700378e-01
9.994544598899550714e-01
9.995491278212409458e-01
9.994242788552475387e-01
9.989358759444857405e-01
9.978761932228504827e-01
9.959469675997353333e-01
9.927210165668579611e-01
9.875876381489255840e-01
9.796759318591142796e-01
9.677499685669286311e-01
9.500729796733139443e-01
9.242503459695953216e-01
8.870954635198261551e-01
8.346392349676059474e-01
7.625416808997088625e-01
6.673241395827402833e-01
5.487851034247583915e-01
4.131545179869174356e-01
2.747410947171700091e-01
1.528315525716620882e-01
6.381321675332927990e-02
1.419073196804222434e-02
4.009943931514281371e-05
1.176320314130119456e-02
3.921267477190257950e-02
7.440488114234153350e-02
1.120466962299248720e-01
1.490398766857349289e-01
1.837791792998345330e-01
2.155733323625626530e-01
2.442495682889124775e-01
2.699083010068810684e-01
2.927781783392968684e-01
3.131486432099790940e-01
3.312955447192776903e-01
3.474986623357225191e-01
3.620082228051149653e-01
3.750484959182880385e-01
3.868177144873643503e-01
3.974898637585567718e-01
4.072171277556493330e-01
4.161324749702810522e-01
4.243521320791054374e-01
4.319778336299275323e-01
4.390988096060554069e-01
4.457935108465033158e-01
4.521310905445074524e-01
4.581726674913093600e-01
4.639723984584332994e-01
4.695783859659184434e-01
4.750334452441198341e-01
4.803757513133272705e-01
4.856393842250208981e-01
4.908547878444263213e-01
4.960491551957040279e-01
5.012467513622378412e-01
5.064691832250698411e-01
5.117356239107514471e-01
5.170629986890376006e-01
5.224661382106933205e-01
5.279579044589955972e-01
5.335492947985245316e-01
5.392495306487237183e-01
5.450661416443426388e-01
5.510050716580868757e-01
5.570708987077160890e-01
5.632676475677109718e-01
5.696051639911706710e-01
5.758726154799517216e-01
5.825778565823920285e-01
5.892859324285405487e-01
5.961042416945360189e-01
6.030304544271869460e-01
6.100571325210137896e-01
6.171747610596451938e-01
6.243724664170683392e-01
6.316390910228101285e-01
6.389710064757491148e-01
6.461836916127713382e-01
6.536332868343674996e-01
6.610119246483224797e-01
6.683665399896733250e-01
6.756811069919015367e-01
6.829355968103298924e-01
6.901086087205993147e-01
6.971779206906126847e-01
7.041207240263869238e-01
7.109137777323064622e-01
7.175335313730953901e-01
7.239562277092127518e-01
7.301579863241722812e-01
7.361148661945154936e-01
7.418029039556294224e-01
7.471981241714478195e-01
7.522765177820238680e-01
7.570139849106077845e-01
7.613862382770302251e-01
7.653686635323564413e-01
7.689361328648495197e-01
7.720627681917503482e-01
7.747216501177125458e-01
7.768844685831545194e-01
7.785211107243110717e-01
7.795991809119664495e-01
7.800834472290683053e-01
7.799352078066509319e-01
7.791115695090324866e-01
7.775646305225425436e-01
7.752405575954109951e-01
7.720785482181097281e-01
7.680096682652599593e-01
7.629555570681474386e-01
7.568269953484556556e-01
7.495223381197015922e-01
7.409258263457494387e-01
7.309058104795435051e-01
7.193129498590853377e-01
7.059784998833839031e-01
6.907128718115171928e-01
6.733047587940872436e-01
6.535212807821841885e-01
6.311098282867402265e-01
6.058026007836093685e-01
5.773252575806734344e-01
5.454116311756980195e-01
5.098270627587156989e-01
4.704034947464698635e-01
4.270897367509035591e-01
3.800198093926819842e-01
3.296001389381688629e-01
2.766114956068786435e-01
2.223128627455091821e-01
1.685220118477780415e-01
1.176399830342338276e-01
7.248101855551389305e-02
3.624382346727060555e-02
1.183033442208424914e-02
1.563157108155013939e-03
6.683534689990884396e-03
2.710117272495335058e-02
6.142306136865109678e-02
1.072914959442283767e-01
1.604996293305115396e-01
2.202565407205950287e-01
2.825228474480095953e-01
3.447660676298524018e-01
4.054146748705745318e-01
4.632756883162191808e-01
5.176152601397423503e-01
5.680607695384318756e-01
6.145018748953616772e-01
6.570056139152826713e-01
6.957498154403807256e-01
7.309740701163905952e-01
7.629454115119835844e-01
7.919353613984725371e-01
8.182052616032641223e-01
8.419973648194576388e-01
8.635297374115615821e-01
