9.953132478372195280e-01
9.953519993484617467e-01
9.953859521824621748e-01
9.954150227311591159e-01
9.954392817274549943e-01
9.954589233403313697e-01
9.954742373801117594e-01
9.954855846365989747e-01
9.954933752930680280e-01
9.954980502990198321e-01
9.955000655428060119e-01
9.954998786318843829e-01
9.954979380707360548e-01
9.954946746143560343e-01
9.954904945711927633e-01
9.954857748329933864e-01
9.954808594141431044e-01
9.954760572934107099e-01
9.954716413645944284e-01
9.954678483144364654e-01
9.954648792635676369e-01
9.954629010204179007e-01
9.954620478137077288e-01
9.954624233853475168e-01
9.954641033393566429e-01
9.954671376568071661e-01
9.954715533000940697e-01
9.954773568414508889e-01
9.954845370623779388e-01
9.954930674801726331e-01
9.955029087669915455e-01
9.955140110345710447e-01
9.955263159657443683e-01
9.955397587782734981e-01
9.955542700135251444e-01
9.955697771456221146e-01
9.955862060115664436e-01
9.956034820647042816e-01
9.956215314575173059e-01
9.956402819607917953e-01
9.956596637284067519e-01
9.956796099174318737e-01
9.957000571745564521e-01
9.957209459999790679e-01
9.957422209999423623e-01
9.957638310396671466e-01
9.957857293075895733e-01
9.958078733018522755e-01
9.958302247493708848e-01
9.958527494676746583e-01
9.958754171782575604e-01
9.958982012808802464e-01
9.959210785960896928e-01
9.959440290838231791e-01
9.959670355445344736e-01
9.959900833090571393e-01
9.960131599224545385e-01
9.960362548266487037e-01
9.960593590461958025e-01
9.960824648805770565e-01
9.961055656063378949e-01
9.961286551916879173e-01
9.961517280255794971e-01
9.961747786633193824e-01
9.961978015897416938e-01
9.962207910014786449e-01
9.962437406086018798e-01
9.962666434564644291e-01
9.962894917677465045e-01
9.963122768049648137e-01
9.963349887530953408e-01
9.963576166219418884e-01
9.963801481680947258e-01
9.964025698356639982e-01
9.964248667151091032e-01
9.964470225196209174e-01
9.964690195778518333e-01
9.964908388428637132e-01
9.965124599155514851e-01
9.965338610821365961e-01
9.965550193647976229e-01
9.965759105843916554e-01
9.965965094341960873e-01
9.966167895639380658e-01
9.966367236732687207e-01
9.966562836134685854e-01
9.966754404967159697e-01
9.966941648120601904e-01
9.967124265469945454e-01
9.967301953142135851e-01
9.967474404821488054e-01
9.967641313092077127e-01
9.967802370802368861e-01
9.967957272447941497e-01
9.968105715566190073e-01
9.968247402131730217e-01
9.968382039946336315e-01
9.968509344019698126e-01
9.968629037928746772e-01
9.968740855150527436e-01
9.968844540363184237e-01
9.968939850703028016e-01
9.969026556977268472e-01
9.969104444816915267e-01
9.969173315771224786e-01
9.969232988325568146e-01
9.969283298846934871e-01
9.969324102438649193e-01
9.969355273701243636e-01
9.969376707391502945e-01
9.969388318969101270e-01
9.969390045021097047e-01
9.969381843560768397e-01
9.969363694183114299e-01
9.969335598074918758e-01
9.969297577866380600e-01
9.969249677313142266e-01
9.969191960800383168e-01
9.969124512659999215e-01
9.969047436284996788e-01
9.968960853035652159e-01
9.968864900923274375e-01
9.968759733060255090e-01
9.968645515866065843e-01
9.968522427014058218e-01
9.968390653109274746e-01
9.968250387081284414e-01
9.968101825276691752e-01
9.967945164234593980e-01
9.967780597126416620e-01
9.967608309834297131e-01
9.967428476639739188e-01
9.967241255488585860e-01
9.967046782776555203e-01
9.966845167598664679e-01
9.966636485371094256e-01
9.966420770699081499e-01
9.966198009324165330e-01
9.965968128893833988e-01
9.965730988196448425e-01
9.965486364323421498e-01
9.965233936952464511e-01
9.964973268527906880e-01
9.964703778421196700e-01
9.964424708021680788e-01
9.964135071770726659e-01
9.963833585723614883e-01
9.963518558951819371e-01
9.963187721051257606e-01
9.962837934688191233e-01
9.962464689777138505e-01
9.962061154575709843e-01
9.961616250628948510e-01
9.961110337361616107e-01
9.960504153961656781e-01
9.959704508814108959e-01
9.958420058551418208e-01
9.955062954269807696e-01
9.851055512584785401e-01
9.962925889877171093e-01
9.961222906008593281e-01
9.960156368138649574e-01
9.959330851817952412e-01
9.958600588105964713e-01
9.957908121063979712e-01
9.957226342130540697e-01
9.956540646266388572e-01
9.955842379033578160e-01
9.955126074754339083e-01
9.954388170849436390e-01
9.953626367233190386e-01
9.952839294555441141e-01
9.952026341662175701e-01
9.951187570238128055e-01
9.950323679517808495e-01
9.949436000703225647e-01
9.948526509207077373e-01
9.947597847288494055e-01
9.946653352056284980e-01
9.945697085124298731e-01
9.944733860903357536e-01
9.943769270859390552e-01
9.942809701211938744e-01
9.941862341554464910e-01
9.940935181815448995e-01
9.940036994868525211e-01
9.939177301973479706e-01
9.938366318089165707e-01
9.937614873988454001e-01
9.936934311998919522e-01
9.936336352152970175e-01
9.935832925529417547e-01
9.935435971655987020e-01
9.935157197025250575e-01
9.935007792066957721e-01
9.934998104368325533e-01
9.935137266534466161e-01
9.935432777887275302e-01
9.935890040213457564e-01
9.936511849057708679e-01
