8.149030476601852868e-01
8.126137967001890727e-01
8.101407677086266412e-01
8.075479500407743982e-01
8.048877372397469365e-01
8.022035035859738095e-01
7.995313420644438729e-01
7.969013012773296101e-01
7.943383134144559321e-01
7.918629252429842946e-01
7.894918985467259676e-01
7.872387199590065165e-01
7.851140444605765323e-01
7.831260874330807642e-01
7.812809745207324186e-01
7.795830551769216132e-01
7.780351837718957331e-01
7.766389709867851376e-01
7.753950075900486461e-01
7.743030623908797594e-01
7.733622560944626301e-01
7.725712129326112176e-01
7.719281924732386280e-01
7.714312055657425171e-01
7.710781234989749766e-01
7.708668100987626781e-01
7.707954172298663309e-01
7.708634729352745740e-01
7.710207439323181200e-01
7.713760863075092011e-01
7.718394853896362040e-01
7.724286682047448727e-01
7.731428455324866889e-01
7.739801942978727922e-01
7.749386624525054224e-01
7.760160773368285358e-01
7.772101415520202838e-01
7.785183959867812975e-01
7.799381671219146606e-01
7.814665028801993651e-01
7.831000974181775431e-01
7.848352032839153170e-01
7.866675272778461681e-01
7.885921024228038645e-01
7.906031180575622264e-01
7.926936539786471059e-01
7.948550919704343576e-01
7.970746150369424354e-01
7.992867006181988421e-01
8.017320189348557946e-01
8.040575923704452732e-01
8.064032971313465081e-01
8.087316180517085673e-01
8.109934481202397683e-01
8.123078542496636745e-01
8.155724942121450605e-01
8.174882782157819605e-01
8.192269273665684359e-01
8.206775157744645721e-01
8.217288282828411061e-01
8.222363824462358695e-01
8.220010845921799092e-01
8.207377915169409288e-01
8.180216281816681256e-01
8.131898774285216680e-01
8.051502997227438785e-01
7.919758984723616058e-01
7.699606356153954057e-01
7.311351122428720872e-01
6.557075920592413398e-01
4.863951611649071638e-01
1.062873409256842733e-01
3.106534855918494098e-01
8.451268371352665953e-01
9.605116460192676398e-01
9.872724900265833492e-01
9.925726310088416326e-01
9.933880731469098002e-01
9.932237485491467455e-01
9.930431280407522321e-01
9.930882185471255896e-01
9.933803804042865560e-01
9.938744534268152409e-01
9.945095761585986960e-01
9.952261476703097021e-01
9.959710215695514179e-01
9.966985398674862440e-01
9.973701725953585395e-01
9.979538098112900046e-01
9.984231529648641690e-01
9.987576023723604424e-01
9.989440059363348112e-01
9.989911902851803527e-01
9.972995553057821816e-01
9.982285788966966944e-01
9.977119075901459411e-01
9.969622909581575820e-01
9.960055704766697104e-01
9.948491899606073385e-01
9.934993512501202328e-01
9.919634437239107649e-01
9.902506104108435014e-01
9.883719077635316763e-01
9.863403518135508419e-01
9.841709313159636707e-01
9.818806159772252018e-01
9.794883722069701593e-01
9.770151936414931404e-01
9.744841518231635025e-01
9.719204713513424077e-01
9.693516316811661149e-01
9.668074902162360207e-01
9.643203903641814900e-01
9.619250560196253019e-01
9.596566838803370914e-01
9.574815245868062430e-01
9.557508620944369371e-01
9.541444815778513666e-01
9.528787805198772887e-01
9.520098307829741868e-01
9.516110732370531844e-01
9.517935170051795568e-01
9.522463716453901661e-01
9.538574067407402657e-01
9.561486211582854722e-01
9.593209700287640418e-01
9.634437559469359869e-01
9.685096396185532974e-01
9.743470125156986628e-01
9.804194216959817298e-01
9.853800975062869671e-01
9.860660334415698447e-01
9.752196308114569057e-01
9.366895142153811582e-01
8.195318166216326583e-01
6.220787323211450781e-01
3.087784261562905863e-01
5.949035231278004127e-02
2.283719689702460101e-03
6.456397238192990162e-02
1.539296157565225587e-01
2.341868642595767158e-01
2.978150542278409918e-01
3.493971579154431240e-01
3.883415038879664549e-01
4.188956692050815334e-01
4.430689699154387595e-01
4.623641646702227326e-01
4.778776284546912834e-01
4.904080454680482259e-01
5.005381019077311811e-01
5.086913037054685560e-01
5.151697964345693936e-01
5.201776993622508893e-01
5.238318802250009343e-01
5.261568526172971660e-01
5.270338701876431386e-01
5.255713667782405674e-01
5.253681167987146461e-01
5.203442685342586360e-01
5.119709194671896446e-01
4.979667097142301269e-01
4.737339624078464873e-01
4.280737815697472914e-01
3.276595221546373948e-01
9.187966311995172941e-02
5.714826934155945448e-01
7.813171537804662892e-01
7.531498028825314162e-01
7.289386153534123114e-01
7.140712402825261096e-01
7.052861986557943386e-01
7.004302539185333076e-01
6.982795862387947139e-01
6.981353789640449836e-01
6.995980474136471727e-01
7.024515555964545577e-01
7.066054127398624374e-01
7.120684103047524305e-01
7.189424302735554217e-01
7.274321370901948303e-01
7.378709586383498387e-01
7.507673473333450476e-01
7.668781856655271234e-01
7.873151315500050984e-01
8.136671878337831121e-01
8.479963632408069607e-01
8.919361487441904712e-01
9.396017256700580633e-01
9.562901935310746948e-01
7.742292450548237115e-01
3.068544752469333781e-01
2.888914708820243191e-02
5.688563071891972189e-03
3.758548613682655137e-02
6.197382170878893565e-02
7.005469774526060234e-02
6.383678357606686893e-02
4.745146520673682727e-02
2.627457213606872871e-02
