6.284511350260031382e-01
6.343829223086692171e-01
6.403610746648943364e-01
6.463729123477655047e-01
6.524121845388415331e-01
6.584777664983241241e-01
6.645724510747028635e-01
6.707020462397768057e-01
6.768779086171732295e-01
6.830750835650100106e-01
6.893543075352113192e-01
6.956890628732029791e-01
7.020875597686336844e-01
7.085513866310396702e-01
7.150785645061261686e-01
7.216633338346163384e-01
7.282957690217518598e-01
7.349613970907400429e-01
7.416408353606379622e-01
7.483094372382343984e-01
7.549369262001007774e-01
7.614869910465656977e-01
7.679168071877208179e-01
7.741764374655468739e-01
7.802080502638027992e-01
7.859448703601054076e-01
7.913097461953376710e-01
7.962131716463870523e-01
8.005505345322259103e-01
8.041982682444993591e-01
8.070084424081913621e-01
8.088011212247632198e-01
8.093535110534567645e-01
8.083844634543705387e-01
8.055322289405426606e-01
8.003223862641688502e-01
7.921215290522107821e-01
7.800706174035403340e-01
7.629903787861573861e-01
7.392516268978106542e-01
7.066115861774973084e-01
6.620489629845597301e-01
6.017237146959992788e-01
5.214163839884449203e-01
4.182321087359451850e-01
2.946979827454898060e-01
1.650250322682484949e-01
5.772434617801433521e-02
3.588304423308484679e-03
1.338319883217277406e-02
7.097234017118661531e-02
1.497989908858476660e-01
2.295501726557307720e-01
3.001205262421227093e-01
3.585768637782187906e-01
4.051665245093743484e-01
4.416150246709318883e-01
4.697203499623094358e-01
4.911282273660143582e-01
5.071666471652795938e-01
5.189278924280738003e-01
5.272603506228483727e-01
5.328317349216212806e-01
5.361681574101432313e-01
5.376864863312647014e-01
5.377194531253129961e-01
5.365350469397874855e-01
5.343486968716474328e-01
5.313412099314560599e-01
5.276585303977322505e-01
5.234250151636700155e-01
5.187478195475221376e-01
5.137234136214602342e-01
5.084455066284885305e-01
5.030175833237282568e-01
4.975779254839780563e-01
4.923613267178656439e-01
4.878912238346838626e-01
4.858182079179412804e-01
4.962252328290835401e-01
3.608239141519719029e-01
4.305347065055539768e-01
4.314152411515908003e-01
4.266248133436307821e-01
4.200691471280970091e-01
4.124787684730818471e-01
4.041755468534558027e-01
3.952457484896228501e-01
3.856935904763845180e-01
3.754770557912704976e-01
3.645211203160313995e-01
3.527220492057042134e-01
3.399474832016318726e-01
3.260341895093200604e-01
3.107844058549180111e-01
2.939615912616607707e-01
2.752867285422868071e-01
2.544282474091063007e-01
2.310364595594016357e-01
2.047238817648006359e-01
1.751521647816587091e-01
1.421559259434529987e-01
1.060321082827477279e-01
6.813632760581213310e-02
3.205741708621424185e-02
5.646268956670633631e-03
3.745192412128073040e-03
4.899939929150740059e-02
1.634132263217422665e-01
3.454842877732297590e-01
5.544354404688706106e-01
7.357043544283714542e-01
8.611314075618421437e-01
9.338715008071690749e-01
9.696580846710317614e-01
9.832870887787533709e-01
9.849077437899678156e-01
9.806343155052535954e-01
9.739268487176782063e-01
9.666715002152145297e-01
9.597104023379859905e-01
9.539571344573479772e-01
9.492221598781089842e-01
9.456930961465574992e-01
9.433498255455979864e-01
9.421332834891980035e-01
9.419523402886944563e-01
9.427097309696377270e-01
9.443020258656411592e-01
9.466234752305399125e-01
9.495671673197098039e-01
9.530251069789281715e-01
9.568876546687904439e-01
9.610425238283190064e-01
9.653733711562489939e-01
9.697578561873692049e-01
9.740648286331550221e-01
9.781499148757222262e-01
9.818479762240321929e-01
9.849590810728391377e-01
9.872199919765817233e-01
9.882399132326114000e-01
9.873350901197451845e-01
9.830148327328848135e-01
9.708334507141491709e-01
9.276018301524714404e-01
2.108047323705398157e-01
1.040681196106471695e+00
1.029102942211072902e+00
1.017554346025606238e+00
1.007532275119108034e+00
9.976183596380302498e-01
9.871709712343303966e-01
9.759521680261921128e-01
9.639940982732784214e-01
9.516183775834026193e-01
9.395830980375996511e-01
9.293205282356803432e-01
9.230979659534614967e-01
9.167439902096746751e-01
7.834835967487028263e-01
5.504298659274522998e-02
9.532887531403948234e-02
1.407176405040825862e-01
8.901507493377917857e-02
1.300669745959150830e-02
4.423688146994560200e-02
3.280323035985628910e-01
6.925467543641239399e-01
8.957329056939339340e-01
9.589860832026787518e-01
9.575198647098422944e-01
9.304465707142594022e-01
8.932428774035295893e-01
8.514371818182134843e-01
8.065380810140645451e-01
7.582531422698242096e-01
7.052459272941272728e-01
6.452949046255858079e-01
5.751814950815470340e-01
4.905206881448387346e-01
3.860445875078636901e-01
2.581852710515850635e-01
1.158480256558086507e-01
9.961795095477973469e-03
5.619863520383729799e-02
3.099039920263185754e-01
6.154339430317885551e-01
8.266411430286980666e-01
9.380316629996007238e-01
9.884940133397884798e-01
1.006934766211998289e+00
1.008967682790535170e+00
1.002426733004205150e+00
9.911849564072521268e-01
9.771621998355262129e-01
9.613063466976787819e-01
9.440776491427822492e-01
9.256950984018949002e-01
9.062671858401796232e-01
