9.968117373082848731e-01
9.962683027591400231e-01
9.956928239649003309e-01
9.950853120303886357e-01
9.942919172256768912e-01
9.940136406972522876e-01
9.933923737480079286e-01
9.928289324997677801e-01
9.923145497203487153e-01
9.918617434552161605e-01
9.914871165893103244e-01
9.912093931293611826e-01
9.910488836679977043e-01
9.910271000646688755e-01
9.911661806267835217e-01
9.914878648295986086e-01
9.920116453409636437e-01
9.927514682159874759e-01
9.937098645617994386e-01
9.948674756384987550e-01
9.961641535282382831e-01
9.974642811083339611e-01
9.984916944398585237e-01
9.987041954503701469e-01
9.970439714664908193e-01
9.914249391843139581e-01
9.776504813640921610e-01
9.471152456154851018e-01
8.822430875242126547e-01
7.502948209313963224e-01
5.121699507283826724e-01
2.032070496844784468e-01
1.269588751791611049e-02
3.511969829216218808e-02
1.551646777797499044e-01
2.767875097761223757e-01
3.725789511504843943e-01
4.450567669732907183e-01
4.989578774717854937e-01
5.395469107183713531e-01
5.705889797811098951e-01
5.946966052425839422e-01
6.136789361365256878e-01
6.288040844789002382e-01
6.409764528746283441e-01
6.508532642255802081e-01
6.589211669240859770e-01
6.655473911591305303e-01
6.710156396550160940e-01
6.755616855940256293e-01
6.785420207528551906e-01
6.822599628611678568e-01
6.848599084662603254e-01
6.870017435780959580e-01
6.887743432960655721e-01
6.902423864868255654e-01
6.914585108364483812e-01
6.924667193825680966e-01
6.933042617332578761e-01
6.940029382837447081e-01
6.945900797387578596e-01
6.950893083845551823e-01
6.955211406965241538e-01
6.959034700694110009e-01
6.962519569416485421e-01
6.965803463011613905e-01
6.969007275855522154e-01
6.972237484396546225e-01
6.975587911870326785e-01
6.979141189230476661e-01
6.982969966583203458e-01
6.987137918069582510e-01
6.991700574354934306e-01
6.996706010013465926e-01
7.002195407688617257e-01
7.008203516616207107e-01
7.014759019655093519e-01
7.021884820205160915e-01
7.029598258125330235e-01
7.037911261919832517e-01
7.046830442923400772e-01
7.056357135928825741e-01
7.066487389619193760e-01
7.077211909255112232e-01
7.088515953310930984e-01
7.100379185164726881e-01
7.112775480597098854e-01
7.125672691893996102e-01
7.139032370150183437e-01
7.152809449817305598e-01
7.166951905740959194e-01
7.181400408527788271e-01
7.196088045280675249e-01
7.210940292803860174e-01
7.225875835048146678e-01
7.240810507763303372e-01
7.255676603540398562e-01
7.270584923251744991e-01
7.280301183794432029e-01
7.296906900566245691e-01
7.310023920468673442e-01
7.322092161324504911e-01
7.333024532609694335e-01
7.342620405829838326e-01
7.350636010787836572e-01
7.356792986206798224e-01
7.360777506682988358e-01
7.362236580937132624e-01
7.360772799137657030e-01
7.355937740545828163e-01
7.347223931109765349e-01
7.334055069378028202e-01
7.315774031536187438e-01
7.291627656244804578e-01
7.260745310681111508e-01
7.222096228438066312e-01
7.174270449429291929e-01
7.095565016187379559e-01
7.044754568464649536e-01
6.965398788754207926e-01
6.867220174033373814e-01
6.751004272707896714e-01
6.614010580087616997e-01
6.453021979640615191e-01
6.264353790333697658e-01
6.043857336754767662e-01
5.786974666112570942e-01
5.488889406073679256e-01
5.144835930497914100e-01
4.750651153427576379e-01
4.303670276097738001e-01
3.804059817408217414e-01
3.256611810341216717e-01
2.672841284370452986e-01
2.072897852396894391e-01
1.486372256529344960e-01
9.507935648762617931e-02
5.069183169973855152e-02
1.911573420796327388e-02
2.732031542363252616e-03
2.099983337128458541e-03
1.590931577994801963e-02
4.144262292488774813e-02
7.530598418847134212e-02
1.141250446058407197e-01
1.550135908289852482e-01
1.957788673050038231e-01
2.349404573190688739e-01
2.698907018293174032e-01
3.048670425083446212e-01
3.352574431540466526e-01
3.624724273660078211e-01
3.866898613218717751e-01
4.081358731464505007e-01
4.270610426695176098e-01
4.437195105297565556e-01
4.583561188312468282e-01
4.711994236849419426e-01
4.824585221454923967e-01
4.923222199241599761e-01
5.009595580638253054e-01
5.085210690148347368e-01
5.151403708000102943e-01
5.209358640798669171e-01
5.260123968922769677e-01
5.304628245014302301e-01
5.343694301471730856e-01
5.378051952276989844e-01
5.408349202505978726e-01
5.435162043532782983e-01
5.459002934523856654e-01
5.480328060598408380e-01
5.499543409413173434e-01
5.517009584116465692e-01
5.533044936052645690e-01
5.547925504266129071e-01
5.561875307751866782e-01
5.574993367250672405e-01
5.586876510334440882e-01
5.595586263738944188e-01
5.617540760057050386e-01
5.628980447677666143e-01
5.641470985710839159e-01
5.654474055065837890e-01
5.667902680062305576e-01
5.681751080549607424e-01
5.696014296235127894e-01
5.710664546900899863e-01
5.725637966523564604e-01
5.740821747034516864e-01
5.756037803473724734e-01
5.771019759820825712e-01
5.785378883403470285e-01
5.798551462156414926e-01
5.809711965927015775e-01
5.817603128463008089e-01
5.819880666705204986e-01
5.798127607472574052e-01
5.799368220756445647e-01
5.764012834771659044e-01
