9.872249337417932091e-01
9.875661191358791058e-01
9.879112429404791618e-01
9.882600389908181571e-01
9.886122034897163458e-01
9.889673984353823943e-01
9.893252549454587541e-01
9.896853764217742322e-01
9.900473415154568135e-01
9.904107068652565626e-01
9.907750095942018387e-01
9.911397695577456313e-01
9.915044913454087450e-01
9.918686660430042767e-01
9.922317727667396836e-01
9.925932799854160216e-01
9.929526466475432356e-01
9.933093231326580730e-01
9.936627520473819697e-01
9.940123688855991846e-01
9.943576025735250123e-01
9.946978759188889185e-01
9.950326059828764613e-01
9.953612043924711106e-01
9.956830776098860580e-01
9.959976271740220710e-01
9.963042499281316022e-01
9.966023382460497126e-01
9.968912802686278329e-01
9.971704601603647022e-01
9.974392583951701141e-01
9.976970520788576158e-01
9.979432153159307761e-01
9.981771196255392331e-01
9.983981344124541746e-01
9.986056274966498281e-01
9.987989657057761983e-01
9.989775155327326184e-01
9.991406438613800178e-01
9.992877187620186064e-01
9.994181103584406367e-01
9.995311917676679148e-01
9.996263401135317972e-01
9.997029376149029201e-01
9.997603727488943992e-01
9.997980414900682344e-01
9.998153486255881850e-01
9.998117091469409523e-01
9.997865497183275885e-01
9.997393102224145789e-01
9.996694453831933558e-01
9.995764264670894406e-01
9.994597430619807099e-01
9.993189049351607345e-01
9.991534439705310744e-01
9.989629161859516771e-01
9.987469038313253611e-01
9.985050175684102580e-01
9.982368987335575872e-01
9.979422216843835125e-01
9.976206962318796556e-01
9.972720701596778925e-01
9.968961318319838893e-01
9.964927128925751276e-01
9.960616910567962057e-01
9.956029929996287331e-01
9.951165973423492517e-01
9.946025377414396962e-01
9.940609060833162092e-01
9.934918557893550606e-01
9.928956052358204332e-01
9.922724412941656968e-01
9.916227229980921765e-01
9.909468853441044667e-01
9.902454432334595325e-01
9.895189955645879998e-01
9.887682294857241816e-01
9.879939248198454926e-01
9.871969586741076164e-01
9.863783102488298260e-01
9.855390658627134481e-01
9.846804242129651996e-01
9.838037018914618237e-01
9.829103391812524793e-01
9.820019061607804245e-01
9.810801091463212664e-01
9.801467975077640116e-01
9.792039708972396506e-01
9.782537869347719406e-01
9.772985694017439773e-01
9.763408169982096263e-01
9.753832127286099496e-01
9.744286339869467906e-01
9.734801634223323452e-01
9.725411006751513154e-01
9.716149750841123200e-01
9.707055594760746198e-01
9.698168851626609577e-01
9.689532582789028847e-01
9.681192776117294452e-01
9.673198540771507092e-01
9.665602320129131897e-01
9.658460124592687102e-01
9.651831785967167621e-01
9.645781234977695018e-01
9.640376803172073794e-01
9.635691549895122332e-01
9.631803614020653104e-01
9.628796588540671220e-01
9.626759913590334783e-01
9.625789279576378865e-01
9.625987026091114007e-01
9.627462513167790448e-01
9.630332427535526207e-01
9.634720965417502558e-01
9.640759801177359867e-01
9.648587701730690913e-01
9.658349570491208125e-01
9.670194586295323136e-01
9.684272917190254182e-01
9.700730194906344028e-01
9.719698464135103633e-01
9.741281553948203387e-01
9.765531553601545234e-01
9.792410953625156900e-01
9.821731392831108964e-01
9.853053655607580952e-01
9.885522392242037659e-01
9.917588798010915641e-01
9.946537065504301722e-01
9.967659911638155901e-01
9.972793773923169791e-01
9.947666552166996023e-01
9.867031477362084857e-01
9.685763412056417332e-01
9.323276870614191081e-01
8.640543574304948571e-01
7.426681107198666032e-01
5.481046919947053508e-01
2.967167142997844675e-01
8.109560550893406272e-02
3.503662233397290479e-04
4.485822614449071905e-02
1.432582137518083332e-01
2.463012269322683301e-01
3.359959730981396109e-01
4.095145262417647092e-01
4.688759584364886046e-01
5.169615713409563273e-01
5.563321122558999576e-01
5.890053011818937589e-01
6.165088240929889052e-01
6.399870596799321909e-01
6.602987204705045299e-01
6.780928035117090857e-01
6.938644519317976878e-01
7.079952463246718120e-01
7.207821563654689401e-01
7.324584230351572911e-01
7.432087347616290751e-01
7.531803609493262774e-01
7.624914038822806495e-01
7.712369795008950923e-01
7.794938955917551926e-01
7.873242290428001944e-01
7.947780882269557257e-01
8.018957659402193849e-01
8.087094315489391505e-01
8.152444705979220441e-01
8.215205510140533018e-01
8.275524737292779820e-01
8.333508496409288702e-01
8.389226326211473017e-01
8.442715285400552716e-01
8.493982920134308667e-01
8.543009150018935349e-01
8.589747036728613283e-01
8.634122311681193818e-01
8.676031428903256959e-01
8.715337758610025576e-01
8.751865318317400000e-01
8.785389105712156921e-01
8.815620572705348268e-01
8.842185924455320256e-01
8.864593487026558583e-01
8.882183881705887352e-01
8.894052224041547605e-01
8.898923075967257734e-01
8.894942183739819042e-01
8.879314416001252708e-01
8.847640960967475543e-01
8.792627678378851508e-01
8.701367408086372324e-01
8.549048554388893884e-01
8.282517073966551013e-01
7.770205420681693953e-01
6.620508126269118998e-01
3.568926803608074017e-01
9.241282905882225451e-02
6.984219877064662407e-01
