9.901966892627926953e-01
9.907211331204116567e-01
9.912446255491020874e-01
9.917661507451831504e-01
9.922845547670996469e-01
9.927985661163323261e-01
9.933068146432567636e-01
9.938078486979452508e-01
9.943001505068006507e-01
9.947821498081746983e-01
9.952522358204278774e-01
9.957087676446068070e-01
9.961500832280932860e-01
9.965745070289439012e-01
9.969803565300197068e-01
9.973659477578195043e-01
9.977295999594129050e-01
9.980696395896296869e-01
9.983844037557570994e-01
9.986722432586889742e-01
9.989315253633089808e-01
9.991606364205464219e-01
9.993579844542213042e-01
9.995220018164695519e-01
9.996511480053734688e-01
9.997439127288216820e-01
9.997988192894106119e-01
9.998144283561424261e-01
9.997893421803708547e-01
9.997222093055088132e-01
9.996117298123095019e-01
9.994566611347103224e-01
9.992558244755853636e-01
9.990081118443814301e-01
9.987124937346715248e-01
9.983680274535251531e-01
9.979738661111128284e-01
9.975292682733515326e-01
9.970336082778818998e-01
9.964863872089261276e-01
9.958872445240900539e-01
9.952359703223433440e-01
9.945325182401703046e-01
9.937770189599086645e-01
9.929697943116631009e-01
9.921113719486537308e-01
9.912025005731395222e-01
9.902441656885935251e-01
9.892376058522517335e-01
9.881843294010856926e-01
9.870861316224632809e-01
9.859451123413348617e-01
9.847636938935966366e-01
9.835446394565358075e-01
9.822910717061850150e-01
9.810064917721047495e-01
9.796947984596467984e-01
9.783603077100389012e-01
9.770077722679948451e-01
9.756424015250120263e-01
9.742698815040099491e-01
9.728963949462933192e-01
9.715286414535253545e-01
9.701738576257515900e-01
9.688398371171265122e-01
9.675349505043465692e-01
9.662681648219862973e-01
9.650490625627751173e-01
9.638878598596855030e-01
9.627954234543146805e-01
9.617832858981063548e-01
9.608636582142106031e-01
9.600494389449434340e-01
9.593542180888754434e-01
9.587922738496936770e-01
9.583785593110722978e-01
9.581286750270463504e-01
9.580588219499812652e-01
9.581857269189759663e-01
9.585265298390794886e-01
9.590986173036496476e-01
9.599193811796422615e-01
9.610058717459665223e-01
9.623743020898093414e-01
9.640393417319803593e-01
9.660131099976854152e-01
9.683037390777810005e-01
9.709133162495638958e-01
9.738349237830250527e-01
9.770483570981561838e-01
9.805138906756080130e-01
9.841631358488300840e-01
9.878855299217476071e-01
9.915082105902313092e-01
9.947658088732620474e-01
9.972548151827236307e-01
9.983643565128456077e-01
9.971712437146944552e-01
9.922822896199401388e-01
9.816033873928534659e-01
9.620208753388087564e-01
9.290204253521258115e-01
8.764014639777388815e-01
7.965806684391826265e-01
6.825823850660489578e-01
5.331817823583532290e-01
3.606992228135872947e-01
1.945480597135212375e-01
7.021577422787278477e-02
8.191150544927547003e-03
4.660177731764741406e-03
4.123179374376610001e-02
9.866339432475665361e-02
1.633713447454002710e-01
2.276949294528597401e-01
2.880431833328235824e-01
3.431336043027697902e-01
3.928395371431720462e-01
4.375449331988195412e-01
4.778142304140848284e-01
5.142354483548544630e-01
5.473524065517726411e-01
5.776406642063803831e-01
6.055038318784603524e-01
6.312786274981984080e-01
6.552430624942245929e-01
6.776251623734643736e-01
6.986111127145260280e-01
7.183524356312412928e-01
7.369721305885893470e-01
7.545698528025029939e-01
7.712262507658863564e-01
7.870065908769189322e-01
8.019637859684403125e-01
8.161409274664414015e-01
8.295734033551687148e-01
8.422906683868573996e-01
8.543177198117226645e-01
8.656763213656317735e-01
8.763860100834955924e-01
8.864649143294152100e-01
8.959304068621165573e-01
9.047996134217332065e-01
9.130897949095519994e-01
9.208186194662175694e-01
9.280043394144592561e-01
9.346658869440617190e-01
9.408229014502800247e-01
9.464957004953601372e-01
9.517052053859491600e-01
9.564728313081479749e-01
9.608203508178351226e-01
9.647697382389882614e-01
9.683430011723284103e-01
9.715620038519411361e-01
9.744482854881618694e-01
9.770228749522272826e-01
9.793061011075084865e-01
9.813173956232927875e-01
9.830750819691742581e-01
9.845961400717675449e-01
9.858959301402741016e-01
9.869878503013137516e-01
9.878828890008922725e-01
9.885890112831439147e-01
9.891102820633964621e-01
9.894455683837112270e-01
9.895865554868874536e-01
9.895146172057154299e-01
9.891957151283378158e-01
9.885717815080069526e-01
9.875455558587307170e-01
9.859526016681621208e-01
9.835066593086563280e-01
9.796853712430867445e-01
9.734702982732276189e-01
9.626892841063365847e-01
9.421104400503952370e-01
8.968559310056676281e-01
7.744804754172017747e-01
3.793221052602985810e-01
1.007467823484324287e-01
6.222203460979714995e-01
8.284239234441582722e-01
9.023864409772793804e-01
9.355513693655429508e-01
9.531136134841525775e-01
9.635564719446361170e-01
9.703107379001140176e-01
9.749675108679979330e-01
9.783444682103968892e-01
9.808961990824737187e-01
9.828914080156050392e-01
9.844967477291907132e-01
9.858195084896191895e-01
9.869307120703540992e-01
9.878782523824439776e-01
9.886946992389228361e-01
9.894021056386267388e-01
9.900150645732248567e-01
