9.934560751567996784e-01
9.934793386084053157e-01
9.935041646530966553e-01
9.935305379540406712e-01
9.935584418748333313e-01
9.935878584556241400e-01
9.936187683966897222e-01
9.936511510503190925e-01
9.936849844194157733e-01
9.937202451609892240e-01
9.937569085950372916e-01
9.937949487164602358e-01
9.938343382105810919e-01
9.938750484711292854e-01
9.939170496197330396e-01
9.939603105272979411e-01
9.940047988362984421e-01
9.940504809835083444e-01
9.940973222237577955e-01
9.941452866532802801e-01
9.941943372334973716e-01
9.942444358146766969e-01
9.942955431591622428e-01
9.943476189645835683e-01
9.944006218867136315e-01
9.944545095619450326e-01
9.945092386295717457e-01
9.945647647535876823e-01
9.946210426444161978e-01
9.946780260803357310e-01
9.947356679287687742e-01
9.947939201672116871e-01
9.948527339045827311e-01
9.949120594020977038e-01
9.949718460944885212e-01
9.950320426110756955e-01
9.950925967973496267e-01
9.951534557364548617e-01
9.952145657711696236e-01
9.952758725260648642e-01
9.953373209301912272e-01
9.953988552400229173e-01
9.954604190629514626e-01
9.955219553813244859e-01
9.955834065767890095e-01
9.956447144554094741e-01
9.957058202732582686e-01
9.957666647626077783e-01
9.958271881586191476e-01
9.958873302269064531e-01
9.959470302913143724e-01
9.960062272628049662e-01
9.960648596685699463e-01
9.961228656819802740e-01
9.961801831530407991e-01
9.962367496395917454e-01
9.962925024390193451e-01
9.963473786205823135e-01
9.964013150583788114e-01
9.964542484648234444e-01
9.965061154247157882e-01
9.965568524298825670e-01
9.966063959142887896e-01
9.966546822897518476e-01
9.967016479820111075e-01
9.967472294674470934e-01
9.967913633101291859e-01
9.968339861993752438e-01
9.968750349876540628e-01
9.969144467289958733e-01
9.969521587177305744e-01
9.969881085274671095e-01
9.970222340506142977e-01
9.970544735381421386e-01
9.970847656395808167e-01
9.971130494434199409e-01
9.971392645175307656e-01
9.971633509502265680e-01
9.971852493911935733e-01
9.972049010927108714e-01
9.972222479511717586e-01
9.972372325487457445e-01
9.972497981951021773e-01
9.972598889692646518e-01
9.972674497617834977e-01
9.972724263168382119e-01
9.972747652744765601e-01
9.972744142130530731e-01
9.972713216915338741e-01
9.972654372921764265e-01
9.972567116628945350e-01
9.972450965601031836e-01
9.972305448913102444e-01
9.972130107578270897e-01
9.971924494977134623e-01
9.971688177286459620e-01
9.971420733907210288e-01
9.971121757896902471e-01
9.970790856400336688e-01
9.970427651081726905e-01
9.970031778559681479e-01
9.969602890841036125e-01
9.969140655760372338e-01
9.968644757417611801e-01
9.968114896622723986e-01
9.967550791338279925e-01
9.966952177130760093e-01
9.966318807623085752e-01
9.965650454951691106e-01
9.964946910231139432e-01
9.964207984023936149e-01
9.963433506816108398e-01
9.962623329504706193e-01
9.961777323890480540e-01
9.960895383183543395e-01
9.959977422520837065e-01
9.959023379495568484e-01
9.958033214701752511e-01
9.957006912297546863e-01
9.955944480583992506e-01
9.954845952606854453e-01
9.953711386780822457e-01
9.952540867539242386e-01
9.951334506013269632e-01
9.950092440741398203e-01
9.948814838415687145e-01
9.947501894666928024e-01
9.946153834892449419e-01
9.944770915132864486e-01
9.943353423004163139e-01
9.941901678691836830e-01
9.940416035894956703e-01
9.938896879185836752e-01
9.937344643884845619e-01
9.935759782102214777e-01
9.934142796625168303e-01
9.932494228005492864e-01
9.930814658421033281e-01
9.929104713507584945e-01
9.927365064266397976e-01
9.925596429122340858e-01
9.923799576156711044e-01
9.921975325539373891e-01
9.920124552179379052e-01
9.918248188617969641e-01
9.916347228193748142e-01
9.914422728505871696e-01
9.912475815212815622e-01
9.910507686201381894e-01
9.908519616168786071e-01
9.906512961666267270e-01
9.904489166655665588e-01
9.902449768640062544e-01
9.900396405437232872e-01
9.898330822668285345e-01
9.896254882053217017e-01
9.894170570608762372e-01
9.892080010859263250e-01
9.889985472190142568e-01
9.887889383485189976e-01
9.885794347213939792e-01
9.883703155158227727e-01
9.881618805991517762e-01
9.879544524958848717e-01
9.877483785940347483e-01
9.875440336224879934e-01
9.873418224367751517e-01
9.871421831567590566e-01
9.869455907055002530e-01
9.867525608078709931e-01
9.865636545146289071e-01
9.863794833297847564e-01
9.862007150300586833e-01
9.860280802797447564e-01
9.858623801606352099e-01
9.857044947544493230e-01
9.855553929368102706e-01
9.854161435647786904e-01
9.852879282656006321e-01
9.851720560614954936e-01
9.850699800925462046e-01
9.849833167234903764e-01
9.849138673379244091e-01
9.848636431229694788e-01
9.848348931176813537e-01
9.848301357123118160e-01
9.848521936036587210e-01
9.849042318619579683e-01
9.849897981323764151e-01
9.851128628732088721e-01
9.852778555799759364e-01
9.854896895472312623e-01
9.857537618019855952e-01
9.860759044521385519e-01
9.864622452345547243e-01
9.869189017365337380e-01
9.874513724550043614e-01
9.880633723190341833e-01
9.887546363869421651e-01
9.895167670385468517e-01
