1.000035795375511904e+00
1.000053392717161094e+00
1.000011710983540913e+00
9.999133340260824010e-01
9.997612544050065164e-01
9.995588719830517110e-01
9.993099998182569665e-01
9.990188764364783536e-01
9.986901834667405442e-01
9.983290675202717290e-01
9.979411650686699220e-01
9.975326289079377018e-01
9.971101545690539414e-01
9.966810047162689701e-01
9.962530291299602769e-01
9.958346772515992429e-01
9.954349994003043323e-01
9.950636315652334751e-01
9.947307569995131882e-01
9.944470355012862139e-01
9.942234880073262948e-01
9.940713195602836061e-01
9.940016573067922412e-01
9.940251711565505355e-01
9.941515319488410940e-01
9.943886437756136454e-01
9.947415610692293964e-01
9.952109635916840391e-01
9.957910082623447900e-01
9.964662979818208477e-01
9.972075926530845624e-01
9.979657194293695133e-01
9.986628931653284136e-01
9.991802993651710540e-01
9.993402742645040027e-01
9.988806850184575037e-01
9.974181205130068228e-01
9.943952661862314191e-01
9.890065818491049487e-01
9.800959334674074208e-01
9.660223513862984390e-01
9.445008559532676040e-01
9.124552791906717086e-01
8.659878060231016583e-01
8.006935659551132067e-01
7.127000165845210899e-01
6.007983870335171783e-01
4.694032405350198611e-01
3.305403042625887355e-01
2.019211158744001755e-01
1.003611071932582338e-01
3.480681753980393450e-02
4.372448872558615772e-03
1.674566009182143055e-03
1.753198544211414384e-02
4.400463311789451493e-02
7.539746222196858083e-02
1.080941206471088684e-01
1.400129556589768676e-01
1.700788891940258896e-01
1.978292885499186582e-01
2.231529124726754632e-01
2.461281518163250803e-01
2.669270704318113530e-01
2.857604429052824080e-01
3.028474239977955729e-01
3.183996571609618575e-01
3.326136784879416552e-01
3.456680196533167826e-01
3.577234610194197084e-01
3.689133253189181283e-01
3.793802605814042828e-01
3.892243274736463254e-01
3.985459461379800006e-01
4.074323451017420883e-01
4.159606603048253692e-01
4.241992894048089990e-01
4.322089982210182146e-01
4.400438626329129521e-01
4.477520711861552316e-01
4.553766062430936734e-01
4.629558192422676410e-01
4.705239139620204791e-01
4.781113500890586399e-01
4.857451778793001052e-01
4.934493133198572523e-01
5.012447619922192343e-01
5.091497988078241832e-01
5.171801099344440766e-01
5.253489025431626880e-01
5.336669874625743493e-01
5.421428394123125605e-01
5.507826391795297427e-01
5.595903018823195074e-01
5.685674953112365149e-01
5.777136522344954450e-01
5.870259804747226529e-01
5.964994744943566962e-01
6.061269321427353862e-01
6.158989801022041188e-01
6.258041114042105502e-01
6.358287381527873983e-01
6.459572622814089282e-01
6.561721667701824190e-01
6.664541292702582664e-01
6.767821595352796482e-01
6.871337614811813266e-01
6.974851198735696478e-01
7.078113039470478318e-01
7.180859107932401342e-01
7.282823365964133933e-01
7.383772678234890030e-01
7.483402539212005156e-01
7.581464482144142369e-01
7.677686219453435656e-01
7.771181856050296544e-01
7.863232538662224824e-01
7.952423441420556349e-01
8.038770351045458895e-01
8.122088166091782080e-01
8.202191787247267163e-01
8.278910110728072702e-01
8.352088957592147533e-01
8.421591800553636098e-01
8.487299585977213789e-01
8.549109947338386917e-01
8.606935903516587105e-01
8.660704083594502611e-01
8.710352504006098062e-01
8.755827916201253114e-01
8.797082734439016782e-01
8.834071538573388116e-01
8.866747118470765798e-01
8.895055968706992999e-01
8.918933010503539149e-01
8.938294977033537370e-01
8.953030864069355665e-01
8.962984006428827977e-01
8.967901325225416942e-01
8.967171501188139215e-01
8.953904406282123807e-01
8.957564889806786113e-01
8.938811083590920692e-01
8.915303100053707519e-01
8.885224277181260621e-01
8.847748322220194694e-01
8.802068665720673701e-01
8.747274464720005138e-01
8.682304272890686292e-01
8.605912189030880954e-01
8.516634582443289858e-01
8.412754260065119505e-01
8.292261279861523615e-01
8.152810821288656307e-01
7.991679803305056229e-01
7.805725822073826814e-01
7.591354938422822940e-01
7.344509467372817291e-01
7.060693960872891362e-01
6.735067896513554642e-01
6.362647915548615973e-01
5.938680693562964352e-01
5.459267250910911917e-01
4.922333169095818306e-01
4.329029839748375075e-01
3.685588886801319242e-01
3.005492086308607647e-01
2.311526121461630057e-01
1.636890205773580964e-01
1.024187707355173615e-01
5.212267931965611917e-02
1.734788338169808430e-02
1.476340920542368058e-03
5.934611263101304858e-03
2.987520176127195920e-02
7.046454185534301029e-02
1.236282223264272145e-01
1.849291382267078121e-01
2.502787216233361423e-01
3.162622157395849065e-01
3.806294010187629140e-01
4.374745241427159814e-01
5.025681904420338242e-01
5.541248959614730740e-01
6.022178543885204904e-01
6.461416034909367445e-01
6.860486712029391088e-01
7.222333128535738389e-01
7.550270602000289655e-01
7.847603817115280656e-01
8.117442287059919437e-01
8.362606749614407420e-01
8.585581746637628298e-01
8.788489031410883223e-01
8.973064317474916951e-01
9.140622538501770311e-01
9.291995499577675455e-01
9.427419969464401195e-01
9.546341550578885116e-01
9.647074861928170986e-01
