9.848551986063658337e-01
9.868920260286032642e-01
9.888482353853691453e-01
9.906888661862494061e-01
9.923881306609620978e-01
9.939283077314978732e-01
9.952986641784120625e-01
9.964944222029199494e-01
9.975157875712283850e-01
9.983670482550632830e-01
9.990557498871814879e-01
9.995919513689823788e-01
9.999875615334316015e-01
1.000255755817767600e+00
1.000410470375747485e+00
1.000465969903910901e+00
1.000436484615422117e+00
1.000335911222467677e+00
1.000177572440891449e+00
9.999740293657195522e-01
9.997369410549876712e-01
9.994769657648858718e-01
9.992036984790314547e-01
9.989256396442907082e-01
9.986501903450685225e-01
9.983836695005359196e-01
9.981313490424161827e-01
9.978975034108027442e-01
9.976854700859592029e-01
9.974977182444070278e-01
9.973359229852075680e-01
9.972010429109285923e-01
9.970933991664349128e-01
9.970127543317593988e-01
9.969583898372985642e-01
9.969291808140494648e-01
9.969236675141095461e-01
9.969401226327274657e-01
9.969766140388333087e-01
9.970310625727752951e-01
9.971012947027000362e-01
9.971850899437822990e-01
9.972802230406679902e-01
9.973845009930438765e-01
9.974957950693978947e-01
9.976120680072501079e-01
9.977313966382467258e-01
9.978519902078448744e-01
9.979722046810479696e-01
9.980905533403047203e-01
9.982057139885376351e-01
9.983165330736337717e-01
9.984220270466490632e-01
9.985213812608340067e-01
9.986139467080766829e-01
9.986992348779134554e-01
9.987769110098265735e-01
9.988467859943082061e-01
9.989088071620747522e-01
9.989630481833368103e-01
9.990096982823066796e-01
9.990490509547055309e-01
9.990814923588400287e-01
9.991074895346732099e-01
9.991275785886473138e-01
9.991423529674391402e-01
9.991524519282773964e-01
9.991585493004734309e-01
9.991613426192959002e-01
9.991615427016541373e-01
9.991598637216198009e-01
9.991570138334904261e-01
9.991536863812031655e-01
9.991505517236685119e-01
9.991482496981842765e-01
9.991473827372892025e-01
9.991485096475535288e-01
9.991521400544118858e-01
9.991587295107430267e-01
9.991686752636976809e-01
9.991823126703215374e-01
9.991999122488141039e-01
9.992216773495339321e-01
9.992477424276715592e-01
9.992781718971653904e-01
9.993129595431929912e-01
9.993520284692748445e-01
9.993952315534206932e-01
9.994423523857137726e-01
9.994931066591133950e-01
9.995471439824731297e-01
9.996040500843298426e-01
9.996633493725659569e-01
9.997245078134011642e-01
9.997869360899842572e-01
9.998499929961892629e-01
9.999129890167013368e-01
9.999751900380693392e-01
1.000035821125999203e+00
1.000094070293406245e+00
1.000149092169027698e+00
1.000200011455540938e+00
1.000245926040714384e+00
1.000285909587240951e+00
1.000319013378773381e+00
1.000344267128881359e+00
1.000360678364861533e+00
1.000367229858548868e+00
1.000362874378616818e+00
1.000346525746693249e+00
1.000317044743006090e+00
1.000273217743637089e+00
1.000213724938893378e+00
1.000137093336366023e+00
1.000041627065222816e+00
9.999253029734401776e-01
9.997856116423556871e-01
9.996193097405470240e-01
9.994220228755451574e-01
9.991875850889875288e-01
9.989068897867130481e-01
9.985657759374190201e-01
9.981408569945779963e-01
9.975905133403981662e-01
9.968329561946138728e-01
9.956829699133210587e-01
9.936154433286991106e-01
9.883482141104991126e-01
9.387635412376045263e-01
1.013855084856051247e+00
1.005945199118916999e+00
1.003293634796450062e+00
1.001905271871133207e+00
1.001004817724166163e+00
1.000344141368269657e+00
9.998203697148916325e-01
9.993837681553634500e-01
9.990078095968748517e-01
9.986774176554706894e-01
9.983836898627345136e-01
9.981212796117203689e-01
9.978869898132013416e-01
9.976789658310177833e-01
9.974962048508819734e-01
9.973382415202480811e-01
9.972049362588127908e-01
9.970963256817056974e-01
9.970125118713299983e-01
9.969535767065882403e-01
9.969195128619956492e-01
9.969101662859892743e-01
9.969251869235727925e-01
9.969639856858676374e-01
9.970256964766356367e-01
9.971091426307293615e-01
9.972128075009302206e-01
9.973348092044683755e-01
9.974728797469519792e-01
9.976243489017524446e-01
9.977861333494382201e-01
9.979547316857473316e-01
9.981262259910876899e-01
9.982962907229797622e-01
9.984602097469896798e-01
9.986129023606028499e-01
9.987489591879216144e-01
9.988626888286390448e-01
9.989481761312201114e-01
9.989993529227424451e-01
9.990100819667645515e-01
9.989742548267130928e-01
9.988859041874409428e-01
9.987393310221528431e-01
9.985292467843422948e-01
9.982509305482432094e-01
9.979004007109252283e-01
9.974746005006774885e-01
9.969715961031098139e-01
9.963907857140011926e-01
9.957331172518710805e-01
9.950013118094367393e-01
9.942000891881502822e-01
9.933363910433632427e-01
9.924195962677593297e-01
9.914617222609269920e-01
9.904776046768405395e-01
9.894850471180106632e-01
9.885049310644633547e-01
9.875612751069117179e-01
9.866812313140147506e-01
9.858950053356041465e-01
9.852356856563678766e-01
9.847389663151329131e-01
9.844427464400731242e-01
9.843865891817642488e-01
9.846110221245382155e-01
9.851566611005126983e-01
9.860631396130588033e-01
9.873678268958538951e-01
9.891043191027691917e-01
