9.796076294424143072e-01
9.785594810988659242e-01
9.783010144397321639e-01
9.786986966832453838e-01
9.796256861493211066e-01
9.809637998105226186e-01
9.826049355737749291e-01
9.844520170253470148e-01
9.864195268525831617e-01
9.884336919842681146e-01
9.904323790225786350e-01
9.923647529919616961e-01
9.941907458858070257e-01
9.958803738328145805e-01
9.974129325565276316e-01
9.987760893710631027e-01
9.999648747671201487e-01
1.000980555051471432e+00
1.001829334769053004e+00
1.002520785174232598e+00
1.003065806985516950e+00
1.003473782073084131e+00
1.003748291258950598e+00
1.003880256856020337e+00
1.003836364951856019e+00
1.003538605342473300e+00
1.002826540731015292e+00
1.001384641837845590e+00
9.985955966244711712e-01
9.932281516746250816e-01
9.827326680332035824e-01
9.615510205542447952e-01
9.168629631965163895e-01
8.182000138267668810e-01
6.017695925823054459e-01
2.309459451542906216e-01
2.556797459198005117e-03
1.454133134265242211e-01
3.578842204358373413e-01
5.071787887417811280e-01
6.021217826442696319e-01
6.627634046830545023e-01
7.046862436439627064e-01
7.335968341690750627e-01
7.543954252937618010e-01
7.697267063798103326e-01
7.812319578485666938e-01
7.899738789386581139e-01
7.966653060166759559e-01
8.017992749432827360e-01
8.057260346690212627e-01
8.087003021034773198e-01
8.109111960826962395e-01
8.125017483771732607e-01
8.135819505414705333e-01
8.142376807261295646e-01
8.145369386094287734e-01
8.145342814772452700e-01
8.142740332871297726e-01
8.137926409407714168e-01
8.131204276252866903e-01
8.122829131786166723e-01
8.113018191181070593e-01
8.101958411371873447e-01
8.089812483479554839e-01
8.076723525019759986e-01
8.062818794737662831e-01
8.048212680041421097e-01
8.033009163294068111e-01
8.017303958110185702e-01
8.001186529812956971e-01
7.984742306160798053e-01
7.968055631299543196e-01
7.951214668393339347e-01
7.934321331424334378e-01
7.917515545288286161e-01
7.901048638727291573e-01
7.885586718643977644e-01
7.874523811541063179e-01
7.734500546292181200e-01
7.818039224233516160e-01
7.805764276308092553e-01
7.790637520823735507e-01
7.774956869224639577e-01
7.759285752218505472e-01
7.743939526399504780e-01
7.729350583880634229e-01
7.716799247478486334e-01
7.713961960150915731e-01
7.649761036182006757e-01
7.652082698183811926e-01
7.640398679266252602e-01
7.626734444793835666e-01
7.612455455936142368e-01
7.597904958525576458e-01
7.583183913497644202e-01
7.568307338329177680e-01
7.553250002506151084e-01
7.537962944013939515e-01
7.522380212185439952e-01
7.506421732234555000e-01
7.489994401550749137e-01
7.472992262643317618e-01
7.455296111912100843e-01
7.436772689769649558e-01
7.417273481677710834e-01
7.396633063581435907e-01
7.374666780856519166e-01
7.351167212182201371e-01
7.325897843873507842e-01
7.298578460184677041e-01
7.268836423817549575e-01
7.235917739943324989e-01
7.187030537661319718e-01
7.167769443154929920e-01
7.124420125894105338e-01
7.078091847015040017e-01
7.027187643930641325e-01
6.971036113160870018e-01
6.908900108446242028e-01
6.839966962937384931e-01
6.763318125087192101e-01
6.677904540505902320e-01
6.582521641116507727e-01
6.475781801965830864e-01
6.356083527890714624e-01
6.221577419025305922e-01
6.070129850741241562e-01
5.899286686623937959e-01
5.706241643462331981e-01
5.487817730924016146e-01
5.240476339201157741e-01
4.960378194721706269e-01
4.643534910564360851e-01
4.286110318327198687e-01
3.884956584537057611e-01
3.438495638931258203e-01
2.948064232082395764e-01
2.419790499272150008e-01
1.866882845571099792e-01
1.311751412933859218e-01
7.863290245009382784e-02
3.257065525837040537e-02
8.603017013403127522e-02
5.108279497191082867e-03
6.336886267514274529e-03
3.141869230173215816e-02
7.450656469862247666e-02
1.302743656719596854e-01
1.930991871482864719e-01
2.579680973146087908e-01
3.210890249252116857e-01
3.800214168415762539e-01
4.334836029950789316e-01
4.810374076820995159e-01
5.227835956819056884e-01
5.591252632793179966e-01
5.905981304837575330e-01
6.165913567943264173e-01
6.393503320992812711e-01
6.603619986792146346e-01
6.777532095349571017e-01
6.925701938603642249e-01
7.052078094925332552e-01
7.159536664694731156e-01
7.250387924387786676e-01
7.326532831189702666e-01
7.389562659382576948e-01
7.440863858452859692e-01
7.481814749639590367e-01
7.514260218019478410e-01
7.461262990140836715e-01
7.529975287498053005e-01
7.537495843186540201e-01
7.534282023235421288e-01
7.522900369740207482e-01
7.504187681995174719e-01
7.478676607495795547e-01
7.446822344194417020e-01
7.409067669536049117e-01
7.365860172807824346e-01
7.317829635931957233e-01
7.265414197116218942e-01
7.209120201705899733e-01
7.149713359911790134e-01
7.087868764922613529e-01
7.024279154669919034e-01
6.959538014618117385e-01
6.893720341442600708e-01
6.823666212786601015e-01
6.596234232389623919e-01
6.749514519209184327e-01
6.688221826319845631e-01
6.640468422731514719e-01
6.601617647609651085e-01
6.571673282410565031e-01
6.551296826298539377e-01
6.541241506902021330e-01
6.542183594494680454e-01
6.554636591825122593e-01
