9.934128758472793308e-01
9.934633857655743583e-01
9.935177687211506070e-01
9.935758331757499340e-01
9.936373718988129600e-01
9.937021688324942925e-01
9.937700047849045148e-01
9.938406620556321514e-01
9.939139281005742177e-01
9.939895983437798677e-01
9.940674782413753130e-01
9.941473846983213125e-01
9.942291469330444276e-01
9.943126068783945115e-01
9.943976191994986502e-01
9.944840510023119640e-01
9.945717812982249884e-01
9.946607002826162169e-01
9.947507084787613474e-01
9.948417157901110475e-01
9.949336404989307381e-01
9.950264082424628009e-01
9.951199509924896214e-01
9.952142060593031081e-01
9.953091151369390932e-01
9.954046234020372808e-01
9.955006786760094428e-01
9.955972306565652463e-01
9.956942302229141450e-01
9.957916288161799967e-01
9.958893778952335740e-01
9.959874284662736388e-01
9.960857306844322911e-01
9.961842335230639556e-01
9.962828845075195616e-01
9.963816295082766894e-01
9.964804125893038655e-01
9.965791759060648181e-01
9.966778596486436381e-01
9.967764020247689150e-01
9.968747392781244221e-01
9.969728057370803587e-01
9.970705338896397318e-01
9.971678544804635225e-01
9.972646966257892043e-01
9.973609879432158154e-01
9.974566546927043920e-01
9.975516219260012196e-01
9.976458136417762912e-01
9.977391529443837559e-01
9.978315622036629806e-01
9.979229632147621487e-01
9.980132773556265047e-01
9.981024257414569112e-01
9.981903293747053096e-01
9.982769092899657082e-01
9.983620866928942794e-01
9.984457830926233290e-01
9.985279204274303266e-01
9.986084211832167989e-01
9.986872085047217018e-01
9.987642062995525372e-01
9.988393393348004023e-01
9.989125333266731799e-01
9.989837150229622376e-01
9.990528122790245380e-01
9.991197541270836480e-01
9.991844708395051233e-01
9.992468939861277599e-01
9.993069564862413490e-01
9.993645926553736958e-01
9.994197382471936564e-01
9.994723304912425110e-01
9.995223081265408593e-01
9.995696114314893688e-01
9.996141822505748564e-01
9.996559640178527273e-01
9.996949017782188474e-01
9.997309422060173256e-01
9.997640336216775392e-01
9.997941260068038405e-01
9.998211710177458134e-01
9.998451219978889970e-01
9.998659339890370035e-01
9.998835637422054390e-01
9.998979697277702305e-01
9.999091121453460573e-01
9.999169529336232598e-01
9.999214557800841785e-01
9.999225861311802355e-01
9.999203112025194518e-01
9.999145999899163861e-01
9.999054232807816911e-01
9.998927536662308713e-01
9.998765655542446451e-01
9.998568351835389612e-01
9.998335406383286328e-01
9.998066618644764203e-01
9.997761806865366196e-01
9.997420808259654956e-01
9.997043479207544658e-01
9.996629695460432785e-01
9.996179352363880888e-01
9.995692365089786646e-01
9.995168668885732188e-01
9.994608219332908883e-01
9.994010992622340828e-01
9.993376985840858318e-01
9.992706217269717861e-01
9.991998726697507438e-01
9.991254575743134803e-01
9.990473848188472505e-01
9.989656650324357789e-01
9.988803111301004511e-01
9.987913383488384866e-01
9.986987642842088952e-01
9.986026089271557993e-01
9.985028947010358147e-01
9.983996464987664465e-01
9.982928917192839258e-01
9.981826603036143553e-01
9.980689847698003270e-01
9.979519002464599664e-01
9.978314445046194692e-01
9.977076579870904904e-01
9.975805838352754806e-01
9.974502679125673010e-01
9.973167588237938919e-01
9.971801079301225723e-01
9.970403693588288929e-01
9.968976000069998955e-01
9.967518595385491675e-01
9.966032103739509429e-01
9.964517176712451851e-01
9.962974492981603314e-01
9.961404757942603494e-01
9.959808703218695491e-01
9.958187086056372594e-01
9.956540688591448696e-01
9.954870316983498446e-01
9.953176800408654046e-01
9.951460989903051502e-01
9.949723757055088935e-01
9.947965992540017677e-01
9.946188604494644592e-01
9.944392516735007792e-01
9.942578666816884736e-01
9.940748003948333134e-01
9.938901486763280779e-01
9.937040080971070166e-01
9.935164756903739347e-01
9.933276486986578613e-01
9.931376243166677442e-01
9.929464994343544237e-01
9.927543703849391887e-01
9.925613327046797219e-01
9.923674809116210804e-01
9.921729083120578441e-01
9.919777068453843327e-01
9.917819669790408632e-01
9.915857776676998414e-01
9.913892263926730175e-01
9.911923992997718758e-01
9.909953814563684515e-01
9.907982572512372688e-01
9.906011109636229106e-01
9.904040275312253616e-01
9.902070935505078442e-01
9.900103985457433531e-01
9.898140365486846060e-01
9.896181080334336411e-01
9.894227222572540281e-01
9.892280000621404001e-01
9.890340771978241019e-01
9.888411082329917612e-01
9.886492711273733303e-01
9.884587725449281992e-01
9.882698539960639295e-01
9.880827989056281124e-01
9.878979407139190094e-01
9.877156721299116260e-01
9.875364556703534191e-01
9.873608356366828653e-01
9.871894517042033579e-01
9.870230543272027202e-01
9.868625222019050680e-01
9.867088820806447780e-01
9.865633312987368564e-01
9.864272634705063547e-01
9.863022979391125045e-01
9.861903137453105206e-01
9.860934891297196137e-01
9.860143479356450191e-01
9.859558147762443880e-01
9.859212815341591440e-01
9.859146887647446400e-01
9.859406269993671312e-01
9.860044649624593038e-01
9.861125145168726513e-01
9.862722458684987092e-01
