4.770804907471389155e+72
3.900250975733687833e+72
3.194972948740610081e+72
2.622497971967892424e+72
2.156930306059860736e+72
1.777582225894864462e+72
1.467897094934850443e+72
1.214600826377780616e+72
1.007032163257853722e+72
8.366131986629967747e+71
6.964300618679325974e+71
5.809002884869154312e+71
4.855085103330157796e+71
4.065960800024351602e+71
3.411933439974416688e+71
2.868856952552099814e+71
2.417064241410273197e+71
2.040508643547673600e+71
1.726074879706452400e+71
1.463025125663848158e+71
1.242552977711483263e+71
1.057423710360915806e+71
9.016836599020556247e+70
7.704250707592517416e+70
6.595955128530483178e+70
5.658431737974393759e+70
4.863910719435080400e+70
4.189346208222602322e+70
3.615580775368248869e+70
3.126662860896437378e+70
2.709288279352421703e+70
2.352342527703013048e+70
2.046525115865154385e+70
1.784040740783562822e+70
1.558345017037458994e+70
1.363934802967860756e+70
1.196175035106690890e+70
1.051155495129981566e+70
9.255721547612899305e+69
8.166287319567914933e+69
7.219548922000375271e+69
6.395381782082543924e+69
5.676672791013630872e+69
5.048846795128305029e+69
4.499470790563192744e+69
4.017922581023115616e+69
3.595112991662741597e+69
3.223252641495858983e+69
2.895655841490142244e+69
2.606575469382031283e+69
2.351063727475912153e+69
2.124854557664029473e+69
1.924264203397730897e+69
1.746106998468430521e+69
1.587623950189267628e+69
1.446422087967621813e+69
1.320422882522753802e+69
1.207818318258982518e+69
1.107033431632594419e+69
1.016694319884076037e+69
9.356007840808297597e+68
8.627029034400399713e+68
7.970809490062638364e+68
7.379281376554733688e+68
6.845358051478587366e+68
6.362806421552572741e+68
5.926136918913603038e+68
5.530508539624738338e+68
5.171646777460647048e+68
4.845772611972700606e+68
4.549540984997690414e+68
4.279987431773288848e+68
4.034481729599722989e+68
3.810687592878968892e+68
3.606527584831522659e+68
3.420152535448681357e+68
3.249914857243971139e+68
3.094345236775358637e+68
2.952132253670430788e+68
2.822104541819293629e+68
2.703215161075950831e+68
2.594527893773609838e+68
2.495205219679150396e+68
2.404497756771379556e+68
2.321734984112562509e+68
2.246317088114899745e+68
2.177707794674016757e+68
2.115428068570764458e+68
2.059050576996632203e+68
2.008194828292102697e+68
1.962522908755500028e+68
1.921735750921335807e+68
1.885569875704007760e+68
1.853794558849608836e+68
1.826209379043762100e+68
1.802642111232486995e+68
1.782946934142880289e+68
1.767002925894731356e+68
1.754712825952569928e+68
1.746002045673509051e+68
1.740817913337157706e+68
1.739129142972778395e+68
1.740925519455618316e+68
1.746217795444853476e+68
1.755037798712019254e+68
1.767438751346443542e+68
1.783495805333073023e+68
1.803306802044974772e+68
1.826993266412353183e+68
1.854701649905614843e+68
1.886604840159276919e+68
1.922903958989454985e+68
1.963830475049841683e+68
2.009648662120814946e+68
2.060658439607852479e+68
2.117198637930989078e+68
2.179650738476813940e+68
2.248443145770991615e+68
2.324056058612409556e+68
2.407027017342164903e+68
2.497957216420049972e+68
2.597518685348837821e+68
2.706462456922320358e+68
2.825627860308943923e+68
2.955953097916895765e+68
3.098487289906602636e+68
3.254404199167438552e+68
3.425017883344361196e+68
3.611800559808182155e+68
3.816403015480788003e+68
4.040677947050663972e+68
4.286706680137759941e+68
4.556829789608124111e+68
4.853682229842926155e+68
5.180233685402566651e+68
5.539834972257881681e+68
5.936271460607436297e+68
6.373824656685721474e+68
6.857343277088915382e+68
7.392325381487698296e+68
7.985013404132058796e+68
8.642504250561230561e+68
9.372877012179346392e+68
1.018534131082073643e+69
1.109040983193695072e+69
1.210009925591988919e+69
1.322816457383336619e+69
1.449037270086395303e+69
1.590482241032800029e+69
1.749231893874456594e+69
1.927681320486511625e+69
2.128591749699880928e+69
2.355151178107416698e+69
2.611045754747599776e+69
2.900543944848383460e+69
3.228595900238922952e+69
3.600950950110847472e+69
4.024296714434342122e+69
4.506424055214641535e+69
5.056422946038643084e+69
5.684915391644373144e+69
6.404332808392537741e+69
7.229246834992675864e+69
8.176764444470926502e+69
9.267000551568844161e+69
1.052364415244979912e+70
1.197463751618651494e+70
1.365299222096474053e+70
1.559777107773343429e+70
1.785527144495094615e+70
2.048045339763469844e+70
2.353866603667639171e+70
2.710773736258730184e+70
3.128050815876551579e+70
3.616790894590685401e+70
4.190270217464049010e+70
4.864404054314262122e+70
5.658302807675329561e+70
6.594951517518208573e+70
7.702041447777802627e+70
9.012989397379517713e+70
1.056818909153179963e+71
1.241654993646842722e+71
1.461739214658515266e+71
1.724278451961913653e+71
2.038043289021417518e+71
2.413725474305945135e+71
2.864381015986104132e+71
3.405980318569753370e+71
4.058092336959075425e+71
4.844736791464268006e+71
5.795447475636110935e+71
6.946601136777063431e+71
8.343081012406913546e+71
1.004036276383616040e+72
1.210713442293700073e+72
1.462859256675891006e+72
1.771059621088927474e+72
2.148491040591315556e+72
2.611583653485919573e+72
