9.991316423221342502e-01
9.989254358649123366e-01
9.986070013255365918e-01
9.982060885012186136e-01
9.977492513141098529e-01
9.972598008524355961e-01
9.967578434772609297e-01
9.962603860516413556e-01
9.957814925460621858e-01
9.953324783567154554e-01
9.949221306199752535e-01
9.945569446034766559e-01
9.942413678940646982e-01
9.939780455837138318e-01
9.937680609768004825e-01
9.936111675131988896e-01
9.935060086248710398e-01
9.934503231308267068e-01
9.934411345353716394e-01
9.934749232353846660e-01
9.935477811791872949e-01
9.936555489586303969e-01
9.937939356701435134e-01
9.939586221594547411e-01
9.941453484774874783e-01
9.943499865302980467e-01
9.945685990134531806e-01
9.947974857863327580e-01
9.950332188739948736e-01
9.952726672866274438e-01
9.955130128273456114e-01
9.957517580209898078e-01
9.959867272460674048e-01
9.962160620886711948e-01
9.964382118700861879e-01
9.966519202251240550e-01
9.968562085338301682e-01
9.970503569317267223e-01
9.972338835497479570e-01
9.974065225607933183e-01
9.975682015403788405e-01
9.977190185814805989e-01
9.978592195417088639e-01
9.979891757424005361e-01
9.981093623853833918e-01
9.982203379048486536e-01
9.983227244265370226e-01
9.984171894669487957e-01
9.985044289695348407e-01
9.985851517436969971e-01
9.986600653440500519e-01
9.987298634048946688e-01
9.987952144227445483e-01
9.988567519638562597e-01
9.989150662583007323e-01
9.989706971308613959e-01
9.990241282090488451e-01
9.990757823413901617e-01
9.991260181536694152e-01
9.991751276665222781e-01
9.992233348956701677e-01
9.992707953547512734e-01
9.993175963802323203e-01
9.993637581990860719e-01
9.994092356607368055e-01
9.994539205576076224e-01
9.994976444601907373e-01
9.995401819962691503e-01
9.995812545064981514e-01
9.996205340122246152e-01
9.996576474345609808e-01
9.996921810070477088e-01
9.997236848281293442e-01
9.997516775020470758e-01
9.997756508201611769e-01
9.997950744374191068e-01
9.998094005004932727e-01
9.998180681867911979e-01
9.998205081135446148e-01
9.998161465774187961e-01
9.998044095845279866e-01
9.997847266283275136e-01
9.997565341696111885e-01
9.997192787671447256e-01
9.996724197985904503e-01
9.996154316978054233e-01
9.995478056157883762e-01
9.994690503846108687e-01
9.993786926225287637e-01
9.992762757596757028e-01
9.991613576741787961e-01
9.990335064968897116e-01
9.988922939379946131e-01
9.987372851722877698e-01
9.985680238129235331e-01
9.983840096735946412e-01
9.981846656220697556e-01
9.979692873961882871e-01
9.977369658581902723e-01
9.974864628769084529e-01
9.972160055988457117e-01
9.969229293252511725e-01
9.966030212706424862e-01
9.962492257418950059e-01
9.958488455148352125e-01
9.953767131006192592e-01
9.947754289956757257e-01
9.938809889802865394e-01
9.919694806171263091e-01
9.740325130578456614e-01
9.994081976749968899e-01
9.966057025846623008e-01
9.955018413937802846e-01
9.947833185029589798e-01
9.942094399541642202e-01
9.937039061253348793e-01
9.932352926298010365e-01
9.927885428498860465e-01
9.923557420097250947e-01
9.919325009763477752e-01
9.915163364464364415e-01
9.911058697695949160e-01
9.907003990575857788e-01
9.902996562735387753e-01
9.899036624067554246e-01
9.895126377160451403e-01
9.891269444846605419e-01
9.887470498849899592e-01
9.883735018647817894e-01
9.880069138773752702e-01
9.876479559382668194e-01
9.872973504729550820e-01
9.869558720226286885e-01
9.866243502540585908e-01
9.863036759709556955e-01
9.859948099920649023e-01
9.856987948805420174e-01
9.854167695973394814e-01
9.851499872162065019e-01
9.848998358908029882e-01
9.846678633038303818e-01
9.844558048578546661e-01
9.842656158857691073e-01
9.840995081595522720e-01
9.839599909538743194e-01
9.838499168615290058e-01
9.837725324389552384e-01
9.837315335502235802e-01
9.837311249202467245e-01
9.837760828181697503e-01
9.838718188299883094e-01
9.840244411196114038e-01
9.842408070514041540e-01
9.845285569399886416e-01
9.848961119728029123e-01
9.853526082539542097e-01
9.859077203698007885e-01
9.865712964302059129e-01
9.873526723155446883e-01
9.882594375418778387e-01
9.892952539693138370e-01
9.904560139279057207e-01
9.917230322481361826e-01
9.930508293085092975e-01
9.943448552267158957e-01
9.954203086409539880e-01
9.959260633984410305e-01
9.952104677877364747e-01
9.921216397857267610e-01
9.848213837837676010e-01
9.705275960628486631e-01
9.433507632829378764e-01
8.876319726856521930e-01
7.685516332246156157e-01
5.319378631991550366e-01
1.938443950474633692e-01
4.916217541353424397e-03
8.859019286095001777e-02
2.558603811657893523e-01
3.954744409608269562e-01
4.951450551628593932e-01
5.650176625018570320e-01
6.148569965204107035e-01
6.512871388767847991e-01
6.785384172677898507e-01
6.993198143521773824e-01
7.154019811823971731e-01
7.279708156914376227e-01
7.378392647923284198e-01
7.455759146812507288e-01
7.515847867630847112e-01
7.561560413651225998e-01
7.594989168958831138e-01
7.617635016654437097e-01
7.630552099584956283e-01
7.634441842312628124e-01
7.629707239413940911e-01
7.616468497234611945e-01
7.594527704892647391e-01
7.563243222610529504e-01
