9.951614862914656134e-01
9.933415949345207885e-01
9.916399003245298660e-01
9.900923712032343449e-01
9.887248143978192294e-01
9.875540253878435371e-01
9.865889452620040245e-01
9.858317935248472885e-01
9.852791534903694304e-01
9.849229931649391423e-01
9.847516096970919675e-01
9.847504897661278900e-01
9.849030817996580200e-01
9.851914787464570722e-01
9.855970123698127860e-01
9.861007617491484023e-01
9.866839799484331541e-01
9.873284436949134601e-01
9.880167314619180408e-01
9.887324356079725263e-01
9.894603142311145794e-01
9.901863881737420492e-01
9.908979881767698839e-01
9.915837565343404991e-01
9.922336067256199987e-01
9.928386433626056329e-01
9.933910433270074503e-01
9.938838970651205917e-01
9.943110065000857478e-01
9.946666326426567561e-01
9.949451813354834862e-01
9.951408090343869528e-01
9.952469211552490425e-01
9.952555217871393856e-01
9.951563530962526105e-01
9.949357316330722512e-01
9.945749406307082818e-01
9.940479615672144220e-01
9.933182065857675269e-01
9.923337142830682689e-01
9.910199391612904973e-01
9.892686994761997754e-01
9.869208664347439708e-01
9.837386430298327156e-01
9.793601752879705913e-01
9.732236581221271887e-01
9.644382147084167300e-01
9.515621286540620893e-01
9.322230601581057430e-01
9.024731054356708304e-01
8.556426264098999646e-01
7.799144281012084789e-01
6.534390161900807126e-01
4.453179631213278200e-01
1.704399540940840507e-01
3.646749438472373338e-03
8.825085139951938107e-02
2.818435357530770791e-01
4.495057921740114315e-01
5.677199025302003266e-01
6.481552417978715397e-01
7.036453098865603772e-01
7.429360068913968274e-01
7.715022741971676590e-01
7.927603040808240964e-01
8.088863523413571954e-01
8.213053235451608369e-01
8.309767300938082357e-01
8.385640790151553947e-01
8.445374960605250836e-01
8.492375131392002618e-01
8.529157458415003168e-01
8.557614757934258742e-01
8.579194227373109216e-01
8.595018790871756798e-01
8.605971568709772646e-01
8.612755726165811643e-01
8.615937569106991711e-01
8.615978037222548069e-01
8.613256029782485612e-01
8.608085893722894344e-01
8.600730679281944902e-01
8.591412285149085948e-01
8.580319287440623111e-01
8.567613020971822646e-01
8.553432322783740549e-01
8.537897234029014903e-01
8.521111871517214054e-01
8.503166612743856545e-01
8.484139677465533103e-01
8.464098121799158436e-01
8.443098165493518881e-01
8.421184602791756957e-01
8.398388687525979446e-01
8.374723015951931471e-01
8.350169558078793797e-01
8.324649446853286117e-01
8.297933839703559578e-01
8.269301421233761218e-01
8.235358522893908573e-01
8.086176799121421732e-01
8.215154191504144832e-01
8.176437546584218730e-01
8.144241783620419506e-01
8.113080643920620449e-01
8.081945621156145787e-01
8.050501687298082798e-01
8.018594257076347986e-01
7.986130804454968368e-01
7.953042100689426963e-01
7.919266675999397931e-01
7.884743535839036088e-01
7.849408230268877240e-01
7.813190411056901707e-01
7.776012077948122325e-01
7.737786135041776481e-01
7.698415056826105607e-01
7.657789542188635501e-01
7.615787066837066410e-01
7.572270250188976037e-01
7.527084937004073772e-01
7.480057851242098987e-01
7.430993590059247200e-01
7.379670540467390127e-01
7.325834898809742146e-01
7.269191034477738844e-01
7.209384040618982414e-01
7.145963450616331647e-01
7.078294383078755914e-01
7.005290845163283375e-01
6.924353434715861955e-01
6.824552279744893202e-01
6.535916634075611409e-01
6.226301112545645777e-01
6.561048610850120921e-01
6.474581448675128525e-01
6.364093107451082032e-01
6.241164838935313597e-01
6.106525539054009633e-01
5.959291307897454093e-01
5.798035225435940188e-01
5.620979094307784196e-01
5.426012259440766705e-01
5.210658229647010531e-01
4.972016033575993865e-01
4.706682020516876341e-01
4.410651486672292898e-01
4.079197324267568314e-01
3.706723979574946259e-01
3.286606118731323356e-01
2.811073483293324848e-01
2.271433853848145723e-01
1.660012757890829693e-01
9.811126153514278248e-02
3.193387999920257320e-02
4.143649485428816531e-02
6.362999043510152442e-01
4.243859020119283842e-01
2.410875667281691531e-02
6.483297281000807155e-01
4.042879982682561213e-01
1.679538851533505794e-01
5.757680828481347157e-02
1.052764055008699809e-02
5.267384023276496137e-03
3.076192542774736083e-02
7.839931611802945788e-02
1.403631584258399345e-01
2.097996574998198527e-01
2.812466758972560488e-01
3.508146471073394501e-01
4.160689642705904800e-01
4.757363506285605115e-01
5.293680054459524165e-01
5.770419027281086244e-01
6.191356990282694817e-01
6.561702390961813292e-01
6.887102326052572110e-01
7.173061099571824695e-01
7.424632898870836550e-01
7.646286029998716760e-01
7.841868568339377399e-01
8.014630211416831074e-01
8.167272545323861488e-01
8.302011394186918913e-01
8.420642114444262250e-01
8.524602997958007355e-01
8.615034304645505792e-01
8.692831358758157378e-01
8.758689553419037876e-01
8.813135804298591891e-01
8.856530295951555720e-01
8.888986570354974193e-01
8.910020860580715185e-01
8.917099682977700503e-01
8.898093845941259517e-01
8.664847987447903410e-01
7.978736743961705180e-01
8.440027599815659309e-01
8.660781301449705927e-01
