2.524097383371782748e+277
2.063182923112232022e+277
1.689830127838964849e+277
1.386824992598374210e+277
1.140441988456212254e+277
9.397175222399057765e+276
7.758785203277919831e+276
6.418922537114539328e+276
5.321110785506562896e+276
4.419916053420228442e+276
3.678723281589101666e+276
3.067972472629689378e+276
2.563757366313343708e+276
2.146710212287202143e+276
1.801112743806399321e+276
1.514186289289554492e+276
1.275523982617956466e+276
1.076635875352940103e+276
9.105838989944392060e+275
7.716884479537653214e+275
6.552921445825668902e+275
5.575693318654803702e+275
4.753721924694889211e+275
4.061062511076981915e+275
3.476294869986521965e+275
2.981704475310302379e+275
2.562616780523401160e+275
2.206855167419711855e+275
1.904298877298204344e+275
1.646521912365067550e+275
1.426497612034058926e+275
1.238356580222301173e+275
1.077188018964454094e+275
9.388764312680779867e+274
8.199671882839942859e+274
7.175556878443196806e+274
6.291958238565408343e+274
5.528242864540060430e+274
4.866978594118639103e+274
4.293414043958083090e+274
3.795046453651635410e+274
3.361262102429884932e+274
2.983036662732941471e+274
2.652685127500354922e+274
2.363652799573870891e+274
2.110340342437419666e+274
1.887957125925199646e+274
1.692398110570741470e+274
1.520140341834945704e+274
1.368155804494393726e+274
1.233837945354713797e+274
1.114939631513940391e+274
1.009520689542551370e+274
9.159034829886608968e+273
8.326352433530033152e+273
7.584560829070861275e+273
6.922717943652107712e+273
6.331306889076263148e+273
5.802038457566182123e+273
5.327682476810692933e+273
4.901923611014506969e+273
4.519237897205442340e+273
4.174786892878529137e+273
3.864326801541719486e+273
3.584130353303202846e+273
3.330919561853895050e+273
3.101807767992696887e+273
2.894249622560617045e+273
2.705997865888776476e+273
2.535065932837050934e+273
2.379695557720916797e+273
2.238328675819565674e+273
2.109583021964320763e+273
1.992230914276641504e+273
1.885180785633415121e+273
1.787461088467512954e+273
1.698206252203825792e+273
1.616644418247511249e+273
1.542086716320351623e+273
1.473917879112172567e+273
1.411588020522114148e+273
1.354605426983897051e+273
1.302530232095211549e+273
1.254968862561874107e+273
1.211569158694764089e+273
1.172016085857279651e+273
1.136027964494156064e+273
1.103353156189476545e+273
1.073767151531952897e+273
1.047070012908107494e+273
1.023084131616827024e+273
1.001652264218818958e+273
9.826358177850537023e+272
9.659133579278068268e+272
9.513793171356100549e+272
9.389428842007786890e+272
9.285270583724152692e+272
9.200678544511569172e+272
9.135136473227088994e+272
9.088246465358751483e+272
9.059724934195071742e+272
9.049399750397707775e+272
9.057208509425627652e+272
9.083197902465544068e+272
9.127524181909323513e+272
9.190454727984608874e+272
9.272370738431382939e+272
9.373771079187826876e+272
9.495277350568439805e+272
9.637640240984385198e+272
9.801747259203103233e+272
9.988631956624095063e+272
1.019948477384877064e+273
1.043566567074252414e+273
1.069871872766115107e+273
1.099038893689457690e+273
1.131264143963459988e+273
1.166768350462367631e+273
1.205798959133323525e+273
1.248632989444188199e+273
1.295580282768525534e+273
1.346987197668574236e+273
1.403240813216595187e+273
1.464773711018312923e+273
1.532069417611071814e+273
1.605668601712909996e+273
1.686176135663922858e+273
1.774269147739376434e+273
1.870706212201382230e+273
1.976337847572212911e+273
2.092118521149928012e+273
2.219120390121058144e+273
2.358549047429643755e+273
2.511761584986318181e+273
2.680287338980930275e+273
2.865851743442819853e+273
3.070403790494109808e+273
3.296147681024259175e+273
3.545579350197087985e+273
3.821528671183630786e+273
4.127208281521432136e+273
4.466270143361699824e+273
4.842871147129905691e+273
5.261749303464672024e+273
5.728312348492605070e+273
6.248740921002689289e+273
6.830108868087472325e+273
7.480523710904336053e+273
8.209290870415893375e+273
9.027105933225626609e+273
9.946280053087030213e+273
1.098100456261453029e+274
1.214766204635518410e+274
1.346519254252513988e+274
1.495552524724373748e+274
1.664408815491983701e+274
1.856041055657432980e+274
2.073883632963812079e+274
2.321936960079515074e+274
2.604867879039533907e+274
2.928129042452639165e+274
3.298101064396382165e+274
3.722262030973680441e+274
4.209389932927079407e+274
4.769804770570472477e+274
5.415658534653655969e+274
6.161283046910963028e+274
7.023607828327225765e+274
8.022662846076928422e+274
9.182184291413230481e+274
1.053034560752470277e+275
1.210064100439032878e+275
1.393295489752311854e+275
1.607485837913874030e+275
1.858318333672690866e+275
2.152593663136731424e+275
2.498463141006563216e+275
2.905713087502565139e+275
3.386112258001477416e+275
3.953836972016845880e+275
4.625992138296116469e+275
5.423250818032238883e+275
6.370640542347132446e+275
7.498511600951516507e+275
8.843731324396142280e+275
1.045115947510660885e+276
1.237547385783311286e+276
1.468343294518922054e+276
1.745668469565832599e+276
2.079525911135473408e+276
2.482191809860522300e+276
2.968758198827414338e+276
3.557811039003740905e+276
4.272278943592280841e+276
5.140497248711385880e+276
6.197544294832030301e+276
7.486922361878570218e+276
9.062675694575948225e+276
1.099206375474320502e+277
1.335894092302427528e+277
