9.963228074412631141e-01
9.963424942555089148e-01
9.963650534213241983e-01
9.963901133249950526e-01
9.964173333713367553e-01
9.964464059438268295e-01
9.964770571774169694e-01
9.965090467677185648e-01
9.965421670153962186e-01
9.965762412812571025e-01
9.966111220046828256e-01
9.966466884165631201e-01
9.966828440582053972e-01
9.967195141995255359e-01
9.967566432329033610e-01
9.967941921051118870e-01
9.968321358358910311e-01
9.968704611603851351e-01
9.969091643235534761e-01
9.969482490446035516e-01
9.969877246638346735e-01
9.970276044772951041e-01
9.970679042599618347e-01
9.971086409742768719e-01
9.971498316577799281e-01
9.971914924808235048e-01
9.972336379641150161e-01
9.972762803440231583e-01
9.973194290735631906e-01
9.973630904459532820e-01
9.974072673279781309e-01
9.974519589901966743e-01
9.974971610224658836e-01
9.975428653221163344e-01
9.975890601445588368e-01
9.976357302054346121e-01
9.976828568254968443e-01
9.977304181089338142e-01
9.977783891478146927e-01
9.978267422454222269e-01
9.978754471524876601e-01
9.979244713106960596e-01
9.979737800990010621e-01
9.980233370787189306e-01
9.980731042337466219e-01
9.981230422036210248e-01
9.981731105067578325e-01
9.982232677522627773e-01
9.982734718388481809e-01
9.983236801401950133e-01
9.983738496755509839e-01
9.984239372660234091e-01
9.984738996756629126e-01
9.985236937380218558e-01
9.985732764682330176e-01
9.986226051612137056e-01
9.986716374764600390e-01
9.987203315100880996e-01
9.987686458550347757e-01
9.988165396500020554e-01
9.988639726180621459e-01
9.989109050959311675e-01
9.989572980544332292e-01
9.990031131113834562e-01
9.990483125373597062e-01
9.990928592556020948e-01
9.991367168364225781e-01
9.991798494871643177e-01
9.992222220382823705e-01
9.992637999263652704e-01
9.993045491746412878e-01
9.993444363714460987e-01
9.993834286475959949e-01
9.994214936528281745e-01
9.994585995318664429e-01
9.994947149007126219e-01
9.995298088231376887e-01
9.995638507884608837e-01
9.995968106901282901e-01
9.996286588058067579e-01
9.996593657793043652e-01
9.996889026043909166e-01
9.997172406106301645e-01
9.997443514514954277e-01
9.997702070950847952e-01
9.997947798172394096e-01
9.998180421972990839e-01
9.998399671167218505e-01
9.998605277602792274e-01
9.998796976203585540e-01
9.998974505037975247e-01
9.999137605419784469e-01
9.999286022035306365e-01
9.999419503099565842e-01
9.999537800543218946e-01
9.999640670226165318e-01
9.999727872178195698e-01
9.999799170870208309e-01
9.999854335510600656e-01
9.999893140367337452e-01
9.999915365118036137e-01
9.999920795221763914e-01
9.999909222318160706e-01
9.999880444645731226e-01
9.999834267485917527e-01
9.999770503621978612e-01
9.999688973822613569e-01
9.999589507338989547e-01
9.999471942417591519e-01
9.999336126828352045e-01
9.999181918402961777e-01
9.999009185580763903e-01
9.998817807964837101e-01
9.998607676877031558e-01
9.998378695916447789e-01
9.998130781514186216e-01
9.997863863480029867e-01
9.997577885538517783e-01
9.997272805851187272e-01
9.996948597515303847e-01
9.996605249038951202e-01
9.996242764783827006e-01
9.995861165369622769e-01
9.995460488034787483e-01
9.995040786943570899e-01
9.994602133434802305e-01
9.994144616201949827e-01
9.993668341395149923e-01
9.993173432636481834e-01
9.992660030938942395e-01
9.992128294516401388e-01
9.991578398473596190e-01
9.991010534367367191e-01
9.990424909618527138e-01
9.989821746769128596e-01
9.989201282567857776e-01
9.988563766865082849e-01
9.987909461309584236e-01
9.987238637822654086e-01
9.986551576838329503e-01
9.985848565289583423e-01
9.985129894319803023e-01
9.984395856703004446e-01
9.983646743948226820e-01
9.982882843064536660e-01
9.982104432962727314e-01
9.981311780460689898e-01
9.980505135861714727e-01
9.979684728062883092e-01
9.978850759144725080e-01
9.978003398381916078e-01
9.977142775594892710e-01
9.976268973741547752e-01
9.975382020613502432e-01
9.974481879450189936e-01
9.973568438222454313e-01
9.972641497232815899e-01
9.971700754536394484e-01
9.970745788478784233e-01
9.969776036324415891e-01
9.968790767474956516e-01
9.967789049037589777e-01
9.966769700339195293e-01
9.965731231118947209e-01
9.964671755053655655e-01
9.963588865050655441e-01
9.962479447586446435e-01
9.961339396703772220e-01
9.960163156562291675e-01
9.958942957984352473e-01
9.957667479501386421e-01
9.956319355088216749e-01
9.954870180775330368e-01
9.953269522154514215e-01
9.951417476418664698e-01
9.949082881576748472e-01
9.945582405633552892e-01
9.937691562260970723e-01
9.853245573274458380e-01
9.957560533674713055e-01
9.953408462938886370e-01
9.950241429667101567e-01
9.947873986273914060e-01
9.945859702607783293e-01
9.944019497443711275e-01
9.942271660762956875e-01
9.940574708728733277e-01
9.938906199957523446e-01
9.937253812996127422e-01
9.935611186044120968e-01
9.933975821403092654e-01
9.932347967238099873e-01
9.930729994865966637e-01
9.929126040435188871e-01
9.927541792076578497e-01
9.925984357197300545e-01
9.924462171546832856e-01
9.922984925823324920e-01
9.921563493210375784e-01
9.920209845428967776e-01
