9.959040644728817115e-01
9.933119971488564293e-01
9.908836495042239179e-01
9.886604440826003426e-01
9.866713396026025595e-01
9.849344412571103824e-01
9.834585599150921231e-01
9.822446933081790954e-01
9.812874098089899855e-01
9.805761217476045566e-01
9.800962404862189059e-01
9.798302097939247668e-01
9.797584175458141642e-01
9.798599885180846458e-01
9.801134631597950841e-01
9.804973687852871489e-01
9.809906907276687571e-01
9.815732517017681236e-01
9.822260080094249446e-01
9.829312713387642342e-01
9.836728648198738156e-01
9.844362217412743199e-01
9.852084349497925997e-01
9.859782644818965158e-01
9.867361104371120684e-01
9.874739575268260960e-01
9.881852971362728999e-01
9.888650321374445884e-01
9.895093691016834114e-01
9.901157019896454914e-01
9.906824908536920882e-01
9.912091385766609308e-01
9.916958681973834233e-01
9.921436029354827602e-01
9.925538506328560606e-01
9.929285939701187891e-01
9.932701874987436286e-01
9.935812622462012467e-01
9.938646384063558603e-01
9.941232464132065960e-01
9.943600565145704895e-01
9.945780168080103900e-01
9.947799995742359069e-01
9.949687556388129295e-01
9.951468764098834185e-01
9.953167631761165035e-01
9.954806032007900152e-01
9.956403521152086267e-01
9.957977220938718510e-01
9.959541752844219831e-01
9.961109219635819745e-01
9.962689228986406631e-01
9.964288954051986336e-01
9.965913226114835322e-01
9.967564654603908725e-01
9.969243770057619747e-01
9.970949185860931152e-01
9.972677774871095968e-01
9.974424857338898276e-01
9.976184396818127409e-01
9.977949201045763772e-01
9.979711125052918019e-01
9.981461274026997010e-01
9.983190203698912857e-01
9.984888116246077860e-01
9.986545049910174887e-01
9.988151060684430371e-01
9.989696394560256820e-01
9.991171648895117441e-01
9.992567921485480120e-01
9.993876945862126826e-01
9.995091211164198741e-01
9.996204064652119969e-01
9.997209794430665930e-01
9.998103689220636525e-01
9.998882070929886456e-01
9.999542294178289659e-01
1.000008270463396132e+00
1.000050254465031374e+00
1.000080178981420431e+00
1.000098089282638991e+00
1.000104040047241849e+00
1.000098039344933021e+00
1.000079967449275742e+00
1.000049459270280439e+00
1.000005733299959010e+00
9.999473405271892545e-01
9.998717913458556872e-01
9.997749926307238910e-01
9.996503826687279659e-01
9.994875726818122086e-01
9.992701585918808416e-01
9.989720891908050460e-01
9.985514212447011984e-01
9.979391188449256989e-01
9.970179198272312027e-01
9.955799380511707319e-01
9.932350294672321889e-01
9.891941623606321787e-01
9.817016205271467122e-01
9.663980011806168058e-01
9.318467958981796473e-01
8.611590912134553522e-01
8.200356017238618067e-01
8.447828418283649388e-01
8.209050528786896450e-01
6.897267015221300035e-01
3.637454607604637680e-01
1.075674053293362992e-01
3.483981626105615015e-01
5.911832812830666306e-01
7.223620243579058631e-01
7.936260690915901694e-01
8.356475185261853511e-01
8.623569633184153815e-01
8.803633642260210168e-01
8.930589349713298208e-01
9.023181233650779953e-01
9.092438097043105127e-01
9.145197569331195986e-01
9.185887441185502933e-01
9.217481064995506346e-01
9.242036759542698876e-01
9.261016146470176791e-01
9.275479372582501325e-01
9.286208898108878618e-01
9.293790310816875122e-01
9.298666440848241121e-01
9.301174396457521087e-01
9.301571373205171911e-01
9.300052884060350245e-01
9.296765725165964112e-01
9.291817158476657346e-01
9.285281248163881340e-01
9.277202908330971498e-01
9.267599924808908041e-01
9.256462942173391273e-01
9.243753096614568676e-01
9.229396540618316491e-01
9.213274399683433202e-01
9.195205435054710774e-01
9.174916238369090760e-01
9.151988717572955290e-01
9.125763356287014405e-01
9.095149396556412302e-01
9.058219508291655009e-01
9.011239634381211783e-01
8.945943823775360793e-01
8.839779473781348429e-01
8.602462555330979699e-01
7.177034579763320599e-01
9.876779473745699311e-01
9.412371997391699718e-01
9.252525931415676030e-01
9.164040584469024253e-01
9.101802759005990229e-01
9.051835986855870653e-01
9.008436546699685188e-01
8.968852346813537268e-01
8.931594839189623825e-01
8.895786293086310748e-01
8.860869445690185975e-01
8.826463584271346807e-01
8.792286363092822743e-01
8.758107501827948616e-01
8.723718774922045727e-01
8.688912497798710888e-01
8.653464271610831204e-01
8.617117421994324733e-01
8.579567314665897948e-01
8.540443940569345527e-01
8.499290956025368216e-01
8.455538681345597940e-01
8.408467145304781010e-01
8.357152499943250046e-01
8.300384646212354278e-01
8.236532508800259444e-01
8.163308127712606277e-01
8.077320048889838899e-01
7.973145383767072936e-01
7.841163487354071426e-01
7.661650655618743588e-01
7.384658785762816535e-01
6.831619818318610537e-01
4.728100033063812879e-01
7.565216208265660436e-01
8.310458655731636224e-01
7.921779261587491572e-01
7.602302219599366140e-01
7.304399321860584049e-01
6.999966563703874378e-01
6.673235708210409900e-01
6.313686221194858561e-01
5.913497794195300417e-01
5.467077361006630332e-01
4.968986377366472751e-01
4.424522466975756574e-01
3.836342754481560369e-01
3.218321749049291580e-01
2.591358496720265747e-01
