9.960233990409489424e-01
9.964864095038313829e-01
9.969241692795500764e-01
9.973356621235290875e-01
9.977198561323259440e-01
9.980757068979255742e-01
9.984021621862806395e-01
9.986981679538694534e-01
9.989626755330829333e-01
9.991946498370702923e-01
9.993930784553909374e-01
9.995569815292633109e-01
9.996854223152250585e-01
9.997775183620508654e-01
9.998324532417844912e-01
9.998494887922214636e-01
9.998279778403730278e-01
9.997673773897618466e-01
9.996672622668568708e-01
9.995273392305517035e-01
9.993474615604396316e-01
9.991276441467876746e-01
9.988680791139699089e-01
9.985691520158982426e-01
9.982314586494186459e-01
9.978558225368678869e-01
9.974433131351314596e-01
9.969952648327244926e-01
9.965132968009474679e-01
9.959993337672843339e-01
9.954556277805752806e-01
9.948847810359501276e-01
9.942897698237941340e-01
9.936739696561723845e-01
9.930411816094781852e-01
9.923956598951408914e-01
9.917421406316322408e-01
9.910858717311189503e-01
9.904326437290975615e-01
9.897888212602915514e-01
9.891613747067045104e-01
9.885579112895636067e-01
9.879867045174303142e-01
9.874567203919782932e-01
9.869776380491477319e-01
9.865598614875404904e-01
9.862145175749585935e-01
9.859534334423916135e-01
9.857890833929243701e-01
9.857344911645592456e-01
9.858030671820844359e-01
9.860083514085468126e-01
9.863636191837666933e-01
9.868812879292946372e-01
9.875720335851392306e-01
9.884434821390574166e-01
9.894982758068953110e-01
9.907312130121697091e-01
9.921250067287932239e-01
9.936439657272255754e-01
9.952245277096893883e-01
9.967609821676390869e-01
9.980837875240690105e-01
9.989264173827558935e-01
9.988743844695806562e-01
9.972866441006821292e-01
9.931747459179601778e-01
9.850194826302179907e-01
9.705020378403097503e-01
9.461396874085349351e-01
9.068818168759059661e-01
8.459255264779516059e-01
7.554796361328548482e-01
6.298753253719528988e-01
4.721570378354699726e-01
3.012704790010184430e-01
1.499973303148533221e-01
4.782746143460259169e-02
3.608859344544166920e-03
6.198297288504545088e-03
3.737793354492215808e-02
8.179214056094324947e-02
1.297129479816708231e-01
1.760177574802234690e-01
2.184566789089794348e-01
2.563325474905492340e-01
2.897032244929667599e-01
3.189504903813844550e-01
3.445631207211801716e-01
3.670348498043513596e-01
3.868210731144820502e-01
4.043258337221340426e-01
4.198474660489102672e-01
4.337942142652811972e-01
4.463255344774397226e-01
4.576775544245538785e-01
4.680325077891602237e-01
4.775448846506734624e-01
4.863465401229156715e-01
4.945505004312488739e-01
5.022540472880946405e-01
5.095412427692987967e-01
5.164849999388630986e-01
5.231487833962311651e-01
5.295880102347320095e-01
5.358512137264835884e-01
5.419810367874750012e-01
5.480151826009622695e-01
5.539879125927371639e-01
5.599391909160426062e-01
5.658054470588842477e-01
5.717597807559785528e-01
5.777298708580034248e-01
5.837445300864787523e-01
5.898189359226855277e-01
5.959648189812774000e-01
6.021914362617337702e-01
6.085058509625488332e-01
6.149130725896250205e-01
6.214161501074871863e-01
6.280162431995163219e-01
6.347126815571646485e-01
6.415030176334036716e-01
6.483830766117197886e-01
6.553470065341405748e-01
6.623873310270440573e-01
6.694950066542222356e-01
6.766594865189721197e-01
6.838687912552787740e-01
6.911095878753640287e-01
6.983672757826701050e-01
7.056260766892533676e-01
7.128691176930295192e-01
7.200784678306284547e-01
7.272349290427710944e-01
7.343157745590632723e-01
7.411160053802164915e-01
7.482227488465087450e-01
7.549738570179226338e-01
7.615758439645595734e-01
7.680065906274280429e-01
7.742452249260708408e-01
7.802713666905450873e-01
7.860649931459184891e-01
7.916064220886259717e-01
7.968762834597765687e-01
8.018553071175239522e-01
8.065045136940177661e-01
8.108713778080450796e-01
8.148675549390383965e-01
8.184997226382263458e-01
8.217487298812078400e-01
8.245951708278645986e-01
8.270188217248385376e-01
8.289982384659309034e-01
8.305103186109472624e-01
8.315298014274185023e-01
8.320286942825663168e-01
8.319756146896001292e-01
8.313350356743011149e-01
8.300664195269660262e-01
8.281232217711951282e-01
8.254517434090655748e-01
8.219898052703276115e-01
8.176652137514358598e-01
8.123939826858577185e-01
8.060782721264081463e-01
7.986040025081563298e-01
7.898381038579374014e-01
7.796253676111506437e-01
7.677848885269038526e-01
7.541061250022811357e-01
7.383446821938256521e-01
7.202180569674420108e-01
6.994018135139844494e-01
6.755270401843009864e-01
6.481805563345098831e-01
6.169103121663417344e-01
5.812399071458524968e-01
5.406982989004224249e-01
4.948736405723732634e-01
4.435034683099960406e-01
3.866159518250692484e-01
3.247355331530125677e-01
2.591547958388649708e-01
1.922429314941868639e-01
1.276976183066925730e-01
7.051145328237601317e-02
2.786691105031921176e-02
3.906664029268974193e-03
4.469504964160334916e-03
3.105822764363716862e-02
8.184814589869519874e-02
1.517182433871168412e-01
2.339244542379323444e-01
3.216407165438607274e-01
4.091770223528821693e-01
4.924995717276210994e-01
5.691873362380033274e-01
6.380301028667012542e-01
