1.334938822852635340e+40
1.091750382639920753e+40
8.946624146974221212e+39
7.346297192043296277e+39
6.044367855471070082e+39
4.983173785120242867e+39
4.116552154155794253e+39
3.407480492168923667e+39
2.826214112038698727e+39
2.348813112138788676e+39
1.955975501658570566e+39
1.632111270302485703e+39
1.364606414017271040e+39
1.143236965085684116e+39
9.597016722938540847e+38
8.072486845812802814e+38
6.803768330909416545e+38
5.745962088945557359e+38
4.862359493916022339e+38
4.122896711233638529e+38
3.502909720580604417e+38
2.982129900019363846e+38
2.543872371645476021e+38
2.174379053326970940e+38
1.862286071185497275e+38
1.598191297824382233e+38
1.374302631081189874e+38
1.184151483305581071e+38
1.022359020539291483e+38
8.844451382954457159e+37
7.666721150426114667e+37
6.659164475204153559e+37
5.795636240049358716e+37
5.054215958916747034e+37
4.416495147973384070e+37
3.866989514624654683e+37
3.392653357688071490e+37
2.982477792109401957e+37
2.627157821859919311e+37
2.318816044764214695e+37
2.050773009585755025e+37
1.817356061062213366e+37
1.613739984130506762e+37
1.435813959371340987e+37
1.280070320579281650e+37
1.143511404332387394e+37
1.023571434456974478e+37
9.180509188194807493e+36
8.250614740252786028e+36
7.429793532092949373e+36
6.704062476922932065e+36
6.061361765661747804e+36
5.491274787679075912e+36
4.984790876985521190e+36
4.534104051837913694e+36
4.132442047666462951e+36
3.773920880834610133e+36
3.453420959013017447e+36
3.166481400422883086e+36
2.909209762092434252e+36
2.678204825365176858e+36
2.470490460636405668e+36
2.283458905491388904e+36
2.114822051494190326e+36
1.962569553457547676e+36
1.824932758396270483e+36
1.700353605190623419e+36
1.587457775395936517e+36
1.485031484461763197e+36
1.392001394434531156e+36
1.307417206581209864e+36
1.230436557804817085e+36
1.160311900053995379e+36
1.096379088745071626e+36
1.038047445999947104e+36
9.847910981927743595e+35
9.361414159862128663e+35
8.916804094598695634e+35
8.510349516990807481e+35
8.138717219868348228e+35
7.798927748720097932e+35
7.488316543827442835e+35
7.204499837379161591e+35
6.945344704223561314e+35
6.708942747317345301e+35
6.493586968216538432e+35
6.297751434723536557e+35
6.120073409140410045e+35
5.959337646268620784e+35
5.814462609224268388e+35
5.684488385078464576e+35
5.568566111958995468e+35
5.465948754869382464e+35
5.375983090184005620e+35
5.298102778447747667e+35
5.231822422737365828e+35
5.176732525258056950e+35
5.132495268845014995e+35
5.098841062458335359e+35
5.075565801230830128e+35
5.062528802006302400e+35
5.059651385166009442e+35
5.066916082712395982e+35
5.084366461368307182e+35
5.112107558307771692e+35
5.150306935495063688e+35
5.199196367570992018e+35
5.259074187005417070e+35
5.330308319839899819e+35
5.413340055218331181e+35
5.508688602850408658e+35
5.616956504303165620e+35
5.738835977068499810e+35
5.875116284896423352e+35
6.026692244234390441e+35
6.194573994887703710e+35
6.379898183985675269e+35
6.583940736241110924e+35
6.808131410412130786e+35
7.054070373474423141e+35
7.323547059779272080e+35
7.618561623911316930e+35
7.941349344035056666e+35
8.294408387844951071e+35
8.680531417769911927e+35
9.102841586673452677e+35
9.564833562419644087e+35
1.007042032093372479e+36
1.062398656561751088e+36
1.123044976906815239e+36
1.189532999456202209e+36
1.262482984388657610e+36
1.342592609990916615e+36
1.430647489248785807e+36
1.527533252265884737e+36
1.634249443971802566e+36
1.751925529069010339e+36
1.881839346189193295e+36
2.025438412400014441e+36
2.184364549139456443e+36
2.360482383442471075e+36
2.555912376579295110e+36
2.773069148751325461e+36
3.014706007042794807e+36
3.283966748740209443e+36
3.584446008622668328e+36
3.920259653203899684e+36
4.296127005086982698e+36
4.717467015481035401e+36
5.190510904343479236e+36
5.722434268713891037e+36
6.321512237893590808e+36
6.997301948843914028e+36
7.760857452171966480e+36
8.624983167613657012e+36
9.604533225897611919e+36
1.071676550617637415e+37
1.198176096025040939e+37
1.342292097504120657e+37
1.506755814699684268e+37
1.694759902851916553e+37
1.910042128604748640e+37
2.156985243631131530e+37
2.440736309729831004e+37
2.767349474208832269e+37
3.143957057430318179e+37
3.578974872091033640e+37
4.082348992068483101e+37
4.665852784225523231e+37
5.343444980384619832e+37
6.131701987530088019e+37
7.050340621878939013e+37
8.122851146313033558e+37
9.377265062807971170e+37
1.084708777981013801e+38
1.257243331247132934e+38
1.460140692383365681e+38
1.699179251179222596e+38
1.981311513440615918e+38
2.314916603826831688e+38
2.710109878105418890e+38
3.179123163177640954e+38
3.736772479321115488e+38
4.401034290995007314e+38
5.193756607507236261e+38
6.141537903529834181e+38
7.276815221227910680e+38
8.639213425774983150e+38
1.027722101964414436e+39
1.225027495726069003e+39
1.463135853989790298e+39
1.751024399666158759e+39
2.099754642870758946e+39
2.522980054722362384e+39
3.037582883502050820e+39
3.664474298039063323e+39
4.429601430403582550e+39
5.365216943800846783e+39
6.511482253309781527e+39
7.918495494043901561e+39
