1.940707167244860090e+166
1.586515306576727708e+166
1.299577641607056260e+166
1.066678430413875028e+166
8.772790227363157655e+165
7.229605250525529643e+165
5.969854183210522870e+165
4.939521554840349355e+165
4.095225567038519890e+165
3.402062950372036824e+165
2.831902282799135466e+165
2.362030169196481039e+165
1.974075518943069266e+165
1.653153360208170960e+165
1.387182246291102735e+165
1.166339149915474524e+165
9.826234285901354500e+164
8.295074587103815728e+164
7.016562493384532418e+164
5.947020459225145686e+164
5.050628422327580909e+164
4.297960084189740090e+164
3.664800486006345112e+164
3.131189273785120595e+164
2.680645326521782315e+164
2.299537357601509450e+164
1.976572190551067994e+164
1.702378045091678218e+164
1.469164654471367448e+164
1.270445609963062762e+164
1.100811182469082423e+164
9.557421530024502925e+163
8.314570110216995787e+163
7.247863447640428922e+163
6.330694245959551100e+163
5.540689268091554708e+163
4.859005077387282209e+163
4.269745530609700436e+163
3.759479239818285222e+163
3.316839239785878073e+163
2.932190354265349988e+163
2.597352396779027144e+163
2.305369488558746517e+163
2.050317523301299822e+163
1.827143231875277297e+163
1.631529461734150693e+163
1.459782234948314073e+163
1.308735925500301036e+163
1.175673532912524057e+163
1.058259551559318280e+163
9.544833641196645805e+162
8.626114407632442088e+162
7.811469165756027311e+162
7.087953597926687625e+162
6.444357417448023455e+162
5.870957834752498419e+162
5.359309899396443085e+162
4.902067954318559603e+162
4.492833375543394844e+162
4.126024549313655481e+162
3.796765687547332841e+162
3.500791623385829656e+162
3.234366180408434527e+162
2.994212086764135531e+162
2.777450721634923053e+162
2.581550246526418707e+162
2.404280896311536333e+162
2.243676391882526523e+162
2.098000593622708428e+162
1.965718647346671442e+162
1.845471986284517114e+162
1.736056646930766689e+162
1.636404436632775242e+162
1.545566558193780930e+162
1.462699354263329813e+162
1.387051882805428072e+162
1.317955076352248410e+162
1.254812272897580763e+162
1.197090936263161816e+162
1.144315409336900070e+162
1.096060565412555115e+162
1.051946241533239494e+162
1.011632353718481990e+162
9.748146076837026308e+161
9.412207303937975732e+161
9.106071579535133069e+161
8.827561239894361815e+161
8.574731002699605146e+161
8.345845477157384408e+161
8.139359416352078916e+161
7.953900398531254510e+161
7.788253666634129166e+161
7.641348892013475572e+161
7.512248660955493621e+161
7.400138510619551382e+161
7.304318366313592271e+161
7.224195253983816876e+161
7.159277181781123690e+161
7.109168102209661157e+161
7.073563882675099414e+161
7.052249226903745794e+161
7.045095503685573301e+161
7.052059452181250946e+161
7.073182745585538097e+161
7.108592406929584588e+161
7.158502082929754547e+161
7.223214193659110240e+161
7.303122988433570201e+161
7.398718551118201112e+161
7.510591811873244800e+161
7.639440637138936212e+161
7.786077085687833595e+161
7.951435936487882252e+161
8.136584613598017437e+161
8.342734655697809372e+161
8.571254902419643728e+161
8.823686598174969769e+161
9.101760646171701086e+161
9.407417282014371736e+161
9.742828478633591928e+161
1.011042344239677231e+162
1.051291761655135052e+162
1.095334567225892304e+162
1.143509904249357582e+162
1.196196864045823057e+162
1.253819350487072425e+162
1.316851623127796327e+162
1.385824618489919486e+162
1.461333164914154848e+162
1.544044224967000021e+162
1.634706321039959513e+162
1.734160325203858355e+162
1.843351824114207696e+162
1.963345304703320748e+162
2.095340447425250762e+162
2.240690862122079220e+162
2.400925658432569050e+162
2.577774309787590080e+162
2.773195349216747953e+162
2.989409528851770437e+162
3.228938185930618646e+162
3.494647689472902910e+162
3.789800997782269139e+162
4.118117542209816856e+162
4.483842873157237175e+162
4.891829766835535988e+162
5.347632804665204713e+162
5.857618811234326206e+162
6.429095984189330454e+162
7.070465085090752493e+162
7.791396702528334600e+162
8.603039369792100831e+162
9.518264246265829749e+162
1.055195318722840583e+163
1.172133837125038494e+163
1.304640327726233775e+163
1.455035676389478461e+163
1.626019437710513578e+163
1.820736388703716877e+163
2.042855554427882395e+163
2.296664178445639563e+163
2.587179626809858169e+163
2.920282842645237356e+163
3.302877735088248549e+163
3.743081823036371354e+163
4.250454600173175526e+163
4.836271491761402310e+163
5.513852996425935348e+163
6.298960722475159199e+163
7.210274632648932071e+163
8.269969019596867226e+163
9.504408693741202576e+163
1.094499175741924640e+164
1.262917139344659259e+164
1.460169659906258954e+164
1.691612110812332701e+164
1.963664131835924807e+164
2.284033844712286799e+164
2.661991809898432528e+164
3.108706285048431334e+164
3.637654149248376264e+164
4.265125367747720175e+164
5.010843274599795400e+164
5.898728480697270872e+164
6.957841170922959983e+164
8.223545318283930365e+164
9.738949401332376144e+164
1.155669218638361084e+165
1.374115982434941713e+165
1.637124293509111441e+165
1.954377082116732397e+165
2.337779615466620723e+165
2.801994958742567414e+165
3.365114254772622464e+165
4.049497162497778929e+165
4.882827408834157134e+165
5.899440730073076579e+165
7.141998294255328393e+165
8.663599027199610234e+165
1.053045044155098908e+166
