8.581151530392606697e-01
7.248428477854630403e-01
1.115837358874071372e-01
1.082281609729104810e+00
1.027586067450978691e+00
9.857704792332471211e-01
9.617214842501032868e-01
9.473821108589663975e-01
9.363984181316361566e-01
9.348802789948128522e-01
9.345829258474251944e-01
9.365114692127798346e-01
9.401615765079951448e-01
9.450635800277905618e-01
9.508102727521965392e-01
9.570186422861504116e-01
9.632146490566340091e-01
9.684479712726258294e-01
9.697761487704662509e-01
9.547983397002638428e-01
8.510821292224632906e-01
2.369869910175246841e-01
2.545713955688860275e-01
6.211779835547492912e-01
7.317368420519282379e-01
7.855418422028341841e-01
8.094681791464893861e-01
8.201893436145266669e-01
8.236871690862244133e-01
8.227240788121314985e-01
8.188036435776713251e-01
8.064958941666473535e-01
8.046945634717770357e-01
7.959013245990875784e-01
7.861895265624344598e-01
7.758394412826841169e-01
7.651278993572147025e-01
7.527011276458173139e-01
7.415806694773537933e-01
7.300154768412963069e-01
7.182623245141352974e-01
7.064070930547988736e-01
6.944115185366784848e-01
6.824048756817989725e-01
6.413833750727909733e-01
6.542639717799195731e-01
6.405113783895840518e-01
6.236619305479277342e-01
6.007255985733817027e-01
5.594422295484708929e-01
4.007720741397811648e-01
8.140593734077707921e-01
6.942253975314098824e-01
6.558222737839140004e-01
6.341598342125098764e-01
6.180222838529328966e-01
6.038430637710832105e-01
5.896118176348353890e-01
5.730839922064894232e-01
5.495727521175309827e-01
5.023682454639877282e-01
2.715641874255477206e-01
7.987217035427995881e-01
6.845936144247937172e-01
6.454485895931217909e-01
6.268275322225642654e-01
6.155120732453412957e-01
6.077605592650134891e-01
6.021006732558602526e-01
5.978334142095194093e-01
5.945834493175423674e-01
5.921309479559121458e-01
5.903386341149470251e-01
5.891164896228339165e-01
5.884031283603560203e-01
5.881551709092469604e-01
5.883405872666629399e-01
5.889337102871060603e-01
5.899095798106240851e-01
5.912311421750147122e-01
5.927884586136662470e-01
5.933962354541960638e-01
5.993910487896062511e-01
6.015533186033729107e-01
6.046637171177090542e-01
6.082413343836429176e-01
6.122156702174820220e-01
6.165621967661363279e-01
6.212656382316923409e-01
6.263092977077591161e-01
6.316593490261402932e-01
6.371029791794895480e-01
6.439918620801207139e-01
6.502394951598768902e-01
6.553688471612043598e-01
6.647227409011017274e-01
6.741289832297439055e-01
6.751752184896037123e-01
6.295752249366183273e-01
6.809582867245883575e-01
6.915613206562863935e-01
6.992417133112286409e-01
7.056201657183049925e-01
7.107926976391034657e-01
7.144397104032434997e-01
7.159124991672144445e-01
7.140663094706083402e-01
7.067457631159088649e-01
6.891218888159488243e-01
6.463737675114824555e-01
6.342811526203611106e-01
5.977188594527845789e-01
4.111593792360672128e-01
9.554176032430811150e-02
1.126466933413940164e-01
6.731876725882200985e-01
8.834722075159765486e-01
9.413675657206779235e-01
9.561330245784812609e-01
9.448240689473969001e-01
6.769841716813990162e-01
1.008458772138984827e+00
1.004642497230464393e+00
9.994160217458420981e-01
9.938823035833689312e-01
9.849603818894341334e-01
9.466770037259087944e-01
1.021601268433145693e+00
9.981745233739003353e-01
9.864185631952870903e-01
9.786863877598036554e-01
9.706183850006668834e-01
9.622453568588941186e-01
9.534957639879084734e-01
9.443778554363325695e-01
9.349473845593870847e-01
9.252897097630851109e-01
9.155081581555043480e-01
9.056867402517665422e-01
8.961013039703369376e-01
8.864617607201851213e-01
8.761161248996847117e-01
8.547076928344095048e-01
9.068916429416405967e-01
8.973819813068114604e-01
9.324123927379756038e-01
7.161501884896614989e-01
8.153870542779203534e-01
8.677205519987095661e-01
9.926362303694258316e-01
7.219093404779988732e-02
5.080932663075899969e-01
5.954747054327051980e-01
6.242530912661899967e-01
6.361870260352363582e-01
6.405017228982812227e-01
6.413585768510033924e-01
6.402564440579736615e-01
6.379945249280031261e-01
6.350102610318426599e-01
6.315412374056520450e-01
6.275003283904596607e-01
6.239994115354769999e-01
6.197796201339049738e-01
6.154289271196795585e-01
6.109155356267838011e-01
6.062057505059841311e-01
6.011611094667046462e-01
5.932487783156056294e-01
5.912430742282132057e-01
5.858699654062318185e-01
5.801561568392781254e-01
5.741930564637465206e-01
5.679803834534937756e-01
5.615068383797352514e-01
5.546790387386733023e-01
5.449547564745909067e-01
5.434179838754736869e-01
4.639697047152478993e-01
5.258735522115781658e-01
5.184651539155112898e-01
5.044515491966273801e-01
5.337140775872222243e-01
5.199728258386836499e-01
5.223336718576504500e-01
5.506664838545604068e-01
4.210488818786355392e-01
4.756913312984062947e-01
4.935720966059956027e-01
5.335739439135475104e-01
6.930587882382933662e-01
1.592603403998106570e-01
3.574743856930388541e-01
3.996473464810572640e-01
4.375697149748181136e-01
4.534019511761623322e-01
4.658676253537257228e-01
4.679669562818598583e-01
4.156711410066867840e-01
5.082510809742128988e-01
