9.980290517191856559e-01
9.981201320760869633e-01
9.982070250817605128e-01
9.982882164494852884e-01
9.983626192578580749e-01
9.984295191915545375e-01
9.984885216757563020e-01
9.985395017655369632e-01
9.985825574043558639e-01
9.986179664590589811e-01
9.986461477666604969e-01
9.986676262879307098e-01
9.986830023502247800e-01
9.986929248738425358e-01
9.986980684082648052e-01
9.986991137560531362e-01
9.986967319271945476e-01
9.986915711451859190e-01
9.986842466159848719e-01
9.986753327667589053e-01
9.986653576671628008e-01
9.986547993544145907e-01
9.986440837969600137e-01
9.986335842480930092e-01
9.986236217590807041e-01
9.986144666403243830e-01
9.986063406795636643e-01
9.985994199453707143e-01
9.985938380244269164e-01
9.985896895591399591e-01
9.985870339703841747e-01
9.985858992664647937e-01
9.985862858558230970e-01
9.985881702935679449e-01
9.985915089065304784e-01
9.985962412516407039e-01
9.986022933740715812e-01
9.986095808393191664e-01
9.986180115224760900e-01
9.986274881440015960e-01
9.986379105476753670e-01
9.986491777207996412e-01
9.986611895613203282e-01
9.986738483996119298e-01
9.986870602849335921e-01
9.987007360495967490e-01
9.987147921642738346e-01
9.987291513996880976e-01
9.987437433101711282e-01
9.987585045553967200e-01
9.987733790757100660e-01
9.987883181376676633e-01
9.988032802643885821e-01
9.988182310661493091e-01
9.988331429851107224e-01
9.988479949678394920e-01
9.988627720780512975e-01
9.988774650612987083e-01
9.988920698726768688e-01
9.989065871771405369e-01
9.989210218317238210e-01
9.989353823577892255e-01
9.989496804104289751e-01
9.989639302517776542e-01
9.989781482335893248e-01
9.989923522944470502e-01
9.990065614754636281e-01
9.990207954583694150e-01
9.990350741288083203e-01
9.990494171674720869e-01
9.990638436709172732e-01
9.990783718033982019e-01
9.990930184812190085e-01
9.991077990899144279e-01
9.991227272347267263e-01
9.991378145246061493e-01
9.991530703891480236e-01
9.991685019287402936e-01
9.991841137965427055e-01
9.991999081119047332e-01
9.992158844044016774e-01
9.992320395872317240e-01
9.992483679587832457e-01
9.992648612312347023e-01
9.992815085850412782e-01
9.992982967476171652e-01
9.993152100950222216e-01
9.993322307752561251e-01
9.993493388514226305e-01
9.993665124637375330e-01
9.993837280082594754e-01
9.994009603315729962e-01
9.994181829392193572e-01
9.994353682166438047e-01
9.994524876613263276e-01
9.994695121240975144e-01
9.994864120581975486e-01
9.995031577748482166e-01
9.995197197032464898e-01
9.995360686534741079e-01
9.995521760809202849e-01
9.995680143499930947e-01
9.995835569960506151e-01
9.995987789829499093e-01
9.996136569552638296e-01
9.996281694822004571e-01
9.996422972924214889e-01
9.996560234967519776e-01
9.996693337970420368e-01
9.996822166792135311e-01
9.996946635877700382e-01
9.997066690795413102e-01
9.997182309546216450e-01
9.997293503611858201e-01
9.997400318722695634e-01
9.997502835314732161e-01
9.997601168647494152e-01
9.997695468554781417e-01
9.997785918801533889e-01
9.997872736010968708e-01
9.997956168137652755e-01
9.998036492452527790e-01
9.998114013009673506e-01
9.998189057565911586e-01
9.998261973920012924e-01
9.998333125646094999e-01
9.998402887190310784e-01
9.998471638304471387e-01
9.998539757792610505e-01
9.998607616548499388e-01
9.998675569864001744e-01
9.998743948992608876e-01
9.998813051960542264e-01
9.998883133611700114e-01
9.998954394894051800e-01
9.999026971390686525e-01
9.999100921105722461e-01
9.999176211534301917e-01
9.999252706039379879e-01
9.999330149582599248e-01
9.999408153857376469e-01
9.999486181885406388e-01
9.999563532153548095e-01
9.999639322373428119e-01
9.999712472959401133e-01
9.999781690333110484e-01
9.999845450164558391e-01
9.999901980670728996e-01
9.999949246087449506e-01
9.999984930423966301e-01
1.000000642159189601e+00
1.000001079596315012e+00
9.999994803356285766e-01
9.999954852360363189e-01
9.999886995764136755e-01
9.999786915659155673e-01
9.999649907471415133e-01
9.999470861717325576e-01
9.999244241596814131e-01
9.998964053489909354e-01
9.998623805839524925e-01
9.998216449432243413e-01
9.997734288178742323e-01
9.997168843169531582e-01
9.996510642272489200e-01
9.995748889562577899e-01
9.994870937066939742e-01
9.993861422819941831e-01
9.992700826727557439e-01
9.991362967905967896e-01
9.989810476480480705e-01
9.987986135911582908e-01
9.985795110920268058e-01
9.983064909307169943e-01
9.979443146965424338e-01
9.974086063015021875e-01
9.964415775575578005e-01
9.938112733312828295e-01
9.684189210544097426e-01
9.894695731610407829e-01
9.982297510766167115e-01
9.984121803264047745e-01
9.981945045416840134e-01
9.979378367892488555e-01
9.976880785376234240e-01
9.974533038748234492e-01
9.972356699389237633e-01
9.970368381831423710e-01
9.968589974220646299e-01
9.967049938989644975e-01
9.965782711104594904e-01
9.964827753595560944e-01
9.964228594357299462e-01
9.964031872050657102e-01
9.964286352684237347e-01
9.965041870002708801e-01
9.966348147639422228e-01
9.968253467670785684e-01
9.970803156188513539e-01
9.974037861665022708e-01
