2.794605792105507414e+248
2.284431073845005382e+248
1.871152642479047394e+248
1.535725655404849765e+248
1.262963959038003668e+248
1.040736604446965896e+248
8.593358830411833205e+247
7.109794250096401249e+247
5.894172560119009610e+247
4.896211616871576866e+247
4.075387041935690253e+247
3.398981061551765440e+247
2.840532224753580380e+247
2.378601568683448891e+247
1.995788993006486157e+247
1.677947794820793633e+247
1.413556399463841415e+247
1.193214994451195788e+247
1.009241569133852006e+247
8.553471958285417611e+246
7.263745804779373423e+246
6.180872114529525531e+246
5.269990377345386728e+246
4.502366631337331858e+246
3.854276690479456151e+246
3.306099662356747962e+246
2.841580980447655586e+246
2.447232296083126082e+246
2.111842038503103976e+246
1.826075602924992297e+246
1.582148239275922838e+246
1.373557001943707685e+246
1.194860753711901084e+246
1.041499328033703045e+246
9.096446492398984026e+245
7.960779737945708169e+245
6.980885140372869365e+245
6.133895917640281014e+245
5.400491846731445435e+245
4.764323076843271829e+245
4.211531402024111217e+245
3.730351909666406957e+245
3.310781013333103335e+245
2.944299394340819799e+245
2.623640426466120474e+245
2.342596330843917677e+245
2.095855674928046522e+245
1.878866947721489541e+245
1.687723859893188050e+245
1.519068769325056673e+245
1.370011250421510461e+245
1.238059333924809453e+245
1.121061362739961335e+245
1.017156754895691725e+245
9.247342502057525937e+244
8.423964533998839829e+244
7.689296821200714851e+244
7.032782904671802082e+244
6.445227735900622111e+244
5.918610708842153603e+244
5.445925787699712281e+244
5.021044618356413819e+244
4.638599161610462918e+244
4.293880929681683946e+244
3.982754362502512257e+244
3.701582261635761895e+244
3.447161519636116162e+244
3.216667651805370543e+244
3.007606863370903223e+244
2.817774575971249364e+244
2.645219498010358851e+244
2.488212459334417235e+244
2.345219345537105404e+244
2.214877564409492205e+244
2.095975559528482614e+244
1.987434955918426945e+244
1.888294982192883275e+244
1.797698864175665204e+244
1.714881928084590831e+244
1.639161188154926581e+244
1.569926224932931400e+244
1.506631187355525171e+244
1.448787774687697454e+244
1.395959074121337953e+244
1.347754146735531643e+244
1.303823269082551017e+244
1.263853750162276609e+244
1.227566254382988397e+244
1.194711570389591767e+244
1.165067773774926588e+244
1.138437738603536093e+244
1.114646958876568873e+244
1.093541646266977942e+244
1.074987075178640104e+244
1.058866150190445926e+244
1.045078174603194693e+244
1.033537801927638133e+244
1.024174155052293008e+244
1.016930100341175450e+244
1.011761666258448256e+244
1.008637598224526173e+244
1.007539043398750665e+244
1.008459360926924466e+244
1.011404054986370047e+244
1.016390829671719214e+244
1.023449766503039063e+244
1.032623627035412024e+244
1.043968284841394099e+244
1.057553292980567305e+244
1.073462595024728107e+244
1.091795389821247700e+244
1.112667162473352969e+244
1.136210896538306759e+244
1.162578485248987563e+244
1.191942362724133269e+244
1.224497379656040024e+244
1.260462951989575661e+244
1.300085515691148651e+244
1.343641325905936516e+244
1.391439644827076761e+244
1.443826369457547323e+244
1.501188158419919963e+244
1.563957126131679242e+244
1.632616183265805672e+244
1.707705114759804137e+244
1.789827500904666266e+244
1.879658603675264217e+244
1.977954359826999434e+244
2.085561644841566940e+244
2.203429998199108832e+244
2.332625031211359580e+244
2.474343774798488627e+244
2.629932266826058562e+244
2.800905728262483317e+244
2.988971735761294317e+244
3.196056866787408849e+244
3.424337374331246656e+244
3.676274543447105399e+244
3.954655494456185784e+244
4.262640330641630085e+244
4.603816685784915680e+244
4.982262913494521839e+244
5.402621381841888909e+244
5.870183599883856327e+244
6.390989215833199764e+244
6.971941299511455216e+244
7.620940766544467571e+244
8.347043332929458916e+244
9.160643023784349410e+244
1.007368702059102739e+245
1.109992754290610423e+245
1.225521755503800017e+245
1.355785840361549652e+245
1.502900907545823387e+245
1.669316867309117144e+245
1.857874600850637187e+245
2.071873299769563998e+245
2.315150190666024824e+245
2.592175057813285512e+245
2.908162471942699737e+245
3.269205234492777660e+245
3.682433278427861726e+245
4.156203158057312976e+245
4.700324347869834308e+245
5.326329898850475302e+245
6.047800626222661549e+245
6.880753993577776476e+245
7.844111301397049733e+245
8.960259788921313444e+245
1.025572995091953985e+246
1.176201291989284362e+246
1.351654837741170386e+246
1.556392039369190973e+246
1.795730717640211032e+246
2.076024134459106892e+246
2.404875054156394537e+246
2.791396460370717871e+246
3.246529591841594141e+246
3.783432505426114997e+246
4.417955551775625598e+246
5.169224121188352590e+246
6.060353991076001768e+246
7.119330843444831855e+246
8.380093354516158845e+246
9.883869111897883031e+246
1.168082502780413118e+247
1.383210957858554728e+247
1.641238399181705329e+247
1.951296455014140645e+247
2.324572993091067361e+247
2.774798780909350741e+247
3.318854620336604332e+247
3.977530031686692181e+247
4.776472887574387423e+247
5.747380032407170123e+247
6.929492530986614944e+247
8.371476627743648451e+247
1.013379387871931299e+248
1.229169268786634182e+248
1.493899051693967778e+248
