9.756979877929748968e-01
9.775243130570112626e-01
9.792489982662038184e-01
9.808591349843119866e-01
9.823468963125907560e-01
9.837087649512838983e-01
9.849448093734487486e-01
9.860580151275302185e-01
9.870536756021153213e-01
9.879388443684667953e-01
9.887218494161508220e-01
9.894118681630387213e-01
9.900185610090173061e-01
9.905517603672349125e-01
9.910212115089241935e-01
9.914363611617749150e-01
9.918061895709566755e-01
9.921390816400820212e-01
9.924427327885331218e-01
9.927240852670682347e-01
9.929892908486720460e-01
9.932436960355645050e-01
9.934918461824046032e-01
9.937375052184481694e-01
9.939836879462413677e-01
9.942327021926191666e-01
9.944861983842021580e-01
9.947452244063434978e-01
9.950102838808931871e-01
9.952813962566884332e-01
9.955581573504598270e-01
9.958397991985729059e-01
9.961252482858289348e-01
9.964131814008315713e-01
9.967020785348048584e-01
9.969902723864274563e-01
9.972759941657548532e-01
9.975574155013893218e-01
9.978326863530714297e-01
9.980999689131409003e-01
9.983574675500965778e-01
9.986034549038637076e-01
9.988362942893612706e-01
9.990544586013372363e-01
9.992565459415386764e-01
9.994412922112460018e-01
9.996075809259374889e-01
9.997544505189384090e-01
9.998810994056557266e-01
9.999868890817305012e-01
1.000071345526252875e+00
1.000134159178885263e+00
1.000175183753135189e+00
1.000194434143365729e+00
1.000192083676053612e+00
1.000168460950185523e+00
1.000124046505908471e+00
1.000059469556549452e+00
9.999755050164635950e-01
9.998730710562911961e-01
9.997532274192424406e-01
9.996171747362700977e-01
9.994662550849756633e-01
9.993019540475069906e-01
9.991259045342236744e-01
9.989398926540175028e-01
9.987458659230558089e-01
9.985459441107504830e-01
9.983424330133028324e-01
9.981378414101697016e-01
9.979349013704266191e-01
9.977365918934293365e-01
9.975461655173835096e-01
9.973671768791041448e-01
9.972035110302590599e-01
9.970594071941831782e-01
9.969394698225539919e-01
9.968486518637955651e-01
9.967921823550665028e-01
9.967753864233037664e-01
9.968032995569126031e-01
9.968798863585545122e-01
9.970064854832113577e-01
9.971786972463143606e-01
9.973800117449134195e-01
9.975682544081155845e-01
9.976451183481902518e-01
9.973823232910936643e-01
9.962235493758736515e-01
9.926752345979256154e-01
9.820545553486086376e-01
9.460952443329302408e-01
8.092015016917979420e-01
6.869312726266313396e-01
7.937497490127427557e-01
7.229697567246887724e-01
3.378382917969800503e-01
3.767622063681024258e-01
6.484669766525757995e-01
7.707729434562239357e-01
8.284004027901518130e-01
8.598267693913492771e-01
8.789150035636349445e-01
8.913995426558813939e-01
8.999913670652205377e-01
9.061143939832488892e-01
9.105803193680765961e-01
9.138827040800845403e-01
9.163376429055261063e-01
9.181563466469576662e-01
9.194850003984263997e-01
9.204278161284052961e-01
9.210609584969631225e-01
9.214412711115402832e-01
9.216119136001861278e-01
9.216060915642879658e-01
9.214495634520136758e-01
9.211623277088847317e-01
9.207597250182265602e-01
9.202530773054831137e-01
9.196498903219706422e-01
9.189535330422968773e-01
9.181621118041489726e-01
9.172658267588048586e-01
9.162409782187446172e-01
9.150353945574961623e-01
9.135276519468435996e-01
9.113833977336006642e-01
9.072932431580261747e-01
8.872764137228689174e-01
9.285169393856700371e-01
9.188107294886755927e-01
9.155035935161293104e-01
9.134940359807544041e-01
9.119472617144744886e-01
9.106167046096796946e-01
9.094046911023127011e-01
9.082653793457048375e-01
9.071747903052763684e-01
9.061194409035930875e-01
9.050913836480537489e-01
9.040858133854282608e-01
9.030998277024349097e-01
9.021317573662720468e-01
9.011808049267618914e-01
9.002468679592336986e-01
8.993304892098786807e-01
8.984329114022069351e-01
8.975562378027288624e-01
8.967037200872135516e-01
8.958802190796218978e-01
8.950929184366235303e-01
8.943524261455469970e-01
8.936744891842183236e-01
8.930826944684547852e-01
8.926127449183457463e-01
8.923190545624477554e-01
8.922834323447784710e-01
8.926161938107052274e-01
8.933661492963478334e-01
8.935474008961534764e-01
8.776941787880476742e-01
7.339864121283361520e-01
8.056292141888141689e-01
8.376123228443612678e-01
8.485811859641810839e-01
8.537057162294493518e-01
8.571866645576278199e-01
8.614732679366122747e-01
8.708294419386696239e-01
9.036634456802712378e-01
6.327173133995654952e-01
7.725022020882781337e-01
7.795600340217921920e-01
7.917571995120753492e-01
7.885042980849306105e-01
7.821966847013268609e-01
7.735247017771599287e-01
7.625925706800579240e-01
7.492415605834301662e-01
7.331304851294269120e-01
7.137490129630453817e-01
6.904020589961069598e-01
6.621804499037453606e-01
6.279327283334932286e-01
5.862688499023540611e-01
5.356686038539155703e-01
4.748556812338920463e-01
4.037366062099915220e-01
3.252506089436790759e-01
2.477984224126480173e-01
1.854707952625798406e-01
1.512457432348018882e-01
1.462704452802162658e-01
1.615903387981758865e-01
1.937063917046019934e-01
2.495541703719986459e-01
3.328949331046535676e-01
4.339232224736886412e-01
5.360096419822095726e-01
