1.512559411466302395e+282
1.236476718854101741e+282
1.012822090668195702e+282
8.312922218129660018e+281
6.836711136577190867e+281
5.633954887154792738e+281
4.652129666541584798e+281
3.849127460123742433e+281
3.191130524718097735e+281
2.650931044556150904e+281
2.206600476326589887e+281
1.840434032851200979e+281
1.538112005453502690e+281
1.288032260060643135e+281
1.080778081037939390e+281
9.086932106272565227e+280
7.655419263950849221e+280
6.462366892053129497e+280
5.466195695151764785e+280
4.632865443730831547e+280
3.934460250216241663e+280
3.348047602902566241e+280
2.854756687459331243e+280
2.439032644078688740e+280
2.088032203078130634e+280
1.791133109240141573e+280
1.539535273587255007e+280
1.325935984503768994e+280
1.144265006711559885e+280
9.894681836736145947e+279
8.573303840006596537e+279
7.443304113103914186e+279
6.475219214145329921e+279
5.644355329106402540e+279
4.929982346380071436e+279
4.314669312344554141e+279
3.783735623603899782e+279
3.324797105239809943e+279
2.927389997422001978e+279
2.582659005705852984e+279
2.283098108857393782e+279
2.022334877566424198e+279
1.794950730826760946e+279
1.596330918402694496e+279
1.422539127279014177e+279
1.270212515313812680e+279
1.136473715091685579e+279
1.018856956290079464e+279
9.152459509076022399e+278
8.238215926911602332e+278
7.430178565547092707e+278
6.714845589373316678e+278
6.080558667907742966e+278
5.517236299433529929e+278
5.016147661457707110e+278
4.569720559551148409e+278
4.171378105366954497e+278
3.815399633209724986e+278
3.496802094383653607e+278
3.211238775420865451e+278
2.954912691902392358e+278
2.724502431030918837e+278
2.517098568135877393e+278
2.330149076567722164e+278
2.161412396769942610e+278
2.008917036852734316e+278
1.870926750279730843e+278
1.745910481944243894e+278
1.632516396466270209e+278
1.529549405765489435e+278
1.435951700115741125e+278
1.350785860366733087e+278
1.273220191316603295e+278
1.202515968795695060e+278
1.138016337754624712e+278
1.079136636486268763e+278
1.025355954351122545e+278
9.762097577701777769e+277
9.312834425879758143e+277
8.902066908382890354e+277
8.526485269351351157e+277
8.183129828682218835e+277
7.869352944218556571e+277
7.582785611309889741e+277
7.321308118262666555e+277
7.083024255356408546e+277
6.866238642501451003e+277
6.669436799676930546e+277
6.491267634284555225e+277
6.330528063711771112e+277
6.186149529100056605e+277
6.057186189483995397e+277
5.942804614034215927e+277
5.842274815506643115e+277
5.754962489891436058e+277
5.680322346889186015e+277
5.617892432968541572e+277
5.567289364330066295e+277
5.528204400801641367e+277
5.500400304411900181e+277
5.483708937799131495e+277
5.478029568475084311e+277
5.483327854907736080e+277
5.499635500174766117e+277
5.527050568279731201e+277
5.565738467555622314e+277
5.615933614964461907e+277
5.677941804746911055e+277
5.752143314972278410e+277
5.838996796164463012e+277
5.939043997732934082e+277
6.052915400369633076e+277
6.181336836483394709e+277
6.325137195866737049e+277
6.485257331182680693e+277
6.662760296978493674e+277
6.858843077978203110e+277
7.074849987367386220e+277
7.312287944241182429e+277
7.572843872223608842e+277
7.858404498729437565e+277
8.171078877923124085e+277
8.513224010346235513e+277
8.887473990285032353e+277
9.296773179143761575e+277
9.744413981183868822e+277
1.023407988873673144e+278
1.076989456981478686e+278
1.135647789424824400e+278
1.199900993862082411e+278
1.270330417845199080e+278
1.347589127334612315e+278
1.432411508177559544e+278
1.525624281331916795e+278
1.628159154482640978e+278
1.741067370181844076e+278
1.865536454793637061e+278
2.002909524626229269e+278
2.154707567092403083e+278
2.322655187475992999e+278
2.508710397955271528e+278
2.715099127522051643e+278
2.944355252533021135e+278
3.199367091445202368e+278
3.483431478470722963e+278
3.800316734711209759e+278
4.154336098561228153e+278
4.550433467487717038e+278
4.994283650655880758e+278
5.492409747627512876e+278
6.052320766876785473e+278
6.682673196349991087e+278
7.393460957658402215e+278
8.196239041409109113e+278
9.104387164654624598e+278
1.013342105111682798e+279
1.130136045648251106e+279
1.262916490314569333e+279
1.414125032015765629e+279
1.586610249210684495e+279
1.783700651053305913e+279
2.009291542455017766e+279
2.267948616412901895e+279
2.565031675981103582e+279
2.906842615185583968e+279
3.300802677598413936e+279
3.755665100860409810e+279
4.281770592407324579e+279
4.891354723956876066e+279
5.598918353434627756e+279
6.421674672769274471e+279
7.380089552520007704e+279
8.498535650712850575e+279
9.806085451318319062e+279
1.133747421990347130e+280
1.313427108985366049e+280
1.524630547349867201e+280
1.773340717157749841e+280
2.066753249030706987e+280
2.413536607364671150e+280
2.824150991155437160e+280
3.311239822533704367e+280
3.890111109240795300e+280
4.579330258038016675e+280
5.401451313411017041e+280
6.383920395876714185e+280
7.560193694198556779e+280
8.971123208748032134e+280
1.066667716685525119e+281
1.270807942795254647e+281
1.517047428370534223e+281
1.814625114480179652e+281
2.174919937659085385e+281
2.611970917351808867e+281
3.143129265494252910e+281
3.789877395316938817e+281
4.578859265338330386e+281
5.543178763630568987e+281
6.724038609732290229e+281
8.172812558371432782e+281
