2.194486598464071030e+29
1.793538634515040746e+29
1.468798268965618110e+29
1.205276781351200881e+29
9.910242523588118969e+28
8.164964260288044671e+28
6.740568040291846211e+28
5.575844236820383343e+28
4.621643638672004452e+28
3.838431161606660714e+28
3.194348994518939435e+28
2.663680503398670513e+28
2.225629920026418480e+28
1.863351269414273131e+28
1.563174337056324877e+28
1.313986664585449413e+28
1.106739301135620956e+28
9.340508727984035882e+27
7.898898884342538906e+27
6.693194027052285525e+27
5.682914603881710608e+27
4.834813462031147282e+27
4.121537144964380125e+27
3.520542919082931485e+27
3.013221265009896080e+27
2.584183709134367391e+27
2.220683916775325933e+27
1.912146360424774848e+27
1.649781963575430643e+27
1.426274174543354668e+27
1.235522160573303778e+27
1.072430399283862360e+27
9.327360153255611109e+26
8.128668705590116375e+26
7.098247493309958628e+26
6.210890525573930562e+26
5.445372778713383195e+26
4.783792594417117302e+26
4.211027036364743941e+26
3.714280116840931451e+26
3.282707490857901170e+26
2.907104205312680823e+26
2.579644519796394305e+26
2.293664791840186146e+26
2.043482029444690421e+26
1.824242027135771569e+26
1.631792075112998599e+26
1.462574108916476815e+26
1.313534886440575226e+26
1.182050369297912061e+26
1.065861970340353821e+26
9.630227280760290911e+25
8.718517973056375953e+25
7.908959163915434475e+25
7.188967354916388662e+25
6.547630753367382613e+25
5.975473395313532800e+25
5.464254306202360419e+25
5.006796258249531994e+25
4.596839562512306514e+25
4.228917065422860889e+25
3.898247129387247348e+25
3.600641887055893779e+25
3.332428483958905804e+25
3.090381381240815338e+25
2.871664088544049883e+25
2.673778948026769189e+25
2.494523800970752153e+25
2.331954545746886275e+25
2.184352745127865240e+25
2.050197566866394291e+25
1.928141447759356646e+25
1.816988961335526622e+25
1.715678445398939484e+25
1.623266010165493579e+25
1.538911602496251284e+25
1.461866848214498624e+25
1.391464434111248693e+25
1.327108824922175708e+25
1.268268139323766470e+25
1.214467033542461769e+25
1.165280462170808834e+25
1.120328203741118875e+25
1.079270054026509905e+25
1.041801603253305117e+25
1.007650524767192157e+25
9.765733125168269648e+24
9.483524131009715700e+24
9.227937054667030974e+24
8.997242876096689899e+24
8.789905351188940581e+24
8.604564011689585347e+24
8.440019316470512653e+24
8.295219728340018176e+24
8.169250520933902345e+24
8.061324149555367890e+24
7.970772043763427616e+24
7.897037702044973686e+24
7.839670988660923339e+24
7.798323550810715554e+24
7.772745290739262448e+24
7.762781842731879872e+24
7.768373019364887965e+24
7.789552205092023219e+24
7.826446688569410978e+24
7.879278938425745809e+24
7.948368840341047875e+24
8.034136926918596660e+24
8.137108646127487133e+24
8.257919728922176671e+24
8.397322732857402283e+24
8.556194856022643655e+24
8.735547134958346254e+24
8.936535161467817706e+24
9.160471477327208663e+24
9.408839832827927594e+24
9.683311525594722453e+24
9.985764071010842643e+24
1.031830249520322536e+25
1.068328358718858508e+25
1.108334349902371871e+25
1.152142914342390018e+25
1.200083390748582731e+25
1.252523828261732324e+25
1.309875610299099980e+25
1.372598719509346691e+25
1.441207736524296470e+25
1.516278680039302954e+25
1.598456812776974923e+25
1.688465557973471525e+25
1.787116694346285297e+25
1.895322024906593549e+25
2.014106747017307205e+25
2.144624788782282344e+25
2.288176421038811600e+25
2.446228506243844262e+25
2.620437806798087156e+25
2.812677847624829948e+25
3.025069913059831899e+25
3.260018858975544205e+25
3.520254540351857681e+25
3.808879795966650667e+25
4.129426099616783211e+25
4.485918186646957548e+25
4.882949201691256840e+25
5.325768195903547482e+25
5.820382138771454971e+25
6.373675011737275000e+25
6.993547031652785487e+25
7.689077627677438768e+25
8.470716485203627408e+25
9.350507798544495433e+25
1.034235386923710086e+26
1.146232538494159445e+26
1.272902715671360379e+26
1.416402983435635776e+26
1.579238022326182814e+26
1.764320537313457254e+26
1.975042869019167430e+26
2.215362007019894141e+26
2.489900659072803488e+26
2.804067583220181589e+26
3.164201063141535305e+26
3.577740228679212145e+26
4.053429926872215003e+26
4.601566076416888894e+26
5.234289941959545841e+26
5.965941609011200704e+26
6.813485205747680201e+26
7.797021205062452188e+26
8.940404573053973568e+26
1.027199176597460600e+27
1.182554480955278401e+27
1.364132716882425852e+27
1.576743413721080868e+27
1.826141042693369988e+27
2.119222001009181771e+27
2.464264865244611634e+27
2.871223876435637956e+27
3.352088013901237142e+27
3.921321007963575549e+27
4.596401389201237989e+27
5.398486370447250624e+27
6.353229257984578081e+27
7.491787509004218906e+27
8.852067898999671859e+27
1.048026705392898782e+28
1.243278049958618602e+28
1.477857223219654163e+28
1.760212070644781234e+28
2.100708746475942899e+28
2.512089318747227346e+28
3.010043503777662118e+28
3.613924178371975751e+28
4.347644314929885601e+28
5.240803214857179917e+28
6.330103023484752138e+28
7.661133329697634066e+28
9.290623272090003881e+28
1.128928840009779607e+29
