5.971349160155774438e-01
5.966122839304477399e-01
5.963308850871590350e-01
5.963606116681329228e-01
5.967818799675264074e-01
5.977237984305771024e-01
5.994756202903127607e-01
6.028055161369422210e-01
6.173218528076168665e-01
5.627667352093151942e-01
5.895671357898767395e-01
5.951403972310866930e-01
5.985419244837578701e-01
6.013758716079820044e-01
6.040414651940568813e-01
6.066803319378767378e-01
6.093526852384318904e-01
6.120872216291187717e-01
6.148990281141729630e-01
6.177970569382130739e-01
6.207875653941721250e-01
6.238757907337966202e-01
6.270667855008642544e-01
6.303658508270010286e-01
6.337788625452374092e-01
6.373130355015502735e-01
6.409815382800297945e-01
6.411741303247311397e-01
6.485942669437543273e-01
6.526752837405821461e-01
6.568832428258154499e-01
6.612363302941915988e-01
6.657432297618822714e-01
6.704117300190477469e-01
6.750215216818138408e-01
6.800570068928127876e-01
6.851630446304741717e-01
6.904000394024688569e-01
6.957677077011731326e-01
7.012588423912449187e-01
7.068629940686279589e-01
7.125670850387266775e-01
7.183555050753502869e-01
7.242100718491596423e-01
7.301099410824075653e-01
7.360314870685771282e-01
7.419481545684105672e-01
7.478302738840488795e-01
7.536448233515627981e-01
7.593551139534930883e-01
7.649203559251293028e-01
7.702950416328576688e-01
7.754280312202458392e-01
7.802611311093174962e-01
7.847267434170898115e-01
7.887436491344944622e-01
7.922085761683040905e-01
7.949766994183679047e-01
7.968065593191605567e-01
7.971504794331099042e-01
7.937826988190848088e-01
6.875913764877319423e-01
8.119641045275972635e-01
8.040923173359980636e-01
7.981983981611375789e-01
7.912048312568341624e-01
7.821867505841443302e-01
7.704673318867004683e-01
7.553336218832958915e-01
7.359394340381630872e-01
7.112479405681843003e-01
6.799940149926313460e-01
6.406803177085486078e-01
5.916491420778930976e-01
5.313088907338883171e-01
4.586300266741085707e-01
3.739546144298309671e-01
2.814957715143810435e-01
1.868802989615397370e-01
1.017130177060666246e-01
3.814581915107178450e-02
4.818162049753243158e-03
3.105394226322352388e-03
2.858742650687716783e-02
7.144248406364925308e-02
1.216920740806951284e-01
1.738962746913186863e-01
2.236027743234414999e-01
2.686891206641005003e-01
3.083989007115968684e-01
3.427468681123394534e-01
3.721296853244237535e-01
3.970967430343034232e-01
4.182267515790264456e-01
4.360674483107258581e-01
4.511103775900563440e-01
4.637835547779637912e-01
4.743629142579265379e-01
4.834387648868710419e-01
4.909995906523191844e-01
4.973591805271945221e-01
5.027072648108837916e-01
5.072038618201329951e-01
5.109844820223279349e-01
5.141641128757702406e-01
5.168404927905245749e-01
5.190968107471241044e-01
5.210039298438045030e-01
5.226222159303699488e-01
5.240030382749684135e-01
5.251899965097576173e-01
5.262199168992590659e-01
5.271236512010537556e-01
5.279267028556138275e-01
5.286496977372030504e-01
5.293087100832246650e-01
5.299154486193070612e-01
5.304773040674525264e-01
5.309972594435041771e-01
5.314736748122418364e-01
5.318999937868952310e-01
5.322645196077183671e-01
5.325506801287649417e-01
5.327389440240847263e-01
5.328136904294050735e-01
5.327851124951447082e-01
5.327622492591633785e-01
5.333045534878795291e-01
5.340890308129072617e-01
5.438626914593517325e-01
5.918869934826507251e-01
7.434707351279005172e-01
5.733178176983225738e-01
9.389848861678737890e-01
7.720275217756136232e-01
7.064767167730916508e-01
6.770107110903962333e-01
6.621685735696133390e-01
6.544969750133879938e-01
6.508687742253623787e-01
6.497722109605685858e-01
6.503955791669194797e-01
6.522655261518025549e-01
6.550843259454168788e-01
6.586447228541968402e-01
6.627633444631074733e-01
6.671108469469986257e-01
6.682969064478005983e-01
6.813323788321714591e-01
6.866959617375782976e-01
6.930666121457205175e-01
6.999402667297137670e-01
7.071971326597603635e-01
7.147802803708470654e-01
7.226489177034792766e-01
7.307664542339389335e-01
7.390960548997077550e-01
7.475983918362711922e-01
7.562301622708978988e-01
7.649428739929328147e-01
7.736816744090907472e-01
7.823840885704341774e-01
7.909785707518751652e-01
7.993828530037283553e-01
8.075024438276008354e-01
8.152315942874035493e-01
8.224726484340006971e-01
8.293855377357581826e-01
8.315944417935540178e-01
8.371555459631601082e-01
8.394066404164914896e-01
8.386098463925482083e-01
8.306351675787785327e-01
8.254788389859795128e-01
8.035491047506837514e-01
7.392389747262871902e-01
6.231264929869952951e-01
2.804911281286323610e-01
2.650453997241695725e-01
8.181537399513196807e-01
9.366055105762134403e-01
9.601152661953810119e-01
9.626098476659579184e-01
9.578024812204466443e-01
9.481860950331831850e-01
9.326387358707792785e-01
9.068434232208801848e-01
8.601099529573547064e-01
7.646041863730763666e-01
5.404039062985407371e-01
5.922685358013698997e-02
2.173867029585259958e-01
8.132073268591907822e-02
3.649402841758747074e-01
5.534915825102368903e-01
6.590888158418501952e-01
7.215511642710683571e-01
7.616411196658096072e-01
7.895132675277819478e-01
8.103882766068422061e-01
