2.127320734963068782e-01
2.543343689114137551e-01
2.895325986387845552e-01
3.190423958841308028e-01
3.437262334465674973e-01
3.644192615553931702e-01
3.818651678193446530e-01
3.967004990144954446e-01
4.094591479943477386e-01
4.205843747495161544e-01
4.304430824669048250e-01
4.393407386808430570e-01
4.475379051564535859e-01
4.552736519664815629e-01
4.628166441529413255e-01
4.706540605273189515e-01
4.809569018203127544e-01
4.428196436088951971e-01
4.814005712196169906e-01
4.902020679289965654e-01
4.957752187688949097e-01
5.038096306854119577e-01
5.105342222892813586e-01
5.171893849172370938e-01
5.238562496927920975e-01
5.305684973261107773e-01
5.373445948110899817e-01
5.441959761017701735e-01
5.511303560597070605e-01
5.581533871850612449e-01
5.652695833761369748e-01
5.724828599039895050e-01
5.797968463590251753e-01
5.872150526291461947e-01
5.947409333905685491e-01
6.023778794232981237e-01
6.101291548225983297e-01
6.179977938425621486e-01
6.259864678389155390e-01
6.340973306716147784e-01
6.423318495192907873e-01
6.506906270896077871e-01
6.591732205353711960e-01
6.677779619118177079e-01
6.765017846747251040e-01
6.853400604758069781e-01
6.942864503228410866e-01
7.033327740063587408e-01
7.124689015204905829e-01
7.216826699957245017e-01
7.309598293857961782e-01
7.402840197870252936e-01
7.496367827872438827e-01
7.589976086258031218e-01
7.683440201733661157e-01
7.776516937965701759e-01
7.868946160421134151e-01
7.960452737403443946e-01
8.050748735591346517e-01
8.139535851687780266e-01
8.226507998613666883e-01
8.311353933627112500e-01
8.393759768851557501e-01
8.473411122549707741e-01
8.549994501679124559e-01
8.623197110265671261e-01
8.692703200985704148e-01
8.758181651317856753e-01
8.819245964918399627e-01
8.875295914970522393e-01
8.924475105573230760e-01
8.887172984938882525e-01
9.029451624665776333e-01
9.062292771775382061e-01
9.092322575330613610e-01
9.117151727075065715e-01
9.136214985026200885e-01
9.149503603393724926e-01
9.158435512560229030e-01
8.777872836643657584e-01
9.114817129467840395e-01
9.100959623262663278e-01
9.070688786857483699e-01
9.026908997567102411e-01
8.968681458762399750e-01
8.894111734596976682e-01
8.800679758404653663e-01
8.685269764258861658e-01
8.544161322985348583e-01
8.373136996181937963e-01
8.169449036885743087e-01
7.911738181311194218e-01
7.618956887652864607e-01
7.270531028417438479e-01
6.863042729648348717e-01
6.393374719305017218e-01
5.862258674335382169e-01
5.279351951136814769e-01
4.699668642081896164e-01
3.666911662336901356e-01
3.126708440321673277e-01
2.463281008207329204e-01
1.830286909210822321e-01
1.274274469055826642e-01
8.008041219980253922e-02
4.398086943725119935e-02
1.908214114821091614e-02
4.844709852656433301e-03
1.178711967014485561e-04
3.418193099472495271e-03
1.318033750304985728e-02
2.793828666667262650e-02
4.643301608838500127e-02
6.766180091169216038e-02
9.089083628793345748e-02
1.156524022759315984e-01
1.417459286498977677e-01
1.692638213918872259e-01
1.986741312167029372e-01
2.310281874188467865e-01
2.684707696094030815e-01
3.155988334912814275e-01
3.837003403507994181e-01
5.074021671305355419e-01
8.048567493948409757e-01
2.014634037976724690e-01
5.296362312801355249e-02
1.471423450452414017e-01
1.566390800851936715e-01
1.951333917085235070e-01
2.271204756793497870e-01
2.527777556501070721e-01
2.744112799511065348e-01
2.933453438645652889e-01
3.103908369332326056e-01
3.261888883369529202e-01
3.421385422988102443e-01
3.385180667220748507e-01
3.527718230654115494e-01
3.446943623985779248e-01
3.816097395298130301e-01
3.939262488437900167e-01
4.039199948749303548e-01
4.128931146296397348e-01
4.210506102123593997e-01
4.284222853325936331e-01
4.349733284910782816e-01
4.406214711045158827e-01
4.452257247288058384e-01
4.485433557233888258e-01
4.501013541149478381e-01
4.487189888988044051e-01
4.396747366173249794e-01
3.615974372306914875e-01
4.895655072612228875e-01
4.695947654355545064e-01
4.581983569155643199e-01
4.464552359860279873e-01
4.321799353261304155e-01
4.140478839230248842e-01
3.906523862964261795e-01
3.595695566555545675e-01
3.087715516591357234e-01
3.301233856306485248e-01
2.551812907577759026e-01
1.938318786686310802e-01
1.309455872457416514e-01
7.197561320712166089e-02
2.858656520478982180e-02
1.555414883558057203e-02
4.404530171447704201e-02
1.139585322578929860e-01
2.125257941961803398e-01
3.212133586128071427e-01
4.243839842058091394e-01
5.133485693825439178e-01
5.855829035677057037e-01
6.421332271897405297e-01
6.854255651631617763e-01
7.180421168739277160e-01
7.422231089964573814e-01
7.597492936184888634e-01
7.719799119848953506e-01
7.799354617715511528e-01
7.843806029630783216e-01
7.858931911525405267e-01
7.849176340278083419e-01
7.818047734354293121e-01
7.768412705837595134e-01
7.702711563542218309e-01
7.623116443047611712e-01
7.531647906282176175e-01
7.430262234840828706e-01
7.320920211148828072e-01
7.205650834764985024e-01
7.086637828733508560e-01
6.966420404442559278e-01
6.848666129581753026e-01
6.742760447497222476e-01
6.547787448190210968e-01
