9.477383380581975159e-01
9.460753538418494868e-01
9.458303485968286850e-01
9.467804216503588055e-01
9.487127690103087652e-01
9.514277510005300087e-01
9.547411047510553361e-01
9.584854131335839300e-01
9.625109369806411630e-01
9.666859110340327854e-01
9.708963965870877066e-01
9.750457756522621366e-01
9.790539630526116088e-01
9.828564043720092736e-01
9.864029194148564716e-01
9.896564428772314237e-01
9.925917064281865043e-01
9.951938994198882282e-01
9.974573390371382908e-01
9.993841748791875146e-01
1.000983147751864699e+00
1.002268417819462298e+00
1.003258473207076173e+00
1.003975126625029413e+00
1.004442604572273412e+00
1.004686731126296806e+00
1.004734206203016234e+00
1.004611976426505349e+00
1.004346695345266660e+00
1.003964268622440592e+00
1.003489478971859583e+00
1.002945684965168116e+00
1.002354587354590931e+00
1.001736056190191348e+00
1.001108011711829171e+00
1.000486351693684606e+00
9.998849175360087216e-01
9.993154908141100856e-01
9.987878110458340286e-01
9.983096038632280900e-01
9.978866061660823794e-01
9.975225705209105342e-01
9.972192239244056511e-01
9.969761441316314921e-01
9.967904966298809510e-01
9.966565408069849585e-01
9.965647533341744913e-01
9.965003079958008048e-01
9.964404498471386429e-01
9.963499160757279816e-01
9.961727885361093549e-01
9.958175652164140690e-01
9.951287342463073227e-01
9.938299715432589165e-01
9.914036650639156401e-01
9.868159043291664378e-01
9.778289396951203027e-01
9.590777610468796954e-01
9.159183126136312136e-01
8.022064643875852497e-01
4.766159018158727112e-01
2.453950607924494653e-02
3.013798139795773601e-01
5.910204524261140069e-01
7.376278457859134496e-01
8.132767752152024743e-01
8.548714791022147264e-01
8.798800616015673981e-01
8.960020950313537513e-01
9.069167711637222684e-01
9.145513634879753884e-01
9.199964994371275795e-01
9.239093457372229423e-01
9.267067874293336560e-01
9.286648473149941019e-01
9.299730036483706552e-01
9.307653871820823488e-01
9.311394619477670886e-01
9.311675995536208283e-01
9.309044383220278496e-01
9.303916287731759382e-01
9.296608675895674523e-01
9.287357114500718325e-01
9.276323800125493291e-01
9.263594915435343635e-01
9.249162864396951456e-01
9.232880827986421624e-01
9.214355895097200433e-01
9.192680992079198532e-01
9.165653638237951650e-01
9.126838440787161666e-01
9.047754020476330705e-01
8.333859974636617096e-01
9.346699068788796305e-01
9.225179282788221746e-01
9.177024697103237649e-01
9.144982495947626688e-01
9.119009559113461227e-01
9.095973912248104254e-01
9.074625443467343455e-01
9.054474976163996436e-01
9.035763206773451683e-01
9.001543044960742534e-01
8.992202444804988648e-01
8.974184800480737856e-01
8.955680174982590946e-01
8.937092381716406075e-01
8.918480571083514663e-01
8.899839643407168044e-01
8.881145066412567957e-01
8.862363894041842549e-01
8.843458054021211545e-01
8.824385380334657247e-01
8.805099886029414957e-01
8.785551754568382554e-01
8.765687216666760984e-01
8.745448371607965621e-01
8.724772970961701679e-01
8.703594165691516116e-01
8.681840209950508758e-01
8.659434110798795992e-01
8.636293210311072333e-01
8.612328684104099130e-01
8.587444937705732695e-01
8.561538879139614089e-01
8.534499042424755766e-01
8.506204532192856993e-01
8.476523754123211907e-01
8.445312889143076207e-01
8.412414061050541569e-01
8.377653137025192764e-01
8.340837087957800877e-01
8.301750820098409145e-01
8.260153370513911852e-01
8.215773335494345186e-01
8.168303372402763163e-01
8.117393580586699242e-01
8.062643524995651845e-01
8.003592616632693169e-01
7.939708507779931201e-01
7.870373100758744078e-01
7.794865717042654962e-01
7.712342953254521793e-01
7.621814817965461009e-01
7.522117026481164315e-01
7.411880130341317319e-01
7.289498211209936018e-01
7.153105111679635142e-01
7.000580190917339296e-01
6.829646588253202033e-01
6.638262909478835905e-01
6.426080234322667506e-01
6.200952480407232459e-01
6.016160550613580682e-01
4.966519930419580064e-01
4.866037296124834377e-01
4.449383004536782149e-01
3.922405407224376361e-01
3.306358872835779561e-01
2.613798742207430470e-01
1.872165954904952412e-01
1.138939737286636111e-01
5.129770912087059515e-02
1.307422681200825013e-02
1.324240405492982733e-02
6.032496881174536502e-02
1.540925631250857075e-01
2.968988464680977213e-01
2.009083628950416034e-01
3.840302786622373232e-01
5.175419557430713802e-01
6.136127860106420639e-01
6.882210582660803766e-01
7.467425426282893186e-01
7.927086429470010520e-01
8.288660849834619260e-01
8.574013780568950915e-01
8.699053544548536188e-01
8.957712614152228969e-01
9.101313794996618300e-01
9.210159241905629957e-01
9.293359354224551838e-01
9.355899671501716197e-01
9.401415686617874412e-01
9.432738635988162645e-01
9.452154972422972534e-01
9.461528867109852969e-01
9.462142076146330405e-01
9.456738394965980010e-01
9.445542644802799037e-01
9.430228460218142983e-01
9.412173683553296533e-01
9.392772705275398426e-01
9.373469406655429159e-01
9.355771941561222826e-01
9.341258128115059733e-01
9.331572519398453336e-01
9.328415097549909163e-01
9.333521099859221071e-01
9.348630989577563222e-01
