7.419864255483635818e-01
8.766062976319954902e-01
8.950051148288225011e-01
9.190120834608216382e-01
9.418888630937471973e-01
9.625818526574578815e-01
9.807250150153352664e-01
9.961781538535385838e-01
1.009064906052014488e+00
1.016526193910689990e+00
1.024986111162816682e+00
1.029502619773254857e+00
1.031211395574424206e+00
1.029886616728541870e+00
1.024504846424889593e+00
1.011790560053012156e+00
9.806846694735458225e-01
8.869953929814370364e-01
5.350751149082264568e-01
4.569349040664129509e-03
4.011841598290865063e-01
6.468653849520638044e-01
7.452918135952503187e-01
7.609353056482942579e-01
7.964672391048692734e-01
8.053098786830100719e-01
8.071472877101967258e-01
8.052038677180802795e-01
8.010113993729135462e-01
7.954273192442242735e-01
7.889678894159629641e-01
7.819530596748954787e-01
7.745678693894922917e-01
7.668251982392152444e-01
7.570731436392824643e-01
7.539207484637637791e-01
7.442990920798004950e-01
7.374375308786342842e-01
7.303082127908985255e-01
7.231201890189623560e-01
7.159992981965005443e-01
7.088793013874329363e-01
7.023345112523348144e-01
6.955106878598488196e-01
6.888791764947543861e-01
6.823977464811772364e-01
6.760667542103997452e-01
6.698890576332428015e-01
6.638494876042440040e-01
6.578098102217437848e-01
6.503094174139282257e-01
4.251013689062787537e-01
6.317482095854853874e-01
6.339372901553598227e-01
6.315077512566444895e-01
6.298909948354673993e-01
6.344183638299556449e-01
4.671923056803406471e-01
5.952692590941506268e-01
5.977435360631622174e-01
5.964491982013561122e-01
5.943069786314465475e-01
5.919938542310463347e-01
5.897538211177626444e-01
5.876997519720202900e-01
5.858923092138346167e-01
5.843655749533821497e-01
5.831335110410832412e-01
5.821791793482588018e-01
5.813790366648373675e-01
5.795652396724053634e-01
5.855250693503255555e-01
5.844142578129120080e-01
5.852156281615693567e-01
5.866812935669947215e-01
5.886768617077728916e-01
5.911826940846801604e-01
5.942152917547056656e-01
5.978236879424169148e-01
6.021193055861738808e-01
6.073597832222680237e-01
6.132803611121593335e-01
6.099044199712595482e-01
6.161453931629516934e-01
6.209212316877444904e-01
6.316936659906258189e-01
6.395336148246580921e-01
6.482232971930769194e-01
6.579567484525520316e-01
6.691852047471474885e-01
6.828009128956736840e-01
7.008355896216855729e-01
7.291198956315304569e-01
7.944406130627323925e-01
5.777425689063607761e-01
4.488497866901546840e-01
5.963429123285367561e-01
6.346828999328071319e-01
6.562517502441590489e-01
6.695264176706050563e-01
6.780187201880777392e-01
6.828707697629056161e-01
6.834611374376279302e-01
6.785761823262773662e-01
6.654470283836658728e-01
6.382492901210065073e-01
5.830299178768092450e-01
4.605150683468174355e-01
4.141167185051111144e-01
7.645915507171083259e-02
2.537444792091291812e-01
7.638741628096725744e-01
9.162467509938638788e-01
9.514049504386159484e-01
9.503128335348538513e-01
9.032382131746635734e-01
4.379599737447879559e-01
9.471883519821813202e-01
1.001202066312362193e+00
1.004321022940052766e+00
1.003202722527116952e+00
1.000813396839783209e+00
9.935899013212345920e-01
1.000360404028546979e+00
9.955260859155009578e-01
9.914052146313802050e-01
9.869619603935277929e-01
9.820242717195242221e-01
9.752942363861358821e-01
9.701045917945572139e-01
9.547188468074577772e-01
9.621673935602402805e-01
9.544491835849675532e-01
9.478364651191745205e-01
9.419255206932589664e-01
9.373727749536673315e-01
9.364404249950567527e-01
9.521804063837113752e-01
7.377953699582581182e-01
8.706283326061851069e-01
8.793027797076203855e-01
8.835276496655117828e-01
8.973265622058141933e-01
7.059013593606400239e-01
8.512640856628043151e-01
8.741186258520061703e-01
9.034999245422987713e-01
9.639901554094754133e-01
1.068026073482408078e+00
2.510375348801642884e-02
4.205483922035622713e-01
5.285472930766258459e-01
5.840431574439647333e-01
6.036547441876620734e-01
6.130502786270997095e-01
6.156407191145899516e-01
6.067420819101106977e-01
6.026954872260883445e-01
6.005004926911527985e-01
5.968774924143170901e-01
5.922315705305966071e-01
5.869418764133748079e-01
5.812478308175560437e-01
5.753084853846295310e-01
5.692594706366127522e-01
5.578468707814678851e-01
5.577044152998461568e-01
5.515869880893324861e-01
5.458123645363809340e-01
5.403036246111209140e-01
5.354562705506863418e-01
5.304781878256258354e-01
5.260350442010819361e-01
5.220622987992100672e-01
5.186777689755754928e-01
5.156692456723082074e-01
5.131158194947184059e-01
5.101337543125759044e-01
5.112690506109117683e-01
5.088496984478230178e-01
4.976654753178361146e-01
5.396818934057142636e-01
5.279703510155291379e-01
5.288826305863369992e-01
5.318191218808573373e-01
5.340262176139064509e-01
5.245587989526576678e-01
4.509348743527389347e-01
4.445951476761771937e-01
5.255024386462507913e-01
5.440154948415175662e-01
5.520476237960584287e-01
5.529646053878821688e-01
5.280967475414509726e-01
1.144702643822080035e-01
1.713869549886964105e-01
2.473366696732886005e-01
8.519407754292042112e-01
8.115379966191361705e-01
7.807008249400815281e-01
