6.016158159299337864e+08
4.920405070031144023e+08
4.032331515957036614e+08
3.311196528437147737e+08
2.724498991288804412e+08
2.246264752147590220e+08
1.855698804341042340e+08
1.536122934207357466e+08
1.274136954541052282e+08
1.058955347032240629e+08
8.818817445252865553e+07
7.358919092153027654e+07
6.153022505083090812e+07
5.155058945246528089e+07
4.327621875840981305e+07
3.640285357339430600e+07
3.068258422492005676e+07
2.591306519781559333e+07
2.192885593531524390e+07
1.859445736488026753e+07
1.579870290661327355e+07
1.345023313005473278e+07
1.147383876722555794e+07
9.807500672121882439e+06
8.399990039991956204e+06
7.208919719104796648e+06
6.199159290763476864e+06
5.341543957520230673e+06
4.611821104759679176e+06
3.989789424615454860e+06
3.458594294830792584e+06
3.004150146228042431e+06
2.614666192421006970e+06
2.280256419627507683e+06
1.992618369229557924e+06
1.744768170143004041e+06
1.530821634411045350e+06
1.345813130922205281e+06
1.185545488743405789e+06
1.046465425048354431e+06
9.255600004650237970e+05
8.202704227909010369e+05
7.284201845863371855e+05
6.481550615615521092e+05
5.778929395731149707e+05
5.162817981680580415e+05
4.621644728412723634e+05
4.145490590732173296e+05
3.725840186517426046e+05
3.355372108317970997e+05
3.027782041156705236e+05
2.737633340341918520e+05
2.480230627152582456e+05
2.251512705711448798e+05
2.047961720846919634e+05
1.866525986859849363e+05
1.704554339757927810e+05
1.559740216396411706e+05
1.430073955533891858e+05
1.313802058603081095e+05
1.209392350562184292e+05
1.115504150761141063e+05
1.030962706318747369e+05
9.547372604433650849e+04
8.859222235827834811e+04
8.237209379250202619e+04
7.674310310245704022e+04
7.164246774946483492e+04
6.700732262109349540e+04
6.279205559360647021e+04
5.897736866101089981e+04
5.550683117242191656e+04
5.234557154653113685e+04
4.946430767870949785e+04
4.683671335049199115e+04
4.443924008576218330e+04
4.225093891223238461e+04
4.025323475110329309e+04
3.842877674688057596e+04
3.675153166315575072e+04
3.520350343280700326e+04
3.380646315252940985e+04
3.253460161130988854e+04
3.137333674846395661e+04
3.031379166585510393e+04
2.934835349554428467e+04
2.847018668712651925e+04
2.767315061869492274e+04
2.695175023802207943e+04
2.630108822390312343e+04
2.571681872621381262e+04
2.519510432762299024e+04
2.473257702715030609e+04
2.432630344874443836e+04
2.397375418635643655e+04
2.367277707586544784e+04
2.342157414888654239e+04
2.321868202899758762e+04
2.306295555568982672e+04
2.295355445509621859e+04
2.288993291265370863e+04
2.287183194146248206e+04
2.289927447735597525e+04
2.297256317015349850e+04
2.309228087737115129e+04
2.325929390587828311e+04
2.347475808484885783e+04
2.374012779464720006e+04
2.405716811774238522e+04
2.442797032379080702e+04
2.485497094947788355e+04
2.534097478707068149e+04
2.588918215446989780e+04
2.650322088578327021e+04
2.718718355289257670e+04
2.794567051513316983e+04
2.878383948368931669e+04
2.970746239835319648e+04
3.072299053458846174e+04
3.183762890042350773e+04
3.305942114413606760e+04
3.439734638018675469e+04
3.586142955687947688e+04
3.746286723824790533e+04
3.921417096309798944e+04
4.112933068048252608e+04
4.322400115302215272e+04
4.551571467755532649e+04
4.802412400812168926e+04
5.077127999399430701e+04
5.378194918929978303e+04
5.708397757458627166e+04
6.070870760931896075e+04
6.469145721279091231e+04
6.907207124654851214e+04
7.389555973570095375e+04
7.921284770231875882e+04
8.508171728193208401e+04
9.156870862530411978e+04
9.873625051418766088e+04
1.066880678120261291e+05
1.155095218163382233e+05
1.253098721784949012e+05
1.362138825988171156e+05
1.483636880631077220e+05
1.619217576401914121e+05
1.770741177103283117e+05
1.940340775413860392e+05
2.130465760690726165e+05
2.343932687441434246e+05
2.583984913044213608e+05
2.854362624071972677e+05
3.159385180920499843e+05
3.504048086946470430e+05
3.894137343133995892e+05
4.336364498819992295e+05
4.838526373870547395e+05
5.409694232190815965e+05
6.060438162706883159e+05
6.803093608988149790e+05
7.652078430418480420e+05
8.624270634956846479e+05
9.739459069115435705e+05
1.102088197811492952e+06
1.249587157689371845e+06
1.419662675521502038e+06
1.616114097855604952e+06
1.843431858056452358e+06
2.106932010153915733e+06
2.412918519983333535e+06
2.768878365340326913e+06
3.183711802293001674e+06
3.667995178442139644e+06
4.234313802703202702e+06
4.897803198813473806e+06
5.676713754994623363e+06
6.592574213371692225e+06
7.671680669196723960e+06
8.945165735014272854e+06
1.045095975965897366e+07
1.223470568371053413e+07
1.435210354713273607e+07
1.686905841760391742e+07
1.986724266475287825e+07
2.344508025054983795e+07
2.772254360734592006e+07
3.284597586699726060e+07
3.899415720407369733e+07
4.638585393574284017e+07
5.528921811652310938e+07
6.603350311639623344e+07
7.902368458082266152e+07
9.475872509421929717e+07
1.138542722913319468e+08
1.370737184266939759e+08
1.653573183346266747e+08
1.998770595448939204e+08
2.420875020193288922e+08
2.937999457766541243e+08
3.572736901912189126e+08
