5.806976841973534720e+17
4.745759978735283840e+17
3.886289684035148160e+17
3.188878002483509760e+17
2.621884800553835840e+17
2.160040691088397440e+17
1.783128226966250240e+17
1.474943068589581120e+17
1.222474301123569440e+17
1.015256574626809440e+17
8.448571832415595200e+16
7.044692922773768000e+16
5.885888027366398400e+16
4.927572252352129600e+16
4.133567363757251200e+16
3.474465546644259600e+16
2.926320879906737600e+16
2.469601154651651200e+16
2.088346851127206800e+16
1.769495221477474800e+16
1.502336174753415200e+16
1.278073546921291000e+16
1.089470774271729400e+16
9.305642537617746000e+15
7.964311105627523000e+15
6.830007189779638000e+15
5.869015028127369000e+15
5.053362082721452000e+15
4.359801970752692000e+15
3.768983798404486500e+15
3.264772665400337000e+15
2.833692956627901000e+15
2.464471519796451500e+15
2.147662223552340500e+15
1.875336920138041750e+15
1.640830674626527500e+15
1.438531408551408500e+15
1.263705949057172750e+15
1.112355963544520500e+15
9.810984641531363750e+14
8.670665417762076250e+14
7.678267807831912500e+14
6.813104483387898750e+14
6.057560752187705000e+14
5.396614709217058125e+14
4.817435640846521250e+14
4.309047430058780625e+14
3.862045996303210625e+14
3.468361798464954375e+14
3.121059892157475000e+14
2.814171366980140000e+14
2.542551036347159688e+14
2.301757118651895312e+14
2.087949366954483750e+14
1.897802696234575312e+14
1.728433850170089688e+14
1.577339035213242500e+14
1.442340855166388750e+14
1.321543022352956250e+14
1.213291723252272188e+14
1.116142575887030000e+14
1.028832343796462188e+14
9.502546876567279688e+13
8.794393506495748438e+13
8.155342682792523438e+13
7.577901717048267188e+13
7.055473166307731250e+13
6.582240270559807031e+13
6.153067995015286719e+13
5.763417469169309375e+13
5.409271863273517969e+13
5.087072093078353125e+13
4.793660953407835156e+13
4.526234592630538281e+13
4.282300260453440625e+13
4.059639476402296875e+13
3.856275915265078906e+13
3.670447354911711719e+13
3.500581151901617969e+13
3.345272779569229688e+13
3.203267028365305859e+13
3.073441523504876172e+13
2.954792257208726562e+13
2.846420951741569531e+13
2.747523735143433203e+13
2.657381563288942969e+13
2.575351449060462500e+13
2.500858934373866406e+13
2.433391429274646094e+13
2.372492365307073047e+13
2.317756067115435938e+13
2.268823261785262109e+13
2.225377156429968359e+13
2.187140024197832812e+13
2.153870247221687891e+13
2.125359772470165625e+13
2.101431943001823828e+13
2.081939672984070703e+13
2.066763940527218750e+13
2.055812569384523047e+13
2.049019314997212891e+13
2.046343167665241406e+13
2.047767960659866406e+13
2.053302200117578125e+13
2.062979150403750000e+13
2.076857167650921094e+13
2.095020286624207031e+13
2.117579069296377344e+13
2.144671727054667188e+13
2.176465531991394141e+13
2.213158531966503516e+13
2.254981674624128906e+13
2.302201045563061328e+13
2.355120912123332031e+13
2.414086857865974609e+13
2.479489573489887109e+13
2.551769146269889453e+13
2.631419979649570312e+13
2.718996401635491797e+13
2.815119053462991016e+13
2.920482157557629688e+13
3.035861782648663672e+13
3.162125249331464062e+13
3.300241831634796094e+13
3.451294933189246484e+13
3.616495928913853125e+13
3.797199997787279688e+13
3.994924118974175781e+13
4.211367606384113281e+13
4.448435598296221875e+13
4.708266141299413281e+13
4.993260292177236719e+13
5.306118026856139062e+13
5.649878262970143750e+13
6.027965308254146875e+13
6.444242182550754688e+13
6.903071996937920312e+13
7.409388692837584375e+13
7.968778668210631250e+13
8.587575083203170312e+13
9.272966945724570312e+13
1.003312538431871406e+14
1.087735084168464062e+14
1.181624177826388906e+14
1.286189416505396562e+14
1.402813105324172656e+14
1.533077137192772812e+14
1.678794354565192500e+14
1.842045211558582500e+14
2.025220691236327188e+14
2.231072614586663125e+14
2.462772697813581562e+14
2.723981973065920938e+14
3.018932461928526875e+14
3.352523476981410625e+14
3.730435372301150625e+14
4.159263898862673750e+14
4.646679267055260000e+14
5.201614721334689375e+14
5.834490419849632500e+14
6.557479572789921250e+14
7.384825322593625000e+14
8.333218561155747500e+14
9.422249074413996250e+14
1.067494503738493375e+15
1.211841911691418250e+15
1.378464339823233500e+15
1.571138020919319500e+15
1.794330188161633500e+15
2.053333982886400250e+15
2.354431235979703000e+15
2.705089180289945000e+15
3.114198529415301000e+15
3.592362063129447000e+15
4.152244971933807000e+15
4.809000834743884000e+15
5.580790360811993000e+15
6.489414078295946000e+15
7.561085208807476000e+15
8.827375270335719000e+15
1.032637283225549600e+16
1.210410571894261400e+16
1.421628933137699600e+16
1.673047929562224600e+16
1.972872619063782400e+16
2.331085472422194800e+16
2.759852078080763600e+16
3.274023900097542400e+16
3.891762320411540000e+16
4.635314489184968000e+16
5.531979494771222400e+16
6.615313519834239200e+16
7.926635580797390400e+16
9.516911938284995200e+16
1.144911832941832320e+17
1.380120612807183200e+17
1.666983298539258560e+17
2.017506308219108160e+17
2.446629852763410240e+17
2.972977739184030080e+17
