7.754812186705770660e-01
7.631053529726100626e-01
7.372178478434395776e-01
6.896135345197785815e-01
6.035350645607945319e-01
4.450817546481485310e-01
1.759560414943392159e-01
5.341705953553653116e-03
3.826951549376760853e-01
7.446611703829995044e-01
8.962318349005964357e-01
9.547243163051037929e-01
9.778708642902140813e-01
9.864655657814983547e-01
9.884264190573577302e-01
9.870674894578630454e-01
9.838949429772166910e-01
9.796362924132956396e-01
9.746557708534737685e-01
9.691364374397938297e-01
9.631660643007720068e-01
9.567803979469277076e-01
9.499863221139618341e-01
9.427749931555989837e-01
9.351296924667023003e-01
9.270307335561088768e-01
9.184586224886742700e-01
9.093961116034693370e-01
8.998295074808816407e-01
8.897494665168631522e-01
8.791515334600942255e-01
8.680375037674653571e-01
8.562722068450853152e-01
8.442047621605257568e-01
8.315947528839898739e-01
8.184728854880269910e-01
8.048762394357739103e-01
7.908202135814911271e-01
7.763179328384987032e-01
7.613808573252317524e-01
7.460222907847849916e-01
7.301399895729738798e-01
7.139200516020534071e-01
6.974613211061516660e-01
6.813991257464480089e-01
6.593639947876935858e-01
6.424401057493444034e-01
6.234826133391278002e-01
6.034743629557107747e-01
5.823477336987039621e-01
5.598914927212216286e-01
5.357958324822456042e-01
5.096364684499388176e-01
4.808370913892957010e-01
4.486109877416096792e-01
4.118762780897034514e-01
3.691436921038285801e-01
3.184366145523765956e-01
2.579381803831755082e-01
1.897367068556902459e-01
1.060134462887378642e-01
2.370823780154788368e-02
1.763632361694283945e-02
2.417674509399622695e-01
6.635956834245179126e-01
9.425138529215163485e-01
6.530962011020166047e-01
9.845901943280694901e-01
9.527239859456290150e-01
9.138584137423275688e-01
8.776070394157141630e-01
8.456446014616417761e-01
8.164987648035845202e-01
7.934980300283152044e-01
7.723763054490507818e-01
7.537160800484401513e-01
7.368249014528469587e-01
7.214274431262232001e-01
7.070770767587140071e-01
6.933759847366300910e-01
6.798831219408900672e-01
6.660647294526005346e-01
6.512044810475042800e-01
6.342401628229736854e-01
6.134355178209639492e-01
5.856455875981297909e-01
5.444479163054132265e-01
4.745792290028661431e-01
3.326340719402821611e-01
3.351544402705489145e-02
7.121479340560662452e-01
9.784092393583818659e-01
9.268420696722498020e-01
8.858274320416834602e-01
8.600387237207097746e-01
8.438467780218745773e-01
8.337493117755098160e-01
8.277495565575052616e-01
8.246611980096627548e-01
8.237377067122710894e-01
8.244804030888418511e-01
8.265344374797052307e-01
8.296283793377795535e-01
8.335354836631436726e-01
8.380445835940840693e-01
8.429321216637285508e-01
8.479257321192904540e-01
8.526410836160276396e-01
8.565105838621268619e-01
8.583696038301613651e-01
8.558740481881897955e-01
8.428340503897675529e-01
7.975737459807742402e-01
5.965631592298402675e-01
1.297297202216578238e-01
8.871555212078676700e-01
9.833853204416835858e-01
1.015537187689818710e+00
1.041713534876224312e+00
5.551187493739121459e-01
9.075702695051354185e-01
9.465661119269310753e-01
9.707113477370014065e-01
9.790452473762863983e-01
9.829641005515024066e-01
9.833235106629777400e-01
9.802400435543999757e-01
9.734036839896571536e-01
9.621543768355002024e-01
9.454183681973082898e-01
9.215151917943764648e-01
8.877706519534585006e-01
8.397560590357526777e-01
7.693799284630110646e-01
6.674542151580612481e-01
5.108476731963931261e-01
2.829429957459482226e-01
4.464159884966918679e-02
6.269649571774374430e-02
3.980188782912943979e-01
7.022302278761900496e-01
8.688024817687070023e-01
9.204133482115700593e-01
9.742349466221236209e-01
9.861678789122473310e-01
9.853313547223028213e-01
9.768181993401617857e-01
9.485430866222119839e-01
9.585937543928155780e-01
9.428516663289382427e-01
9.270757108498054455e-01
9.111390241952115332e-01
8.951566608942577163e-01
8.792701988711271177e-01
8.631016832722734344e-01
8.479278925376922960e-01
8.327785268816579878e-01
8.179515738713112327e-01
8.034693240332083652e-01
7.893220932675532042e-01
7.754737319750882873e-01
7.618630051743282561e-01
7.485016203367660381e-01
7.342920310691367636e-01
7.202911360423159826e-01
7.049229590791021849e-01
6.860066021590540686e-01
6.371296520104792194e-01
6.681797814036559702e-01
6.391858630315214729e-01
5.917259773911737186e-01
4.919073057048611308e-01
7.431555638254032370e-02
1.062653810922914888e+00
8.604517052468740879e-01
7.930317372403463683e-01
7.578227706358831028e-01
7.345619975271288071e-01
7.168550363866420527e-01
7.022345806077147090e-01
6.897724045163686757e-01
6.809340118587124957e-01
6.826108778721011738e-01
3.881114007902203844e-01
5.658228626311001541e-01
5.507017323722845914e-01
5.165565340415410045e-01
4.650789204772520780e-01
3.910583007923478793e-01
2.978867407596467176e-01
2.691770427763930384e-01
5.718462261575304462e-01
8.225574452774034873e-01
1.697907710251542190e-01
6.459655246656981209e-01
7.300678281099980405e-01
7.519776039985581750e-01
7.572614298044020309e-01
7.630687716452713154e-01
7.697145637025756271e-01
