9.835096900582775969e-01
9.847815149935391643e-01
9.859526557695090787e-01
9.870230464753888544e-01
9.879950450959825714e-01
9.888729174426983404e-01
9.896623731885237918e-01
9.903701545240825022e-01
9.910036766583185663e-01
9.915707183814761461e-01
9.920791601507235047e-01
9.925367666119114807e-01
9.929510101058330873e-01
9.933289314888208432e-01
9.936770345037339025e-01
9.940012099438007009e-01
9.943066859346816333e-01
9.945980008061907629e-01
9.948789952161208872e-01
9.951528204103966546e-01
9.954219597488555005e-01
9.956882608814512370e-01
9.959529762192760316e-01
9.962168096035760589e-01
9.964799673269906233e-01
9.967422119020855620e-01
9.970029172003841422e-01
9.972611237973173504e-01
9.975155935556611064e-01
9.977648626587513059e-01
9.980072924678021762e-01
9.982411177225617438e-01
9.984644917347411663e-01
9.986755283355401858e-01
9.988723404388131222e-01
9.990530751650456009e-01
9.992159455445713823e-01
9.993592588776801788e-01
9.994814418803826817e-01
9.995810627840991947e-01
9.996568505903095092e-01
9.997077117050819917e-01
9.997327441971274320e-01
9.997312499350970993e-01
9.997027448671798044e-01
9.996469677102471918e-01
9.995638873147347780e-01
9.994537089688023679e-01
9.993168798991716173e-01
9.991540942182504104e-01
9.989662975558373237e-01
9.987546916023513077e-01
9.985207387737816687e-01
9.982661671917862911e-01
9.979929761496053597e-01
9.977034422079926745e-01
9.974001260311821104e-01
9.970858800297508484e-01
9.967638568207549676e-01
9.964375184400338092e-01
9.961106461410667023e-01
9.957873504775488493e-01
9.954720811788708712e-01
9.951696360695162502e-01
9.948851679238827073e-01
9.946241876489367861e-01
9.943925614858410977e-01
9.941964989366781635e-01
9.940425267265702303e-01
9.939374421263663661e-01
9.938882361168608348e-01
9.939019727762535839e-01
9.939856053197142494e-01
9.941457005055959195e-01
9.943880302597081222e-01
9.947169702033904493e-01
9.951346159316666329e-01
9.956394840334807927e-01
9.962245974039627416e-01
9.968746494591590457e-01
9.975617765557884820e-01
9.982392042179267788e-01
9.988316067806500831e-01
9.992203235074569312e-01
9.992204229496736145e-01
9.985446893017362324e-01
9.967464017532738918e-01
9.931274759717229061e-01
9.865900315886048100e-01
9.753969208332322616e-01
9.567925251273247111e-01
9.264354159905932029e-01
8.776736759134355914e-01
8.010510259539105338e-01
6.855044577098653447e-01
5.246779278286382020e-01
3.312575482294453644e-01
1.487041155889269328e-01
3.150054221584838721e-02
7.129627992642078053e-04
3.479597414421398832e-02
9.984854277207892703e-02
1.719174012561323628e-01
2.393905330496177153e-01
2.982960276832182789e-01
3.482915581726671039e-01
3.908909670339077436e-01
4.119163833376099371e-01
4.503422581511054013e-01
4.751009620075112849e-01
4.955168094760648567e-01
5.126288053193756022e-01
5.270702563329193735e-01
5.393144254296747819e-01
5.497325652972151477e-01
5.586216527977867496e-01
5.662221129061415503e-01
5.727304332693853306e-01
5.783085339475233511e-01
5.830908685506046574e-01
5.871898651781284340e-01
5.907001057349716699e-01
5.937014337433781375e-01
5.962603019151222483e-01
5.983734605790651528e-01
6.003137525883462944e-01
6.018719203104621052e-01
6.031850376679313008e-01
6.042827854028451906e-01
6.051932565468294278e-01
6.059412773623823467e-01
6.065485827382045558e-01
6.070341271793577853e-01
6.074143738928756697e-01
6.077035413083511362e-01
6.079138081168651286e-01
6.080554818463019817e-01
6.081371362343734877e-01
6.081657220723980517e-01
6.081466554748653497e-01
6.080838868603110070e-01
6.079799533496110797e-01
6.078360167963292593e-01
6.076518892462424715e-01
6.074260472659126497e-01
6.071556362685133212e-01
6.068364656862271778e-01
6.064629955832839814e-01
6.060283150612822967e-01
6.055241125726792406e-01
6.049406380218801393e-01
6.042666562908521888e-01
6.034893915734862446e-01
6.025944616363125839e-01
6.015658008399911161e-01
6.003855704563578755e-01
5.990340544980241599e-01
5.974895389450268768e-01
5.957281719084939198e-01
5.937238019185037130e-01
5.914477911673140520e-01
5.888688001771212877e-01
5.859525399729137440e-01
5.826614873460976840e-01
5.789545579375494633e-01
5.747867298406337255e-01
5.701086045043562978e-01
5.648658715689079957e-01
5.589985624395201746e-01
5.524395417134585484e-01
5.451079043558763049e-01
5.367711723752403019e-01
5.279156852662134636e-01
5.178494926849984692e-01
5.066360358452044466e-01
4.941925054001941042e-01
4.803997529802239153e-01
4.651304260227464016e-01
4.482509539508113261e-01
4.296241532992344792e-01
4.091135043216503342e-01
3.865897937870050316e-01
3.619409881578769528e-01
3.350863623641152089e-01
3.059958258540554366e-01
2.747141073105254794e-01
2.413807639393514004e-01
2.061433389877896649e-01
1.709483771542812391e-01
1.348798276775525773e-01
9.945287562891103050e-02
6.660434444840038215e-02
3.821656371535447211e-02
1.647665027746871014e-02
3.654880309397258789e-03
1.799934318185082878e-03
1.238261892046055475e-02
3.597788822050895091e-02
7.209277185172491276e-02
1.192102061889147857e-01
