9.876805665688477287e-01
9.877804969956639480e-01
9.878871794071776291e-01
9.880019586839520196e-01
9.881258011618272441e-01
9.882593377037586224e-01
9.884029063113602964e-01
9.885565933797606508e-01
9.887202729166273407e-01
9.888936432328219173e-01
9.890762607706239384e-01
9.892675708670848334e-01
9.894669353595366701e-01
9.896736570287062440e-01
9.898870009444170615e-01
9.901062128343010027e-01
9.903305346357785810e-01
9.905592174203993183e-01
9.907915318999417353e-01
9.910267767330018795e-01
9.912642848561100672e-01
9.915034280615250273e-01
9.917436200383156208e-01
9.919843180844026831e-01
9.922250236860588046e-01
9.924652821476763753e-01
9.927046814409314912e-01
9.929428504271100575e-01
9.931794565918604656e-01
9.934142034162378732e-01
9.936468274936444134e-01
9.938770954881154251e-01
9.941048010172404137e-01
9.943297615290827007e-01
9.945518152328716166e-01
9.947708181314999232e-01
9.949866411957103418e-01
9.951991677101840184e-01
9.954082908153729647e-01
9.956139112614948994e-01
9.958159353860122076e-01
9.960142733204161436e-01
9.962088374284123748e-01
9.963995409738629627e-01
9.965862970136369903e-01
9.967690175089727322e-01
9.969476126462647469e-01
9.971219903572557941e-01
9.972920560274116664e-01
9.974577123810121071e-01
9.976188595302490913e-01
9.977753951768739693e-01
9.979272149535358682e-01
9.980742128935641277e-01
9.982162820176623264e-01
9.983533150269857659e-01
9.984852050925425715e-01
9.986118467317608438e-01
9.987331367640737145e-01
9.988489753380480618e-01
9.989592670236847605e-01
9.990639219646839653e-01
9.991628570859689695e-01
9.992559973534554940e-01
9.993432770833234891e-01
9.994246412998413209e-01
9.995000471408662657e-01
9.995694653119076012e-01
9.996328815897572717e-01
9.996902983781148500e-01
9.997417363176845928e-01
9.997872359538874099e-01
9.998268594659297515e-01
9.998606924601113333e-01
9.998888458300709825e-01
9.999114576854604142e-01
9.999286953477503070e-01
9.999407574094257845e-01
9.999478758460588201e-01
9.999503181640089222e-01
9.999483895548669787e-01
9.999424350110902582e-01
9.999328413340142774e-01
9.999200389325325622e-01
9.999045032634231722e-01
9.998867556967627745e-01
9.998673634943971988e-01
9.998469384521150305e-01
9.998261335579814446e-01
9.998056367339328565e-01
9.997861603091054983e-01
9.997684242611920569e-01
9.997531303505040601e-01
9.997409229087707017e-01
9.997323299783137385e-01
9.997276753268218297e-01
9.997269469336649284e-01
9.997295997598610873e-01
9.997342581157213637e-01
9.997382625024499037e-01
9.997369716895393443e-01
9.997226725415750970e-01
9.996828481156225799e-01
9.995973708452231543e-01
9.994338461132266094e-01
9.991396735296387277e-01
9.986280730878202005e-01
9.977525492730437984e-01
9.962581185287520125e-01
9.936831380690588356e-01
9.891489084080206107e-01
9.808734267531040718e-01
9.649412948750891728e-01
9.318484661156564153e-01
8.557687651695263797e-01
6.622610230535045384e-01
2.297321864930366442e-01
2.860524018875144556e-02
3.660808706501266219e-01
6.125374244763470699e-01
7.375309809797963023e-01
8.047171167012138193e-01
8.443540637640376545e-01
8.696126365985558104e-01
8.866852731891498030e-01
8.987503137862996594e-01
9.075685848226409114e-01
9.141795633022740120e-01
9.192300001166434642e-01
9.231403031086413691e-01
9.261939980201221445e-01
9.285883681409862200e-01
9.304644133060426814e-01
9.319252638056734206e-01
9.330478809457660727e-01
9.338907118643351435e-01
9.344988281640875805e-01
9.349074552580216579e-01
9.351444464205610485e-01
9.352320491219232590e-01
9.351881870212881420e-01
9.350274043271769031e-01
9.347615707987586564e-01
9.344004144086772712e-01
9.339519281293470199e-01
9.334226835382363197e-01
9.328180745663684492e-01
9.321425082389535044e-01
9.313995547170534905e-01
9.305920657251560701e-01
9.297222681303818348e-01
9.287918377509828405e-01
9.278019572294079476e-01
9.267533608803734113e-01
9.256463687286624609e-01
9.244809114239516123e-01
9.232565473152805069e-01
9.219724726570189821e-01
9.206275256803805318e-01
9.192201850852277367e-01
9.177485633825319677e-01
9.162103954487246238e-01
9.146030226534824781e-01
9.129233730240000622e-01
9.111679381765703800e-01
9.093327483102239261e-01
9.074133476837120682e-01
9.054047752505187674e-01
9.033015597653629714e-01
9.010977487032572064e-01
8.987870134693448643e-01
8.963629315214979298e-01
8.938197090520234589e-01
8.911541355040017987e-01
8.883716300889273887e-01
8.855095193004280940e-01
8.825454831152939050e-01
8.712443141709177441e-01
8.738634741663360295e-01
8.704350212591136504e-01
8.664914267819803229e-01
8.622534766363346703e-01
8.565726080146643939e-01
8.520704472522181439e-01
8.466606255159995209e-01
8.407505018687341236e-01
8.343221510071168190e-01
8.273236104932618629e-01
8.196882524742215015e-01
8.113369749025948208e-01
8.021774378932555738e-01
7.921022908308108512e-01
7.809867849143035112e-01
7.686858496103798899e-01
7.550306337169138127e-01
7.398245072130237299e-01
7.228385616335297748e-01
7.038067447699496437e-01
6.824209525673133880e-01
6.583267350649861793e-01
