9.902217425861323807e-01
9.888183126297648284e-01
9.877204892415532012e-01
9.869064438767268799e-01
9.863514095481241695e-01
9.860288019801409787e-01
9.859111697995621704e-01
9.859709855345385465e-01
9.861812904970475024e-01
9.865162073309134971e-01
9.869513342369925502e-01
9.874640347410644781e-01
9.880336364364803448e-01
9.886415514855569908e-01
9.892713308626353008e-01
9.899086634207334701e-01
9.905413299014935724e-01
9.911591210219037329e-01
9.917537277871687484e-01
9.923186112160491401e-01
9.928488577434342321e-01
9.933410256923519421e-01
9.937929873945879899e-01
9.942037707901132393e-01
9.945734036535361922e-01
9.949027629800902828e-01
9.951934315161702349e-01
9.954475629343867427e-01
9.956677567315325161e-01
9.958569435617804499e-01
9.960182814069139523e-01
9.961550627224781129e-01
9.962706324826143822e-01
9.963683168676433777e-01
9.964513621991107906e-01
9.965228836164591320e-01
9.965858229093096377e-01
9.966429148607447441e-01
9.966966614215865272e-01
9.967493130157035752e-01
9.968028562725713693e-01
9.968590074904811749e-01
9.969192111517386490e-01
9.969846428361930357e-01
9.970562159103433242e-01
9.971345914058041826e-01
9.972201905386206544e-01
9.973132093622896210e-01
9.974136350886408930e-01
9.975212636530961241e-01
9.976357181412860431e-01
9.977564677357252387e-01
9.978828468786811179e-01
9.980140743858015862e-01
9.981492722795413108e-01
9.982874841448385883e-01
9.984276928399703488e-01
9.985688374240405674e-01
9.987098291888709678e-01
9.988495667063824746e-01
9.989869498244647872e-01
9.991208925636113625e-01
9.992503348834826937e-01
9.993742533044099874e-01
9.994916703815468484e-01
9.996016630418511628e-01
9.997033698032183890e-01
9.997959969044143413e-01
9.998788233811471970e-01
9.999512051299509485e-01
1.000012578006168829e+00
1.000062460006198473e+00
1.000100452587697530e+00
1.000126241183076248e+00
1.000139594963581402e+00
1.000140365912607132e+00
1.000128487266933597e+00
1.000103971386118396e+00
1.000066907108998926e+00
1.000017456657397386e+00
9.999558521470397476e-01
9.998823917655170757e-01
9.997974356777207250e-01
9.997014017203624814e-01
9.995947609486577345e-01
9.994780331002922624e-01
9.993517820459345558e-01
9.992166113007383554e-01
9.990731596784371282e-01
9.989220971809965599e-01
9.987641212303518534e-01
9.985999533706657605e-01
9.984303365965105925e-01
9.982560335033286991e-01
9.980778255124205245e-01
9.978965135020602117e-01
9.977129202917216499e-01
9.975278955942961101e-01
9.973423242985476334e-01
9.971571393188186638e-01
9.969733408239415118e-01
9.967920245587930106e-01
9.966144234243755617e-01
9.964419688778526352e-01
9.962763827974395747e-01
9.961198176486268929e-01
9.959750759735657155e-01
9.958459655049146653e-01
9.957378973193234950e-01
9.956589444689919466e-01
9.956218339700572129e-01
9.956479961405884094e-01
9.957766643287100372e-01
9.960882986307888487e-01
9.967779636977978086e-01
9.984709760978002224e-01
1.004821691513969828e+00
9.484489075616522324e-01
9.843698787939387795e-01
9.878044749355195941e-01
9.889575244620288919e-01
9.894539978768652766e-01
9.896711598188911996e-01
9.897430293228536291e-01
9.897291675697074131e-01
9.896600931963749348e-01
9.895531087900912848e-01
9.894188324776862498e-01
9.892642421050074075e-01
9.890942331547780686e-01
9.889124792286710930e-01
9.887219396970332586e-01
9.885251778553910684e-01
9.883245723487343870e-01
9.881224662117715773e-01
9.879212784585131857e-01
9.877235928454436431e-01
9.875322327180274806e-01
9.873503275530457479e-01
9.871813748306598191e-01
9.870292996149347964e-01
9.868985133547218958e-01
9.867939727209238399e-01
9.867212386024666326e-01
9.866865345262852971e-01
9.866968025325124625e-01
9.867597526083708992e-01
9.868838986579374639e-01
9.870785688081964437e-01
9.873538691667631539e-01
9.877205653903270433e-01
9.881898210034048002e-01
9.887726869167832167e-01
9.894791572576999705e-01
9.903164620458817513e-01
9.912859971071751319e-01
9.923777721322015744e-01
9.935602253920714499e-01
9.947611232161317485e-01
9.958306731389211519e-01
9.964675981168040764e-01
9.960640976525145796e-01
9.933625072347307405e-01
9.856451864699039556e-01
9.666864467514656445e-01
9.212620028618760948e-01
8.107670199640414355e-01
5.523668745063191610e-01
1.423319472699424160e-01
1.712490164845974563e-02
2.262260573278161713e-01
4.287958360058753970e-01
5.601037241364006380e-01
6.429145260863999845e-01
6.972389587744585171e-01
7.345490076582340544e-01
7.612143694119547499e-01
7.808906091170152441e-01
7.957710174703416239e-01
8.072290076316993579e-01
8.161576977638632657e-01
8.231569719602408464e-01
8.286409279549409312e-01
8.329020679490584111e-01
8.361510513280439039e-01
8.385421304662685760e-01
8.401899124289073928e-01
8.411806945682496206e-01
8.415802920531115783e-01
8.414395058570798280e-01
8.407979094861772751e-01
8.396863166053819549e-01
8.381280352701470093e-01
8.361387301076771417e-01
8.337242679293467296e-01
8.308750194258264221e-01
8.275529290452006137e-01
8.236617343089889243e-01
8.189717877214578445e-01
8.128974581320790316e-01
