5.766890295478293016e-01
5.831508160011298347e-01
5.886740685175252397e-01
5.937368437530780030e-01
5.985893898770180410e-01
6.033482044485484197e-01
6.080503908836197846e-01
6.126859591479714151e-01
6.172169200055377392e-01
6.215875260615273401e-01
6.257271228700223009e-01
6.295439070691033479e-01
6.329010585053428395e-01
6.355436287930653627e-01
6.368354997999530198e-01
6.343438801043778108e-01
5.999041561209474960e-01
6.853418676776028562e-01
6.692835329056577853e-01
6.672735648009592291e-01
6.675507110448852810e-01
6.685240517491238821e-01
6.697493685591269230e-01
6.710647742294822971e-01
6.724050492832899240e-01
6.737443389040261854e-01
6.750738966020095599e-01
6.763917268000031457e-01
6.776968180268692077e-01
6.789851435847983341e-01
6.802459924274878444e-01
6.814574238240629356e-01
6.825790054393582329e-01
6.835377085934990493e-01
6.841953551812313128e-01
6.842565889418119607e-01
6.829000410600982729e-01
6.720073019966266159e-01
6.608660656669053113e-01
7.065876771891826946e-01
7.055519363162988666e-01
7.027382234597103761e-01
7.005906639457653018e-01
6.982710328327150773e-01
6.952423048757075952e-01
6.910558827525958847e-01
6.852336417377848932e-01
6.771934961680471377e-01
6.661763420809356795e-01
6.511514787534133930e-01
6.306800603511512060e-01
6.027129550406948866e-01
5.643015248062812628e-01
5.112410304989416510e-01
4.378701845314894592e-01
3.380258906583569201e-01
2.104919443770392196e-01
7.597723230228485558e-02
1.632760500113581434e-03
6.897143559556689896e-02
2.574523843926059818e-01
4.607556469197403026e-01
6.166667744544314100e-01
7.213300155503397093e-01
7.889258120547698594e-01
8.325268236005057831e-01
8.608946334209599538e-01
8.794371341757603044e-01
8.914475368751029194e-01
8.989551748074984250e-01
9.032380126638973605e-01
9.051217980393098106e-01
9.051550452968315508e-01
9.037129328215192103e-01
9.010602040958478609e-01
8.973900171229908240e-01
8.928483764948552670e-01
8.875497096534341601e-01
8.815868361417544818e-01
8.750372012852245529e-01
8.679662908791307974e-01
8.604280785127673692e-01
8.524597043787813799e-01
8.440549062630886556e-01
8.349873296316334681e-01
8.172699107873558910e-01
8.201007636894764863e-01
8.102872635417803782e-01
8.008918312863807509e-01
7.915554349561279013e-01
7.822378157306282276e-01
7.729471257429529896e-01
7.637026122917039972e-01
7.545255169511435600e-01
7.454389876957242533e-01
7.358771140783876286e-01
7.274920338274076803e-01
7.186881791081978221e-01
7.099343251880509964e-01
7.011576168742826853e-01
6.921786650213814784e-01
6.825061011724383730e-01
6.700279572827159136e-01
6.038999192154091977e-01
6.503189881913910009e-01
6.474304368748734495e-01
6.396085232959146660e-01
6.552019149189240999e-01
6.680574560192794609e-01
6.667543483073860022e-01
6.627284561054586076e-01
6.590895671129136657e-01
6.565771750725321043e-01
6.223873027980627581e-01
6.518579191648046223e-01
6.521137058111101670e-01
6.530869128517047262e-01
6.550242814177253958e-01
6.580362707156071078e-01
6.622245271896207708e-01
6.676969187064271116e-01
6.745550918533473883e-01
6.828167080387333998e-01
6.921165848356392036e-01
7.018655748670502570e-01
7.144193147304224167e-01
7.306324350435269288e-01
7.491770128685519836e-01
7.695965784118709019e-01
7.913903374797522927e-01
8.134048865121588090e-01
8.333157518770473171e-01
8.469935119665390477e-01
8.480538250030004166e-01
8.290600621744977916e-01
7.669504836134732884e-01
6.947437507970187776e-01
5.994247578095949214e-01
5.066936934832988459e-01
4.379176909976581489e-01
4.092224443164584335e-01
3.064563798184988808e-01
1.959588318687969788e-01
3.237897516805878229e-01
4.007933008581086032e-01
4.615753540040297143e-01
5.061619031683877168e-01
5.372662654959206030e-01
5.600678288904807900e-01
5.791212972308886764e-01
5.974736271797693732e-01
6.170889787488952338e-01
6.396052297542390574e-01
6.675253817821283908e-01
6.414546744510667420e-01
7.584900286425583227e-01
9.160185456734560860e-01
7.445069917553248651e-02
5.219320365760808933e-01
6.170526127814470740e-01
6.651335891584343463e-01
6.990525390366372216e-01
7.266571228191726073e-01
7.506798124455317245e-01
7.722642741832600466e-01
7.919346128565527554e-01
8.099390733312249457e-01
8.263954699568825113e-01
8.413620773020010768e-01
8.548770977000522686e-01
8.669840995802952088e-01
8.777493862743263042e-01
8.872370379947326358e-01
8.948569897090179470e-01
8.986838872439064652e-01
9.045178789163140776e-01
9.099758266222254255e-01
9.145306654204931052e-01
9.184554636444789422e-01
9.219163651217744393e-01
9.246546699160680394e-01
9.220253327769381002e-01
8.956003088545925195e-01
9.359804057232442576e-01
9.439428915209600035e-01
9.507883422676022267e-01
9.579571137155838967e-01
9.655674402173907156e-01
9.734317267235406135e-01
9.810585209750032343e-01
9.850809589417386380e-01
9.534468963843366618e-01
9.770555836823697771e-01
8.834447825399902587e-01
1.014661539565630433e+00
1.012643753265179303e+00
9.931395604241909369e-01
9.627655032723330120e-01
9.355977075379811048e-01
9.149410262381986181e-01
