1.013743555467666368e+00
1.010454260095673407e+00
1.007291846754483355e+00
1.004301864726775850e+00
1.001515251564196296e+00
9.989500291507116270e-01
9.966130176574140576e-01
9.945015256552294236e-01
9.926049831420810099e-01
9.909064917467581557e-01
9.893842729371800093e-01
9.880130007378600254e-01
9.867650103267182615e-01
9.856113779882038628e-01
9.845228713252137664e-01
9.834707714425282576e-01
9.824275710699563735e-01
9.813675543640411059e-01
9.802672654695021581e-01
9.791058738888309687e-01
9.778654453601867136e-01
9.765311273179717588e-01
9.750912581587291017e-01
9.735374094905344666e-01
9.718643703459718397e-01
9.700700820138655756e-01
9.681555317241408165e-01
9.661246129239987601e-01
9.639839593351287039e-01
9.617427593952692089e-01
9.594125570809259873e-01
9.570070444908527207e-01
9.545418509552243691e-01
9.520343328264403437e-01
9.495033675164679110e-01
9.469691547710339385e-01
9.444530276199930574e-01
9.419772749128151323e-01
9.395649768415578196e-01
9.372398543637562307e-01
9.350261329628295481e-01
9.329484207123487360e-01
9.310316001337203273e-01
9.293007328353269925e-01
9.277809753723444963e-01
9.264975041384637677e-01
9.254754463456444924e-01
9.247398132050055342e-01
9.243154301994986888e-01
9.242268577121113271e-01
9.244982930586773673e-01
9.251534419150886368e-01
9.262153428408386180e-01
9.277061225345615281e-01
9.296466507860674522e-01
9.320560515892715170e-01
9.349510086997526725e-01
9.383447772448955115e-01
9.422457734977992549e-01
9.466555558963385408e-01
9.515659213208791378e-01
9.569547049425360941e-01
9.627796632166004676e-01
9.689694955841552382e-01
9.754105534602260930e-01
9.819269871201640187e-01
9.882508225861513784e-01
9.939764858060350372e-01
9.984912501179619149e-01
1.000868618587690495e+00
9.997058745625272413e-01
9.928824615834759282e-01
9.772262438301092535e-01
9.481967573699952023e-01
8.335496688026008405e-01
8.171589191265541396e-01
7.010833027033802622e-01
5.440399256415129337e-01
3.591854050753746641e-01
1.813072093545961827e-01
5.406885404413434154e-02
1.754399732610695218e-03
1.697712920915312590e-02
7.508933655989556699e-02
1.525350307265247729e-01
2.340882633973819238e-01
3.120183046627902912e-01
3.832396231685017973e-01
4.470521704839071631e-01
5.038158706383859542e-01
5.542756638453664175e-01
5.992492676256051531e-01
6.394973650135249432e-01
6.756797670053099614e-01
7.083496125656886244e-01
7.379628151903679933e-01
7.648923385214532189e-01
7.894427915440164201e-01
8.118635846636937936e-01
8.323601274257258487e-01
8.511030760614014534e-01
8.682358376986194504e-01
8.838805897945039014e-01
8.981430624891433290e-01
9.111162924908198235e-01
9.228834790976364610e-01
9.335197056045720920e-01
9.430831191742050645e-01
9.517017210229625768e-01
9.593511405924545210e-01
9.661350954514907885e-01
9.721074128100591905e-01
9.773234167785770365e-01
9.818370859821695662e-01
9.857008243222566968e-01
9.889654026485961147e-01
9.916799023878974939e-01
9.938916460553353094e-01
9.956461203969910745e-01
9.969869001739272152e-01
9.979555793555024978e-01
9.985917146413004764e-01
9.989327844767558195e-01
9.990141652420572171e-01
9.988691251089090173e-01
9.985288351608436752e-01
9.980223967267866092e-01
9.973768834506389069e-01
9.966173963754770826e-01
9.957671302269840430e-01
9.948474491091239269e-01
9.938779699540812862e-01
9.928766522830669849e-01
9.918598931281644715e-01
9.908426263511026510e-01
9.898384260989174788e-01
9.888596148363505423e-01
9.879173774431807553e-01
9.870218845813684139e-01
9.861824316291994963e-01
9.854076055580729410e-01
9.847055051680698723e-01
9.840840707059564929e-01
9.835516582429640886e-01
9.831182249654074612e-01
9.827982541321935717e-01
9.826192275794550790e-01
9.826300208629217270e-01
9.642351607446689732e-01
9.810425553285996303e-01
9.817772964456896734e-01
9.822298385999124193e-01
9.827108503420942665e-01
9.832019055459153556e-01
9.839404499632024015e-01
9.846134387040254010e-01
9.851904033444489617e-01
9.853252540091654854e-01
9.840649121885673978e-01
9.784000679422935054e-01
9.563775271480484674e-01
8.498563448523125397e-01
3.205214906517507290e-01
3.605515688596538926e-01
7.387114298540670143e-01
8.474527346227547220e-01
8.907810238967640570e-01
9.128257301754727493e-01
9.258739468823105057e-01
9.344118164237739110e-01
9.404092783218683804e-01
9.448514644192658185e-01
9.482808884062123855e-01
9.510195952918806261e-01
9.532708078564278154e-01
9.551696203816006925e-01
9.568100813185977938e-01
9.582604896977391373e-01
9.595724313296530861e-01
9.607863081941179217e-01
9.619348086784028640e-01
9.630451152751073884e-01
9.641403054726050970e-01
9.652402154205427243e-01
9.663619305462606279e-01
9.675200057419574007e-01
9.687264808672457761e-01
9.699907347692944271e-01
9.713192070133286338e-01
9.727150076175354876e-01
9.741774290819000814e-01
9.757013701082851709e-01
9.772766745346306294e-01
9.788873784802504252e-01
9.805108352385007997e-01
9.821166293997771746e-01
9.836650352868724356e-01
9.851043060750680480e-01
9.863644497670002176e-01
9.873380997402101400e-01
