6.908734273251264657e-01
6.986147394448053438e-01
7.045984512825204105e-01
7.090964296382727960e-01
7.123728451358566360e-01
7.146802816706994133e-01
7.162564029522574538e-01
7.173212851665451417e-01
7.180754319275630682e-01
7.186984347192260092e-01
7.193482117112914853e-01
7.201607395303457615e-01
7.212501782406318673e-01
7.227092704354702857e-01
7.246098550898089075e-01
7.270032374381283358e-01
7.299198863977509610e-01
7.333671111192110459e-01
7.373204283988235019e-01
7.416907986450883561e-01
7.461551373080904659e-01
7.479791217059724717e-01
7.629075669483674771e-01
7.639914866839009333e-01
7.760946319752232148e-01
7.829236252881979219e-01
7.904453652513004913e-01
7.983242474777803022e-01
8.064323072411663240e-01
8.146798813315747623e-01
8.229880446404612693e-01
8.312785745012635230e-01
8.394592016509435650e-01
8.473784075205930133e-01
8.555969496144389952e-01
8.631218745665485415e-01
8.702134173278867069e-01
8.767275090702112417e-01
8.823053094317798717e-01
8.846671002043686727e-01
8.905632127393416919e-01
8.852201759523694591e-01
5.829441072344043739e-01
9.377600437052711069e-01
9.296508436038172229e-01
9.280730810594788327e-01
9.270584794562194419e-01
9.250493259349554798e-01
9.209362531033905563e-01
9.131974875983425166e-01
8.989702561234442779e-01
8.718121537293808121e-01
8.169860641863432305e-01
7.076449131736538556e-01
3.831087125597095744e-01
2.902429907618803151e-02
6.028718439727739353e-01
8.473181255229205178e-01
9.224605663324687566e-01
9.513853966979077814e-01
9.646010506225981551e-01
9.713480120473075852e-01
9.750565380744370403e-01
9.772164645614727085e-01
9.785614537169798899e-01
9.794937467732357517e-01
9.802558789158549724e-01
9.810059970821511932e-01
9.818499541381224827e-01
9.828245332392991918e-01
9.736172704954473289e-01
9.856933448581112200e-01
9.875255532580895501e-01
9.895212109610679319e-01
9.915760235205169915e-01
9.934431850496823202e-01
9.946917167426064799e-01
9.946066007232743367e-01
9.920325055299746841e-01
9.851407822689082217e-01
9.711052398505075622e-01
9.457152587967548873e-01
9.030919470972164076e-01
8.359924275543059169e-01
7.376748733508452505e-01
6.062612933258607617e-01
4.500636861514861198e-01
2.921083614313567112e-01
1.583891323986355015e-01
6.599626457514502775e-02
1.742873462008830837e-02
1.102096356820513132e-03
6.844166924556163885e-03
2.484331553951254351e-02
4.821213408102709846e-02
7.295851452182854080e-02
9.693062240903416171e-02
1.190850655967043981e-01
1.390053936007547841e-01
1.566105571969080013e-01
1.719867378639168831e-01
1.852930626120713187e-01
1.967093174665110744e-01
2.064058685721783803e-01
2.145221598228508886e-01
2.211386429401171749e-01
2.262022195015045145e-01
2.291869989351461578e-01
2.255652750701560849e-01
2.527252174560073450e-01
2.464833693554346339e-01
2.449516855506200796e-01
2.430830668363136160e-01
2.388184242742155683e-01
2.200561050446689093e-01
2.452815961212357343e-01
2.296438147652102579e-01
1.910853674005707215e-01
3.248892120399326511e-01
2.578602788952466529e-01
2.391777996832592235e-01
2.243284446729500448e-01
2.084751661701198522e-01
1.895437901705034900e-01
1.656403934039273329e-01
1.342546588578652500e-01
9.129306348552494732e-02
7.332929959445781687e-02
1.910769111367256051e-02
4.566336667837332663e-02
4.900329848980565783e-01
8.967239006673001223e-01
8.345283561534544425e-01
7.142318732838989215e-01
6.211667204191365643e-01
5.498998239079271322e-01
4.844498555778568583e-01
4.269625360180447915e-01
3.601431284824742618e-01
2.697505206925726040e-01
1.241628449694896219e-01
5.993498736811220945e-02
8.885491266375801223e-01
7.357661794429367630e-01
6.020672403543759765e-01
5.254063194203620890e-01
4.532930480982823584e-01
3.919588389355390112e-01
3.346169840743197788e-01
2.784649126912335793e-01
2.227609816966035217e-01
1.681225780225664157e-01
1.163956632687775383e-01
7.045371108310150010e-02
3.370403077387047058e-02
9.495631236909982120e-03
1.190593767210704082e-04
5.519165475652356399e-03
1.937799368483160423e-02
8.246696670006545271e-02
1.137850063214892599e-01
1.558838428257922626e-01
1.991848234986334232e-01
2.404547116432021181e-01
2.780218452601425638e-01
3.111247329290781627e-01
3.395840374638903203e-01
3.635688692968222502e-01
3.834321152426021229e-01
3.996018358744142795e-01
4.125144812892115875e-01
4.225767775331829013e-01
4.301459624591834618e-01
4.355210490165912773e-01
4.389402234105684308e-01
4.405811531808492831e-01
4.405618435906416552e-01
4.389393374679717574e-01
4.356991464378415224e-01
4.306951326385990431e-01
4.230030440812566073e-01
4.174170182301244481e-01
4.066370371280976781e-01
3.942053741850731208e-01
3.804910663902745238e-01
3.605703590698580152e-01
3.353445965560127862e-01
3.027934624674128994e-01
2.576260206810687126e-01
1.866967208412637913e-01
4.882105692665655861e-02
1.340305585414238165e-01
6.788244237744779364e-01
6.238270992408364579e-01
4.819283108468601085e-01
4.010228377550886791e-01
3.424840158743268081e-01
2.935251797661386219e-01
2.484466459467140620e-01
2.030059115336896869e-01
