1.032663609531207616e+00
1.029463673630641063e+00
1.025936043726522584e+00
1.022193577249117968e+00
1.018335404138871469e+00
1.014447127975107721e+00
1.010601272007286999e+00
1.006857915209443233e+00
1.003265470535560810e+00
9.998615641438732826e-01
9.966739805094493310e-01
9.937216441538638811e-01
9.910156144923698562e-01
9.885600769722902026e-01
9.863533247007567617e-01
9.843887557894702711e-01
9.826560603565251961e-01
9.811441064186268157e-01
9.744608237664139638e-01
9.786549577936494160e-01
9.776849512812643139e-01
9.768484521833731282e-01
9.761287601687216320e-01
9.755057438723064855e-01
9.749592764412632340e-01
9.744699818936900515e-01
9.740196262181743947e-01
9.735914048261987697e-01
9.731701826778916820e-01
9.727427106967432291e-01
9.722978366747807577e-01
9.718267311440437206e-01
9.713231556008899981e-01
9.707838130568386958e-01
9.702088428245766449e-01
9.696025603119623471e-01
9.689746138300583400e-01
9.683418666650891460e-01
9.677315869229710099e-01
9.671871144934404141e-01
9.667785264391990374e-01
9.666242340368146335e-01
9.669391112748799699e-01
9.681566593658181841e-01
9.713031099137569013e-01
9.795429108654560846e-01
1.009713102862492606e+00
5.554851544286467657e-01
8.931688195295923727e-01
9.149363539527287648e-01
9.209318911391667362e-01
9.196914734027030747e-01
9.262720974674109042e-01
9.248277812172230883e-01
9.235701014312621693e-01
9.221207825051759288e-01
9.205022831086285828e-01
9.187578095328109429e-01
9.169236333724515298e-01
9.150281047568027404e-01
9.130935018064986197e-01
9.111377189757756678e-01
9.091754966753619049e-01
9.072192909266677541e-01
9.052799152622238443e-01
9.033670808710710931e-01
9.014899988251414698e-01
8.996584091980760478e-01
8.978853115227211079e-01
8.961981145477103672e-01
8.947290484699060853e-01
8.907023738897339449e-01
8.907892758660900245e-01
8.894173137458440959e-01
8.880281638468552341e-01
8.866869670481526411e-01
8.854102030823524094e-01
8.842048426508919423e-01
8.830747756636252443e-01
8.820225334352227442e-01
8.810498941675225515e-01
8.801581387500438947e-01
8.793481746004750965e-01
8.786206018753556224e-01
8.779757506735186290e-01
8.774137006972494435e-01
8.769342869919287686e-01
8.765370902154676624e-01
8.762214038838386232e-01
8.759861599644240826e-01
8.758297682739162315e-01
8.757497548476601557e-01
8.757418634781644062e-01
8.757974456390681395e-01
8.758937802134162398e-01
8.759391062625926372e-01
8.748774766141956816e-01
8.757942213289485744e-01
8.776789449093854723e-01
8.782164098827315302e-01
8.788005922301175277e-01
8.794535166505170753e-01
8.801720154770625859e-01
8.809511078137676199e-01
8.817851428333541852e-01
8.826672063173313099e-01
8.835879689760984812e-01
8.845335912120314559e-01
8.854814464241279603e-01
8.863902679171630217e-01
8.871738867933790518e-01
8.876154971047015563e-01
8.869823524275813886e-01
8.808190763067036411e-01
7.669194400555596758e-01
8.969947021935629206e-01
9.003263124352034463e-01
9.018402191107585120e-01
9.034550543528698796e-01
9.053413413733022441e-01
9.077257309005835051e-01
9.114564430230582825e-01
8.708104241291247938e-01
9.048223854025903012e-01
9.089649167251404593e-01
9.109897409704954541e-01
9.075008848827185171e-01
9.130024538434893255e-01
9.171101621138454396e-01
9.195992779079739110e-01
9.217790575241879836e-01
9.238591326411547122e-01
9.258965848223098538e-01
9.279119709766350255e-01
9.299136048986268444e-01
9.319046805293863533e-01
9.338858755673909995e-01
9.358564583575691431e-01
9.378148103557121251e-01
9.397586898424949986e-01
9.416853688677975232e-01
9.435917024124115260e-01
9.454741581780236048e-01
9.473288214193651413e-01
9.491513822894762642e-01
9.509371094246044098e-01
9.526808112561981901e-01
9.543767849978820328e-01
9.560187519864545846e-01
9.575997767975932273e-01
9.591121661072736782e-01
9.605473414317461378e-01
9.618956774157182421e-01
9.631462939284238800e-01
9.642867854064872679e-01
9.653028639587315496e-01
9.661778826565433631e-01
9.668921905189676869e-01
9.674222483321884836e-01
9.677394003626617058e-01
9.678081442267046919e-01
9.675836578922472064e-01
9.670082088089630989e-01
9.660058500288821737e-01
9.644744381134435773e-01
9.622733699220757941e-01
9.592043067975931647e-01
9.549800995423129990e-01
9.491732708584215139e-01
9.411279473891192016e-01
9.298042515970585953e-01
9.134937834358658471e-01
8.892824511937860166e-01
8.520149095401494677e-01
7.923312415416612353e-01
6.934721666293661713e-01
5.298575737625143001e-01
2.891244346355954509e-01
6.210915194678463813e-02
4.863416355941728442e-02
2.131609326370621504e-01
3.874652794138539469e-01
5.070722796312872038e-01
5.718157588538254066e-01
5.822678645679875142e-01
5.053887128448061317e-01
3.320223818123105297e-01
6.476481618232180493e-01
7.461614297697521936e-01
5.553732807366874580e-01
7.942557660700965139e-01
8.532157624778480276e-01
7.329675778297705113e-01
7.475767793603200762e-01
7.973065236646093012e-01
8.041888008432406254e-01
6.576805798746626630e-01
8.217906162526077418e-01
8.320913833459423481e-01
8.196091870462585138e-01
