3.901956272275807214e-01
2.226035288371884524e-01
9.383669804973980566e-02
2.138916790682493865e-02
3.942960155412912702e-04
1.433690680656679421e-02
4.688698540839898732e-02
8.672380189292783204e-02
1.274050278975049910e-01
1.657854595198735292e-01
2.006072073822620927e-01
2.315870073604028301e-01
2.588998626029709316e-01
2.829078898508816109e-01
3.040256767704122565e-01
3.226575906839283525e-01
3.391716659001606793e-01
3.538914501642544397e-01
3.670962399151243005e-01
3.790248819250621737e-01
3.898807716395752965e-01
3.998369315045728900e-01
4.090406840950220335e-01
4.176177455005569694e-01
4.256757076737562873e-01
4.333069235973274203e-01
4.405907290651464026e-01
4.475940489153507618e-01
4.543308691854058834e-01
4.610397655832458863e-01
4.675405602398819971e-01
4.739703789135382150e-01
4.803608058321220398e-01
4.867432645779302680e-01
4.931462685766639376e-01
4.995954438506194917e-01
5.061137865777884937e-01
5.127219184499405280e-01
5.194383034299274726e-01
5.262794222604637584e-01
5.332599079094979544e-01
5.403926464463644219e-01
5.476888477824248813e-01
5.551580903251983612e-01
5.628083431860406716e-01
5.706459692368924808e-01
5.786757120523285947e-01
5.869006696007362800e-01
5.953222574539664969e-01
6.039401642588076990e-01
6.127523022436065503e-01
6.217547556095786021e-01
6.309417297643780120e-01
6.403055044875884949e-01
6.498363942631466550e-01
6.595227191736804384e-01
6.693507899432754593e-01
6.793049110044649952e-01
6.893674060435369677e-01
6.995186718957624450e-01
7.097372706214681859e-01
7.200000820360485942e-01
7.302825847659278891e-01
7.405595491243232020e-01
7.508079695541008958e-01
7.610456512371344129e-01
7.709419332931453095e-01
7.809476027870440040e-01
7.907549576850970707e-01
8.003692509437942970e-01
8.097642573275790623e-01
8.189112388687540545e-01
8.277816069447831993e-01
8.363476810400497508e-01
8.445830788111921006e-01
8.524629766940992059e-01
8.599642911293735592e-01
8.670657891374589088e-01
8.737481257148346225e-01
8.799938022253722680e-01
8.857870391866988768e-01
8.911135569739427886e-01
8.959602584305964568e-01
9.003148080655415386e-01
9.041651037066528174e-01
9.074986393903662352e-01
9.103017672685110862e-01
9.125588990415227642e-01
9.142518330092649359e-01
9.153602965481328901e-01
9.158733004110581888e-01
9.155290804701256002e-01
9.147252614333000187e-01
9.130988306744270977e-01
9.106334831212866687e-01
9.072476822110404626e-01
9.028383157582443586e-01
8.972856899778268724e-01
8.905091370940544371e-01
8.817131347571303124e-01
8.717734366001265167e-01
8.597216218488776818e-01
8.454135287790301989e-01
8.285094167648205943e-01
8.086538201973055839e-01
7.854573135260447536e-01
7.585157702605992425e-01
7.274394053809998262e-01
6.918274709609949502e-01
6.514920577043454841e-01
6.062892630301641717e-01
5.522522090563506403e-01
5.010903236459552934e-01
4.430172087390442659e-01
3.822817274587271830e-01
3.204992656648434357e-01
2.595444378808322572e-01
2.014662846395882112e-01
1.483021480830562233e-01
1.018640893858825947e-01
6.354776297572301003e-02
3.420643084384335925e-02
1.411360493296123786e-02
3.012188369356282383e-03
2.265483394821189570e-04
4.804049334988042853e-03
1.565486335151019398e-02
3.166881991405740698e-02
5.179980727587978756e-02
7.511764439586154918e-02
1.008328715015157917e-01
1.283019374485460939e-01
1.570199893732339425e-01
1.866070888270779937e-01
2.167920294397308045e-01
2.473964683068263226e-01
2.783209787222196141e-01
3.095338979672163093e-01
3.410634253163551954e-01
3.729932534446383507e-01
4.054620341094610780e-01
4.386671446974398370e-01
4.728734594483158804e-01
5.084271554899990608e-01
5.457298076844420143e-01
5.855625845409188068e-01
6.285158842970777204e-01
6.757163312198442018e-01
7.288244686584334220e-01
7.809976736482395765e-01
8.502044465434566156e-01
9.167360750989079765e-01
9.563871774996897113e-01
8.744383805728518366e-01
5.269694015887242955e-01
1.342545660109970285e-01
2.735636151032382057e-02
7.200735519373017979e-02
1.559212721926999112e-01
2.398790700846406276e-01
3.118514687908621186e-01
3.721337486011587203e-01
4.231804483499753688e-01
4.671958224496554068e-01
5.058785156587993770e-01
5.395659923211469922e-01
5.709291594276330040e-01
5.991996827874718212e-01
6.250452037436113883e-01
6.492055503756506418e-01
6.713420086462048575e-01
6.918333190262094812e-01
7.097953023461552879e-01
7.241044436864422229e-01
7.466408160672224348e-01
7.624470108637370069e-01
7.770604380905681285e-01
7.906001656447233517e-01
8.030949241989725484e-01
8.145573738213610637e-01
8.249914999135122828e-01
8.343939544401405284e-01
8.427540883581685627e-01
8.500532777984117772e-01
8.562635717269122537e-01
8.613455450926268409e-01
8.652451571759858240e-01
8.678893248172757646e-01
8.691798051952985826e-01
8.689848313908851152e-01
8.671277469587072018e-01
8.633716394269725924e-01
8.573986900775872888e-01
8.487826953076552661e-01
8.369531335797557592e-01
8.211496407221660077e-01
8.003676824027158299e-01
7.733013703032733943e-01
7.383011458716316477e-01
6.933879316283534378e-01
