6.693788654121471948e-01
6.613866812773085968e-01
6.518804322503846116e-01
6.414874364632828785e-01
6.307607945417434969e-01
6.201776391358432283e-01
6.101383523241578066e-01
6.009388144707035195e-01
5.930250762202683434e-01
5.863403466310952439e-01
5.811574980140572499e-01
5.775571058561611570e-01
5.755842429414891326e-01
5.752457542586282280e-01
5.765151108532486912e-01
5.793376963685510361e-01
5.836358870636126905e-01
5.893137810206200422e-01
5.962615254212273452e-01
6.043592230738206172e-01
6.134804167882298431e-01
6.234951625892406479e-01
6.342727144283011320e-01
6.456838610893506081e-01
6.576030091403118893e-01
6.699103814712493721e-01
6.824976094382657621e-01
6.949870612888098265e-01
7.080043339833028693e-01
7.208003277438107537e-01
7.334965169353909742e-01
7.460526221255939783e-01
7.585680994633878793e-01
7.667829533552517063e-01
7.811015658599035349e-01
7.924955624273686272e-01
8.034160355557106170e-01
8.142726956646720859e-01
8.216557869601303077e-01
8.321219863189448507e-01
8.411511041287043078e-01
8.495916431370212907e-01
8.575206454093627917e-01
8.649654052060142817e-01
8.719447871690870766e-01
8.784764297730590643e-01
8.845783500058634896e-01
8.902691263756787876e-01
8.955676161429737547e-01
9.004924868547667938e-01
9.050616544266940622e-01
9.092916548349035955e-01
9.131969478421005926e-01
9.167891342550194000e-01
9.200760544420758524e-01
9.230607215994945935e-01
9.257400264415718283e-01
9.281031288595587014e-01
9.301294247469168441e-01
9.317859402880764863e-01
9.330239585592021712e-01
9.337746204398663652e-01
9.339431587073372398e-01
9.334013147407942412e-01
9.319773440864139724e-01
9.294428301864516850e-01
9.254952727172289784e-01
9.197349766315874309e-01
9.116323658780863814e-01
8.993878059960663807e-01
8.854459420707534445e-01
8.652473586403123251e-01
8.383242505732140248e-01
8.025222910519261843e-01
7.546320969014657098e-01
6.870782771964665248e-01
6.060352464171799847e-01
4.430945332281873150e-01
2.423443611530215203e-01
6.073417266574573370e-01
4.319349539322443476e-01
3.060989228700002340e-01
2.027832318657919741e-01
1.183001231181192714e-01
6.577276807744235343e-02
2.516809730463811373e-02
5.250352139464534336e-03
8.841249400472958857e-04
7.928451551273309542e-03
2.273441358839514356e-02
4.236225511234524566e-02
6.461568342963813771e-02
8.795010053113612447e-02
1.113414718733532899e-01
1.341411755507449510e-01
1.559763103117521033e-01
1.766590471647741523e-01
1.961306858687352772e-01
2.144344290488409133e-01
2.317613750316228072e-01
2.491861651756732132e-01
2.540787583004462391e-01
2.735133141830820569e-01
2.870847711288058157e-01
2.994986818468444167e-01
3.111079551187598824e-01
3.220534653800657954e-01
3.324269238678791982e-01
3.422993055225831971e-01
3.517286254518631750e-01
3.607626189328947963e-01
3.694397101742389333e-01
3.777891955731247919e-01
3.858308990781700865e-01
3.935743184587183197e-01
4.010171526928972274e-01
4.081429815386744542e-01
4.149177051534509997e-01
4.212840861056829644e-01
4.271532698346934276e-01
4.323912974879767779e-01
4.367969498362085923e-01
4.400638204054846403e-01
4.417119768104380007e-01
4.409567146660160475e-01
4.364354046236779694e-01
4.255769740593483563e-01
4.029319050307340611e-01
3.548347416636258300e-01
2.379675208545340981e-01
3.087314592711447921e-03
1.048136356155781046e+00
8.747330507620848516e-01
7.910651550867640047e-01
7.539947555784158872e-01
7.361210606577728299e-01
7.275946958098787887e-01
7.241074926011723534e-01
7.234083949363074861e-01
7.240637054517554683e-01
7.247299908299414950e-01
7.181874515001642756e-01
7.296178264614827658e-01
7.222247089758679905e-01
7.149269798267757769e-01
6.935161902302663384e-01
6.452177746621178267e-01
5.159824068396243746e-01
1.774460592687186478e-01
4.604789779177915210e-01
9.203373911319366885e-01
9.651628038603932147e-01
9.692043695772755152e-01
9.700757902148449130e-01
9.718869346750920180e-01
9.747737944597029136e-01
9.783168950901551808e-01
9.820328423873183610e-01
9.853805243220761234e-01
9.875784190748601032e-01
9.869997439791254878e-01
9.784501795371728372e-01
9.293522097767363821e-01
1.521306991052898683e-01
9.813837493596282435e-01
1.026912452938242293e+00
1.031948751524790264e+00
1.033255628502760981e+00
1.033209953119216928e+00
1.032227784634438539e+00
1.030381258912964615e+00
1.027673343658596972e+00
1.024099254343640020e+00
1.019663517442458645e+00
1.014386013427062361e+00
1.008305097681041929e+00
1.001480022442777340e+00
9.939930722328141899e-01
9.859493602856533867e-01
9.774028655026104628e-01
9.689144227554470357e-01
9.601933090295109441e-01
9.517220279403717509e-01
9.437654785096170063e-01
9.366041479995237395e-01
9.304312526992351007e-01
9.250825986120441158e-01
9.192258980087039122e-01
9.077889823652981471e-01
8.734252805323839963e-01
7.605452802777180610e-01
4.484321944571679208e-01
5.635022199526764503e-02
3.334187062331520068e-02
1.702175531495725980e-01
2.836498196559977258e-01
3.610940873846652521e-01
4.153417934442669712e-01
4.564984177337886306e-01
4.925901561616272684e-01
