1.000689398478439740e+00
1.000526816350430170e+00
1.000372858575515389e+00
1.000237248878399265e+00
1.000125193575816862e+00
1.000035314446834578e+00
9.999567061969082404e-01
9.998646915322946249e-01
9.997146328168465823e-01
9.994328284887435965e-01
9.989030084807040133e-01
9.979461428648530585e-01
9.962900374073433429e-01
9.935232936183943098e-01
9.890254119563706148e-01
9.818610021759114348e-01
9.706218519360639840e-01
9.531991416732127353e-01
9.264798774204242582e-01
8.860155092754722350e-01
8.258716732906916658e-01
7.392335098192209797e-01
6.208776082957260245e-01
4.725558627678905776e-01
3.095532309383317582e-01
1.608359911739841719e-01
5.580904998487965646e-02
6.867696027422391138e-03
6.045955592476964617e-03
3.590414848338957521e-02
8.039965066602473842e-02
1.289191363881757868e-01
1.757525896221713568e-01
2.183630140823833443e-01
2.558397865551916284e-01
2.889230522501242682e-01
3.170792673220908520e-01
3.413460428866202934e-01
3.622212276563359090e-01
3.801976590096857178e-01
3.957111694816616843e-01
4.091363791236341529e-01
4.207913838344204960e-01
4.309449463538640446e-01
4.398239258746078906e-01
4.476200763541874350e-01
4.544959354834106624e-01
4.605897838803960087e-01
4.660197585309840407e-01
4.708872379482355597e-01
4.752796181433404099e-01
4.792725871176192198e-01
4.829319901015186045e-01
4.863153622083987160e-01
4.894731911773768651e-01
4.924499609586326376e-01
4.952850170373069294e-01
4.980132863831444601e-01
5.006658784742974433e-01
5.032705887024232494e-01
5.058523213831593868e-01
5.084334463725760367e-01
5.110341007715870632e-01
5.136724452760581539e-01
5.163648833349179235e-01
5.191262504075693229e-01
5.219699803448492048e-01
5.249082564921111471e-01
5.279521570701278810e-01
5.311118089422569577e-01
5.343965738082065986e-01
5.378153129557344814e-01
5.413768288191863620e-01
5.450907158267916941e-01
5.489692421324388061e-01
5.530322073675492112e-01
5.573223760303127605e-01
5.619737798060332468e-01
5.678222080268130467e-01
5.628113417155176101e-01
5.730720752209460533e-01
5.785942423783567712e-01
5.838521355858208306e-01
5.891279051321614002e-01
5.944843973332146758e-01
5.999392899511096777e-01
6.054953440452924829e-01
6.111486595484301176e-01
6.168915629136548784e-01
6.227137921627521333e-01
6.286030412910165177e-01
6.345452336735265542e-01
6.405246717812868029e-01
6.465241287292038397e-01
6.525249141931297459e-01
6.585069339109095310e-01
6.644487591820540384e-01
6.703277310767454811e-01
6.761201578331693662e-01
6.818017846340254096e-01
6.873491654301899789e-01
6.925224332925474791e-01
6.980968795972936070e-01
7.024453667844532401e-01
7.073246352194190179e-01
7.117405732838055776e-01
7.158030243773161327e-01
7.194908881937587264e-01
7.227701233568661898e-01
7.256022481069914765e-01
7.279458133481399029e-01
7.297566057888198454e-01
7.309874747189848421e-01
7.315879920099275235e-01
7.315040090865905231e-01
7.306771362021937666e-01
7.290441594349272858e-01
7.265364107378391445e-01
7.230791110157241963e-01
7.185907142573122464e-01
7.129822921578791162e-01
7.061570138619515102e-01
6.980097950927550698e-01
6.884272156999701187e-01
6.772878350728829266e-01
6.644630709927094037e-01
6.498188484787925656e-01
6.332182685785758824e-01
6.145255879119194686e-01
5.936118294863349520e-01
5.703623502822174895e-01
5.446866517997093204e-01
5.165306104523628150e-01
4.858910954179923580e-01
4.528326035277441264e-01
4.175050569872639228e-01
3.801612914812882438e-01
3.411720696775964456e-01
3.010358150283051204e-01
2.603798659965356754e-01
2.199501097211325196e-01
1.805863543009265659e-01
1.431794001870917710e-01
1.083756621550766436e-01
7.759912025038925854e-02
5.183486745161999809e-02
3.056489465021174426e-02
1.483344151517495407e-02
4.789799080161995931e-03
4.086018248201785477e-04
1.562893687178493673e-03
7.962285605290782275e-03
1.722358420765963960e-02
3.248380306461012834e-02
5.097223556385067217e-02
7.228528911846640592e-02
9.598665386605516325e-02
1.216242629058354174e-01
1.488017178255014172e-01
1.772110242662213730e-01
2.067254057831662550e-01
2.382728302678701060e-01
2.598622148908085738e-01
2.938959429791332401e-01
3.250273764645697505e-01
3.558929749813498078e-01
3.867204281373795571e-01
4.175716787165218991e-01
4.484892525532521712e-01
4.795214751678915643e-01
5.107279624736563717e-01
5.421803428210160147e-01
5.739614389232303715e-01
6.061635461764680599e-01
6.388855167956256631e-01
6.722276747183860701e-01
7.062826547971686741e-01
7.411186576756669808e-01
7.767486677671658901e-01
8.130736447414034229e-01
8.497771793563951848e-01
8.861291524903555095e-01
9.206190053253563432e-01
9.502760705557624643e-01
9.694507887557961556e-01
9.678289949209222254e-01
9.279826644447741746e-01
8.223657647237115897e-01
6.470544432321233552e-01
4.058218827429538877e-01
1.783150912093008911e-01
3.904269884339546526e-02
5.251534696732721623e-04
2.939075250489084010e-02
8.977194489679808653e-02
1.595996652147779471e-01
2.283695949522816238e-01
2.919837492428521974e-01
3.493308550676916258e-01
4.005421703105762066e-01
