9.968921052989987430e-01
9.969034417953110960e-01
9.969148793031337163e-01
9.969260673338229406e-01
9.969367453399348156e-01
9.969467320123232001e-01
9.969559147810581612e-01
9.969642397266926803e-01
9.969717020548164443e-01
9.969783372420178980e-01
9.969842129232528993e-01
9.969894215592740583e-01
9.969940738971750926e-01
9.969982932167794631e-01
9.970022103391474877e-01
9.970059593619825522e-01
9.970096740773728428e-01
9.970134850211176403e-01
9.970175171001871561e-01
9.970218877414646075e-01
9.970267055062146389e-01
9.970320691148802927e-01
9.970380668288444381e-01
9.970447761387554175e-01
9.970522637121556064e-01
9.970605855563595687e-01
9.970697873568467040e-01
9.970799049545304715e-01
9.970909649299504185e-01
9.971029852653928716e-01
9.971159760599662691e-01
9.971299402756121921e-01
9.971448744962907451e-01
9.971607696837339052e-01
9.971776119177219178e-01
9.971953831097585264e-01
9.972140616825809767e-01
9.972336232084867413e-01
9.972540410024461899e-01
9.972752866665568483e-01
9.972973305843019221e-01
9.973201423636800511e-01
9.973436912296401724e-01
9.973679463668163603e-01
9.973928772138977994e-01
9.974184537122526839e-01
9.974446465109201299e-01
9.974714271309130798e-01
9.974987680917161148e-01
9.975266430033733478e-01
9.975550266267563249e-01
9.975838949059648852e-01
9.976132249751520353e-01
9.976429951434128141e-01
9.976731848603010988e-01
9.977037746650384564e-01
9.977347461218369906e-01
9.977660817438739338e-01
9.977977649083398237e-01
9.978297797644966050e-01
9.978621111368051189e-01
9.978947444249981480e-01
9.979276655024296172e-01
9.979608606144674265e-01
9.979943162778176502e-01
9.980280191824040248e-01
9.980619560962395997e-01
9.980961137745606448e-01
9.981304788736194977e-01
9.981650378700172022e-01
9.981997769858493852e-01
9.982346821199841180e-01
9.982697387861366733e-01
9.983049320576002916e-01
9.983402465188347952e-01
9.983756662241938251e-01
9.984111746633410611e-01
9.984467547340870608e-01
9.984823887217091354e-01
9.985180582851133080e-01
9.985537444497162296e-01
9.985894276066900055e-01
9.986250875183007025e-01
9.986607033292239644e-01
9.986962535837489163e-01
9.987317162482300947e-01
9.987670687387848467e-01
9.988022879539291132e-01
9.988373503116482199e-01
9.988722317909853876e-01
9.989069079772745496e-01
9.989413541114305906e-01
9.989755451422940302e-01
9.990094557820201615e-01
9.990430605643961792e-01
9.990763339053250203e-01
9.991092501652666380e-01
9.991417837136553626e-01
9.991739089944845498e-01
9.992056005928264817e-01
9.992368333022128013e-01
9.992675821919412282e-01
9.992978226746976889e-01
9.993275305732037816e-01
9.993566821864220406e-01
9.993852543538913613e-01
9.994132245188271924e-01
9.994405707886717671e-01
9.994672719929452720e-01
9.994933077381195075e-01
9.995186584586708278e-01
9.995433054637781201e-01
9.995672309796289623e-01
9.995904181859285309e-01
9.996128512467814531e-01
9.996345153349408541e-01
9.996553966487743415e-01
9.996754824213655022e-01
9.996947609213086006e-01
9.997132214438976261e-01
9.997308542926375274e-01
9.997476507499611920e-01
9.997636030364955850e-01
9.997787042582589878e-01
9.997929483407610451e-01
9.998063299496116052e-01
9.998188443966541383e-01
9.998304875309346196e-01
9.998412556138297491e-01
9.998511451777918335e-01
9.998601528678175976e-01
9.998682752652202632e-01
9.998755086933824865e-01
9.998818490043442919e-01
9.998872913466024803e-01
9.998918299134809118e-01
9.998954576715096687e-01
9.998981660693500029e-01
9.998999447264430573e-01
9.999007811018796321e-01
9.999006601433433339e-01
9.998995639159606874e-01
9.998974712114077068e-01
9.998943571368281713e-01
9.998901926831601505e-01
9.998849442722871350e-01
9.998785732811403815e-01
9.998710355405773242e-01
9.998622808048152066e-01
9.998522521852187817e-01
9.998408855391804906e-01
9.998281087999142391e-01
9.998138412266914798e-01
9.997979925452485928e-01
9.997804619337389287e-01
9.997611367894195800e-01
9.997398911798464072e-01
9.997165838353125888e-01
9.996910554676885496e-01
9.996631250868623919e-01
9.996325848047635798e-01
9.995991923179932126e-01
9.995626597534491564e-01
9.995226366753545699e-01
9.994786834412709986e-01
9.994302280368322355e-01
9.993764934122220112e-01
9.993163693976289119e-01
9.992481737890313021e-01
9.991691738935296607e-01
9.990745363678859015e-01
9.989547214664030728e-01
9.987877968526241990e-01
9.985098737147104497e-01
9.978315337095547966e-01
9.916843343073785677e-01
9.994500952943456973e-01
9.994664136307302993e-01
9.992352340971850655e-01
9.990656557947038552e-01
9.989279245200409774e-01
9.988068994799672584e-01
9.986954022584076940e-01
9.985898412913586375e-01
9.984883872292469320e-01
9.983901660648817344e-01
9.982948711464002534e-01
9.982025617443707199e-01
9.981135509031118236e-01
9.980283384896951882e-01
9.979475679631066853e-01
9.978719956880734987e-01
9.978024666075645532e-01
9.977398926330706130e-01
9.976852314711880387e-01
9.976394643636993242e-01
9.976035716591918900e-01
9.975785054063691648e-01
9.975651583384542720e-01
9.975643287520352676e-01
