9.989292062173513731e-01
9.989262549261150870e-01
9.989237050669101947e-01
9.989215611308457365e-01
9.989198239642196331e-01
9.989184914318194330e-01
9.989175590168075658e-01
9.989170203562548478e-01
9.989168677124955487e-01
9.989170923823741388e-01
9.989176850473003855e-01
9.989186360677617671e-01
9.989199357265445833e-01
9.989215744253266971e-01
9.989235428389161564e-01
9.989258320322830231e-01
9.989284335446564356e-01
9.989313394448464667e-01
9.989345423626962983e-01
9.989380354995039957e-01
9.989418126217876059e-01
9.989458680412623970e-01
9.989501965838955000e-01
9.989547935507182563e-01
9.989596546727697035e-01
9.989647760618809436e-01
9.989701541592680423e-01
9.989757856830505656e-01
9.989816675762487330e-01
9.989877969559795012e-01
9.989941710647546325e-01
9.990007872242029352e-01
9.990076427923739733e-01
9.990147351240141749e-01
9.990220615348024413e-01
9.990296192690402144e-01
9.990374054714661334e-01
9.990454171624688628e-01
9.990536512171677153e-01
9.990621043478065122e-01
9.990707730896213334e-01
9.990796537896520224e-01
9.990887425985418568e-01
9.990980354650486062e-01
9.991075281327449487e-01
9.991172161391588258e-01
9.991270948167402244e-01
9.991371592955670122e-01
9.991474045074788535e-01
9.991578251916941600e-01
9.991684159012088617e-01
9.991791710104940272e-01
9.991900847235994920e-01
9.992011510830117738e-01
9.992123639788602629e-01
9.992237171585118816e-01
9.992352042363379372e-01
9.992468187034944105e-01
9.992585539378238124e-01
9.992704032135852898e-01
9.992823597110299660e-01
9.992944165258814682e-01
9.993065666784097800e-01
9.993188031223720902e-01
9.993311187534189566e-01
9.993435064174079896e-01
9.993559589181387759e-01
9.993684690248326730e-01
9.993810294791347637e-01
9.993936330018329262e-01
9.994062722991540193e-01
9.994189400685393743e-01
9.994316290042628559e-01
9.994443318026113854e-01
9.994570411666373611e-01
9.994697498107218969e-01
9.994824504645499763e-01
9.994951358771866357e-01
9.995077988205565145e-01
9.995204320926579511e-01
9.995330285207082444e-01
9.995455809640115818e-01
9.995580823164883499e-01
9.995705255090503449e-01
9.995829035119579986e-01
9.995952093368342117e-01
9.996074360386086877e-01
9.996195767174047564e-01
9.996316245201513073e-01
9.996435726423654744e-01
9.996554143295203199e-01
9.996671428787419211e-01
9.996787516401843821e-01
9.996902340184059543e-01
9.997015834739568785e-01
9.997127935247603903e-01
9.997238577474516497e-01
9.997347697790293086e-01
9.997455233183745182e-01
9.997561121277441787e-01
9.997665300346190165e-01
9.997767709332655572e-01
9.997868287868314496e-01
9.997966976291190466e-01
9.998063715669541773e-01
9.998158447821372530e-01
9.998251115341328932e-01
9.998341661625493870e-01
9.998430030898494136e-01
9.998516168244072633e-01
9.998600019636848524e-01
9.998681531974716874e-01
9.998760653117281239e-01
9.998837331922587612e-01
9.998911518288894351e-01
9.998983163198917890e-01
9.999052218765622779e-01
9.999118638280641846e-01
9.999182376268127559e-01
9.999243388537540911e-01
9.999301632242199034e-01
9.999357065939337152e-01
9.999409649652974963e-01
9.999459344940189176e-01
9.999506114958319758e-01
9.999549924536264012e-01
9.999590740247111809e-01
9.999628530482184141e-01
9.999663265526796962e-01
9.999694917637607094e-01
9.999723461119565115e-01
9.999748872402747235e-01
9.999771130121031248e-01
9.999790215184378717e-01
9.999806110852328400e-01
9.999818802804015805e-01
9.999828279200340120e-01
9.999834530744556860e-01
9.999837550731438540e-01
9.999837335089993839e-01
9.999833882414855823e-01
9.999827193983614748e-01
9.999817273761333336e-01
9.999804128386922120e-01
9.999787767139453054e-01
9.999768201883663110e-01
9.999745446988795861e-01
9.999719519220854336e-01
9.999690437603041548e-01
9.999658223241747468e-01
9.999622899115138130e-01
9.999584489820064759e-01
9.999543021274410748e-01
9.999498520372335220e-01
9.999451014585541975e-01
9.999400531511621892e-01
9.999347098364290698e-01
9.999290741401657412e-01
9.999231485293579302e-01
9.999169352422921930e-01
9.999104362121599143e-01
9.999036529842222354e-01
9.998965866265253633e-01
9.998892376344762356e-01
9.998816058297709253e-01
9.998736902543347016e-01
9.998654890601401668e-01
9.998569993963783986e-01
9.998482172949599844e-01
9.998391375572043271e-01
9.998297536434035404e-01
9.998200575689156766e-01
9.998100398102415243e-01
9.997996892256497681e-01
9.997889929961935040e-01
9.997779365934230666e-01
9.997665037821023004e-01
9.997546766676326246e-01
9.997424358000128741e-01
9.997297603487534934e-01
9.997166283666758524e-01
9.997030171642445895e-01
9.996889038224588964e-01
9.996742658792051595e-01
9.996590822346292926e-01
9.996433343346267097e-01
9.996270077115565478e-01
9.996100939868893809e-01
9.995925934765222953e-01
9.995745185802437094e-01
9.995558981730140458e-01
9.995367831878020359e-01
9.995172532958257472e-01
9.994974233638082017e-01
9.994774437014760649e-01
9.994574700721381433e-01
9.994375030279183392e-01
9.994166149661893872e-01
9.993885972015514874e-01
9.993049224581908030e-01
