9.878337223309504589e-01
9.879708438198232523e-01
9.881116874052426891e-01
9.882562268287721219e-01
9.884044323466010251e-01
9.885562692681530983e-01
9.887116968025456698e-01
9.888706671785411073e-01
9.890331250044528399e-01
9.891990068359027832e-01
9.893682409213533369e-01
9.895407470973545117e-01
9.897164368080175745e-01
9.898952132256438885e-01
9.900769714513948383e-01
9.902615987782560358e-01
9.904489749999074721e-01
9.906389727515574339e-01
9.908314578716105325e-01
9.910262897733980170e-01
9.912233218195093398e-01
9.914224016917955185e-01
9.916233717518380120e-01
9.918260693878389045e-01
9.920303273452591997e-01
9.922359740388300153e-01
9.924428338451212195e-01
9.926507273746456583e-01
9.928594717240888379e-01
9.930688807086660574e-01
9.932787650757557429e-01
9.934889327004835513e-01
9.936991887653775501e-01
9.939093359246883308e-01
9.941191744555776255e-01
9.943285023973937875e-01
9.945371156812001789e-01
9.947448082506125111e-01
9.949513721760238072e-01
9.951565977634986293e-01
9.953602736600255518e-01
9.955621869563299198e-01
9.957621232887198248e-01
9.959598669412480509e-01
9.961552009489679227e-01
9.963479072038561313e-01
9.965377665639255644e-01
9.967245589665622019e-01
9.969080635467350016e-01
9.970880587610519985e-01
9.972643225177215687e-01
9.974366323137134893e-01
9.976047653788080449e-01
9.977684988274914124e-01
9.979276098187370714e-01
9.980818757242390094e-01
9.982310743051124868e-01
9.983749838973906554e-01
9.985133836066154567e-01
9.986460535114650705e-01
9.987727748767537550e-01
9.988933303759386373e-01
9.990075043230560725e-01
9.991150829145376555e-01
9.992158544805878062e-01
9.993096097467811800e-01
9.993961421054802230e-01
9.994752478976136612e-01
9.995467267046915794e-01
9.996103816514873008e-01
9.996660197193985020e-01
9.997134520706810745e-01
9.997524943840969680e-01
9.997829672020455138e-01
9.998046962894981959e-01
9.998175130053505999e-01
9.998212546862268457e-01
9.998157650439103428e-01
9.998008945762456579e-01
9.997765009924600710e-01
9.997424496538260819e-01
9.996986140301811208e-01
9.996448761731990817e-01
9.995811272075049159e-01
9.995072678409107070e-01
9.994232088946881642e-01
9.993288718554512728e-01
9.992241894502842392e-01
9.991091062465008443e-01
9.989835792784294011e-01
9.988475787027241148e-01
9.987010884852698389e-01
9.985441071216625275e-01
9.983766483944188641e-01
9.981987421704044960e-01
9.980104352416016011e-01
9.978117922133428186e-01
9.976028964448196978e-01
9.973838510462958995e-01
9.971547799386978328e-01
9.969158289819214369e-01
9.966671671781760500e-01
9.964089879586289777e-01
9.961415105610428311e-01
9.958649815086756396e-01
9.955796762000257427e-01
9.952859006221997928e-01
9.949839932001725007e-01
9.946743267967821378e-01
9.943573108798602345e-01
9.940333938739753794e-01
9.937030657163189451e-01
9.933668606379725263e-01
9.930253601910367101e-01
9.926791965414780705e-01
9.923290560382880265e-01
9.919756830445949358e-01
9.916198839430747647e-01
9.912625309988123412e-01
9.909045649523461341e-01
9.905469917458015194e-01
9.901908487548503057e-01
9.898369219457348045e-01
9.894775119789106510e-01
9.891364372251650883e-01
9.888074018670787169e-01
9.884801342484607067e-01
9.881628607005346066e-01
9.878579322463889589e-01
9.875675646670496466e-01
9.872941104495993603e-01
9.870401157007053783e-01
9.868083499380411183e-01
9.866018316571478763e-01
9.864238542180987501e-01
9.862780131805993777e-01
9.861682352492695536e-01
9.860988084903707929e-01
9.860744129790318668e-01
9.861001503461023221e-01
9.861815696457049141e-01
9.863246853398114355e-01
9.865359806530228370e-01
9.868223855416939916e-01
9.871912121561348119e-01
9.876500204712332920e-01
9.882063702202815714e-01
9.888673881049010461e-01
9.896390339704675965e-01
9.905248728487808796e-01
9.915240270341582063e-01
9.926277479265219750e-01
9.938136232806541459e-01
9.950356475804280620e-01
9.962068755736487313e-01
9.971683990096777972e-01
9.976322854868427958e-01
9.970731518120053982e-01
9.945144311915955493e-01
9.880901363729449605e-01
9.741117941564850780e-01
9.450347796277972501e-01
8.851561674619723430e-01
7.634629303076373441e-01
5.356045391523728272e-01
2.161675172052787974e-01
1.218434970756289946e-02
7.666118571644761626e-02
2.481408038022131224e-01
3.962783499712536628e-01
5.021709567496017712e-01
5.760888994248939410e-01
6.286178038158303227e-01
6.669457552364227437e-01
6.956354792678243193e-01
7.175921554581605744e-01
7.347077548254631330e-01
7.482484521693433255e-01
7.590848129284599732e-01
7.678305851540638827e-01
7.749283499791561614e-01
7.807037327631982659e-01
7.854005797215312112e-01
7.892043247577416043e-01
7.922578505174663333e-01
7.946724684076204026e-01
7.965356551459108481e-01
7.979165897651147032e-01
7.988701699870119910e-01
7.994399575813883052e-01
7.996603552655794367e-01
7.995582214348431194e-01
7.991540646551091864e-01
7.984629157886441453e-01
7.974949445377288448e-01
7.962558642984224333e-01
7.947471511920268794e-01
7.929660874063482190e-01
7.909056230849462743e-01
7.885540319202528625e-01
