9.953587920410599255e-01
9.963525137986144475e-01
9.972619996429470390e-01
9.980714471708059810e-01
9.987683758839669412e-01
9.993432985022382420e-01
9.997893845559302495e-01
1.000102125673452802e+00
1.000279010167429039e+00
1.000319212905505628e+00
1.000223305021686215e+00
9.999929867684698159e-01
9.996308457292851779e-01
9.991401416830997251e-01
9.985246186332263907e-01
9.977883438666996785e-01
9.969355733812802489e-01
9.959706425969021559e-01
9.948978809433695059e-01
9.937215486699998435e-01
9.924457940542219525e-01
9.910746290730958474e-01
9.896119215449669104e-01
9.880614017335630495e-01
9.864266814286526408e-01
9.847112835682533261e-01
9.829186805424974249e-01
9.810523394120413965e-01
9.791157723816183989e-01
9.771125909867977022e-01
9.750465625764550559e-01
9.729216678027594600e-01
9.707421579625120645e-01
9.685126111638243662e-01
9.662379864241879002e-01
9.639236749326492992e-01
9.615755478342095097e-01
9.592000000131377657e-01
9.568039894673716628e-01
9.543950719736897792e-01
9.519814308453367069e-01
9.495719016772857790e-01
9.471759920605484773e-01
9.448038963235380061e-01
9.424665054250158658e-01
9.401754121801807473e-01
9.379429120442083212e-01
9.357819997085762287e-01
9.337063617795234860e-01
9.317303658047345616e-01
9.298690458877747478e-01
9.281380850788638615e-01
9.265537946437294448e-01
9.251330901859584621e-01
9.238934644149540132e-01
9.228529560968081746e-01
9.220301143714558778e-01
9.214439571314645416e-01
9.211139214826744581e-01
9.210598033679515684e-01
9.213016821222717034e-01
9.218598238732973460e-01
9.227545550589622003e-01
9.240060935254537089e-01
9.256343191080189658e-01
9.276584573566782899e-01
9.300966376243535727e-01
9.329652674890295261e-01
9.362781347092233863e-01
9.400450962795748877e-01
9.442701208704163962e-01
9.489482617841036305e-01
9.540606797252683124e-01
9.595654013953154315e-01
9.653750770196629638e-01
9.712632740634753459e-01
9.750877002461405541e-01
9.855639733771368594e-01
9.907139997191114489e-01
9.952258686945727462e-01
9.978863991611605089e-01
9.972164766022183491e-01
9.909287685152036174e-01
9.753819828285006377e-01
9.448013327689769314e-01
8.903302135781324678e-01
7.996280969286850837e-01
6.595759549045229209e-01
4.674426624028449329e-01
2.517171167665660514e-01
7.763692835156864314e-02
2.310974059967276298e-03
2.542685895284962569e-02
1.063036826307842964e-01
2.062826291906096066e-01
3.040767057517394512e-01
3.915689906192085235e-01
4.671726065999042832e-01
5.318227892164741899e-01
5.871511371284220404e-01
6.347811318968137329e-01
6.761067391964745710e-01
7.122575591043259768e-01
7.441269325614455754e-01
7.724150935758020697e-01
7.976704347479013357e-01
8.203240274537995091e-01
8.407169051188507769e-01
8.591206303162391977e-01
8.757334529213144370e-01
8.908213190961515870e-01
9.044295131872014393e-01
9.167278219305530218e-01
9.278218592582112567e-01
9.378052249123910444e-01
9.467611335264585204e-01
9.547646386448652711e-01
9.618844019839088988e-01
9.681840291967113155e-01
9.737230558312193196e-01
9.785576601204980518e-01
9.827411657111431165e-01
9.863243851748632052e-01
9.893558450059203313e-01
9.918819245439338683e-01
9.939469345188695071e-01
9.955931553859660443e-01
9.968608510708750758e-01
9.977882700034158558e-01
9.984116422490251219e-01
9.987651790459795009e-01
9.988810790398351402e-01
9.987895439020183508e-01
9.985188047637991726e-01
9.980951599372805960e-01
9.975430236752804714e-01
9.968849851973101694e-01
9.961418768319513228e-01
9.953328498435347615e-01
9.944754562699279488e-01
9.935857348135160860e-01
9.926782983732456156e-01
9.917664199456176499e-01
9.908621118745372103e-01
9.899761897342209682e-01
9.891183039468923743e-01
9.882969029708128517e-01
9.875190426297141277e-01
9.867898156275950461e-01
9.861107114701395115e-01
9.854743426290035746e-01
9.848427159383583707e-01
9.840008068598156132e-01
9.783285687490873572e-01
9.837133218634257492e-01
9.843357888192720839e-01
9.843430212064778750e-01
9.844485004568469533e-01
9.846857626175558043e-01
9.850605361977408103e-01
9.855698700598171103e-01
9.861941732190306897e-01
9.868720856162959132e-01
9.874327393169076705e-01
9.873952938015518876e-01
9.852808903617095160e-01
9.756660968007506707e-01
9.313008723786940779e-01
6.402681398640589494e-01
1.667994088381677120e-01
6.762722564033247785e-01
8.374000615618546473e-01
8.916433587259570137e-01
9.169023849246489277e-01
9.311887371116410739e-01
9.403432217549080319e-01
9.467410384494795439e-01
9.515066600122656926e-01
9.552327206847009977e-01
9.582570185937199225e-01
9.607836258018532805e-01
9.629412282676801382e-01
9.648134747319980775e-01
9.664557884547355648e-01
9.679051862938407025e-01
9.691862844418421830e-01
9.703151290849896249e-01
9.713017395513060537e-01
9.721518659947425700e-01
9.728682563763249025e-01
9.734516114048925584e-01
9.739013385796267963e-01
9.742161757289083956e-01
9.743947288330503387e-01
9.744359519640806155e-01
9.743395850225953225e-01
9.741065550098858550e-01
9.737393365605808704e-01
9.732422543566082718e-01
9.726216880851527025e-01
