9.991014993562752355e-01
9.986538695514504127e-01
9.981846194159497143e-01
9.977181437011166665e-01
9.972744180751113019e-01
9.968692832916514757e-01
9.965147720362191874e-01
9.962194627395253299e-01
9.959888472242792723e-01
9.958257013808718972e-01
9.957304501517741935e-01
9.957015199447278864e-01
9.957356732123355814e-01
9.958283213336649453e-01
9.959738131338861100e-01
9.961656973964179151e-01
9.963969585702537879e-01
9.966602255752253781e-01
9.969479541740559059e-01
9.972525838246574237e-01
9.975666702708881894e-01
9.978829953807663022e-01
9.981946559173165978e-01
9.984951330368285749e-01
9.987783443645984471e-01
9.990386805080220256e-01
9.992710278407964664e-01
9.994707793362788140e-01
9.996338351509007625e-01
9.997565945638908769e-01
9.998359407739513260e-01
9.998692199398363512e-01
9.998542157354094462e-01
9.997891205695895733e-01
9.996725045058275638e-01
9.995032828001189085e-01
9.992806828677299746e-01
9.990042113830439607e-01
9.986736221199213892e-01
9.982888850475983844e-01
9.978501571132518677e-01
9.973577550646673950e-01
9.968121305966097800e-01
9.962138480412121577e-01
9.955635647659554222e-01
9.948620143935972271e-01
9.941099929139147751e-01
9.933083477195148170e-01
9.924579695652833156e-01
9.915597874240743570e-01
9.906147661877313659e-01
9.896239071458620140e-01
9.885882511595995847e-01
9.875088844394097620e-01
9.863869468300464627e-01
9.852236425056601909e-01
9.840202529819233046e-01
9.827781523624115056e-01
9.814988247538313226e-01
9.801838838110050744e-01
9.788350944123315189e-01
9.774543965239168575e-01
9.760439313945583617e-01
9.746060703486454369e-01
9.731434466299195840e-01
9.716589910349371362e-01
9.701559725197451689e-01
9.686380456781921167e-01
9.671093081660158131e-01
9.655743731451640333e-01
9.640384653419923344e-01
9.625075557592229769e-01
9.609885624387118908e-01
9.594896696500816446e-01
9.580208716511560141e-01
9.565949720293266401e-01
9.552295880226209235e-01
9.539516237351549632e-01
9.528087524933358532e-01
9.519053853041599123e-01
9.515579007143775137e-01
9.535981074977345484e-01
9.234246747373660025e-01
9.416130777270913521e-01
9.424968021107412719e-01
9.423768365694151772e-01
9.420714415484907622e-01
9.417808485615618563e-01
9.415862862691602997e-01
9.415331725976660016e-01
9.416534146721203813e-01
9.419731380926391617e-01
9.425158288149674268e-01
9.433037313655886491e-01
9.443584713129854480e-01
9.457012681223875283e-01
9.473528769109255121e-01
9.493332942304152366e-01
9.516612015103916855e-01
9.543530672532068992e-01
9.574217672789755440e-01
9.608744951761428732e-01
9.647096016872139801e-01
9.689117893119459923e-01
9.734447420720030442e-01
9.782396952660669109e-01
9.831774791632102994e-01
9.880599065641039180e-01
9.925634849742138721e-01
9.961633747972911124e-01
9.980066609865124727e-01
9.966988198125668053e-01
9.899428887424291945e-01
9.739390930373167388e-01
9.424430783715487259e-01
8.855363615388369691e-01
7.889829838575609378e-01
6.376580770739092019e-01
4.305791355588045044e-01
2.074930659792755261e-01
4.708441518379025831e-02
5.029000889008375646e-04
4.790253544371673305e-02
1.395671602883230833e-01
2.395825133281705432e-01
3.318612612553303864e-01
4.118394194880818371e-01
4.797267081250089493e-01
5.372151136759250045e-01
5.861876950280461296e-01
6.282998953407277209e-01
6.648929301511951051e-01
6.970181428911902399e-01
7.254893201267740288e-01
7.509345475062765285e-01
7.738396080450841152e-01
7.945820652527781913e-01
8.134573345233714337e-01
8.306984316794191470e-01
8.464909063726067107e-01
8.609841589444878762e-01
8.743000484055862831e-01
8.865394644585266049e-01
8.977873588139854144e-01
9.081166005705019195e-01
9.175909259865080436e-01
9.262671849970811611e-01
9.341970378957902277e-01
9.414282202056751814e-01
9.480054679216283198e-01
9.539711761769631426e-01
9.593658499649443394e-01
9.642283944306206944e-01
9.685962834697101620e-01
9.725056382651686704e-01
9.759912415106090089e-01
9.790865081039710205e-01
9.818234288310124791e-01
9.842324998142168990e-01
9.863426470451712724e-01
9.881811516371595827e-01
9.897735758698246178e-01
9.911436757066323100e-01
9.923132237285510193e-01
9.933012261810223453e-01
9.941133603586281842e-01
9.948465650409957783e-01
9.953947355832061250e-01
9.958402268521160394e-01
9.962026948703831541e-01
9.960093485344665432e-01
9.964059084236004393e-01
9.965071156353995097e-01
9.964964903539329510e-01
9.963969182856550200e-01
9.962106591401760358e-01
9.959334124787790898e-01
9.955555457345212078e-01
9.950611899613052147e-01
9.944262044874370154e-01
9.936148236256435728e-01
9.925743067773913353e-01
9.912263105585675804e-01
9.894526373865125679e-01
9.870709449154474457e-01
9.837917447052301201e-01
9.791387806593234711e-01
9.722935818802972419e-01
9.617724376050772461e-01
9.447042466678381434e-01
9.150761995336573751e-01
8.591037556750510396e-01
7.427470816527277364e-01
4.908464379093410157e-01
9.678100673375443497e-02
1.157124692938194671e-01
4.687055416569279043e-01
6.892970767014601208e-01
8.011349257473047158e-01
8.617883287703795858e-01
