9.306722018648009298e-01
9.441162135482739082e-01
9.568114455876645108e-01
9.685677456436929678e-01
9.792888535191621724e-01
9.889565246983708091e-01
9.976118327783508599e-01
1.005332787113832449e+00
1.012206338891214807e+00
1.018291222463492574e+00
1.023565563832316672e+00
1.027849344083201943e+00
1.030686217882871958e+00
1.031162097682329248e+00
1.027632282642656492e+00
1.017336093797341023e+00
9.959305541751644064e-01
9.571451509397190804e-01
8.931465578566218921e-01
7.967261631986511938e-01
6.662273984609952127e-01
5.114207149704544930e-01
3.540665238389351099e-01
2.186241994425127677e-01
1.198895994909182361e-01
5.898701865232720831e-02
2.847679591179378897e-02
3.044719677104064728e-02
2.818190520100393726e-01
1.248314941790852478e-01
2.902782416115827213e-01
2.555266151177361666e-01
1.784203364780235779e-01
1.700714542023361864e-01
1.747259166929540364e-01
1.834079305805889071e-01
1.935869413985751575e-01
2.043022010145520706e-01
2.150390784375473263e-01
2.258635409326465171e-01
2.365887917889394343e-01
2.472352494323862560e-01
2.578315008831915112e-01
2.684168634404109910e-01
2.790357446772841477e-01
2.897343249485763716e-01
3.005588339724014069e-01
3.115547406239388972e-01
3.227664377033175325e-01
3.342371543921887067e-01
3.460088545605685129e-01
3.581216204900724009e-01
3.706103241857902630e-01
3.834822978161008256e-01
3.963970993822496514e-01
3.544206204656019654e-01
4.211856236391102737e-01
4.396663873192495076e-01
4.553706441337493360e-01
4.626969775976799149e-01
4.892699271204603018e-01
5.068484852269056207e-01
5.252578198794246589e-01
5.444541028326465026e-01
5.644416310839300843e-01
5.852251014946315832e-01
6.068014673405911497e-01
6.291562145234657066e-01
6.522603195624256944e-01
6.760671779011744320e-01
7.005093357421240396e-01
7.254950055207930459e-01
7.509044051884035120e-01
7.765859973702030628e-01
8.023527288961176396e-01
8.279783826126638768e-01
8.531941436017840275e-01
8.776854374379543522e-01
9.010889991714186031e-01
9.229899488632081761e-01
9.429183315209528349e-01
9.603440058380282585e-01
9.746675163636546735e-01
9.852004128428475394e-01
9.911007748318778621e-01
9.904689809331016503e-01
9.870808621402380467e-01
9.729877937212455530e-01
9.496806030415059219e-01
9.146890581242322904e-01
8.650797742050890804e-01
7.972085504375141518e-01
7.070457536002164867e-01
5.892476144791946036e-01
4.549271088415832165e-01
3.087344055910628549e-01
1.818990437438258723e-01
1.044719791897595479e-01
9.624491351649831772e-02
1.676498304767639336e-01
3.063873652000248526e-01
4.676817139093739639e-01
6.088838883450279349e-01
7.146844434159547177e-01
7.879866730044171597e-01
8.366024839996349938e-01
8.674681617079181839e-01
8.854045921872009117e-01
8.931188809344110524e-01
8.921911279525330807e-01
8.821498934094700317e-01
8.613488492755727588e-01
8.267557581832222224e-01
7.740103389258871092e-01
6.983138954560733636e-01
5.966583789127866133e-01
4.716650382432043820e-01
3.306680456073701202e-01
2.052599133583506430e-01
1.029238150490302539e-01
3.702734164328758126e-02
5.842889320896242286e-03
8.760317981295761983e-04
1.255450333467788768e-02
3.325537768685244561e-02
5.791264612244412940e-02
8.353914902470396808e-02
1.085478435443733985e-01
1.322031813551403645e-01
1.542529410758927133e-01
1.747017421148071847e-01
1.936767099383710500e-01
2.113451953917681314e-01
2.278490765116438777e-01
2.431713532305457559e-01
2.551131803133060427e-01
2.726105402118040311e-01
2.826832459549118992e-01
2.847874883998170459e-01
2.347166244995856910e-01
4.799072796926921458e-01
3.993177581003356513e-01
4.713240543795857440e-01
5.047822480731050110e-01
5.600505133768038935e-01
6.561025956622120736e-01
8.308439181620670411e-01
7.731657110084154683e-01
1.052228049010963014e-02
9.541435056125992242e-02
1.985687107157687592e-01
2.694306566308692363e-01
3.232736873366700570e-01
3.685839482307817772e-01
4.100634218412009813e-01
4.496562408839092084e-01
4.893281353677061407e-01
5.300984731789865068e-01
5.727601097921956042e-01
6.178874522240637157e-01
6.658117465414565839e-01
7.165031512157167271e-01
7.693211581423574641e-01
8.225725970064733383e-01
8.728202416016354048e-01
9.139934093178284646e-01
9.366401037823245401e-01
9.275383648034416506e-01
8.797281340266416283e-01
7.864484026026915542e-01
6.568328711301295586e-01
5.080501059336401948e-01
3.596655504283892690e-01
2.288829875327977048e-01
1.275377383250132224e-01
6.037250885611302603e-02
2.580864523625911108e-02
1.872892853544834424e-02
3.332252553787526383e-02
6.498536670994273234e-02
1.121047577733086248e-01
1.834319939169855584e-01
2.534012182168936533e-01
2.267466887052474178e-01
1.790553903010989600e-01
2.698870040126514769e-01
3.366073951725861435e-01
3.948868685547727297e-01
4.477756944263706074e-01
4.956846515142414034e-01
5.382168518891848885e-01
5.747165525974455846e-01
6.041153756805546227e-01
6.250951309935206535e-01
6.357481317393054443e-01
6.330253807195821425e-01
6.115281420003377821e-01
5.609453986172961981e-01
4.612482048703017701e-01
2.814940103670263705e-01
