6.951862863685930316e-01
7.132849527458807737e-01
7.310849143684562401e-01
7.485894647273201308e-01
7.657861660396912962e-01
7.826781395413177078e-01
7.991564390941928719e-01
8.153277493696851064e-01
8.310541004238972684e-01
8.463114737228327744e-01
8.610538614952165659e-01
8.752322936938486952e-01
8.887971170747506200e-01
9.016995558831836233e-01
9.138931634903204593e-01
9.253355330729393646e-01
9.359852159257547877e-01
9.458163110712750621e-01
9.548001757230621944e-01
9.629203679913093117e-01
9.701684260402246851e-01
9.765447670351571352e-01
9.820589294218730059e-01
9.867295746075986917e-01
9.905842822873848208e-01
9.936591626922199882e-01
9.959983133683332213e-01
9.976531529181563718e-01
9.986816675103497021e-01
9.991476074980064626e-01
9.991196711339825898e-01
9.986707102189789076e-01
9.978769886288584301e-01
9.968175189277276305e-01
9.955734941411484851e-01
9.942278197842856491e-01
9.928647321659893610e-01
9.915694559161180033e-01
9.904277921265568496e-01
9.895254076263926279e-01
9.889463483419702605e-01
9.887697725905580937e-01
9.890627311010496969e-01
9.898641036180200192e-01
9.911481289225173574e-01
9.927384583887307601e-01
9.940939797213025342e-01
9.937330374152132384e-01
9.875297828623046392e-01
9.631170127537180825e-01
8.808572453758691800e-01
6.423959497544398101e-01
3.102646750715111201e-01
1.232833214262549770e-01
3.572688736976357693e-01
5.857635326980514812e-01
7.069500635075917083e-01
7.780056944277650155e-01
8.255609541880147839e-01
8.609477142775765479e-01
8.894612207260663705e-01
9.137452583127058103e-01
9.351001266236496079e-01
9.537324049402665649e-01
9.699115011237487982e-01
9.823009041875119252e-01
9.889612047536462391e-01
9.873717463169049413e-01
9.726991037266300433e-01
9.389370089684546672e-01
8.788692773648801859e-01
7.861500014560752758e-01
6.594005357846048909e-01
5.070755405905881252e-01
3.485938569613853955e-01
2.077520125461816136e-01
1.019912530008415252e-01
3.644862523829300871e-02
6.096998834809523767e-03
1.504810204407565181e-03
1.334063548798303245e-02
3.431564607261219230e-02
5.940124206383174538e-02
8.537189949741756656e-02
1.102350877379900396e-01
1.327719460830729670e-01
1.521182091542085946e-01
1.679032622247540740e-01
1.794879097493699283e-01
1.864016816143606314e-01
1.880458075454250755e-01
1.836863980581620870e-01
1.724583632250030751e-01
1.534713511948053166e-01
1.261677478884372927e-01
9.126476487000247106e-02
5.287869836787285893e-02
2.234899896983669199e-02
2.211879559240466711e-02
8.198256475535023458e-02
2.184838995592068012e-01
4.090083595016476559e-01
5.982994697915362536e-01
7.440004470690472216e-01
8.397069375046817274e-01
8.979671745667815452e-01
9.325495116753473868e-01
9.530641320385622173e-01
9.653154236581268366e-01
9.726357050606505572e-01
9.769090535834609179e-01
9.791972621428078893e-01
9.800973436962744367e-01
9.799424081522323249e-01
9.789149925827344001e-01
9.771117413857894896e-01
9.745804013799972410e-01
9.710704711916334775e-01
9.674148794624408687e-01
9.627910248701919693e-01
9.574765507082527716e-01
9.514760625800345872e-01
9.447964684916334566e-01
9.374463904233331091e-01
9.294508236208037788e-01
9.208184596021388169e-01
9.115759084589044603e-01
9.017612673884921604e-01
8.912218070383589597e-01
8.803566340847809313e-01
8.689178075083515695e-01
8.569902923599390654e-01
8.446040329466940610e-01
8.317839759775789155e-01
8.185518332137264874e-01
8.049257995209705419e-01
7.909199485081880310e-01
7.765435490711657396e-01
7.617997192864325307e-01
7.466870074522667933e-01
7.311943096320024926e-01
7.153035201853378267e-01
6.989867661204760552e-01
6.822051527435653018e-01
6.649062076084846229e-01
6.469325435589634576e-01
6.285044111249982191e-01
6.091979392893395184e-01
5.890062848226393921e-01
5.677768510916485489e-01
5.453272452169350970e-01
5.214385904640296276e-01
4.958495296460556645e-01
4.682505232918928173e-01
4.382797535859301874e-01
4.055236061452131557e-01
3.695277582163227215e-01
3.298306602556376199e-01
2.860417710631156241e-01
2.380053270291833667e-01
1.861192173242226522e-01
1.319126562233478017e-01
7.899037865257979574e-02
3.430760357927367665e-02
9.201061114275130987e-03
1.848841102540440401e-02
7.513115644684370542e-02
1.804819329328044286e-01
3.175369136929414027e-01
4.570740910917611699e-01
5.726219307696189809e-01
6.479723639310397409e-01
6.692510320028812743e-01
5.962522337363569402e-01
3.051226447925687868e-01
1.305525768282743693e-01
5.556011496502574198e-01
7.848695049558153114e-01
8.638794831272427199e-01
8.960869821081872688e-01
9.113341783185066047e-01
9.193333729252715081e-01
9.239061230628727861e-01
9.267075553031561830e-01
9.290464635601407561e-01
9.309253195929565461e-01
9.327652779346199408e-01
9.349209869097582226e-01
9.373542342991834087e-01
9.401992232049108944e-01
9.435356510882705328e-01
9.474326817930205369e-01
9.519202415466994083e-01
9.567714733086905010e-01
9.600199207327452244e-01
9.423235579738058476e-01
4.099944328171291064e-01
6.640325163021773003e-01
8.578017914908173669e-01
9.030020101369654606e-01
