9.264459846883621452e-01
9.216678983817468973e-01
9.174275982172518384e-01
9.155631158535877390e-01
9.137573178355835601e-01
9.126814991942835409e-01
9.121998596852101127e-01
9.122087252293891169e-01
9.126269919205372005e-01
9.133970829954143333e-01
9.144885146724422986e-01
9.159066249033614993e-01
9.177229168163456574e-01
9.202804327282633201e-01
9.016361646244598349e-01
9.235548430315544399e-01
9.278078338324663443e-01
9.327907531010992681e-01
9.391509105687578796e-01
9.475145421163285731e-01
9.586790504096750487e-01
9.734986761833526181e-01
9.915715934526448949e-01
1.001463919668533764e+00
8.969798363226340054e-01
1.768556852010822467e-01
1.478091190989901660e-01
4.234062767041055220e-01
5.544932262964504810e-01
6.215006883956576411e-01
6.601030282885780309e-01
6.842938661325720373e-01
7.003388944836114183e-01
7.114006030897997990e-01
7.192337216026667424e-01
7.248892500309067621e-01
7.290423560416804394e-01
7.321704572467016003e-01
7.346870732531627368e-01
6.462923087131254851e-01
7.348320205909669722e-01
7.365331685411152796e-01
7.373795206281924530e-01
7.379192705330274160e-01
7.382897949722981856e-01
7.385579755776725541e-01
7.387659003093434151e-01
7.389424849281244212e-01
7.391053452560227832e-01
7.392143837614902901e-01
7.394979804394091749e-01
7.397661299974123139e-01
7.400415707111875907e-01
7.403626152483692158e-01
7.407327911103995799e-01
7.411539973763086042e-01
7.416269681717476692e-01
7.421513220796284171e-01
7.427255587223877686e-01
7.433469796758227499e-01
7.440114692224437665e-01
7.447129786444831590e-01
7.454422616212319497e-01
7.461832870528031236e-01
7.469002510510929227e-01
7.474666123168807186e-01
7.466804925656752578e-01
7.421944688757204922e-01
7.504455170843802314e-01
7.513730544809071876e-01
7.521060446407914490e-01
7.527459907997223754e-01
7.532797258257034612e-01
7.536773112911471229e-01
7.539005630227841870e-01
7.539032086790589116e-01
7.536293558549040927e-01
7.530111285347337313e-01
7.519654615712072498e-01
7.503897973934146037e-01
7.481562556772360928e-01
7.451036273417983580e-01
7.410262172688973914e-01
7.356580517953394960e-01
7.286501626919527075e-01
7.195373736083872096e-01
7.076889535158505939e-01
6.922342315796544687e-01
6.719492921506924343e-01
6.450842067765210075e-01
6.091050865322720220e-01
5.603383566862697451e-01
4.936054166420982270e-01
4.023780901155958878e-01
2.815458993097294527e-01
1.387926042879440158e-01
2.108082947953016442e-02
2.195519518163278200e-02
1.800092103623558148e-01
4.007506499206182071e-01
5.863599657430406120e-01
7.137636049057127785e-01
7.956456984576771863e-01
8.478901371728357894e-01
8.816805677626111670e-01
9.039180167408341626e-01
9.187392153800471029e-01
9.286387439990259063e-01
9.351487098422606170e-01
9.392308401536488827e-01
9.415020531682206650e-01
9.423661163740179036e-01
9.420921142887203059e-01
9.408623015958236246e-01
9.388019966331424548e-01
9.359988238921695958e-01
9.325159084469000215e-01
9.284025805625510941e-01
9.236744529644973500e-01
9.141421098873013795e-01
9.116474812840490438e-01
9.052040704545009087e-01
8.979341008606003260e-01
8.898413359703730707e-01
8.807528012915052384e-01
8.695618730482073122e-01
8.563296147199550568e-01
8.342163831710136535e-01
7.469321609930759109e-01
8.332418626292342756e-01
8.499097600792386853e-01
8.322315104800326324e-01
8.105205979387248849e-01
7.487530339300557669e-01
8.207494580795698935e-01
8.093500776473953051e-01
7.939042322340282842e-01
7.802201655384722878e-01
7.672665892376994146e-01
7.545987817170890510e-01
7.420025982004285758e-01
7.293567817693039634e-01
7.165836729362640156e-01
7.036368029380203337e-01
6.905269172749981532e-01
6.747729301296637727e-01
6.599605433243688202e-01
6.463642092738862699e-01
6.312054896414172056e-01
6.150686680580047527e-01
5.978888579409216142e-01
5.794953439932079009e-01
5.596668574251753014e-01
5.381609939478810833e-01
5.148186792870023121e-01
4.900936228219688329e-01
4.457079291965925227e-01
4.120385180832366601e-01
3.729026771769590742e-01
3.238163606553743912e-01
2.624375737894371619e-01
1.827129279676578677e-01
7.316817879734767438e-02
1.117663995975626129e-01
6.611404709205414010e-01
2.025552716537317721e-01
4.965399619610127990e-02
2.386342224775333826e-03
6.520310222381470178e-02
2.281218065465478451e-01
4.293706305312068872e-01
6.017980170071988155e-01
7.172674064799726690e-01
7.775067863587600270e-01
7.892057000376561104e-01
7.470265750188262999e-01
6.189032847594057030e-01
3.539902336713840469e-01
4.660548394148695400e-02
5.438039585184866603e-02
2.290791154364302529e-01
3.658108320569594119e-01
4.350755940815069223e-01
4.887446545494340544e-01
5.078292491561207100e-01
5.090836053438733133e-01
4.943443068727724765e-01
4.603988261115186109e-01
3.966217116004271959e-01
2.781232296094587331e-01
7.602917647846983706e-02
1.114349708198397043e-01
7.244896486850128658e-01
9.131025174523508259e-01
9.297992157748332653e-01
9.230419028296097395e-01
9.174019063033050925e-01
9.162783041373810944e-01
9.194154363288751242e-01
9.244074268681631290e-01
