1.011368347758826447e+00
1.000417003818721007e+00
9.909891207022117898e-01
9.830788897198488030e-01
9.766462560319941755e-01
9.716236314986081979e-01
9.679220282806769715e-01
9.654365813515853878e-01
9.640514493590138789e-01
9.636441001062043821e-01
9.640889999448910563e-01
9.652607361577570932e-01
9.670366084724577593e-01
9.692987306371091405e-01
9.719356859015872985e-01
9.748437816428333624e-01
9.779279485528580285e-01
9.811023290558047449e-01
9.842905981793542702e-01
9.874260582014081633e-01
9.904515462464351661e-01
9.933191918369741469e-01
9.959900594759272252e-01
9.984337099838564988e-01
1.000627714048899497e+00
1.002557153103624588e+00
1.004214147725005946e+00
1.005597465119810963e+00
1.006712280675497340e+00
1.007570216310363254e+00
1.008189878303739961e+00
1.008598337218052921e+00
1.008834512080285517e+00
1.008956768470993470e+00
1.009060988989940011e+00
1.009329016704796356e+00
1.010187034327068689e+00
1.013034776858173336e+00
1.027488964573349817e+00
9.486342848982487475e-01
9.855061962321867153e-01
9.896080025258787716e-01
9.903131165720933105e-01
9.899599071567986019e-01
9.891507974086646282e-01
9.881207257466192440e-01
9.869851615906158893e-01
9.858050745511797164e-01
9.845975339691170891e-01
9.833028467945255091e-01
9.816447021240916060e-01
9.785574671713775929e-01
9.687963478360669400e-01
9.203687308535666300e-01
3.090121361580795978e-01
6.354904557663197950e-01
8.562118477258102711e-01
9.029752968984218198e-01
9.200931324175679604e-01
9.278422237559683650e-01
9.248995550317846703e-01
9.306101477440693603e-01
9.322786814800873012e-01
9.326992608155584286e-01
9.325113547027625849e-01
9.319506799754112558e-01
9.311377327818640692e-01
9.301437007119370826e-01
9.290140562446899120e-01
9.277793262216690318e-01
9.264607505104932583e-01
9.250735337406550407e-01
9.236288336855861258e-01
9.221350344290267786e-01
9.205985911335905492e-01
9.190246065355597294e-01
9.174172331635520594e-01
9.157799587475227154e-01
9.141158111627928351e-01
9.124275065785379946e-01
9.107175566263169264e-01
9.089883454028043763e-01
9.072421838573954123e-01
9.054813469381501889e-01
9.037080973859922262e-01
9.019246990349069071e-01
9.001334217423136996e-01
8.983365395366835759e-01
8.965363231601357619e-01
8.947350278504784260e-01
8.929348769003354613e-01
8.911380411964884285e-01
8.893466144843719112e-01
8.875625833444582558e-01
8.857877894045870226e-01
8.840238781657996370e-01
8.822722213841479588e-01
8.805337805632825754e-01
8.788088223166012902e-01
8.770962030725774072e-01
8.753911318833133004e-01
8.736757030747427377e-01
8.718507771659381733e-01
8.672495639534784084e-01
8.683359028759561893e-01
8.672885188785542931e-01
8.656489005859642205e-01
8.623996694999312984e-01
8.427996411536413657e-01
8.589221526893803249e-01
8.583210061547911218e-01
8.569994059982419810e-01
8.554914460206700655e-01
8.538895264731996004e-01
8.522138124292298889e-01
8.504633377353819634e-01
8.486278473572764769e-01
8.466912022996696541e-01
8.446322577100593421e-01
8.424247302059342246e-01
8.400364969116237424e-01
8.374284306695267688e-01
8.345527324242211220e-01
8.313506277792215293e-01
8.277491981359250683e-01
8.236569868351401036e-01
8.189578241812165427e-01
8.135020018217633542e-01
8.070934099927439265e-01
7.994703731528836066e-01
7.902763844420744865e-01
7.790141736235745018e-01
7.649714056802002782e-01
7.470964853746370204e-01
7.237837635416849436e-01
6.924900977533265944e-01
6.490378943472602247e-01
5.863901470260997062e-01
4.930154871099869385e-01
3.547990117482639483e-01
1.869481065095307537e-01
1.341215504235823974e-01
2.923052978670049873e-01
4.716519354696145361e-01
6.752568185115808141e-01
8.404591158684803220e-01
9.245417440114990226e-01
9.617477052932040804e-01
9.778804161387685268e-01
9.846366692973520518e-01
9.870918439884335260e-01
9.875430468874440981e-01
9.870848059070320701e-01
9.862612240497921068e-01
9.853505801405388898e-01
9.844968297889056252e-01
9.837735668113153364e-01
9.832165079538580654e-01
9.828405744312364023e-01
9.826491113468859284e-01
9.826389475779683247e-01
9.828031879716955244e-01
9.831327388292312452e-01
9.836171128881942005e-01
9.842448203264948514e-01
9.850035225058361155e-01
9.858800533243528008e-01
9.868603726541496091e-01
9.879294933855872207e-01
9.890714101043432960e-01
9.902690472468201888e-01
9.915042273470250356e-01
9.927576004618084982e-01
9.940082146842296185e-01
9.952310659307218588e-01
9.963822010097134196e-01
9.972729392901416023e-01
9.948600932405530228e-01
9.783773491836709191e-01
9.963029407072310217e-01
9.983551779232254786e-01
9.990746254036882990e-01
9.992649280449463767e-01
9.990635043151766537e-01
9.984878676034070200e-01
9.975090156511134953e-01
9.960370385263344062e-01
9.933890304387201775e-01
9.916541150266924287e-01
9.867462079820500387e-01
9.757563695994833086e-01
9.226494111598118053e-01
6.925043924577419796e-01
9.415722593072848312e-01
9.657183967951600279e-01
9.698623322875424835e-01
9.700832758207920126e-01
9.692384480594404828e-01
9.682260289690743926e-01
9.674597886007935132e-01
