8.608896756558050978e-01
8.551834509594226086e-01
8.472855743766143366e-01
8.330019264175015925e-01
8.029495163239237510e-01
7.325310400987103954e-01
5.501911713774250146e-01
1.424164683520200980e-01
8.409152138913433827e-02
4.781872553817612670e-01
6.889658306511841079e-01
7.842268426036885787e-01
8.328382872235702283e-01
8.604752748258003292e-01
8.772501261495911917e-01
8.876832172111593922e-01
8.940568019279444556e-01
8.976619278841593275e-01
8.993135528871568640e-01
8.995834379224267874e-01
8.989137604765216061e-01
8.976764891557063031e-01
8.962067842201235646e-01
8.948236708435665099e-01
8.938446373827769742e-01
8.935976977424648915e-01
8.944327914844144578e-01
8.967331373078467616e-01
9.009253853972130077e-01
9.074835225326155497e-01
9.169115286834157441e-01
9.296630051277257056e-01
9.458815893600234226e-01
9.646337980331622930e-01
9.817008575972180351e-01
9.834395092224388346e-01
9.322439020693265022e-01
7.532841198714941289e-01
4.172162646192636992e-01
1.143234133308101419e-01
4.354949354553725241e-03
1.450163431275126695e-02
5.650239555462133190e-02
9.515560563996029730e-02
1.205733189652087450e-01
1.299083997118005152e-01
1.207028277684685930e-01
8.873682964833420894e-02
3.226168633215081155e-02
1.014942034702480227e-02
4.264501015936559836e-01
9.413149321680758241e-01
9.186307192183111869e-01
8.342372725872502226e-01
7.754959839901960361e-01
7.379745698432900181e-01
7.139329142681707374e-01
6.984878648241449328e-01
6.887517506705733705e-01
6.829790064519603021e-01
6.800755745471647185e-01
6.793307363563013679e-01
6.802676709877151229e-01
6.825572585593235875e-01
6.859665214184443860e-01
6.903266980207241055e-01
6.955128298158543831e-01
7.014303166215785090e-01
7.080058126300370347e-01
7.151808969361308499e-01
7.229075593921114873e-01
7.311448998737078986e-01
7.398566552180867451e-01
7.490093022998018935e-01
7.585705710912880040e-01
7.685082571689948461e-01
7.787892601967018047e-01
7.893788001906605345e-01
8.002397809667517459e-01
8.113322826443578606e-01
8.226131740198644460e-01
8.340358420114301063e-01
8.455500398175415100e-01
8.571018582801980257e-01
8.686338263992869901e-01
8.800851471158781525e-01
8.913920734328681927e-01
9.024884277252926967e-01
9.133062637874493905e-01
9.237766668942135606e-01
9.338306821053578011e-01
9.434003554785542756e-01
9.524198671092555246e-01
9.608267293826797673e-01
9.685630189331181361e-01
9.755766069896245618e-01
9.818223504289866899e-01
9.872632052341699938e-01
9.918712252766610504e-01
9.956284122699536887e-01
9.985273868873240088e-01
1.000571855383667330e+00
1.001776848718538782e+00
1.002168708597831470e+00
1.001784780016252707e+00
1.000672727709143173e+00
9.988892891278723374e-01
9.964980186021167308e-01
9.935649089048994576e-01
9.901488694113195210e-01
9.862777682817065461e-01
9.818754047212765457e-01
9.764638893569873579e-01
9.670442631788108701e-01
8.112158173984397314e-01
9.845282134301323040e-01
9.781469910125174527e-01
9.758769424543097815e-01
9.757562875905354538e-01
9.774818326958465420e-01
9.808727354804785969e-01
9.851503330805334580e-01
9.873537092991354625e-01
9.772678066538456054e-01
9.201509856163931911e-01
7.113511303646820050e-01
2.539441331224435161e-01
2.298930915080358087e-03
1.161241257680698524e-01
2.673891939826879560e-01
3.746815065109284082e-01
4.467075173950736389e-01
4.968569695460459679e-01
5.340168184503844007e-01
5.639738905907042410e-01
5.913015615120224000e-01
6.216823178801232919e-01
6.690812482409940198e-01
8.206375106592378454e-01
1.569100963208975574e-01
4.738299947163362447e-01
5.312722382062191606e-01
5.575366660532389274e-01
5.739424547966797130e-01
5.859749973817027779e-01
5.957111785569902951e-01
6.041238696219046744e-01
6.117344614020912008e-01
6.188485942422273789e-01
6.256564187066089300e-01
6.322806257504997030e-01
6.388016581840992858e-01
6.452719427689973530e-01
6.517244121350471708e-01
6.581778550405721351e-01
6.646403958704818482e-01
6.711117990532100563e-01
6.775849747566131676e-01
6.840468769587307873e-01
6.904788605393626932e-01
6.968564590882385668e-01
7.031484283289404225e-01
7.093147353841549041e-01
7.153029034381617191e-01
7.210416320691215297e-01
7.264296644032355310e-01
7.313159052910344071e-01
7.354624133979581480e-01
7.384712640791991634e-01
7.396276536724892825e-01
7.375233437184394170e-01
7.289978380535467872e-01
7.053581067974605823e-01
6.320650522186612719e-01
1.997185543193914781e-01
1.111509473635539536e+00
9.929520825327164957e-01
9.580626460056923532e-01
9.480415543307069148e-01
9.480805707585613362e-01
9.531911183264145659e-01
9.610322209016496364e-01
9.700109627897030018e-01
9.784732116133496582e-01
9.840342183725649949e-01
9.825938548760534408e-01
9.664988141713655168e-01
9.210645808498312270e-01
8.194446058215263395e-01
6.242377840827612046e-01
3.334421859700719137e-01
7.697203280029028816e-02
1.073691883572804040e-02
8.644222206934966402e-02
1.848057050699193904e-01
2.492565819104254343e-01
2.652692515979457877e-01
2.313159972016193000e-01
1.535359508975562282e-01
5.649632176448180637e-02
