9.915162725169734959e-01
9.907807030575226381e-01
9.901578331603230199e-01
9.896481932137696225e-01
9.892495508328301712e-01
9.889574634484726845e-01
9.887657775856842912e-01
9.886670737868759051e-01
9.886530576242811286e-01
9.887148983986000506e-01
9.888435179895803673e-01
9.890298329511805209e-01
9.892649533685298202e-01
9.895403422507864644e-01
9.898479393530825732e-01
9.901802533313867061e-01
9.905304260554302909e-01
9.908922727610740555e-01
9.912603015300295306e-01
9.916297153546886900e-01
9.919963997949169388e-01
9.923568989684171671e-01
9.927083823467843793e-01
9.930486045619599800e-01
9.933758601676870859e-01
9.936889350504876095e-01
9.939870559498716895e-01
9.942698393270642532e-01
9.945372406198487170e-01
9.947895047353693121e-01
9.950271184665329116e-01
9.952507653676569976e-01
9.954612834940453903e-01
9.956596262925365703e-01
9.958468268313923621e-01
9.960239654703585410e-01
9.961921410000352806e-01
9.963524452176003576e-01
9.965059408570889898e-01
9.966536427515958474e-01
9.967965020737290516e-01
9.969353934765727843e-01
9.970711049406761894e-01
9.972043301211850341e-01
9.973356629825989028e-01
9.974655945072574692e-01
9.975945112642988777e-01
9.977226956304844352e-01
9.978503274606789208e-01
9.979774870145884380e-01
9.981041589553020232e-01
9.982302372473211838e-01
9.983555307918180466e-01
9.984797696500039565e-01
9.986026117169546357e-01
9.987236497206571917e-01
9.988424184328124067e-01
9.989584019895224598e-01
9.990710412315445543e-01
9.991797409839338062e-01
9.992838772055502305e-01
9.993828039482823833e-01
9.994758600745671240e-01
9.995623756904242763e-01
9.996416782584042204e-01
9.997130983624012979e-01
9.997759751019628105e-01
9.998296611000049294e-01
9.998735271126643065e-01
9.999069662348243348e-01
9.999293976986530774e-01
9.999402702660562525e-01
9.999390652193833606e-01
9.999252989567060101e-01
9.998985252004884972e-01
9.998583368303242125e-01
9.998043673511967100e-01
9.997362920107805140e-01
9.996538285783270750e-01
9.995567377989968971e-01
9.994448235368810218e-01
9.993179326186494293e-01
9.991759543883484973e-01
9.990188199814611369e-01
9.988465013225715783e-01
9.986590098448548947e-01
9.984563949218996370e-01
9.982387419898962611e-01
9.980061703194186284e-01
9.977588303683894155e-01
9.974969006024367868e-01
9.972205835990278766e-01
9.969301011335616192e-01
9.966256877482397858e-01
9.963075819570924585e-01
9.959760136073394499e-01
9.956311847145868921e-01
9.952732386815097421e-01
9.949022076921817392e-01
9.945179163952064805e-01
9.941197908869836564e-01
9.937064410684633975e-01
9.932746247817735297e-01
9.928161893300321283e-01
9.923063094989015287e-01
9.916310418676789196e-01
9.889054745657319678e-01
9.910355582459974277e-01
9.909637512665252501e-01
9.904692034719437821e-01
9.899756280168270361e-01
9.894863410145663396e-01
9.889986739635820978e-01
9.885111742782338728e-01
9.880232858763396964e-01
9.875349661262263767e-01
9.870464766690314473e-01
9.865582750825971914e-01
9.860709585537594801e-01
9.855852350004316031e-01
9.851019094829536193e-01
9.846218797140763312e-01
9.841461374114301996e-01
9.836757737341081942e-01
9.832119878424911974e-01
9.827560980650741351e-01
9.823095554139565921e-01
9.818739593489934636e-01
9.814510757925425377e-01
9.810428574664588064e-01
9.806514666730837826e-01
9.802793006802977827e-01
9.799290198995965762e-01
9.796035790654756825e-01
9.793062616354401007e-01
9.790407176235794706e-01
9.788110050523526340e-01
9.786216351435855776e-01
9.784776212470001067e-01
9.783845312949623896e-01
9.783485432200116350e-01
9.783765022002187672e-01
9.784759776799486497e-01
9.786553166485282285e-01
9.789236873283371221e-01
9.792911037074787384e-01
9.797684154006858215e-01
9.803672377309503583e-01
9.810997813232801290e-01
9.819785148485258297e-01
9.830155518127672298e-01
9.842215799849780566e-01
9.856040276152712165e-01
9.871639421969394812e-01
9.888906657490368346e-01
9.907526704949771723e-01
9.926815591470211642e-01
9.945435899813581671e-01
9.960877790750659599e-01
9.968486143275736566e-01
9.959577725531109094e-01
9.917670257379173071e-01
9.810678318554399979e-01
9.574420073223312011e-01
9.078485391498011259e-01
8.066941894369342725e-01
6.136847258981222852e-01
3.166068193875423153e-01
5.380319682653449120e-02
1.228554992553114629e-02
1.299856949604731859e-01
2.716746361388614472e-01
3.873998581248818129e-01
4.736738103168031677e-01
5.372352414986418800e-01
5.846444526689312804e-01
6.206714394697770976e-01
6.485683311411452046e-01
6.705362669078863691e-01
6.880820127744292636e-01
7.022548099197180038e-01
7.137982978934651612e-01
7.232476580047287884e-01
7.309920305466033330e-01
7.373144582652264578e-01
7.424162364087644184e-01
7.464283149003030360e-01
7.494070968993179482e-01
7.512996141290559926e-01
7.518180863338703723e-01
7.499294039244867038e-01
7.406144590307276454e-01
6.661328910846845419e-01
7.782159809350340796e-01
7.733607542146858638e-01
7.701939796473760147e-01
7.679789122347729924e-01
7.660446623142137534e-01
7.641265072096524724e-01
7.621057761863067048e-01
