1.096733315440340917e+00
1.084997521797927078e+00
1.072712015489160953e+00
1.060277504521236702e+00
1.048030452340756868e+00
1.036246340100597685e+00
1.025143806827190085e+00
1.014889384855047316e+00
1.005602595048265435e+00
9.973612082710417992e-01
9.902065166074249802e-01
9.841484902766649556e-01
9.791707243896725643e-01
9.752351039749360684e-01
9.722861364149752994e-01
9.702549179138731938e-01
9.690627151819397600e-01
9.686241554971282142e-01
9.688500279764860057e-01
9.696497065465969900e-01
9.709332110039418096e-01
9.726129269415212386e-01
9.746050084122743762e-01
9.768304892023891295e-01
9.792161296799396508e-01
9.816950265282202714e-01
9.842070124132648035e-01
9.866988718951275050e-01
9.891243987856885855e-01
9.914443187714654382e-01
9.936260995448352729e-01
9.956436689831511533e-01
9.974770601451546925e-01
9.991120000577380367e-01
1.000539457488687001e+00
1.001755163164999241e+00
1.002759114231139392e+00
1.003555073158862276e+00
1.004150069837219439e+00
1.004553914191975261e+00
1.004778725415476082e+00
1.004838482730615823e+00
1.004748601567212685e+00
1.004525538091834092e+00
1.004186424199472905e+00
1.003748734344160010e+00
1.003229984946517606e+00
1.002647466566938705e+00
1.002018008564077300e+00
1.001357775565210995e+00
1.000682094748233109e+00
1.000005312672173741e+00
9.993406801821402841e-01
9.987002637549158290e-01
9.980948815323824608e-01
9.975340622084053477e-01
9.970260248835774997e-01
9.965776779765515014e-01
9.961946352745942868e-01
9.958812472133455884e-01
9.956406454912789528e-01
9.954747991405737961e-01
9.953845801844701802e-01
9.953698370034514964e-01
9.954294734936484090e-01
9.955615320158689441e-01
9.957632779760977604e-01
9.960312836170379658e-01
9.963615081831874720e-01
9.967493709783971090e-01
9.971898128534805172e-01
9.976773401776730665e-01
9.982060431043966453e-01
9.987695765370219192e-01
9.993610869991497170e-01
9.999730605892938051e-01
1.000597054668853847e+00
1.001223256089484481e+00
1.001839776828530315e+00
1.002431545568015503e+00
1.002978566247053616e+00
1.003453165002632597e+00
1.003815584714180087e+00
1.004006814148866944e+00
1.003936662193165130e+00
1.003463405516747953e+00
1.002357988376564091e+00
1.000238803811145827e+00
9.964479770335107345e-01
9.898051692667740875e-01
9.780830926417448667e-01
9.565831586352702143e-01
6.054155291218767942e-01
8.381022568848781606e-01
6.962218442625136561e-01
4.684169391111336900e-01
2.780335900243351421e-01
2.901412642691037491e-01
3.951736352187584234e-01
4.633952446755187360e-01
4.820846316008686738e-01
5.094259123302473657e-01
5.797010877412170915e-01
6.556882158520361825e-01
7.135393606681593726e-01
7.538325129788348011e-01
7.819225897050623431e-01
8.019745961386195443e-01
8.166567392575005968e-01
8.276403012338311438e-01
8.359941098394889636e-01
8.424238411368574209e-01
8.474109861695401369e-01
8.512943106244416080e-01
8.543188348779303665e-01
8.566661704330462701e-01
8.584738727399396918e-01
8.598481378080291559e-01
8.608723532366363562e-01
8.616130021158583396e-01
8.621238399845284617e-01
8.624489263933073913e-01
8.626248900119304341e-01
8.626826832756244734e-01
8.626490081379537544e-01
8.625475514058856819e-01
8.624001474502951403e-01
8.622279844632512180e-01
8.620529893728927640e-01
8.618995734427513655e-01
8.617970123669302929e-01
8.617829059019171956e-01
8.619084828825195332e-01
8.622471321483178297e-01
8.629087475479901848e-01
8.640648688235015307e-01
8.659940398117172977e-01
8.691613684693837438e-01
8.743084392458956300e-01
8.818428701460513386e-01
8.746354968374479011e-01
1.799713309355427115e-01
6.087654020853430215e-01
7.274873006704805078e-01
7.606415444789715874e-01
7.739741400226410883e-01
7.798241129579566167e-01
7.819955093386075085e-01
7.820189644005322016e-01
7.806203478987727706e-01
7.781842207950321333e-01
7.749311319714351498e-01
7.709953190170085735e-01
7.664623903694572915e-01
7.613890791593689311e-01
7.558142407498975590e-01
7.497652554452115536e-01
7.432618634662673252e-01
7.363184778684177534e-01
7.289455401089774966e-01
7.211502341979305619e-01
7.129367406401410090e-01
7.043061355756061737e-01
6.952559966447521278e-01
6.857797514050484322e-01
6.758657894313723213e-01
6.654963518071861373e-01
6.546462097248232359e-01
6.432811466852259574e-01
6.313562664407641467e-01
6.188141621130447412e-01
6.055830021988889422e-01
5.915746184207476555e-01
5.766827212175419382e-01
5.607814244150810534e-01
5.437243351554442716e-01
5.253445626643614697e-01
5.054561235563558297e-01
4.838573737369836203e-01
4.603372742969052966e-01
4.346854881802934556e-01
4.067074758273597213e-01
3.762458538958681764e-01
3.432092041937750970e-01
3.076091236444630228e-01
2.696054025633929929e-01
2.295576385707055189e-01
1.880793982527873831e-01
1.460892353803082411e-01
1.048563534768524458e-01
6.607261335696987259e-02
3.222417777543198913e-02
1.012502557832089395e-02
1.121993847494298785e-01
1.495796613494108362e-01
1.369884589579390549e-02
6.661060235242285618e-03
2.239642169506744426e-02
5.082888873923069317e-02
8.801493404444579727e-02
