1.825096061507354983e-01
9.503303885314887123e-02
3.715541045030809619e-02
7.359239733519033766e-03
5.224521272960117897e-05
8.519664376544616377e-03
2.681340647764585833e-02
5.044846483906942347e-02
7.637615328325995934e-02
1.026797352598051022e-01
1.282391343980435749e-01
1.524576137738865300e-01
1.750659875299289958e-01
1.959918295884650885e-01
2.152757447418316983e-01
2.330193182387644280e-01
2.493535283707158101e-01
2.644200468638490120e-01
2.783605172086854873e-01
2.913107044619656638e-01
3.033975839983669154e-01
3.147382006469516269e-01
3.254397576333372677e-01
3.356036396163152302e-01
3.452881526877967788e-01
3.546184469305859177e-01
3.636401335399599422e-01
3.724206550685536521e-01
3.810185397379909911e-01
3.894863982395260771e-01
3.978717086681931026e-01
4.062173639125775670e-01
4.145621237640967904e-01
4.229409993034798365e-01
4.313855800303335042e-01
4.399243102433227359e-01
4.485827198005548078e-01
4.573836136631200255e-01
4.663472241218952763e-01
4.754913292215506848e-01
4.848313406025033800e-01
4.943803637732204215e-01
5.041492337006902025e-01
5.141465285616688696e-01
5.243785645277679874e-01
5.348493745578210001e-01
5.455606743321099739e-01
5.565118186764037578e-01
5.676997520756718041e-01
5.791189571536048408e-01
5.907614052748574318e-01
6.026165136933560040e-01
6.146711138941739483e-01
6.269094359350269041e-01
6.393131136542139492e-01
6.518612155474986514e-01
6.645303058968278220e-01
6.772945403342633952e-01
6.901257994243216176e-01
7.029938630344690909e-01
7.158666272358128468e-01
7.287103642443879536e-01
7.414900245037483462e-01
7.541695784638856592e-01
7.667123939850979397e-01
7.790816436606929907e-01
7.912407347880837660e-01
8.031537533139250229e-01
8.147859119215674628e-01
8.261039916041840181e-01
8.370767656481798991e-01
8.476753950085276212e-01
8.578737846679380663e-01
8.676488918874666334e-01
8.769809797679630758e-01
8.858538152214828765e-01
8.942548292942318344e-01
9.021753624187446308e-01
9.096124261607400063e-01
9.165256502852776599e-01
9.230019873020992582e-01
9.289790332043912358e-01
9.344803719691543442e-01
9.395188361454718251e-01
9.441193597880960242e-01
9.480170214346116397e-01
9.518852898393197481e-01
9.551985978538249933e-01
9.581129663122152085e-01
9.606931487775084433e-01
9.625435001844745431e-01
9.644489953621337985e-01
9.658954882291872490e-01
9.669457911371226455e-01
9.677613712450505723e-01
9.681577511175732953e-01
9.682105266984643022e-01
9.679022378277665206e-01
9.672125777609370534e-01
9.661135296355807256e-01
9.645677107275938411e-01
9.625268165746467819e-01
9.599298875197889158e-01
9.567013190349978879e-01
9.527485669603964480e-01
9.479595078615630221e-01
9.421994246423972541e-01
9.353076056787917869e-01
9.270935785361800185e-01
9.173330553388365782e-01
9.057637581052315756e-01
8.920814355210631152e-01
8.759365997568310247e-01
8.569328301524108404e-01
8.346279388914363828e-01
8.085398941404611239e-01
7.781601438250400626e-01
7.429778096893229211e-01
7.025189327860650312e-01
6.564051442740526099e-01
6.044351112842912821e-01
5.466888660521627141e-01
4.836485863031004251e-01
4.163190600459838464e-01
3.463182487222414285e-01
2.758975731478591209e-01
2.078507673950372725e-01
1.452879490295974907e-01
9.129033637749231489e-02
4.850992603847838897e-02
1.881349616158301333e-02
3.075054852534809050e-03
1.168658849901405266e-03
1.228185619696169767e-02
3.828529714172682757e-02
6.040986633945041179e-02
9.937149169585290931e-02
1.423543678306550819e-01
1.886481852099272660e-01
2.371256823114513690e-01
2.869587500624641296e-01
3.382739831195914482e-01
3.836674433217602265e-01
4.357742451420017482e-01
4.861902471716287866e-01
5.365381468451290159e-01
5.873442001436059989e-01
6.392462100433107253e-01
6.931086700698431136e-01
7.500550638704489570e-01
8.113158532039056459e-01
8.771909227582910251e-01
9.417025203654972865e-01
9.658427483060141316e-01
7.721427275464676221e-01
1.941209901656973658e-01
1.078331510204893692e-02
1.660543214911337218e-01
3.194716003577481866e-01
4.321723235847322320e-01
5.148021172929471145e-01
5.781396874995800017e-01
6.287309692651141813e-01
6.705067873179312299e-01
7.058998379437956272e-01
7.364753416401632613e-01
7.632795652187669422e-01
7.870368514657170023e-01
8.082648794331080966e-01
8.273445243818192685e-01
8.445636399140710182e-01
8.601453419937810096e-01
8.742667789759072106e-01
8.870718808902825492e-01
8.986801877954248008e-01
9.091930532187968428e-01
9.186980411491993959e-01
9.272720429404543996e-01
9.349834561770892227e-01
9.418936467619589692e-01
9.480578318862232789e-01
9.535254584535030054e-01
9.583400971387119327e-01
9.625388164863024620e-01
9.661509333331437244e-01
9.691959405256205251e-01
9.716802670752412441e-01
9.735922896282570571e-01
9.748946145440384736e-01
9.755119434579804238e-01
9.753114912258824543e-01
9.740697830658445744e-01
9.714033863760952459e-01
9.645539748698112037e-01
9.592974649550782829e-01
9.470972846912097953e-01
9.274133275750988670e-01
8.951868796769001380e-01
8.412474095258968276e-01
7.512342519643963046e-01
