9.939198927193465538e-01
9.942119103211369824e-01
9.945156980387602763e-01
9.948221372065283452e-01
9.951237191840156537e-01
9.954144226051743205e-01
9.956895796671314525e-01
9.959457367434567665e-01
9.961805136407787531e-01
9.963924649591433536e-01
9.965809462613222092e-01
9.967459870993030657e-01
9.968881723812043072e-01
9.970085330816705893e-01
9.971084468953499425e-01
9.971895491006670387e-01
9.972536536294855924e-01
9.973026841226000361e-01
9.973386145843066153e-01
9.973634191220090983e-01
9.973790301685283577e-01
9.973873045240895241e-01
9.973899965212150720e-01
9.973887376022906315e-01
9.973850216035196059e-01
9.973801950554592732e-01
9.973754518384874146e-01
9.973718315659727551e-01
9.973702211095949455e-01
9.973713587246706425e-01
9.973758402802935796e-01
9.973841271456440616e-01
9.973965553316327393e-01
9.974133455309693863e-01
9.974346137453168337e-01
9.974603822283097943e-01
9.974905905134495709e-01
9.975251063307015720e-01
9.975637362499840677e-01
9.976062359191030238e-01
9.976523197914999308e-01
9.977016702629956102e-01
9.977539461587883185e-01
9.978087905306106675e-01
9.978658377400444479e-01
9.979247198190639434e-01
9.979850721097129895e-01
9.980465381956056259e-01
9.981087741458004592e-01
9.981714520986659789e-01
9.982342632177586550e-01
9.982969200569549173e-01
9.983591583734102715e-01
9.984207384301656552e-01
9.984814458302814222e-01
9.985410919253981943e-01
9.985995138408222394e-01
9.986565741587370981e-01
9.987121603000300718e-01
9.987661836434350571e-01
9.988185784191183636e-01
9.988693004120259289e-01
9.989183255077050960e-01
9.989656481118330822e-01
9.990112794716666800e-01
9.990552459263266627e-01
9.990975871095287841e-01
9.991383541272068625e-01
9.991776077295707603e-01
9.992154164956946749e-01
9.992518550463556082e-01
9.992870022990613110e-01
9.993209397779183600e-01
9.993537499886877562e-01
9.993855148682250222e-01
9.994163143162085872e-01
9.994462248152261585e-01
9.994753181451441204e-01
9.995036601952010935e-01
9.995313098774015748e-01
9.995583181436420439e-01
9.995847271079115748e-01
9.996105692743223470e-01
9.996358668712919116e-01
9.996606312916558323e-01
9.996848626375405278e-01
9.997085493689041868e-01
9.997316680541292744e-01
9.997541832203649115e-01
9.997760473017918148e-01
9.997972006825632807e-01
9.998175718323429884e-01
9.998370775306432146e-01
9.998556231770109326e-01
9.998731031835970118e-01
9.998894014459390744e-01
9.999043918879123582e-01
9.999179390767778397e-01
9.999298989029834495e-01
9.999401193196025828e-01
9.999484411356821534e-01
9.999546988564558259e-01
9.999587215635629134e-01
9.999603338258254981e-01
9.999593566313194071e-01
9.999556083278301477e-01
9.999489055582990726e-01
9.999390641727948781e-01
9.999259000954650034e-01
9.999092301191472298e-01
9.998888725919212739e-01
9.998646479497742545e-01
9.998363790349333868e-01
9.998038911172866250e-01
9.997670115073118424e-01
9.997255686036823352e-01
9.996793901525800052e-01
9.996283003953050361e-01
9.995721156240625627e-01
9.995106374154554274e-01
9.994436424040650246e-01
9.993708667700295090e-01
9.992919824176815791e-01
9.992065596581877207e-01
9.991140071242704535e-01
9.990134715410522448e-01
9.989036629192603600e-01
9.987825322146824947e-01
9.986466336645422048e-01
9.984897438833495453e-01
9.982994884576658068e-01
9.980475823559351589e-01
9.976532612521544774e-01
9.967651031564922492e-01
9.896925681406388842e-01
9.998412034856762887e-01
9.990926639244800400e-01
9.986586872918321589e-01
9.983791604136229569e-01
9.981641274183770118e-01
9.979817063039719827e-01
9.978182279552246792e-01
9.976670201481862010e-01
9.975245424611387524e-01
9.973888186914582343e-01
9.972587180740456470e-01
9.971335924911132187e-01
9.970130783419235421e-01
9.968969807106834446e-01
9.967852013340700035e-01
9.966776911268085959e-01
9.965744171055433975e-01
9.964753381007240840e-01
9.963803860464334194e-01
9.962894509631033957e-01
9.962023685116886407e-01
9.961189094533968724e-01
9.960387706325657398e-01
9.959615672832826672e-01
9.958868265819762478e-01
9.958139824539603557e-01
9.957423717034226129e-01
9.956712315824447490e-01
9.955996989506011863e-01
9.955268112048453188e-01
9.954515091815484551e-01
9.953726422496432802e-01
9.952889758265524023e-01
9.951992015550390480e-01
9.951019503830651480e-01
9.949958087832030396e-01
9.948793383396089540e-01
9.947510989114803914e-01
9.946096755560692726e-01
9.944537093577625608e-01
9.942819322615513711e-01
9.940932059490896755e-01
9.938865647204753184e-01
9.936612622542458917e-01
9.934168220098698043e-01
9.931530909099230975e-01
9.928702957910537918e-01
9.925691019436062579e-01
9.922506728666579123e-01
9.919167301487564758e-01
9.915696121432664434e-01
9.912123298423886064e-01
9.908486180640511121e-01
9.904829797560728011e-01
9.901207208902514934e-01
9.897679730741916204e-01
9.894317006512518553e-01
9.891196886995146098e-01
9.888405079860126401e-01
9.886034525937166251e-01
9.884184456310955991e-01
9.882959081714526306e-01
9.882465863736435985e-01
9.882813316273999504e-01
9.884108285752479794e-01
