3.209385070571309229e-02
9.415555835574500321e-02
1.565288614029802239e-01
2.083185465213374110e-01
2.484995275316910224e-01
2.787297749489801024e-01
3.010814982919864935e-01
3.174124184490536571e-01
3.292443397857965359e-01
3.377861891757868440e-01
3.439891732064698227e-01
3.486024741262847559e-01
3.522287101161121758e-01
3.548708766993762254e-01
3.575184139029182750e-01
3.605932324194715544e-01
3.637883563560443956e-01
3.674066531141854108e-01
3.716011814693596649e-01
3.764864961780997610e-01
3.821580505809846207e-01
3.885761510768225291e-01
3.951684750409938385e-01
4.045957937705349505e-01
4.130093347046917551e-01
4.247806820445056974e-01
4.373156893289397162e-01
4.513796542148277302e-01
4.675472986801984532e-01
4.863715149484111877e-01
5.087214315630496086e-01
5.359939505183906050e-01
5.705489705657548205e-01
6.166066730003957330e-01
6.820344194261862558e-01
7.794028411533752143e-01
8.791136746812653335e-01
6.538364191798095026e-01
6.079378965056312506e-02
7.314004136551294222e-02
1.850851404473215778e-01
2.648726826954335145e-01
3.172678330000489599e-01
3.637204052025257428e-01
3.977636594299096551e-01
4.273400240349752299e-01
4.538833549407513268e-01
4.784131222113312543e-01
5.016076012453433153e-01
5.239277428434966355e-01
5.456937062700811802e-01
5.671306030305863777e-01
5.883963648588734774e-01
6.095996877259175495e-01
6.308358065416050930e-01
6.520342624815327337e-01
6.733314610502648678e-01
6.946569021392533516e-01
7.159752454241946618e-01
7.372302007533880763e-01
7.583510432735184326e-01
7.792630057536197308e-01
7.999153372834366671e-01
8.194702810579527208e-01
8.351426897724405496e-01
8.558269297032391476e-01
8.741161720272766500e-01
8.908934714224819862e-01
9.064331722733196539e-01
9.206750369356290209e-01
9.335495660488118963e-01
9.450025581969743182e-01
9.550033711785110846e-01
9.635478251073754663e-01
9.706574323817943606e-01
9.763745068357230217e-01
9.807514452390500015e-01
9.838307258182461545e-01
9.856089169982011899e-01
9.859715362682618389e-01
9.845724988632046371e-01
9.806050389417810820e-01
9.723566332722314298e-01
9.563390471141174354e-01
9.256247836513895599e-01
8.541341712880126114e-01
7.532444082642297811e-01
5.658602207496387093e-01
3.066611519085798987e-01
1.066382046024019481e-01
6.964403167826272063e-03
1.957465817997509558e-02
9.481451025025096346e-02
1.587492203615081809e-01
2.169322087691590850e-01
2.641993618250096376e-01
3.017861243452742426e-01
3.319112104687279019e-01
3.566977117463848712e-01
3.779877477238610117e-01
3.974165817686390323e-01
4.165779956605584200e-01
4.372629880470781383e-01
4.602560640802985104e-01
4.964515002370210039e-01
5.440083882365784884e-01
6.245503024599815545e-01
7.637103219870874371e-01
8.418042625166312076e-01
3.908926423677779038e-02
7.054282022440624966e-02
1.816461410541396482e-01
2.994066307813306738e-01
6.335876283195184255e-01
3.144070570740043619e-02
1.249302592121255828e-01
1.680204748015415861e-01
1.931642123892816920e-01
2.102866579860977470e-01
2.230435859422743583e-01
2.329133242306876406e-01
2.416020310842786067e-01
2.502736529798776921e-01
2.569307308760132025e-01
2.632184520913054548e-01
2.692389666539875548e-01
2.751042101988986910e-01
2.809073529802722513e-01
2.867243412334424812e-01
2.926181366261730865e-01
2.986426069130541094e-01
3.048459243555819431e-01
3.112738446717115970e-01
3.179734859206854725e-01
3.249986906188408464e-01
3.324192602965860832e-01
3.403399968775805973e-01
3.489573133194960874e-01
3.585402663284937286e-01
3.702205592441143445e-01
3.877930736126377065e-01
3.608250365742949883e-01
3.311820379346228638e-01
3.734621018131878412e-01
3.903438123650869174e-01
4.034755856066372659e-01
4.155366240618882934e-01
4.272784704715697490e-01
4.389866931301195097e-01
4.507830412942966936e-01
4.627145637113706522e-01
4.747847798860749258e-01
4.869643986090280707e-01
4.991927597625906987e-01
5.113734180167472942e-01
5.233641951038586759e-01
5.349599491731580336e-01
5.458635494086764295e-01
5.556340272527320323e-01
5.635528576904758058e-01
5.690039330392940853e-01
5.694661717174359650e-01
5.619604914870984791e-01
5.358645082624061695e-01
4.896688910390520899e-01
3.761221872270049116e-01
1.071741495309334047e-01
3.324044440132268297e-01
9.246822678596607892e-01
9.670471548599214318e-01
9.530163299492454554e-01
9.366444604855385103e-01
9.200085730399589767e-01
8.993587252396908482e-01
8.694184654658250189e-01
8.218926154132716322e-01
8.212380097776603716e-01
3.862525881058635480e-01
2.008833424032951120e-01
2.095165324653192052e-02
4.255312885862349431e-02
1.927631780962548447e-01
3.421227017527639913e-01
4.532073922383081932e-01
5.324229769491204411e-01
5.919244392284014333e-01
6.429758346004101899e-01
6.928637076637480519e-01
7.100668874205007253e-01
4.939790088089635600e-01
2.487519018359769796e-01
5.650593642263359445e-02
1.686978614078218086e-01
2.316950241256736376e-01
2.619697655593743457e-01
2.760962804271209214e-01
2.818773554213299670e-01
2.833113914444014281e-01
2.829854629022126034e-01
2.827006587569716456e-01
