9.991076999343205811e-01
9.991088583459826200e-01
9.991061334792563642e-01
9.991002141030964623e-01
9.990917474920449903e-01
9.990813317006622674e-01
9.990695105275573251e-01
9.990567707397615127e-01
9.990435411650180342e-01
9.990301932984501088e-01
9.990170431083955638e-01
9.990043537635991955e-01
9.989923390400382575e-01
9.989811671995088016e-01
9.989709651630221954e-01
9.989618228316939907e-01
9.989537974331866854e-01
9.989469177952265966e-01
9.989411884693958354e-01
9.989365936450497196e-01
9.989331008105929444e-01
9.989306641319530833e-01
9.989292275297787516e-01
9.989287274467447686e-01
9.989290953040813603e-01
9.989302596526833389e-01
9.989321480295040301e-01
9.989346885333374448e-01
9.989378111375881719e-01
9.989414487588741398e-01
9.989455381020511116e-01
9.989500203023179425e-01
9.989548413861769616e-01
9.989599525711554406e-01
9.989653104251101645e-01
9.989708769037795033e-01
9.989766192853646309e-01
9.989825100184114293e-01
9.989885264991382741e-01
9.989946507922273788e-01
9.990008693082412794e-01
9.990071724490356964e-01
9.990135542317347683e-01
9.990200119002426993e-01
9.990265455319378152e-01
9.990331576467694763e-01
9.990398528240457265e-01
9.990466373319011328e-01
9.990535187731377498e-01
9.990605057508463727e-01
9.990676075556098601e-01
9.990748338767861947e-01
9.990821945382203362e-01
9.990896992596344228e-01
9.990973574436040616e-01
9.991051779882235140e-01
9.991131691248164026e-01
9.991213382800472331e-01
9.991296919616289296e-01
9.991382356663485176e-01
9.991469738092902952e-01
9.991559096730260325e-01
9.991650453751402816e-01
9.991743818529450483e-01
9.991839188636015834e-01
9.991936549985828142e-01
9.992035877106626440e-01
9.992137133522557280e-01
9.992240272235826115e-01
9.992345236295032684e-01
9.992451959435965092e-01
9.992560366781908510e-01
9.992670375595256171e-01
9.992781896067033376e-01
9.992894832133706329e-01
9.993009082314670000e-01
9.993124540556783675e-01
9.993241097085168168e-01
9.993358639245135677e-01
9.993477052332191413e-01
9.993596220404720176e-01
9.993716027072403474e-01
9.993836356253681386e-01
9.993957092899790062e-01
9.994078123682038628e-01
9.994199337635618630e-01
9.994320626758785853e-01
9.994441886564805477e-01
9.994563016581756720e-01
9.994683920802154287e-01
9.994804508074520699e-01
9.994924692442811454e-01
9.995044393425362994e-01
9.995163536235698309e-01
9.995282051945965085e-01
9.995399877588372339e-01
9.995516956195503733e-01
9.995633236782761610e-01
9.995748674268073453e-01
9.995863229331023447e-01
9.995976868213632960e-01
9.996089562458679856e-01
9.996201288593195011e-01
9.996312027750396956e-01
9.996421765239327240e-01
9.996530490054682527e-01
9.996638194339083627e-01
9.996744872791025749e-01
9.996850522024779417e-01
9.996955139886577468e-01
9.997058724727340140e-01
9.997161274635896211e-01
9.997262786641024634e-01
9.997363255880131749e-01
9.997462674745919431e-01
9.997561032014743443e-01
9.997658311961431510e-01
9.997754493469991344e-01
9.997849549149828707e-01
9.997943444460641871e-01
9.998036136862183954e-01
9.998127574995386846e-01
9.998217697907852974e-01
9.998306434336899917e-01
9.998393702061715294e-01
9.998479407342411029e-01
9.998563444459962479e-01
9.998645695373695741e-01
9.998726029515443425e-01
9.998804303740252974e-01
9.998880362452633452e-01
9.998954037929899119e-01
9.999025150868868783e-01
9.999093511171734949e-01
9.999158919003319212e-01
9.999221166141863959e-01
9.999280037645303931e-01
9.999335313866234420e-01
9.999386772833381842e-01
9.999434193031079277e-01
9.999477356599404398e-01
9.999516052976309410e-01
9.999550083008497126e-01
9.999579263546852781e-01
9.999603432543764381e-01
9.999622454667530524e-01
9.999636227438427616e-01
9.999644687892829120e-01
9.999647819768217039e-01
9.999645661197923419e-01
9.999638312893970316e-01
9.999625946783772257e-01
9.999608815055627264e-01
9.999587259552753515e-01
9.999561721434104822e-01
9.999532751008808340e-01
9.999501017621603705e-01
9.999467319442826296e-01
9.999432592991267521e-01
9.999397922179189546e-01
9.999364546636978490e-01
9.999333869029810584e-01
9.999307461030195743e-01
9.999287067552894426e-01
9.999274608795940544e-01
9.999272179551094153e-01
9.999282045155706289e-01
9.999306633345578232e-01
9.999348521118407440e-01
9.999410415548086739e-01
9.999495127230078051e-01
9.999605534722418865e-01
9.999744537870313144e-01
9.999914997234060632e-01
1.000011965583582629e+00
1.000036103789208708e+00
1.000064131676358326e+00
1.000096214037706766e+00
1.000132439569200615e+00
1.000172788217146502e+00
1.000217084326634032e+00
1.000264926550830769e+00
1.000315577705601866e+00
1.000367781532870870e+00
1.000419437191969463e+00
1.000466975086874211e+00
1.000504045500626216e+00
1.000518431527230856e+00
1.000483608685640124e+00
1.000330218146260108e+00
9.998111613641156303e-01
9.972643089788056914e-01
8.870240679942403839e-01
1.000303736781207320e+00
1.001832671889189452e+00
1.002078334723596864e+00
1.002187175657137663e+00
1.002263958193285065e+00
1.002324570779404178e+00
1.002369572471460080e+00
