9.936633323428144537e-01
9.932953244002320492e-01
9.929603708252856542e-01
9.926684807958938705e-01
9.924268532434949996e-01
9.922402064269038036e-01
9.921111033921310440e-01
9.920402665210752424e-01
9.920268760333844638e-01
9.920688487297649738e-01
9.921630944698665022e-01
9.923057488841231510e-01
9.924923816496636908e-01
9.927181803317604025e-01
9.929781103258782382e-01
9.932670518496566903e-01
9.935799152416310287e-01
9.939117360437188520e-01
9.942577514899515467e-01
9.946134601040990120e-01
9.949746661408487292e-01
9.953375105927820821e-01
9.956984904414969417e-01
9.960544677613909492e-01
9.964026701965097432e-01
9.967406842284021184e-01
9.970664425431987610e-01
9.973782066904055554e-01
9.976745461101006462e-01
9.979543144889307937e-01
9.982166242935970324e-01
9.984608202220497386e-01
9.986864522120361132e-01
9.988932485495675140e-01
9.990810895334851782e-01
9.992499820702622770e-01
9.994000355011595227e-01
9.995314388968064012e-01
9.996444399968414940e-01
9.997393259198109616e-01
9.998164057239670166e-01
9.998759948602053971e-01
9.999184015256983304e-01
9.999439148984895498e-01
9.999527952099289685e-01
9.999452655939197188e-01
9.999215056359374021e-01
9.998816465340939486e-01
9.998257677757521611e-01
9.997538952279960700e-01
9.996660005360371581e-01
9.995620017236311883e-01
9.994417648884209582e-01
9.993051068883004318e-01
9.991517989170279890e-01
9.989815708719326226e-01
9.987941164208576916e-01
9.985890986812535619e-01
9.983661564302477309e-01
9.981249107704895929e-01
9.978649721834085273e-01
9.975859479081063963e-01
9.972874495905834635e-01
9.969691011553112325e-01
9.966305468572616011e-01
9.962714594800341494e-01
9.958915486515028670e-01
9.954905692557449726e-01
9.950683299260467685e-01
9.946247016105800309e-01
9.941596262085856672e-01
9.936731252812235349e-01
9.931653088483116676e-01
9.926363842879875055e-01
9.920866653634831112e-01
9.915165814081082774e-01
9.909266867063036832e-01
9.903176701171686469e-01
9.896903649933850300e-01
9.890457594582208189e-01
9.883850071121549341e-01
9.877094382502999981e-01
9.870205716827822329e-01
9.863201272622670324e-01
9.856100392358289053e-01
9.848924705520707423e-01
9.841698282706621281e-01
9.834447802383351478e-01
9.827202732137619856e-01
9.819995526447226064e-01
9.812861843217803859e-01
9.805840781574233223e-01
9.798975143630197504e-01
9.792311723232265397e-01
9.785901624952083599e-01
9.779800616897832422e-01
9.774069521276030903e-01
9.768774647099954800e-01
9.763988270126972013e-01
9.759789166263005411e-01
9.756263206571695878e-01
9.753504024512682502e-01
9.751613765249247390e-01
9.750703896659103087e-01
9.750895843254043793e-01
9.752319731216678722e-01
9.755097621815483899e-01
9.759145047420234587e-01
9.755786563702780745e-01
9.754313892006046816e-01
9.777841577838667364e-01
9.791210028717588498e-01
9.805692980620548393e-01
9.822197178903525616e-01
9.840937937653040368e-01
9.861897107655506201e-01
9.884830199815428653e-01
9.909161917981840206e-01
9.933784368391544994e-01
9.956709421771183788e-01
9.974473493147847369e-01
9.981106620312215627e-01
9.966321605191112987e-01
9.912299553248404838e-01
9.787989054586518911e-01
9.539287120403124876e-01
9.073800172013575249e-01
8.244694870805313602e-01
6.864013811533133946e-01
4.837003346262799819e-01
2.487258374843200892e-01
6.640802289254769952e-02
4.330762211275021177e-04
3.241364159935909706e-02
1.088553843951474420e-01
1.927009589327399186e-01
2.684998691156428308e-01
3.323872076518853413e-01
3.849210563907621285e-01
4.278858296710362774e-01
4.631361125603254414e-01
4.921931368974084009e-01
5.165043082655144113e-01
5.368910689085482080e-01
5.541736106179423471e-01
5.689498213320569597e-01
5.816868151647748286e-01
5.927527931523051130e-01
6.024406357160715375e-01
6.109854580166373950e-01
6.185777024920362521e-01
6.253729485759318418e-01
6.314993084836907355e-01
6.370630419435797664e-01
6.421528493140284954e-01
6.468431771141081033e-01
6.511967798818998343e-01
6.552667175741431205e-01
6.590979211432604901e-01
6.627284252446491442e-01
6.661903425326640704e-01
6.695106360800630041e-01
6.727117332558392171e-01
6.758120146111078475e-01
6.788262040192510893e-01
6.817656808259167089e-01
6.846387306022864161e-01
6.874507479083790118e-01
6.902044019991520063e-01
6.928997744518388124e-01
6.955344761054076397e-01
6.981037493711350628e-01
7.006005608012031427e-01
7.030156877167041962e-01
7.053378016292494168e-01
7.075535500756124918e-01
7.096476372450881698e-01
7.116029022927057301e-01
7.134003922601973580e-01
7.150194234974384111e-01
7.164376197879201991e-01
7.176309018944899698e-01
7.185733626824839515e-01
7.192368059932165991e-01
7.195889181043612082e-01
7.195823947585474611e-01
7.189789287010823760e-01
7.177818364002188645e-01
7.173051689937635089e-01
7.156775342149195307e-01
7.134894536782432350e-01
7.107153720618762938e-01
7.073012914627313519e-01
7.031810758013342655e-01
6.982763183739214563e-01
6.924935800862128676e-01
6.857200735358609522e-01
6.778170641959478937e-01
6.686078550189654690e-01
6.578460794089870944e-01
