9.944071572099907330e-01
9.948923134629773513e-01
9.953701805850362350e-01
9.958376275495125496e-01
9.962916071765564041e-01
9.967291882526261304e-01
9.971475798406012059e-01
9.975441488580155669e-01
9.979164319494929769e-01
9.982621426167268552e-01
9.985791744993656183e-01
9.988656016224056744e-01
9.991196763482642629e-01
9.993398256920418277e-01
9.995246465810501135e-01
9.996729005671983748e-01
9.997835084293780206e-01
9.998555450386532595e-01
9.998882348000889264e-01
9.998809479291320690e-01
9.998331977742013210e-01
9.997446393526666641e-01
9.996150692310962205e-01
9.994444268481555982e-01
9.992327973523669193e-01
9.989804160039849057e-01
9.986876741732623186e-01
9.983551269531264483e-01
9.979835023951733053e-01
9.975737123706590603e-01
9.971268650551530222e-01
9.966442790342415758e-01
9.961274990300906795e-01
9.955783132503644994e-01
9.949987723671579465e-01
9.943912101379027701e-01
9.937582656866192909e-01
9.931029074674629920e-01
9.924284589362234454e-01
9.917386259535456716e-01
9.910375259373006562e-01
9.903297187652105871e-01
9.896202394001353264e-01
9.889146321619245450e-01
9.882189864935364554e-01
9.875399739544128419e-01
9.868848860015886348e-01
9.862616718674641625e-01
9.856789754766783762e-01
9.851461698150952850e-01
9.846733863992191971e-01
9.842715363947860396e-01
9.839523183439410348e-01
9.837282051664115734e-01
9.836123997690365828e-01
9.836187437458380201e-01
9.837615565399875361e-01
9.840553719553830625e-01
9.845145233385869110e-01
9.851525054562818573e-01
9.859810059391671544e-01
9.870084456324729194e-01
9.882377849048765706e-01
9.896632252286289289e-01
9.912652350735792206e-01
9.930030121294930456e-01
9.948029875376507292e-01
9.965411633161704863e-01
9.980157587287250553e-01
9.989045209645910361e-01
9.986976815234956950e-01
9.965923548604502802e-01
9.913268552240815934e-01
9.809252536051672466e-01
9.623210403154958126e-01
9.308608843787257170e-01
8.798319901668638643e-01
8.005769341049183696e-01
6.846268896656093617e-01
5.299882455749973520e-01
3.510496407044267908e-01
1.821757004187742335e-01
6.155128322337471286e-02
5.941668991229944255e-03
5.406437278134167655e-03
3.860260823952883780e-02
8.701953450003922785e-02
1.389327745975683093e-01
1.885641688324919407e-01
2.335164971152809132e-01
2.731830287885964603e-01
3.077715830219625026e-01
3.378064123126510720e-01
3.638919595631496806e-01
3.866096927622388879e-01
4.064791548884212347e-01
4.239485293976514857e-01
4.393978385616280069e-01
4.531468011043898181e-01
4.654637285594283025e-01
4.765739287586646111e-01
4.866670651519562352e-01
4.959033634637100008e-01
5.044187426223265547e-01
5.123290116652448045e-01
5.197332847744237094e-01
5.267167546147345503e-01
5.333529449430778335e-01
5.397055470791188858e-01
5.458293436594402470e-01
5.517740386255389762e-01
5.575802924841566366e-01
5.632852583533708435e-01
5.689210193274095717e-01
5.745155417596590208e-01
5.800931311971267990e-01
5.856748036057232154e-01
5.912785902885614453e-01
5.969197888424145892e-01
6.026111702355682054e-01
6.083631506789787258e-01
6.141839361804872777e-01
6.200796476892599385e-01
6.260544361558498805e-01
6.321106012623606274e-01
6.382487390402720173e-01
6.444679686864090984e-01
6.507662704681950183e-01
6.571387217125237434e-01
6.632656692198580783e-01
6.696638518262412187e-01
6.764234963217927721e-01
6.830268430075162600e-01
6.896274694087574098e-01
6.962287357687770850e-01
7.028199744684971995e-01
7.093866268152148047e-01
7.159122458977393855e-01
7.223791409759590110e-01
7.287686808711740793e-01
7.350614876338417147e-01
7.412375868360332465e-01
7.472765357850187362e-01
7.531575361110616207e-01
7.588595315282230525e-01
7.643612891495982220e-01
7.696414616146048937e-01
7.746786267460132880e-01
7.794513012074738567e-01
7.839379245488071746e-01
7.881168100399176257e-01
7.919660587719364875e-01
7.954634336435628672e-01
7.985861900995468998e-01
8.013108610196462145e-01
8.036129944901743150e-01
8.054668469070864756e-01
8.068450452969784248e-01
8.077182729714524889e-01
8.080552069356035094e-01
8.078240082488020724e-01
8.070104893140190860e-01
8.051715219961790293e-01
8.031374733227077956e-01
8.001615217797510837e-01
7.963375831547938599e-01
7.915989487797089330e-01
7.858603777818434777e-01
7.790218346287344220e-01
7.709672560055483848e-01
7.615623151563704063e-01
7.506517158478530627e-01
7.380561584969731470e-01
7.235690911545502590e-01
7.069534291246443169e-01
6.879385765758323501e-01
6.662183380282137302e-01
6.414507198006442756e-01
6.132612705324353986e-01
5.812526021855947134e-01
5.450241897766129329e-01
5.042085536109897070e-01
4.585323829389355010e-01
4.079134452642014796e-01
3.526044495866419992e-01
2.933894691127203469e-01
2.318203894582458180e-01
1.704426214370371173e-01
1.129007624407458305e-01
6.374710660141665042e-02
2.844596846859972009e-02
1.098756061675747013e-02
1.366323348292964972e-02
3.733408306538389676e-02
8.178333782624404302e-02
1.419191427795170879e-01
2.131517619930329288e-01
2.905298994010414027e-01
3.696118238905700681e-01
4.469014679732424278e-01
