9.272536346696028664e-01
9.220327868406001937e-01
9.162796632701010191e-01
9.096376592924216853e-01
8.989803667083632321e-01
8.095711583988492999e-01
9.274693771501137940e-01
9.177297195183760081e-01
9.167178054502737039e-01
9.193858469165159253e-01
9.250534393726961291e-01
9.336129395880293780e-01
9.449655517327829601e-01
9.587057554222409017e-01
9.736499355277613565e-01
9.869194596192516489e-01
9.922142665372037929e-01
9.779154053683550840e-01
8.302007633886206994e-01
7.446709633445448562e-01
5.113134325917835232e-01
2.540610901504610220e-01
7.536758823769178217e-02
5.257670460026454308e-03
8.153646233471839588e-03
4.404360794216478220e-02
8.995814245484240468e-02
1.358711199477679876e-01
1.782247693546589740e-01
2.162063643344174224e-01
2.500448454795744513e-01
2.802992916747287233e-01
3.075795736270095504e-01
3.324466487839441431e-01
3.553851258377698774e-01
3.768034094468929451e-01
3.970430989117074150e-01
4.163903325721245996e-01
4.350863367248170022e-01
4.533361692069984850e-01
4.713133817164683603e-01
4.882741740680042741e-01
5.070714429748041097e-01
5.251143595769877104e-01
5.434059392994364801e-01
5.620518035793864442e-01
5.811442680880775091e-01
6.007668640743697441e-01
6.209928428492685892e-01
6.418727900617647864e-01
6.632028205621606221e-01
6.863796284577335927e-01
7.095552159634210820e-01
7.336836385894300872e-01
7.584834935785497168e-01
7.852280968420343177e-01
8.117872918568763696e-01
8.391972317545878246e-01
8.670954024954493633e-01
8.950885391365500654e-01
9.225535802691903209e-01
9.484756956331182876e-01
9.712007138438183418e-01
9.880984181762676455e-01
9.956325867222057813e-01
9.993558964068460782e-01
8.422222918019308668e-01
7.695005883390863000e-01
5.739264499606860914e-01
3.089756443658494556e-01
7.841092604506817720e-02
1.270226737289240678e-03
7.621365673446293953e-02
2.196326732027378270e-01
3.686767204376021900e-01
4.991763703413665265e-01
6.068833320209556792e-01
6.941246690490336935e-01
7.644785676870690105e-01
8.211716857768450728e-01
8.667717096846895286e-01
9.032529056728213490e-01
9.321341172761981042e-01
9.546040264759075855e-01
9.716167039201532019e-01
9.839597960810370081e-01
9.923017333115373706e-01
9.972241505403648398e-01
9.992450021751774214e-01
9.988186250122400578e-01
9.957069640579940817e-01
9.920276789031506892e-01
9.866489725923895948e-01
9.802561901344324369e-01
9.731632638268293833e-01
9.656382284820268502e-01
9.579124322968001204e-01
9.501630097471215342e-01
9.424318246132825649e-01
9.341392409106915595e-01
9.126024795623877139e-01
9.358967055458027318e-01
9.284008297736950910e-01
9.257084803572851461e-01
9.251675880799781204e-01
9.249652245096262604e-01
9.316236727680904384e-01
9.397189374146505125e-01
9.505646062186251521e-01
9.632142003681872788e-01
9.732437137194192012e-01
9.652051314632208445e-01
8.900735772028411930e-01
6.384805327799264463e-01
2.218368060550845455e-01
1.129623337261382622e-02
6.874250595759295868e-02
1.855987552698347420e-01
2.842988740515636770e-01
3.587548995659956552e-01
4.152306399480328314e-01
4.595926018073752672e-01
4.959464447338480797e-01
5.270443331788343677e-01
5.547545275625282990e-01
5.803838784692617603e-01
6.025614823463297798e-01
6.289406834191252349e-01
6.530609126347223237e-01
6.762562691954714378e-01
7.056601358573239002e-01
7.338809689122355318e-01
7.569135388005761023e-01
7.895113544004700445e-01
8.217769467265083616e-01
8.549243157545792782e-01
8.881116557030562797e-01
9.194619124914524821e-01
9.456319747468693304e-01
9.612304679552121645e-01
9.585706673715568282e-01
9.290729934901434950e-01
8.690377258955210849e-01
6.423211092044156523e-01
4.539234386246059905e-01
2.033152688258553775e-01
1.362400080032753480e-01
5.297836307692988661e-02
1.428378008370852041e-02
1.818878628664352681e-03
2.378141491712257652e-02
3.228896619458556660e-01
6.584597930956267997e-03
3.805915833461370051e-02
7.446751482607892603e-02
1.105532080428136554e-01
1.463816976492137156e-01
1.819585265966056631e-01
2.173121149221631521e-01
2.524867639229507743e-01
2.875672916204937701e-01
3.226446285680554249e-01
3.578077225944130135e-01
3.931334604007116762e-01
4.286791917618947290e-01
4.644773233551521829e-01
5.005325489997928257e-01
5.368271000276617633e-01
5.733787722800161024e-01
6.072422757774933455e-01
6.454117962133013586e-01
6.814296797468034628e-01
7.167914204376857334e-01
7.512707176246234964e-01
7.845702970135030041e-01
8.163607594806683299e-01
8.462911348294702707e-01
8.739449486804672373e-01
8.966230791912319642e-01
9.221854391249828531e-01
9.416024285070323518e-01
9.578161464392180857e-01
9.706885135430443068e-01
9.801686112913250426e-01
9.862963881391977328e-01
9.892072092165115071e-01
9.891399298711751609e-01
9.864544594705700886e-01
9.816804541046567634e-01
9.752690705608194621e-01
7.092127360219732113e-01
8.995907242842859919e-01
9.517180679903194385e-01
9.818950460270733371e-01
3.184843151345778112e-01
4.319656094633712029e-01
1.503147782814940880e-01
4.171289733731590316e-02
2.340435392861254515e-01
4.028917962629515181e-01
