9.976968445562057752e-01
9.972850514271145439e-01
9.969190139173412790e-01
9.966002098012476385e-01
9.963287235559163957e-01
9.961035042572482512e-01
9.959226002409072853e-01
9.957833697052103084e-01
9.956826671726713984e-01
9.956170063072328213e-01
9.955827000266651572e-01
9.955759791750506960e-01
9.955930912475683403e-01
9.956303808051901738e-01
9.956843532942214470e-01
9.957517240101922962e-01
9.958294539249686883e-01
9.959147740429019624e-01
9.960051998741965562e-01
9.960985375153754706e-01
9.961928827193222702e-01
9.962866142200357267e-01
9.963783824577417958e-01
9.964670947301659254e-01
9.965518976785017191e-01
9.966321579029802091e-01
9.967074413963307178e-01
9.967774923822683153e-01
9.968422120541304832e-01
9.969016376228382326e-01
9.969559220070611794e-01
9.970053144286793456e-01
9.970501421165870459e-01
9.970907932662043116e-01
9.971277013569953551e-01
9.971613308885198812e-01
9.971921645626602437e-01
9.972206919095866207e-01
9.972473993325380315e-01
9.972727615265586376e-01
9.972972342116850353e-01
9.973212481090809600e-01
9.973452040805419472e-01
9.973694693457916260e-01
9.973943746882182326e-01
9.974202125589672896e-01
9.974472359884833939e-01
9.974756582166225405e-01
9.975056529547140505e-01
9.975373551967228192e-01
9.975708624999262142e-01
9.976062366613798194e-01
9.976435057197322598e-01
9.976826662184905548e-01
9.977236856711153568e-01
9.977665051740838287e-01
9.978110421188125523e-01
9.978571929585892120e-01
9.979048359915858590e-01
9.979538341253310074e-01
9.980040375927490270e-01
9.980552865939612550e-01
9.981074138415677588e-01
9.981602469912941311e-01
9.982136109424487591e-01
9.982673299965342251e-01
9.983212298641142013e-01
9.983751395133607653e-01
9.984288928553020082e-01
9.984823302632155340e-01
9.985352999250013406e-01
9.985876590289177734e-01
9.986392747848273910e-01
9.986900252835932967e-01
9.987398001985522411e-01
9.987885013339309337e-01
9.988360430251673749e-01
9.988823523977012897e-01
9.989273694897772282e-01
9.989710472462489665e-01
9.990133513903360907e-01
9.990542601801302158e-01
9.990937640568282596e-01
9.991318651919415261e-01
9.991685769406482009e-01
9.992039232079873434e-01
9.992379377349633884e-01
9.992706633114152304e-01
9.993021509219935927e-01
9.993324588321585988e-01
9.993616516198826627e-01
9.993897991599620667e-01
9.994169755661568288e-01
9.994432580973050539e-01
9.994687260331368561e-01
9.994934595248636811e-01
9.995175384258614404e-01
9.995410411078784474e-01
9.995640432672426856e-01
9.995866167258550261e-01
9.996088282317390217e-01
9.996307382629527893e-01
9.996523998395303590e-01
9.996738573463753719e-01
9.996951453712948910e-01
9.997162875600783538e-01
9.997372954919290233e-01
9.997581675758370201e-01
9.997788879687236063e-01
9.997994255146552822e-01
9.998197327021790537e-01
9.998397446348222806e-01
9.998593780071781678e-01
9.998785300735797410e-01
9.998970775921333098e-01
9.999148757184099789e-01
9.999317568126598887e-01
9.999475291103387953e-01
9.999619751855146621e-01
9.999748501075643725e-01
9.999858791519412593e-01
9.999947548658040253e-01
1.000001133202808479e+00
1.000004628310877441e+00
1.000004805357581628e+00
1.000001170467457401e+00
9.999931563491997188e-01
9.999801013773759184e-01
9.999612185198563097e-01
9.999355481041027893e-01
9.999018840670301778e-01
9.998586550970502973e-01
9.998037256645453397e-01
9.997340472111871934e-01
9.996450108264830492e-01
9.995291567319952719e-01
9.993733520491290268e-01
9.991518031837191005e-01
9.988054219556304902e-01
9.981616526101869669e-01
9.964132630396623780e-01
9.700110754092692300e-01
1.003589724074502643e+00
1.001618150460121592e+00
1.000896570883323955e+00
1.000490085420942421e+00
1.000205666490036505e+00
9.999791998197009590e-01
9.997834677229106015e-01
9.996050920674082185e-01
9.994368667379077698e-01
9.992747000151084302e-01
9.991162288796683333e-01
9.989601278289389485e-01
9.988057370497321896e-01
9.986528494411540668e-01
9.985015816645353981e-01
9.983522918111950029e-01
9.982055238543343645e-01
9.980619678246408499e-01
9.979224292620878511e-01
9.977878040323476805e-01
9.976590560472214930e-01
9.975371962903512024e-01
9.974232620802806482e-01
9.973182958425749201e-01
9.972233228903080171e-01
9.971393278731036647e-01
9.970672296754782282e-01
9.970078546452625368e-01
9.969619081177418796e-01
9.969299442841939030e-01
9.969123345338080089e-01
9.969092344824795893e-01
9.969205499917260793e-01
9.969459025767244409e-01
9.969845947074297277e-01
9.970355756196754848e-01
9.970974083754983175e-01
9.971682390432727860e-01
9.972457690082928705e-01
9.973272315718001435e-01
9.974093741507170652e-01
9.974884475482297397e-01
9.975602039250937025e-01
9.976199052590097871e-01
9.976623442312010370e-01
9.976818796181181614e-01
9.976724883885849104e-01
9.976278368008602015e-01
9.975413728554715087e-01
9.974064424731375889e-01
9.972164317241569709e-01
9.969649373199962472e-01
9.966459673739864744e-01
9.962541741295887210e-01
9.957851199198759495e-01
9.952355770409297975e-01
9.946038614693106794e-01
9.938901994065068024e-01
