7.041389222237074419e-01
7.358153822746049677e-01
7.642695920145424759e-01
7.897539124181468528e-01
8.125269387083903228e-01
8.328507399364940555e-01
8.509837912218621847e-01
8.671741801173301623e-01
8.816540442768866503e-01
8.946354308154425006e-01
9.063075508985493078e-01
9.168353232967240141e-01
9.263590625611506368e-01
9.349951457830056878e-01
9.428374796509616518e-01
9.499595850889595017e-01
9.564171214021242040e-01
9.622504891266571159e-01
9.674885521495474316e-01
9.721499739280921037e-01
9.762473951000808503e-01
9.797892774857437370e-01
9.827822553211643664e-01
9.852330529461728048e-01
9.871500728287955218e-01
9.885446641466566486e-01
9.894320985708046079e-01
9.898322948681549382e-01
9.897703473197341228e-01
9.892769261196932007e-01
9.883886332492038962e-01
9.871484186051758813e-01
9.856061947584011662e-01
9.838198456716328311e-01
9.818569253094584504e-01
9.797975250672066316e-01
9.777391305899283402e-01
9.758049376022804866e-01
9.741582978251956959e-01
9.730275966715687952e-01
9.727385037178968297e-01
9.736345078038800560e-01
9.677923457542069174e-01
9.715629953135201946e-01
9.973250509134335973e-01
1.033556027819385381e+00
6.635653341971683994e-02
7.240804086251797500e-01
8.177464965144639608e-01
8.463336632299827134e-01
8.587342500632810793e-01
8.649040746395572077e-01
8.680507296260143724e-01
8.698640387592676548e-01
8.706853993611114451e-01
8.710391829120762708e-01
8.711175506182673445e-01
8.703369118777481983e-01
8.716715786395220489e-01
8.717244257213976333e-01
8.720002588205303384e-01
8.724662763589565717e-01
8.731401023742274559e-01
8.739966048429476109e-01
8.750420393511590955e-01
8.764369256943264075e-01
8.780230869264177285e-01
8.798456397263574313e-01
8.819065874935897442e-01
8.842040607890373494e-01
8.867340537396767308e-01
8.894908442361646461e-01
8.924671564034553084e-01
8.956542072834772217e-01
8.990416570789000472e-01
9.026174451868439474e-01
9.063674654163663691e-01
9.102749928785626166e-01
9.143197036025438873e-01
9.184759908565053310e-01
9.227099025264414722e-01
9.269745651161781508e-01
9.311980591080256664e-01
9.352641855808958571e-01
9.389618146365681373e-01
9.418500999779647609e-01
9.427834859238419796e-01
9.375933271360132881e-01
9.151131514302539571e-01
9.155398996769906761e-01
8.850154358297800394e-01
7.196433761947678143e-01
2.981595157763251569e-01
3.975335038747428995e-01
6.625326514118331511e-01
8.035601377636010234e-01
8.715533864838076461e-01
9.087035259888944783e-01
9.317085858909899265e-01
9.473991442676662489e-01
9.588825988696133562e-01
9.674099760429573092e-01
9.747244800595711300e-01
9.804425054338853363e-01
9.851411222249621957e-01
9.890126893570942990e-01
9.921821818805063309e-01
9.947339423723587926e-01
9.967265081991295572e-01
9.982015968029184227e-01
9.991897807025799105e-01
9.997141845462050869e-01
9.997929547425702390e-01
9.994409423040467866e-01
9.986708660285831263e-01
9.974941221218478482e-01
9.959213450309206683e-01
9.939627841355822557e-01
9.916285281384195072e-01
9.889285598718651205e-01
9.858724559852597435e-01
9.824674032558802228e-01
9.786895493803403623e-01
9.747667721913740868e-01
9.703679295156103501e-01
9.656951323312136237e-01
9.606062721516825942e-01
9.554967801735265720e-01
9.499170799587263181e-01
9.420707990715313507e-01
9.385939622288382855e-01
9.322907352001200687e-01
9.258164642831195890e-01
9.191328285805629994e-01
9.122320444326695865e-01
9.051067719533859579e-01
8.976766966145717230e-01
8.902143838982827795e-01
8.823737843105152745e-01
8.742607554446789608e-01
8.658363961202203418e-01
8.570497801893647294e-01
8.478305523744270600e-01
8.380805946545086815e-01
8.276618456006006319e-01
8.163772532794090209e-01
8.039396276298973465e-01
7.899181695604902131e-01
7.736410517036189649e-01
7.540036991190047777e-01
7.290495460600768807e-01
6.949088903134014172e-01
6.428714574450006269e-01
5.722880118844084762e-01
4.816365889320468052e-01
2.391185052084402740e-01
6.545185040127608767e-02
7.688439583986619308e-01
9.596401770077321869e-01
9.607221178785745330e-01
9.459417630335507088e-01
9.265732566388000802e-01
9.110590496164108210e-01
8.985991689127587057e-01
8.885791172517404357e-01
8.805181838114917170e-01
8.740737812626124814e-01
8.690177795943370143e-01
8.651799723567555889e-01
8.627991752708210615e-01
8.621701941690145254e-01
8.675905584932662729e-01
8.343339400941351958e-01
8.499857631599383456e-01
8.530925447105727200e-01
8.555352568560384841e-01
8.582814220282530826e-01
8.615890897545799287e-01
8.655726996579581334e-01
8.703071887317623823e-01
8.758573720979422328e-01
8.822881897693689579e-01
8.896678136062261544e-01
8.980659160919135520e-01
9.075454052768671120e-01
9.181417134718314887e-01
9.298156969088000601e-01
9.423479168442027154e-01
9.550974986629370278e-01
9.664349914888267223e-01
9.723599385523498118e-01
9.630517107853537873e-01
9.146276803779029851e-01
7.752638443206685270e-01
4.832563688108021394e-01
1.354800419638680364e-01
1.035592040056343074e-02
9.343856441529362067e-02
2.292233776316273397e-01
3.464784118946745983e-01
