2.644572110090264577e-03
9.696434330830918519e-03
4.105056308948614591e-02
8.750924511985304355e-02
1.421806550150502557e-01
2.003953165176476647e-01
2.591703201756431763e-01
3.166769992338575590e-01
3.718390939778682402e-01
4.240605457058957972e-01
4.730498322409246170e-01
5.187087437711987992e-01
5.610620679277136258e-01
6.002126633065996142e-01
6.363121752388359864e-01
6.695414218196746869e-01
7.000968362565233027e-01
7.281807929844836824e-01
7.539945165682649941e-01
7.777327960246206429e-01
7.995800395692632678e-01
8.197073886901319328e-01
8.382707145516624658e-01
8.554088869238002379e-01
8.712457941338757061e-01
8.858851326411680827e-01
8.994163317829433346e-01
9.119128474071093171e-01
9.234341085830451989e-01
9.340271780721189909e-01
9.437286037804263339e-01
9.525663740671692636e-01
9.605618992514382004e-01
9.677319642394286436e-01
9.740907049393380257e-01
9.796532934388586522e-01
9.844107373954557039e-01
9.884159928226509129e-01
9.916603872238811679e-01
9.941673916878733808e-01
9.959602334115607025e-01
9.970655624239723736e-01
9.975137473184941816e-01
9.973388200316166685e-01
9.965782543089203305e-01
9.952726310012871558e-01
9.934652243345484246e-01
9.912015386468828737e-01
9.885288347592590119e-01
9.854931871775547414e-01
9.821505294869593561e-01
9.785439356826004520e-01
9.747247353857130259e-01
9.707417406762235412e-01
9.666428662243629066e-01
9.624748613608702374e-01
9.582830856114163964e-01
9.541113415752434657e-01
9.500017686220925128e-01
9.459948003572614672e-01
9.421291899729291597e-01
9.384421099741641070e-01
9.349693366154868679e-01
9.317455353297139364e-01
9.288046725373449997e-01
9.261805932931878038e-01
9.239078263351133691e-01
9.220227136460515949e-01
9.205650203241021456e-01
9.195802803749960619e-01
9.191233095312557611e-01
9.192636362025244923e-01
9.200942090415205055e-01
9.217459434658629158e-01
9.244131635863598317e-01
9.284003579286796981e-01
9.342121621396676234e-01
9.427279232672112208e-01
9.554516063764404432e-01
9.729445998754840952e-01
9.138124576840348512e-01
4.970251782722854839e-01
6.091780834087155982e-01
7.846985850611158941e-01
8.328170353444604990e-01
8.569697886775570206e-01
8.723816603632992273e-01
8.838691919250954987e-01
8.933454065664734323e-01
9.017166893547443607e-01
9.094748399538025163e-01
9.169268374085136619e-01
9.238728464679891728e-01
9.313203440266982769e-01
9.386163297339110700e-01
9.459893428115752068e-01
9.534608919275767702e-01
9.610009273679546160e-01
9.685021858283052731e-01
9.757137496902812401e-01
9.820964752821347288e-01
9.865016118041213256e-01
9.864214664702789515e-01
9.761443809925227644e-01
9.420264901887482889e-01
8.509192252676073265e-01
6.340805809337616283e-01
2.589249909150646567e-01
1.070221221060949079e-02
1.061231496493713483e-01
2.980505861766686304e-01
4.467593435075311037e-01
5.468650660209952719e-01
6.139643825513958486e-01
6.597733373975778193e-01
6.913695932418477685e-01
7.128836279070882576e-01
7.266925178927855500e-01
7.340863110959909843e-01
7.356114484954143773e-01
7.312229604517143100e-01
7.203106714968707802e-01
7.016256471619118917e-01
6.731161443129820565e-01
6.316966985512030286e-01
5.730696513475095344e-01
4.920378971403289170e-01
3.845522881390275871e-01
2.538804619128628426e-01
1.215848419298088123e-01
3.196719353998138391e-02
2.781684848984691122e-02
1.102183415757247570e-01
2.372553243602443240e-01
3.644845209964918120e-01
4.703327089175797782e-01
5.514349950339693107e-01
6.115947031570049264e-01
6.557846657204984275e-01
6.882007151127977895e-01
7.119699810734533285e-01
7.293275146839415246e-01
7.418548312044387361e-01
7.506754702745531693e-01
7.565964074851977417e-01
7.602047821003087291e-01
7.619357423812264107e-01
7.621203260927869039e-01
7.610329321475297615e-01
7.590224955683159136e-01
7.427735402882189586e-01
7.509388595566752755e-01
7.461517581009874389e-01
7.405754628521619143e-01
7.343475317320851126e-01
7.275276574353278791e-01
7.201606378233487149e-01
7.122850818191969191e-01
7.039312259106305092e-01
6.951260072143367053e-01
6.858922653943654302e-01
6.762493641928744026e-01
6.662134091958721305e-01
6.557972571365714431e-01
6.450103439846580633e-01
6.338583417744183546e-01
6.223426531734856937e-01
6.104595679521965801e-01
5.981999339730749154e-01
5.855472445221830968e-01
5.724770519672025548e-01
5.589552241995024984e-01
5.449362688726262505e-01
5.303613959680839596e-01
5.151563548162335637e-01
4.992290740711639585e-01
4.824671682136033035e-01
4.647354352421018131e-01
4.458735722283008740e-01
4.256945034509793668e-01
4.039839898602725077e-01
3.805026311197917677e-01
3.549920773165991528e-01
3.271883737947591242e-01
2.968470497701237720e-01
2.637870187918145426e-01
2.279636514199916419e-01
1.895850715201074788e-01
1.492879958884092417e-01
1.083853386307500888e-01
6.917674277354481094e-02
3.525785103374638740e-02
1.165891055266599606e-02
4.508140448973257768e-03
1.986771674985828018e-02
6.166052685479980061e-02
1.293213066609661677e-01
2.165445775545908058e-01
3.123000469120750799e-01
4.037880757764062967e-01
