1.013728395902329993e+00
1.005484656654109799e+00
9.965061844895773957e-01
9.870575139866779590e-01
9.772807287939243581e-01
9.671409267606111415e-01
9.562833963594175035e-01
9.435839259605252050e-01
9.252863250154912400e-01
8.821567041862731218e-01
4.348543387198934296e-01
9.233541764593561352e-01
9.507608116413117649e-01
9.456360687896778749e-01
9.399080063469478219e-01
9.348690291947019393e-01
9.304152925236597316e-01
9.263711520695517843e-01
9.225963440010286343e-01
9.189866169719758116e-01
9.154657841179404398e-01
9.119795418248030083e-01
9.084904698396794043e-01
9.049764170775926875e-01
9.014285165696648283e-01
8.978458049875187585e-01
8.942375891067264604e-01
8.906192970196250558e-01
8.870136308070714071e-01
8.834471105528751700e-01
8.799500535173198079e-01
8.765553515621823388e-01
8.732975140574829043e-01
8.702117223204395291e-01
8.673326888194914375e-01
8.646921483102523176e-01
8.622994112894342145e-01
8.604597158909811361e-01
8.586199903579020409e-01
8.572837344517396652e-01
8.563375230120295889e-01
8.556923998314531765e-01
8.555916998290121755e-01
8.558567250068064292e-01
8.565094451751350535e-01
8.575148450798486532e-01
8.588028572592026899e-01
8.602481304832284570e-01
8.616276043867712175e-01
8.625289984877954064e-01
8.621297078727060414e-01
8.585675950154668667e-01
8.466517891547618024e-01
8.051885457698061410e-01
5.181290895273473751e-01
9.256759563273474489e-01
9.937376168179187230e-01
9.869549362807610304e-01
9.851305686171317744e-01
9.849475702632818352e-01
9.832067229032520617e-01
9.762950327440365061e-01
9.588564144569891035e-01
9.220685763089990772e-01
8.514479757236157464e-01
7.260866964148174896e-01
5.279487974742791412e-01
2.768893972372458712e-01
6.889102220251785980e-02
7.856283345369236828e-04
6.268799337368127778e-02
1.805652369476185293e-01
3.025071634164899770e-01
4.093452527622190584e-01
4.981172032661528304e-01
5.710787549702205368e-01
6.313946886019395910e-01
6.818558007338691995e-01
7.246426697984258425e-01
7.613896091221191709e-01
7.933059268685295207e-01
8.212859023861469598e-01
8.459940408784022425e-01
8.679276773329985817e-01
8.874620741044931815e-01
9.048826328832569876e-01
9.204068474692910229e-01
9.341795209972953984e-01
9.465081828154298105e-01
9.572263921333498127e-01
9.665819446368570933e-01
9.746293065990528914e-01
9.814310666671716143e-01
9.870446243821171528e-01
9.915232116234098392e-01
9.949174085959049396e-01
9.972763906979144055e-01
9.986488549678033122e-01
9.990836644467681049e-01
9.986302783785172554e-01
9.973393387745236316e-01
9.950815178166534380e-01
9.923776451119451503e-01
9.889777888969664144e-01
9.848440028507712274e-01
9.801418056405050150e-01
9.749179292560905541e-01
9.692232005138692319e-01
9.631054101169893578e-01
9.567579345504875210e-01
9.498586463034081051e-01
9.427857929710289353e-01
9.354925326662824059e-01
9.280196957311521722e-01
9.204078669359897491e-01
9.126944406490566930e-01
9.049105463866505827e-01
8.970717169693901427e-01
8.891376121221993278e-01
8.807152494137144849e-01
8.516177700188969357e-01
8.679094463253691494e-01
8.615906481571422582e-01
8.553273970377318625e-01
8.503407782675395099e-01
8.484367029811327177e-01
8.598764963029875696e-01
6.207040950436386595e-01
7.846686238766505950e-01
7.898929981798429312e-01
7.875950262514633815e-01
7.833111957310369133e-01
7.783903382088315226e-01
7.731712655590339267e-01
7.678676625639895281e-01
7.626140066848612342e-01
7.574117491540497404e-01
7.523231617972403473e-01
7.473643314306969154e-01
7.425461684352916425e-01
7.378739702201885242e-01
7.333481830989411199e-01
7.289644748575109245e-01
7.247130876094171059e-01
7.205773592603869071e-01
7.165311017366635671e-01
7.125342030417796124e-01
7.085252335619066644e-01
7.044086541992550243e-01
7.000316383901475925e-01
6.951393691412715015e-01
6.892814840654084563e-01
6.815939008739804184e-01
6.702080954956006753e-01
6.502563555272224960e-01
6.041175058830166034e-01
3.941714438349943617e-01
1.006868327406917452e+00
8.398303791018093545e-01
7.985473126238153974e-01
7.823766791251162145e-01
7.753529151411625575e-01
7.729447403809149852e-01
7.734338545095845729e-01
7.760970621956112536e-01
7.806856960661622269e-01
7.871546650669603018e-01
7.934346249338557477e-01
5.389370591923520193e-01
7.343774708329997569e-01
7.784786671314863904e-01
7.958854348416284363e-01
8.080979559329443118e-01
8.210214169152920682e-01
8.319428327530762335e-01
8.437784993638069997e-01
8.552945266223875853e-01
8.669501219328418218e-01
8.786941292016146043e-01
8.904521817317901933e-01
9.021302028879577550e-01
9.136182435037663030e-01
9.247934565593211031e-01
9.355226239521087228e-01
9.456645354180078789e-01
9.550723154458223840e-01
9.635956658113554729e-01
9.710911969017597123e-01
9.775980198323516168e-01
9.824264077808940732e-01
9.858991051293350960e-01
9.877150271839454376e-01
9.876234229508258355e-01
9.851961745444718366e-01
9.794650254511528820e-01
9.675871514327480938e-01
9.378526075185129596e-01
8.014148087894706896e-01
2.329970711084102808e-01
8.438916119774566571e-01
