8.421164465193194948e-01
8.469084872097425443e-01
8.522207577136289292e-01
8.579489874739665289e-01
8.642779626062723208e-01
8.709939438936228351e-01
8.780548695285591565e-01
8.852919929014035905e-01
8.928471012020295916e-01
9.003471287832713887e-01
9.077586428802568719e-01
9.149534037895363792e-01
9.218014049116118880e-01
9.281711044001110800e-01
9.339285288003188468e-01
9.389342438992376305e-01
9.430372326814497885e-01
9.460642728819450564e-01
9.478026219149501275e-01
9.479725135349311715e-01
9.461838203267564085e-01
9.418677354628887111e-01
9.341688376061695331e-01
9.217751191635915609e-01
9.026556602189835798e-01
8.736802494743862724e-01
8.301600717150698916e-01
7.654732413895513066e-01
6.735531084060123463e-01
5.519710646049490466e-01
4.178112394899664572e-01
3.135075630320446893e-01
2.776526491547669506e-01
2.935398575251155218e-01
2.923181749017761955e-01
2.254573013070170495e-01
1.663564304407745553e-01
2.294357815642184828e-01
4.039559009145218260e-01
6.486175100346530664e-01
9.048688945774162606e-01
7.559745249233116304e-01
1.882893070230841348e-01
7.298570402055953518e-03
1.585305833790487048e-02
5.807930911839410265e-02
9.948024114784846661e-02
1.341541068744314669e-01
1.619862539093076537e-01
1.834429567818683660e-01
1.996882755738022264e-01
2.107615318848853059e-01
2.178471472926710728e-01
2.224007465169928477e-01
2.254665722181301013e-01
2.274376395973778386e-01
2.283603621205830547e-01
2.281944737911266730e-01
2.269018511118587322e-01
2.244549518211659267e-01
2.208263885542381399e-01
2.159790362165069644e-01
2.098599020278988092e-01
2.023973383111017932e-01
1.935013100561062127e-01
1.830678863427316339e-01
1.709942883224573607e-01
1.572897199445041083e-01
1.411739892337050273e-01
1.238254954624994908e-01
1.048726957287591521e-01
8.509093684619221942e-02
6.596135570549689631e-02
5.055591298115848231e-02
4.288621808943123004e-02
5.068768196898469636e-02
8.156622623100784342e-02
1.390866377325901682e-01
2.151488613475016909e-01
1.807193060849359434e-01
3.891969150253465903e-01
5.040128326909725232e-01
6.432584732402893968e-01
7.800742196208528823e-01
8.831286701363423308e-01
9.458955070015608868e-01
9.781714619199385341e-01
9.917079241590184280e-01
9.949912100476243637e-01
9.931920248096551829e-01
9.892409389202547754e-01
9.847339873791245424e-01
9.805073678769921086e-01
9.769710929472128491e-01
9.742970588715389457e-01
9.725242205980469956e-01
9.716163321775929118e-01
9.714424706557250877e-01
9.721248417580525825e-01
9.733035224349492198e-01
9.749739645044926961e-01
9.770232827901398354e-01
9.793439677769643081e-01
9.818324328368293052e-01
9.843896907044398237e-01
9.869221685539930622e-01
9.893425707474876596e-01
9.915708186666986057e-01
9.935350909321214452e-01
9.951729695932830522e-01
9.964326744359220944e-01
9.972742936366636446e-01
9.976703005250295853e-01
9.975662437300880647e-01
9.971314839428456755e-01
9.961319576937239795e-01
9.948691371149210871e-01
9.932428288949824990e-01
9.913831305901398272e-01
9.893959096320844582e-01
9.873988130262336682e-01
9.855062121254243301e-01
9.837925342740160284e-01
9.822100041143794202e-01
9.804057465333475552e-01
9.773134991781539105e-01
9.702403541079637206e-01
9.528681521290927048e-01
9.113056847637874824e-01
8.189674110982760880e-01
6.424497958461393710e-01
3.897546850074329883e-01
1.588933458833244050e-01
3.583243630158081117e-02
2.010059186523985731e-03
8.573991815115358447e-03
1.660723836444863433e-02
2.422032420571678182e-02
2.700896461892903985e-02
2.894553149119755142e-02
3.254991472825279758e-02
5.571884002361757182e-02
1.039634137112212947e-01
1.832218405118951066e-01
2.903399559255245843e-01
4.251104559071547939e-01
5.891728797991591104e-01
7.516678591957898226e-01
8.693150724173439592e-01
9.326889250593763947e-01
9.560560264049648982e-01
9.560081166337827119e-01
9.440061058082367396e-01
9.266584281506331511e-01
9.074885431522208279e-01
8.882897888339313930e-01
8.699281825206770513e-01
8.527812368084450867e-01
8.369718411639058830e-01
8.224922744829631371e-01
8.092699994133510932e-01
7.972025362295419582e-01
7.861758116986465872e-01
7.760736339857261523e-01
7.667823807492184507e-01
7.581929133669281784e-01
7.501991795346941716e-01
7.426705563739253169e-01
7.353125375319126134e-01
7.291282540481248686e-01
7.228295820171709574e-01
7.169445612776550458e-01
7.116651645130120940e-01
7.055255463941634275e-01
7.045883458598725113e-01
7.085524932056566083e-01
7.317956166926217199e-01
7.384449054559011349e-01
3.771596440755630164e-01
4.751266738119422905e-01
4.706887180546429628e-01
4.340305341133098849e-01
3.692597498368625497e-01
2.688048942790793872e-01
1.298111196851871596e-01
3.004719781626122299e-02
2.493343425180243045e-01
6.740221437243578695e-01
8.929778318793025749e-01
9.568520107284526066e-01
9.683209771405917321e-01
9.651113820475546445e-01
9.590719022362225177e-01
9.538778383366678382e-01
9.505437044661537715e-01
9.490362559543927823e-01
9.483018193318420996e-01
9.498067364018968339e-01
9.592107502424915833e-01
9.659176410550615044e-01
