9.944264447971385978e-01
9.944540436966764485e-01
9.944841938715650587e-01
9.945167263090840537e-01
9.945514851844701187e-01
9.945883285527845619e-01
9.946271285590766453e-01
9.946677712576817987e-01
9.947101561216317167e-01
9.947541953137881698e-01
9.947998127820585346e-01
9.948469432324843487e-01
9.948955310258874585e-01
9.949455290366644444e-01
9.949968975048970599e-01
9.950496029079544114e-01
9.951036168715221564e-01
9.951589151354316432e-01
9.952154765864033026e-01
9.952732823648110516e-01
9.953323150510180461e-01
9.953925579335313190e-01
9.954539943592369822e-01
9.955166071645141779e-01
9.955803781847284428e-01
9.956452878382122673e-01
9.957113147805802811e-01
9.957784356241472512e-01
9.958466247175624675e-01
9.959158539799816134e-01
9.959860927843787737e-01
9.960573078843780737e-01
9.961294633799934184e-01
9.962025207163823781e-01
9.962764387115901066e-01
9.963511736082559800e-01
9.964266791457764283e-01
9.965029066485241449e-01
9.965798051271530511e-01
9.966573213896418038e-01
9.967354001595157831e-01
9.968139841986037863e-01
9.968930144324221754e-01
9.969724300763224134e-01
9.970521687605812255e-01
9.971321666536064887e-01
9.972123585817829206e-01
9.972926781452968736e-01
9.973730578290921356e-01
9.974534291087859827e-01
9.975337225506262229e-01
9.976138679060153613e-01
9.976937941997283676e-01
9.977734298123461798e-01
9.978527025566823472e-01
9.979315397485509775e-01
9.980098682719452663e-01
9.980876146388225623e-01
9.981647050440359825e-01
9.982410654153758278e-01
9.983166214593248711e-01
9.983912987028189523e-01
9.984650225312284855e-01
9.985377182231629511e-01
9.986093109821185809e-01
9.986797259657796966e-01
9.987488883128328165e-01
9.988167231679816460e-01
9.988831557052676446e-01
9.989481111501825605e-01
9.990115148007240320e-01
9.990732920476014245e-01
9.991333683941421295e-01
9.991916694759152007e-01
9.992481210802591773e-01
9.993026491661597399e-01
9.993551798842676970e-01
9.994056395979186158e-01
9.994539549045743376e-01
9.995000526582504818e-01
9.995438599931613100e-01
9.995853043485779521e-01
9.996243134949536202e-01
9.996608155616244495e-01
9.996947390663410982e-01
9.997260129465550538e-01
9.997545665927508596e-01
9.997803298842101727e-01
9.998032332271232780e-01
9.998232075958928267e-01
9.998401845774355090e-01
9.998540964197835113e-01
9.998648760851149841e-01
9.998724573085618905e-01
9.998767746644799947e-01
9.998777636418522130e-01
9.998753607319752490e-01
9.998695035332706427e-01
9.998601308794140552e-01
9.998471830012622963e-01
9.998306017390863332e-01
9.998103308309070902e-01
9.997863163217711735e-01
9.997585071696388770e-01
9.997268561873805526e-01
9.996913215832673449e-01
9.996518696321847752e-01
9.996084796256681226e-01
9.995611538144637542e-01
9.995099395078114179e-01
9.994549852702396819e-01
9.993967140970572149e-01
9.993365484273913912e-01
9.992825167742214187e-01
9.990197788373015308e-01
9.990808358590890226e-01
9.990087937235022642e-01
9.989257352937214174e-01
9.988363706462314306e-01
9.987417224630324997e-01
9.986421298471229724e-01
9.985377288759252901e-01
9.984285789562734603e-01
9.983147062645202352e-01
9.981961215245577224e-01
9.980728282548283481e-01
9.979448269823676387e-01
9.978121175735026327e-01
9.976747006143421581e-01
9.975325782808113217e-01
9.973857549198089645e-01
9.972342374596122605e-01
9.970780357157696949e-01
9.969171626301142064e-01
9.967516344666766948e-01
9.965814709785273395e-01
9.964066955542505433e-01
9.962273353507029583e-01
9.960434214151814292e-01
9.958549888003186412e-01
9.956620766732664496e-01
9.954647284203833602e-01
9.952629917487896272e-01
9.950569187852703612e-01
9.948465661731960008e-01
9.946319951683424421e-01
9.944132717337694771e-01
9.941904666348482245e-01
9.939636555348020375e-01
9.937329190916914801e-01
9.934983430578304686e-01
9.932600183825767148e-01
9.930180413199047873e-01
9.927725135423383085e-01
9.925235422626059734e-01
9.922712403655464808e-01
9.920157265523427137e-01
9.917571254997161745e-01
9.914955680374341052e-01
9.912311913473539349e-01
9.909641391881567341e-01
9.906945621502784016e-01
9.904226179460454693e-01
9.901484717406399128e-01
9.898722965302628740e-01
9.895942735744962526e-01
9.893145928905480169e-01
9.890334538182065094e-01
9.887510656642836127e-01
9.884676484376745398e-01
9.881834336855138679e-01
9.878986654431830550e-01
9.876136013111421752e-01
9.873285136729784695e-01
9.870436910703870304e-01
9.867594397514477533e-01
9.864760854102991861e-01
9.861939751373716145e-01
9.859134796006840951e-01
9.856349954802021696e-01
9.853589481787714544e-01
9.850857948344963200e-01
9.848160276614910114e-01
9.845501776476134337e-01
9.842888186398132122e-01
9.840325718498846852e-01
9.837821108162909667e-01
9.835381668596495652e-01
9.833015350734682913e-01
9.830730808934347031e-01
9.828537472925672480e-01
9.826445626505712072e-01
9.824466493464174555e-01
9.822612331194841007e-01
9.820896532325631423e-01
9.819333734444123385e-01
9.817939937441495513e-01
9.816732626913490245e-01
9.815730899894484773e-01
9.814955584926831067e-01
