1.004073612856269948e+00
9.967933781842519547e-01
9.894048380834804535e-01
9.821023212669487412e-01
9.750487511977082855e-01
9.683770973221955680e-01
9.621924333767444271e-01
9.565744291210042105e-01
9.515801219075828987e-01
9.472468345133023826e-01
9.435951251496068615e-01
9.406316741153393224e-01
9.383520288159218348e-01
9.367431445295871795e-01
9.357856721085482388e-01
9.354559555311505736e-01
9.357277116602490397e-01
9.365733715159867412e-01
9.379650666096578382e-01
9.398752451349100534e-01
9.422769007198525948e-01
9.451433905063966190e-01
9.484478088563635945e-01
9.521618670140342688e-01
9.562542062299751455e-01
9.606880403116685452e-01
9.654179807952792958e-01
9.703858406056409258e-01
9.755151359529203869e-01
9.807039062100380011e-01
9.858153421511479664e-01
9.906655497731673421e-01
9.950075800370731249e-01
9.985106364187170680e-01
1.000733172205100052e+00
1.001088507151187690e+00
9.988018456392634414e-01
9.928586060094369836e-01
9.819466061710493410e-01
9.644003479487259778e-01
9.381666465611043781e-01
9.008298628146389486e-01
8.497631441585518086e-01
7.825029248236706758e-01
6.974513864666852525e-01
5.949370800127955494e-01
4.784320811629164116e-01
3.553430763316784979e-01
2.365316660139712146e-01
1.340832266865039368e-01
5.798441924563441097e-02
1.340875661487312027e-02
3.626712072605475350e-05
1.339260540165877235e-02
4.704103065992886606e-02
9.445908395875687869e-02
1.501089628649221464e-01
2.097878645791442231e-01
2.705510452855465764e-01
3.304625581497621645e-01
3.883231629411049157e-01
4.434395301254461241e-01
4.954505342666713497e-01
5.442053704706800721e-01
5.896819460345572583e-01
6.319341490713759057e-01
6.710588541209879798e-01
7.071760652569205607e-01
7.404179967251850458e-01
7.709267626724360944e-01
7.989008224256066715e-01
8.239674706205249999e-01
8.471520107559816770e-01
8.680210809307674635e-01
8.867927164367512827e-01
9.036031445601240275e-01
9.185798854477245090e-01
9.318467778623027442e-01
9.435247097062151589e-01
9.537315525989470411e-01
9.625818641441080681e-01
9.701865125425795933e-01
9.766522877920017498e-01
9.820815348815712387e-01
9.865718310665592128e-01
9.902157209516579961e-01
9.931005169440261238e-01
9.953081678405276689e-01
9.969151946109797713e-01
9.979926896878598130e-01
9.986063741518551584e-01
9.988167059952505200e-01
9.986790320224345763e-01
9.982437757923687816e-01
9.975566542051637065e-01
9.966589157836266422e-01
9.955875943165596320e-01
9.943757722417533307e-01
9.930528488967703682e-01
9.916448095152671227e-01
9.901744915641058631e-01
9.886618456810442046e-01
9.871241890754012260e-01
9.855764497844329286e-01
9.840314006404955460e-01
9.824998821948797145e-01
9.809910141746790435e-01
9.795123953180469023e-01
9.780702916547580061e-01
9.766698134761571115e-01
9.753150813800388619e-01
9.740093818914096202e-01
9.727553132559070281e-01
9.715549220868104907e-01
9.704098316316142059e-01
9.693213625162701019e-01
9.682906469405381245e-01
9.673187374518802395e-01
9.664067116397140333e-01
9.655557743970234474e-01
9.647673598396525607e-01
9.640432356176215078e-01
9.633856133024402135e-01
9.627972699456504024e-01
9.622816880278174390e-01
9.618432242643658592e-01
9.614873227830413871e-01
9.612207962014214235e-01
9.610522111482328045e-01
9.609924364689415022e-01
9.610554495957537302e-01
9.612595625932135457e-01
9.616293507616314740e-01
9.621987986834499296e-01
9.630166405940534524e-01
9.641558269978313112e-01
9.657310534871381691e-01
9.679321010742483189e-01
9.710816500831652709e-01
9.756051912323677744e-01
9.755696033860834504e-01
9.715312330080223546e-01
6.783493649159227923e-01
8.961710284058173048e-01
9.261364607174623620e-01
9.378600532444502091e-01
9.444698465946981258e-01
9.490141254947945804e-01
9.525591208334288629e-01
9.555701173682245031e-01
9.582799250608333708e-01
9.608156950437197752e-01
9.632505508565671892e-01
9.656272978210402869e-01
9.679703510616189943e-01
9.702921908838553211e-01
9.725970824083971511e-01
9.748833520706244871e-01
9.771448790321229927e-01
9.793721637647996303e-01
9.815531959448534627e-01
9.836742857754782188e-01
9.857210228726775991e-01
9.876795952996139105e-01
9.895388999908985017e-01
9.912943982903195117e-01
9.929561428119128008e-01
9.945681506364058011e-01
9.962649584028153704e-01
9.984900072322290265e-01
1.003365228844541823e+00
8.793125410437627743e-01
9.837447225865544320e-01
9.880549794958243259e-01
9.887236699360471004e-01
9.881921531948720805e-01
9.869536199758464079e-01
9.851740942712723381e-01
9.829296078900702227e-01
9.802659474607622325e-01
9.772185521623644178e-01
9.738201946987415925e-01
9.701039034290107610e-01
9.661034794087430821e-01
9.618523081070790015e-01
9.573803877196607193e-01
9.527085868376468092e-01
9.478358191519715703e-01
9.426864080715914307e-01
9.347161161346374536e-01
9.325949465198904997e-01
9.263702732491355674e-01
9.195165777256558703e-01
9.114843005616185545e-01
9.015713063815203876e-01
8.887458882189603893e-01
8.714915800513067801e-01
8.476114310791752482e-01
8.139977048168638429e-01
7.664360304188285733e-01
