9.975432604290667138e-01
9.980848446276892050e-01
9.985684016321482170e-01
9.989887426684894711e-01
9.993415377606531536e-01
9.996232142444612112e-01
9.998308580691102065e-01
9.999621201693456030e-01
1.000015129631895761e+00
9.999884149026367908e-01
9.998808338746253410e-01
9.996915133512637164e-01
9.994197980948998916e-01
9.990652094346389456e-01
9.986274132173283968e-01
9.981061967372633070e-01
9.975014541628672848e-01
9.968131798928360210e-01
9.960414692146223326e-01
9.951865255955587575e-01
9.942486739177370803e-01
9.932283789571625388e-01
9.921262684126612719e-01
9.909431598024194265e-01
9.896800905662641590e-01
9.883383507368278531e-01
9.869195175727363267e-01
9.854254915788461799e-01
9.838585333736882266e-01
9.822213008992832783e-01
9.805168865054150196e-01
9.787488534766898285e-01
9.769212716086120851e-01
9.750387514736745809e-01
9.731064770562858346e-01
9.711302364694204270e-01
9.691164505014556729e-01
9.670721987737391778e-01
9.650052433219660220e-01
9.629240494430357789e-01
9.608378036756785034e-01
9.587564288048850969e-01
9.566905957971526542e-01
9.546517325827600375e-01
9.526520296006173449e-01
9.507044420090475789e-01
9.488226884353111457e-01
9.470212460855119696e-01
9.453153419559537918e-01
9.437209397692056800e-01
9.422547220891323017e-01
9.409340668363003202e-01
9.397770171015426000e-01
9.388022427168905004e-01
9.380289914438740828e-01
9.374770268263067363e-01
9.371665486473591544e-01
9.371180904203786355e-01
9.373523862732799916e-01
9.378901967358017622e-01
9.387520789916592445e-01
9.399580816542505435e-01
9.415273363985605659e-01
9.434775078554763494e-01
9.458240475967973904e-01
9.485791756496839700e-01
9.517504805156229430e-01
9.553389811791460628e-01
9.593364244596253032e-01
9.637214864580651019e-01
9.684543891206776056e-01
9.734692019549608943e-01
9.786627237249974076e-01
9.838782334540645547e-01
9.888813307898155491e-01
9.933226242603616640e-01
9.966705390717749413e-01
9.978087546686400522e-01
9.974125340402711926e-01
9.914959271032245391e-01
9.788432500919881374e-01
9.559771344795914283e-01
9.181333634226873652e-01
8.590657061362666491e-01
7.716331894125616486e-01
6.501831280257462931e-01
4.958624566338526440e-01
3.236529483701152121e-01
1.640802324776951815e-01
5.110671951851453176e-02
2.490051572848849155e-03
1.252232679695547760e-02
6.207721936008932240e-02
1.316936992179573995e-01
2.076906974116984883e-01
2.823525003175152426e-01
3.520767557453098329e-01
4.156057031019952386e-01
4.728575707033016995e-01
5.242672784195466784e-01
5.704477226640929377e-01
6.120290229376504909e-01
6.495899272821273884e-01
6.836345484077002155e-01
7.145901537800495307e-01
7.428137979531518331e-01
7.686008907461833184e-01
7.922088934511166691e-01
8.138259488772334738e-01
8.336350764682853853e-01
8.517816945512711735e-01
8.683916186973166251e-01
8.835746191371371960e-01
8.974279045359950802e-01
9.100389317805094302e-01
9.214876058028438344e-01
9.318479700880336614e-01
9.411894802532596582e-01
9.495779405084165958e-01
9.570761709185842125e-01
9.637444629129832130e-01
9.696408713701960558e-01
9.748213836749569650e-01
9.793399992080765726e-01
9.832487466593160530e-01
9.865976612420790381e-01
9.894347392634164073e-01
9.918058835087537606e-01
9.937548494905574792e-01
9.953231997402911535e-01
9.965502709501870005e-01
9.974731568505590396e-01
9.981267081919916739e-01
9.985435500405777098e-01
9.987541157439667749e-01
9.987866963352374228e-01
9.986675037711484348e-01
9.984207462129560673e-01
9.980687135153233358e-01
9.976318711724567745e-01
9.971289611594172930e-01
9.965771084003407498e-01
9.959919320089762884e-01
9.953876610230335542e-01
9.947772551907630989e-01
9.941725326541035468e-01
9.935843084749940157e-01
9.930225515730041197e-01
9.924965740056324037e-01
9.920152767052246023e-01
9.915874779296460773e-01
9.912220788226717705e-01
9.908688315291060977e-01
9.907398820195498779e-01
9.906614320593797318e-01
9.907541369044091661e-01
9.905895307993771715e-01
9.791883170630969468e-01
9.879387264614465369e-01
9.890300825641685778e-01
9.895923115249918300e-01
9.900540823825751957e-01
9.904934698731779896e-01
9.909055782091095166e-01
9.912286123425310125e-01
9.913140275107501509e-01
9.908316254623051877e-01
9.890115417202425263e-01
9.838679172572590836e-01
9.694161821971155613e-01
9.228536972364252966e-01
7.254290664445057768e-01
1.188733457751743744e-01
4.371571164721681502e-01
7.485864007631214401e-01
8.534207091506116338e-01
8.980920189705312584e-01
9.215716413594918777e-01
9.357404851785535715e-01
9.451387868193080743e-01
9.518110383126696661e-01
9.567934359437957337e-01
9.606593767648833326e-01
9.637482159071651955e-01
9.662716486762770174e-01
9.683674107502479034e-01
9.701282562725298542e-01
9.716184902195186268e-01
9.728838593373985155e-01
9.739577207003649040e-01
9.748650345782703397e-01
9.756250384536354625e-01
9.762530952821664165e-01
9.767620090747499706e-01
9.771629866873915438e-01
9.774663572377023657e-01
9.776821193925622211e-01
9.778203608216092801e-01
9.778915771883958108e-01
9.779069065561086793e-01
