9.735778844996116899e-01
9.747736431364473209e-01
9.749477270554960384e-01
9.742208007158010830e-01
9.727269605047073053e-01
9.706080745550599298e-01
9.680089421814119799e-01
9.650732492034642673e-01
9.619402772321870021e-01
9.587423109127349852e-01
9.556026766704288633e-01
9.526343391818763440e-01
9.499389770644824926e-01
9.476064565671759032e-01
9.457146207638249535e-01
9.443293112623586394e-01
9.435045390539199550e-01
9.432827200790576683e-01
9.436948884976450458e-01
9.447607954647733175e-01
9.464887921429355755e-01
9.488753810579121373e-01
9.519042975756419889e-01
9.555449503742344808e-01
9.597500025007391633e-01
9.644518078992226906e-01
9.695573256417748809e-01
9.749410073468590676e-01
9.804349830827354673e-01
9.858156485423922311e-01
9.907854776359855675e-01
9.949485621034329652e-01
9.977780656572127205e-01
9.985736170955447077e-01
9.964069864438505064e-01
9.900558939709489525e-01
9.779298739940457397e-01
9.580012228210165182e-01
9.277720219653664557e-01
8.843393173438010013e-01
8.246647617282729659e-01
7.461948606360282454e-01
6.479546327228257185e-01
5.320389681463874032e-01
4.049658483077169246e-01
2.778273171657516527e-01
1.642566461546537682e-01
7.652152735040287923e-02
2.176717011833635695e-02
6.142718437644647655e-04
8.504718226553013849e-03
3.836574880542358013e-02
8.296162314084080946e-02
1.362164852876261156e-01
1.936172880849876543e-01
2.520913476640790352e-01
3.096898271264366675e-01
3.652602460243554727e-01
4.181792305404709587e-01
4.681579740200659256e-01
5.151098403803271442e-01
5.590642617644220325e-01
6.001127124108192046e-01
6.383759543267895076e-01
6.739849747751300857e-01
7.070705288096490460e-01
7.377579635221092058e-01
7.661651948980808813e-01
7.924021460584809162e-01
8.165728536970106033e-01
8.387740564250171227e-01
8.590987621818723108e-01
8.776363560504503170e-01
8.944737702452350003e-01
9.096962653592338688e-01
9.233879860468912071e-01
9.356323063252485195e-01
9.465119893133864259e-01
9.561091920812674338e-01
9.645053483216210477e-01
9.717809609290939399e-01
9.780153341842491299e-01
9.832862717801937880e-01
9.876697629084723040e-01
9.912396744187176312e-01
9.940674629609778101e-01
9.962219172055785110e-01
9.977689368352561372e-01
9.987713520874043072e-01
9.992887852156001616e-01
9.993775533272492018e-01
9.990906106091198557e-01
9.984775269212061710e-01
9.975844990698762293e-01
9.964543907002764156e-01
9.951267966172190338e-01
9.936381274005524622e-01
9.920217103744606302e-01
9.903079032777992730e-01
9.885242173315240688e-01
9.866954467791440031e-01
9.848438023645238459e-01
9.829890465940708255e-01
9.811486289911266478e-01
9.793378198861810713e-01
9.775698415864294555e-01
9.758559960358674790e-01
9.742057883042855027e-01
9.726270454367438312e-01
9.711260303524670290e-01
9.697075505962008402e-01
9.683750618449062930e-01
9.671307661041034232e-01
9.659757045584879132e-01
9.649098450059507837e-01
9.639321637329091308e-01
9.630407215557899026e-01
9.622327335438914941e-01
9.615046316211897093e-01
9.608521187703243926e-01
9.602702128547313531e-01
9.597532770024538307e-01
9.592950318442550195e-01
9.588885422974577910e-01
9.585261673818303851e-01
9.581994545560326149e-01
9.578989480236479448e-01
9.576138589380975841e-01
9.573315051407591536e-01
9.570363477493412097e-01
9.567082733895879709e-01
9.563192226549982466e-01
9.558160096375324377e-01
9.551775511913025429e-01
9.542315125974487611e-01
9.527509828102952438e-01
9.501290155076529409e-01
9.444090737657134804e-01
9.249736759431703703e-01
6.019660641315743854e-01
9.444126948931099719e-01
9.629208021153514707e-01
9.634234691561588404e-01
9.628757943920790430e-01
9.623021943310222648e-01
9.618102507579631144e-01
9.613988241962533321e-01
9.610549062623127137e-01
9.607681755405915736e-01
9.605324553793659348e-01
9.603449945239223018e-01
9.602055682120773650e-01
9.601157344567728957e-01
9.600782526570353914e-01
9.600966187542812058e-01
9.601746740466559071e-01
9.603162555359049390e-01
9.605248643110477769e-01
9.608033334069603359e-01
9.611534776023726856e-01
9.615757038916626920e-01
9.620685501609521628e-01
9.626280941294326210e-01
9.632471184168022171e-01
9.639137890636840789e-01
9.646092907966634655e-01
9.653030236892111704e-01
9.659414542276697491e-01
9.664179739043735617e-01
9.664737680492520022e-01
9.652632396915737933e-01
9.581960471557885439e-01
8.473490110659989138e-01
9.049300057887447180e-01
9.622190093303039093e-01
9.684665594274739497e-01
9.702028692264147436e-01
9.706196237838841112e-01
9.703165053649921434e-01
9.694232922472820757e-01
9.679986078430320440e-01
9.659745728201115655e-01
9.633169199265698701e-01
9.599678080281958126e-01
9.558629611799226433e-01
9.509333234393244627e-01
9.451053526247795711e-01
9.383002912859873534e-01
9.304323956232875004e-01
9.214059158034029196e-01
9.111104849339143330e-01
8.994144553327801939e-01
8.861556162517074675e-01
8.711286691237098978e-01
8.540688492557396705e-01
8.346313657928886576e-01
8.123669782459416178e-01
7.866955340812928910e-01
7.568821613580719587e-01
7.220257735256667697e-01
