9.950037792427681715e-01
9.959812226465455387e-01
9.968823921580661773e-01
9.976958555699889653e-01
9.984127380256268003e-01
9.990264347905620790e-01
9.995323246252117988e-01
9.999274909184199256e-01
1.000210456157564431e+00
1.000380933926763305e+00
1.000439601427002945e+00
1.000387894483544704e+00
1.000227826140576814e+00
9.999618292194012437e-01
9.995926226242758394e-01
9.991231007066280201e-01
9.985562446245271895e-01
9.978950543529633288e-01
9.971424997977935689e-01
9.963014893272907901e-01
9.953748539578249899e-01
9.943653453955809685e-01
9.932756461439676832e-01
9.921083899243773319e-01
9.908661907219420417e-01
9.895516788507970896e-01
9.881675425319358386e-01
9.867165735848099084e-01
9.852017159503536625e-01
9.836261158822739992e-01
9.819931727655349940e-01
9.803065896418128311e-01
9.785704226422261565e-01
9.767891286420922192e-01
9.749676105661315706e-01
9.731112598779512179e-01
9.712259958894824408e-01
9.693183016190897172e-01
9.673952560150486102e-01
9.654645624392793613e-01
9.635345733769697940e-01
9.616143113979389589e-01
9.597134864457094183e-01
9.578425095674563128e-01
9.560125032205768481e-01
9.542353082980705725e-01
9.525234879986173020e-01
9.508903286263521437e-01
9.493498373304417592e-01
9.479167366777141446e-01
9.466064557777141841e-01
9.454351174336743657e-01
9.444195204447695113e-01
9.435771157049808178e-01
9.429259740768655140e-01
9.424847430980175522e-01
9.422725883014788639e-01
9.423091131574159451e-01
9.426142491652375055e-01
9.432081041438163949e-01
9.441107518471280047e-01
9.453419390292634450e-01
9.469206760414440316e-01
9.488646625353007735e-01
9.511894787074114399e-01
9.539074414562507265e-01
9.570259787555301934e-01
9.605453065912405997e-01
9.644550885739859858e-01
9.687295991751060376e-01
9.733206658933614142e-01
9.781472820467924656e-01
9.830801736720714556e-01
9.879186143815094079e-01
9.923550649083474617e-01
9.959195485155648564e-01
9.978805227976687009e-01
9.966923380730708937e-01
9.930065106428193067e-01
9.814452391727681579e-01
9.598548492965243151e-01
9.230079214852774383e-01
8.639671301636432377e-01
7.746132733479575982e-01
6.484416630235271262e-01
4.870437152770502598e-01
3.084674949036323444e-01
1.478375892353469556e-01
4.067212826013302807e-02
8.750634565690876927e-04
1.741935170278544748e-02
6.871225001458421133e-02
1.357719483841365316e-01
2.064996136986595177e-01
2.746273737725927755e-01
3.375181004924549533e-01
3.944580513224617002e-01
4.456340848858110215e-01
4.915926489365857743e-01
5.329762082761230202e-01
5.704051406541260638e-01
6.044316802940060684e-01
6.355278091890761427e-01
6.640881010020716069e-01
6.904383423832721745e-01
7.148456647660959007e-01
7.375283234260759935e-01
7.586644113508029807e-01
7.783993272565987720e-01
7.968520471211191225e-01
8.141203345076236664e-01
8.302850445397096379e-01
8.454136676314080168e-01
8.595632401560939773e-01
8.727827285022112802e-01
8.851149739428391117e-01
8.965982696566545673e-01
9.072676282236590284e-01
9.171557876694388378e-01
9.262939961800190636e-01
9.347126094766268212e-01
9.424415300869289913e-01
9.495105140126899324e-01
9.559493672779956208e-01
9.617880523216235655e-01
9.670567220077163073e-01
9.717856970542619877e-01
9.760054008473386666e-01
9.797462638789329326e-01
9.830386084014187675e-01
9.859125223364919588e-01
9.883977300360046181e-01
9.905234662307460525e-01
9.923183586044191928e-01
9.938103245833777022e-01
9.950264924978791115e-01
9.959931905440871924e-01
9.967364810698455813e-01
9.972681518920912813e-01
9.976388432675723505e-01
9.978494400026655109e-01
9.979259738791022016e-01
9.978888713295144264e-01
9.977573523971772218e-01
9.975496587379730773e-01
9.972831491898067613e-01
9.969743965881493475e-01
9.966393279735487054e-01
9.962935028482114985e-01
9.959528815997693574e-01
9.956327048181332628e-01
9.950312336936880664e-01
9.949846930504996356e-01
9.947891718029628905e-01
9.946344637535172728e-01
9.945292758203697625e-01
9.944599749856047888e-01
9.943790848772514623e-01
9.941619281223256221e-01
9.934845511943329877e-01
9.914359218489656733e-01
9.850108890057487354e-01
9.610793116156324256e-01
8.264792929959546841e-01
3.832255815993312331e-01
4.850951365095226842e-01
8.177188004655754350e-01
9.002395221930636904e-01
9.307314676468744219e-01
9.459135567674784584e-01
9.549087673033540558e-01
9.608854883520324686e-01
9.651982942053159986e-01
9.685118280095045273e-01
9.711850842076364954e-01
9.734256627596407085e-01
9.753594438355258633e-01
9.770650512084885220e-01
9.785921817197806849e-01
9.799719572318649208e-01
9.812230816614586626e-01
9.823556789336641559e-01
9.833737962194151194e-01
9.842771149822250321e-01
9.850621831989824218e-01
9.857233633624478131e-01
9.862536604558179709e-01
9.866459387987804863e-01
9.868703551955453346e-01
9.869688857822848105e-01
9.868937630881727818e-01
9.866472351904699289e-01
9.862238937601296440e-01
9.856178961354088441e-01
9.848200533830488990e-01
9.837968823877576430e-01
9.813686266866106234e-01
9.816098100249516234e-01
9.799642261487644390e-01
9.780984977502384936e-01
