6.714028031822618647e-01
6.955549568997985155e-01
7.244023126588562400e-01
7.565254513871068065e-01
7.905807128203972134e-01
8.253326388413037007e-01
8.596791753505637068e-01
8.926695410550686827e-01
9.235149283770004436e-01
9.515924472510506327e-01
9.764429430744823168e-01
9.977635022779606233e-01
1.015395592146588033e+00
1.029309858894363217e+00
1.039588627623557304e+00
1.046407112623221281e+00
1.050014263718510144e+00
1.050714054521419527e+00
1.048847873730543556e+00
1.044778523743580045e+00
1.038876173599406094e+00
1.031506465648594384e+00
1.023020845030383041e+00
1.013749073225476804e+00
1.003993804823223757e+00
9.940270523119083546e-01
9.840883407398102189e-01
9.743843751996031921e-01
9.650901871597616921e-01
9.563504262983337778e-01
9.482900939320482170e-01
9.410199832889775129e-01
9.347002924839357130e-01
9.301079978314643615e-01
9.202025243533418219e-01
9.183805026517989356e-01
9.155397248286588630e-01
9.133167379236729611e-01
9.118305839904681243e-01
9.110843870083090712e-01
9.110619811710085614e-01
9.117202470216027033e-01
9.130257083048473055e-01
9.149378782369330665e-01
9.174160427552867647e-01
9.204197727591620914e-01
9.239092884093207392e-01
9.278455153747807715e-01
9.321898359102578357e-01
9.369035220801947839e-01
9.419468159092484472e-01
9.472775953955863137e-01
9.528495330281082643e-01
9.586096107522499299e-01
9.644947972272701620e-01
9.704276129644219262e-01
9.763101972056826838e-01
9.820163343825895064e-01
9.873806805177831603e-01
9.921841292579322014e-01
9.961338489880238178e-01
9.988359875657045750e-01
9.997583884718123093e-01
9.981799856487135747e-01
9.931231576295938002e-01
9.832660550854273040e-01
9.668357297893409585e-01
9.414940117136316733e-01
9.042546555456715263e-01
8.515252655665193071e-01
7.794627381577572400e-01
6.849472300015748694e-01
5.674870387733158550e-01
4.319298945603584627e-01
2.906283818718822243e-01
1.623317486611839111e-01
6.604115633937537866e-02
1.265784964622873945e-02
4.396661419870117357e-04
1.603045777328371974e-02
3.278975648498174550e-02
4.603878976425596070e-02
5.057381028185199412e-01
4.368299224359213917e-01
4.678883108911383037e-01
5.138943343852384604e-01
5.617426840033521440e-01
6.077961518334203950e-01
6.508788016472963900e-01
6.906688221822031570e-01
7.271778625690760167e-01
7.605476502388930360e-01
7.909626375843474833e-01
8.186114216474402738e-01
8.436704327418002025e-01
8.662981781827363559e-01
8.866328940377028456e-01
9.048069799097177013e-01
9.209186648841519718e-01
9.350720449089108266e-01
9.473575884416064463e-01
9.578607051557228580e-01
9.666637580519628070e-01
9.738479570943512353e-01
9.794949472625781306e-01
9.836881244062020135e-01
9.865137518949322892e-01
9.880619835030528542e-01
9.884279412847529755e-01
9.877130598843099074e-01
9.860269866487673118e-01
9.834903402910749604e-01
9.802380825951938492e-01
9.764192547475688544e-01
9.721624559133897892e-01
9.672670025406642225e-01
9.577253380385097881e-01
8.060673440218261154e-01
7.433738841260049135e-01
8.785460533348230516e-01
8.930319053101487548e-01
8.930330317606576251e-01
8.887605192192931103e-01
8.826970382248150448e-01
8.757435580171292200e-01
8.683141871215507290e-01
8.606312612364125370e-01
8.528261007667696791e-01
8.449857628513165464e-01
8.371546445298038153e-01
8.293647779596957648e-01
8.216246340449220309e-01
8.139242709801965958e-01
8.062332128652751617e-01
7.984959684660556389e-01
7.906124458537331368e-01
7.824809131130434636e-01
7.738566575969727523e-01
7.644188650623576775e-01
7.536147908370862680e-01
7.404554161049821115e-01
7.229767837404488251e-01
6.966387418063295645e-01
6.481185512290638107e-01
5.175601001042134941e-01
7.760267325328988608e-02
9.415656191463713798e-01
8.757057567204608040e-01
8.378478778551572415e-01
8.139367999228361850e-01
7.957701695949475074e-01
7.795876819553287929e-01
7.629311060697406832e-01
7.432359660959230174e-01
7.163926969913787524e-01
6.733513693830669444e-01
5.874773409841723693e-01
3.493737942198649193e-01
2.087510803790821046e-01
9.358615503228517873e-01
9.390018241600555093e-01
9.149242357239030232e-01
8.980364660012223332e-01
8.873203184533396959e-01
8.810424267455165825e-01
8.782248132643384331e-01
8.782824996761876557e-01
8.815910216047113668e-01
8.880556802829966401e-01
8.982825607285189751e-01
9.125315019079426326e-01
9.274283220834124153e-01
9.068094941338976644e-01
5.033869734619932368e-01
8.285336968561350657e-02
4.376733741647210740e-01
5.969209071610471762e-01
6.758800345075305360e-01
7.248640986309521361e-01
7.607417456045356685e-01
7.903110992677139235e-01
8.167390519587295339e-01
8.416429678053034547e-01
8.658790708302855910e-01
8.898795082050589000e-01
9.138100283381802580e-01
9.376488655687104101e-01
9.612284317223973584e-01
9.842587386199166399e-01
1.006341937947589305e+00
1.026983034888211854e+00
1.045599716868243156e+00
1.061533106130790660e+00
1.074060537384075253e+00
1.082410889304756152e+00
1.085782359726254143e+00
1.083361644520829170e+00
1.074341873751399667e+00
1.057933457717355807e+00
1.033355629681804944e+00
