9.834351341442819638e-01
9.820268287715874234e-01
9.810866848240541449e-01
9.805852647047595960e-01
9.804935137146918445e-01
9.807838126305966631e-01
9.814305245929314525e-01
9.824099504483179146e-01
9.836995525828605702e-01
9.852762210666191622e-01
9.871132195051056657e-01
9.891752316896874619e-01
9.914105851058235830e-01
9.937391729404712049e-01
9.960336996671578236e-01
9.980904206855593097e-01
9.995831936993838651e-01
9.999909110926716860e-01
9.984826421033012878e-01
9.937368307829929082e-01
9.836625260645501800e-01
9.649915152352278591e-01
9.327536364949202685e-01
8.798248833303935479e-01
7.972330638266393876e-01
6.768315122539416695e-01
5.183506091913981928e-01
3.390301846441529099e-01
1.743774430410149900e-01
5.951478182529873484e-02
6.784927632368485326e-03
4.762617366320430826e-03
3.345218531026442760e-02
7.612815102320626137e-02
1.224601136123558004e-01
1.671144081619521105e-01
2.078680037429759542e-01
2.440735674869104199e-01
2.758375710979463769e-01
3.035752327825675390e-01
3.277942943365169670e-01
3.489967823714482664e-01
3.676391465141132242e-01
3.841201333601038659e-01
3.987811254625461821e-01
4.119115204087304138e-01
4.237556472414367725e-01
4.345196497464179908e-01
4.443777023973284335e-01
4.534773664217561784e-01
4.619440915553489901e-01
4.698849488739390567e-01
4.773917039755579128e-01
4.845433385514705815e-01
4.914081170678173405e-01
4.980452810107937056e-01
5.045064391323081932e-01
5.108367096512922423e-01
5.170756597832937285e-01
5.232580792420464810e-01
5.294146172739334633e-01
5.355723070970253019e-01
5.417549970789703462e-01
5.479837043929595142e-01
5.542769040673869441e-01
5.606507641679822074e-01
5.671193362439392871e-01
5.736947091287565303e-01
5.803871338308910222e-01
5.872051279710818195e-01
5.941555710935763068e-01
6.012438101926268486e-01
6.084738170912280530e-01
6.158485077010730224e-01
6.233705807010710975e-01
6.310453819295633870e-01
6.388952271972512253e-01
6.470094514365224425e-01
6.543471916587474402e-01
6.627164826158984390e-01
6.710377447706982190e-01
6.794270684231545898e-01
6.878901739727015796e-01
6.964180914271741463e-01
7.049970845264235120e-01
7.136108662181205320e-01
7.222413471982440658e-01
7.308689960880858649e-01
7.394730812569726419e-01
7.480318800822114422e-01
7.565228889005393142e-01
7.649230504123392116e-01
7.732090117172395471e-01
7.813574300449291909e-01
7.893453557141805188e-01
7.971507499282322051e-01
8.047532574237391545e-01
8.121355005979129515e-01
8.192855376258740829e-01
8.262022112986420197e-01
8.329087809294437594e-01
8.394957611116210527e-01
8.463079394497181607e-01
8.555678525957232106e-01
8.294693020285582863e-01
8.535700799056263888e-01
8.596556813617939330e-01
8.640562283209586303e-01
8.676603727002918376e-01
8.707457972669570001e-01
8.739308361769230205e-01
8.657826064835639768e-01
8.732548586397551604e-01
8.740443936765058819e-01
8.737539891189797236e-01
8.725873290386275682e-01
8.705375676032857113e-01
8.675458544303303876e-01
8.635255236435995796e-01
8.583663306001104720e-01
8.519335613111964634e-01
8.440652085884714495e-01
8.345681593235627638e-01
8.232138036885089383e-01
8.097334005050370598e-01
7.938136518530316543e-01
7.750932112132596918e-01
7.531612962657572297e-01
7.275602492843726843e-01
6.977948376314424550e-01
6.633523335481065208e-01
6.237388674074570982e-01
5.785388743569610526e-01
5.275048393308109373e-01
4.706824274641814854e-01
4.085690101430564658e-01
3.422886645359238256e-01
2.737422529611197586e-01
2.056586580593584568e-01
1.414257045138752611e-01
8.441078854638009443e-02
4.785748630903687018e-02
1.494901097159986175e-02
1.542332178209901471e-03
5.051503265190584492e-03
2.385000053423890279e-02
5.549886480279972445e-02
9.717356728612398797e-02
1.462433986368809058e-01
2.011500317398687843e-01
2.667076744625928031e-01
2.519769817052469607e-01
3.429123122420358882e-01
3.999191919135525741e-01
4.516220684200016322e-01
5.003783476550871523e-01
5.470012338351205594e-01
5.910288994439780730e-01
6.327933906849215751e-01
6.724738117321594766e-01
7.102275340972896700e-01
7.462005172836960742e-01
7.805383447551746956e-01
8.134418180722025049e-01
8.454764414411770623e-01
8.186827496305641994e-01
8.931791376439103258e-01
9.201737162552486859e-01
9.426501482079825411e-01
9.611231530265287315e-01
9.746765609616333537e-01
9.817087108347194446e-01
9.798676773784587013e-01
9.658776487058121640e-01
9.354057397866190060e-01
8.831812369649630901e-01
8.037671331004264674e-01
6.935556143505031690e-01
5.542871615434338262e-01
3.969457145913982132e-01
2.424683182485881938e-01
1.156350350875441774e-01
3.432499978790805317e-02
2.553702015383969414e-03
1.233159591858438639e-02
5.057765728691994422e-02
1.049530430825214855e-01
1.663524143762381835e-01
2.290079121590565259e-01
2.896768731267793107e-01
3.467584921801369346e-01
3.996224626613603670e-01
4.481690217586867808e-01
4.925628712618339011e-01
5.330807322783677193e-01
5.700294217144608044e-01
6.037133700662439262e-01
6.344687428230412207e-01
6.603365024151334195e-01
6.859704634369621079e-01
