6.864595388149486999e-01
6.919769245191204066e-01
6.982781127526125342e-01
7.050630029098380325e-01
7.120752026855045047e-01
7.191009359518785171e-01
7.259668362577607059e-01
7.325370171892190418e-01
7.387096986359427131e-01
7.444135938909808292e-01
7.496042100670281538e-01
7.542601750195153665e-01
7.583796731346891251e-01
7.619770471416156266e-01
7.650796015576206699e-01
7.677246236816871461e-01
7.699566180166474982e-01
7.718247261413494487e-01
7.733802697872802501e-01
7.746742962962311907e-01
7.757548906777704811e-01
7.766637665091115084e-01
7.774310355172785458e-01
7.780653867766302856e-01
7.785316597179035014e-01
7.786877669222808107e-01
7.780507539708506615e-01
7.743903365805677730e-01
7.202855694722749558e-01
8.051105804510861885e-01
7.980357301853140406e-01
7.975970297002842324e-01
7.987438541839551043e-01
8.006232583152638194e-01
8.029635802564757396e-01
8.056434938946109847e-01
8.085919323580954554e-01
8.117557891963951278e-01
8.150863544771314029e-01
8.185067170945401482e-01
8.220627371161381980e-01
8.255754811731476073e-01
8.290120156836254806e-01
8.322723824785102087e-01
8.352276372913426394e-01
8.377042771211872241e-01
8.342616450875123268e-01
8.400162247189513209e-01
8.387352147550398707e-01
8.349713104788502038e-01
8.260398592410059804e-01
8.073866922944913371e-01
7.660346012034419116e-01
6.539739097286468850e-01
2.233517356994259573e-01
6.120101809032864049e-01
9.673658085839828003e-01
9.916578837832470406e-01
9.914085331852798832e-01
9.894729177153136490e-01
9.883046167420861394e-01
9.879826029853234770e-01
9.882828280645822305e-01
9.889899211656238975e-01
9.899377688509121143e-01
9.910041401756719548e-01
9.920999750320491639e-01
9.931605417264423030e-01
9.941390848526137081e-01
9.950024227541014454e-01
9.957279126157423388e-01
9.963013476214241937e-01
9.967154883350336503e-01
9.969690300020724871e-01
9.970658742186119250e-01
9.970146169858447038e-01
9.968281931458105039e-01
9.965236345755174030e-01
9.961219092178685841e-01
9.956478113649694928e-01
9.951298704739584000e-01
9.946002345112139320e-01
9.940944605150481284e-01
9.936511023179251945e-01
9.933109095550669565e-01
9.931153182905867460e-01
9.931036757358967515e-01
9.933082129481805023e-01
9.937449938757974000e-01
9.943976014718203249e-01
9.951875235790543783e-01
9.959197639972520166e-01
9.961815010862813402e-01
9.951508432581410712e-01
9.912413519567763176e-01
9.787768169567389043e-01
9.589210424651948284e-01
9.133912245405060304e-01
8.245773800001214848e-01
6.663160415560530625e-01
4.311961397607239066e-01
1.822088028283545547e-01
2.933906126584394716e-02
2.770559298949638177e-03
4.772277611123187935e-02
1.105885777455603153e-01
1.619970375251416350e-01
1.409036690028744321e-01
3.122273588537125555e-01
3.245738206728487341e-01
3.409182864877885466e-01
3.532150474651437611e-01
3.608418378481634270e-01
3.640301174034017984e-01
3.630556929384187170e-01
3.580727471805607576e-01
3.490697234212626343e-01
3.358481194583702312e-01
3.179992669826963159e-01
2.948741997743126730e-01
2.655565202119589685e-01
2.288904043667770449e-01
1.838169896569042117e-01
1.295706363360661362e-01
6.862374969527329505e-02
1.458951585909183495e-02
8.610840338447198899e-03
1.316585964586657331e-01
4.206486270608857381e-01
7.290558097892148037e-01
9.068627904631731962e-01
9.669765620305159626e-01
9.688785395842159920e-01
9.488460323460209400e-01
9.226393764363851613e-01
8.962784051893254444e-01
8.717966268389976126e-01
8.496709024269225585e-01
8.297926759384873785e-01
8.118510531242227879e-01
7.954805485971728762e-01
7.802991655645369340e-01
7.659954845405048118e-01
7.521762674482267430e-01
7.385059011189133438e-01
7.246154627680509996e-01
7.100985589873626269e-01
6.944866667453455378e-01
6.772167881594522987e-01
6.575876573394612290e-01
6.346991053474623223e-01
6.073674645345763512e-01
5.740094303027918343e-01
5.324927816060748276e-01
4.799821877466675657e-01
4.129164709856179560e-01
3.275966415266873266e-01
2.228056531333534596e-01
1.076913252904043161e-01
1.743081918345691650e-02
1.918624552787790913e-02
1.566889144010514545e-01
3.676138784535304405e-01
5.773056900047482953e-01
7.250902668871923584e-01
8.207038627233830264e-01
8.803456823444441026e-01
9.173516985949842217e-01
9.404285316959934971e-01
9.548803453459585588e-01
9.638968216205661133e-01
9.694140777525590558e-01
9.726293203551279465e-01
9.742995553102611339e-01
9.749148535807969917e-01
9.747996467008240851e-01
9.741710124947929872e-01
9.730459638330495320e-01
9.719241792693841253e-01
9.704376973750340474e-01
9.687303078448605831e-01
9.666217803118808405e-01
9.635235331144841320e-01
9.561590405547283344e-01
8.896315799039095085e-01
9.624914243329454333e-01
9.645744656146936213e-01
9.626446222493335592e-01
9.600524595603912026e-01
9.567034731366486078e-01
9.521744464018534471e-01
9.457937485717988757e-01
9.365542877821728673e-01
9.227174235275314995e-01
9.011429817238737483e-01
8.654057810146016383e-01
8.003172163508672776e-01
6.633644521457987553e-01
3.368489767052804673e-01
1.550414410920766262e-01
