6.972926837044796100e-01
6.974215256270007712e-01
6.988316001451333470e-01
7.014629772918797856e-01
7.052397695545243872e-01
7.100740461925657554e-01
7.158692373456222446e-01
7.225230553720467519e-01
7.299299618704884196e-01
7.379832126127332526e-01
7.465765147446453698e-01
7.556053309573241838e-01
7.649678639995401985e-01
7.745657519642833444e-01
7.843045008257575335e-01
7.940936822502657755e-01
8.038470331957034976e-01
8.134744669099881476e-01
8.229135709166869317e-01
8.320703023908017082e-01
8.408684772030927679e-01
8.492201654850084491e-01
8.570120148893295431e-01
8.640396556440682607e-01
8.695798135028777187e-01
8.387499280962465997e-01
8.875485263206878139e-01
8.899405175255994394e-01
8.933120296578545005e-01
8.956686818351700108e-01
8.968405694719574495e-01
8.965496861123666283e-01
8.944444677720195802e-01
8.900392679247318695e-01
8.826297940361009786e-01
8.711611685535002314e-01
8.540133050748212051e-01
8.286500416070490260e-01
7.910654711679867557e-01
7.350210184283960668e-01
6.514796858642263322e-01
5.302545903898771007e-01
3.695312963951424279e-01
1.969550217140070558e-01
7.451567640720875574e-02
5.007297493573641123e-02
1.164736053436459251e-01
2.273195893948758706e-01
3.385211773630326659e-01
4.305833034183804697e-01
5.014117709030655456e-01
5.553207944033706767e-01
5.955175522768672014e-01
6.281281387953480122e-01
6.558717009929041497e-01
6.823862433904914759e-01
7.125294344057071516e-01
7.555588357005578182e-01
8.324682910463968577e-01
6.249103356275438337e-01
2.073111819810554701e-01
4.203282255303436576e-01
4.903238615465991268e-01
5.217277712892677277e-01
5.380897651825572447e-01
5.470386178741551975e-01
5.517932504420572926e-01
5.538300695885186586e-01
5.543391072189304269e-01
5.535762917907010028e-01
5.491242802236135923e-01
5.497236515103367527e-01
5.470923515976021667e-01
5.441426377174369833e-01
5.409691762716303254e-01
5.376391504766648843e-01
5.342016258477186863e-01
5.306916895108153565e-01
5.271328844171377925e-01
5.235385995255544822e-01
5.199126483069996807e-01
5.162490705248731215e-01
5.125309968350268974e-01
5.087280832607905534e-01
5.047912364080986425e-01
5.006410247580179718e-01
4.961375718177387650e-01
4.909768058602716478e-01
4.841008460700949589e-01
4.572493515956519428e-01
4.851432764313771129e-01
4.737813701423375101e-01
4.638890355166184198e-01
4.516590637099373584e-01
4.126027195870607400e-01
4.219856828314244024e-01
3.960317680897526560e-01
3.574555499924566004e-01
2.955572352723343510e-01
1.897898001826404946e-01
6.669366158242492904e-02
4.783971437492298140e-01
7.263354129943379034e-01
8.686970677063078350e-01
8.339574114779667591e-01
7.885498792393962342e-01
7.587062594266236193e-01
7.398458942194515719e-01
7.287244350645674107e-01
7.269654756670281825e-01
6.881931888373269413e-01
7.032286011889973265e-01
7.049560358768295343e-01
7.066862730973375584e-01
7.091538866726158075e-01
7.124067515663302652e-01
7.163804216038752726e-01
7.209885267963302979e-01
7.261382993033341782e-01
7.317247919791965982e-01
7.376071267750847760e-01
7.435396218809517954e-01
7.489179478346199570e-01
7.512583233457157394e-01
6.970858763024492255e-01
7.973435152454462216e-01
7.964531587446211924e-01
8.026498949528632076e-01
8.105534252443208354e-01
8.192592505950149206e-01
8.285802072683717823e-01
8.388745787297390288e-01
8.162447726969344064e-01
8.513374892121176041e-01
8.620169159683112037e-01
8.715890021618752925e-01
8.807123275110619876e-01
8.889789320397002426e-01
8.982886663024803875e-01
9.063710610676755097e-01
9.140651882608384904e-01
9.212858824349337006e-01
9.279768114660035261e-01
9.341346984658591701e-01
9.402506854630001687e-01
9.393489008048256927e-01
9.450912121854694314e-01
9.472962950992941389e-01
9.474504013506024336e-01
9.451331622415838352e-01
9.392275678869846933e-01
9.276609608596242396e-01
9.064397864233394442e-01
8.675608410946584748e-01
7.948093448725608301e-01
6.586432779337983989e-01
4.315192372798113407e-01
1.765591548027838353e-01
5.910855662084994744e-02
1.247171654089890142e-01
2.603649486517391476e-01
3.710220630375836159e-01
4.398299037889817353e-01
4.744030494989467939e-01
4.814239731168857839e-01
4.616705438144926843e-01
4.073132602245220779e-01
2.963179115372959194e-01
1.269261547632618004e-01
3.117690964563289424e-01
5.887614415264951218e-01
7.574914535800296722e-01
8.738993672585960715e-01
8.612181436906767296e-01
8.385213672193405632e-01
8.279831025393230570e-01
8.819398077637004008e-01
6.307456549343473107e-01
6.913424283474710608e-01
6.923323235690678201e-01
6.860224758900281827e-01
6.781828645977133752e-01
6.703214963161004958e-01
6.629906004077067427e-01
6.564379560429629556e-01
6.507918211640846273e-01
6.461247893660614361e-01
6.424752181590407396e-01
6.398833433112685043e-01
6.383262694869894505e-01
6.378043972974668518e-01
6.382858542235495536e-01
6.397204892827880185e-01
6.420367381404332718e-01
6.451388622102863790e-01
6.489036575071117641e-01
6.531760423584856978e-01
6.577616912062113075e-01
6.613883966557566607e-01
6.668262403744213973e-01
