1.083813365418999863e+00
1.075961456621394641e+00
1.064571605015689704e+00
1.050397933305859732e+00
1.034140676270002723e+00
1.016437628151083628e+00
9.978589935570271185e-01
9.789050783062510641e-01
9.600063151100353132e-01
9.415251819705184877e-01
9.237596405742142247e-01
9.069478031619300218e-01
8.912736424528328039e-01
8.768737221376760038e-01
8.638452300900668623e-01
8.522563066980588520e-01
8.421618562207654479e-01
8.336390399028350551e-01
8.270460801629657688e-01
8.210639143567504128e-01
8.188466568714231064e-01
8.219868583237051052e-01
8.575237007441729453e-01
7.390345420010194788e-01
7.734708334550448594e-01
7.792628913740072827e-01
7.811375345273779969e-01
7.818663703872560378e-01
7.821215480923895402e-01
7.820781569806644073e-01
7.817324454159306768e-01
7.809852995231894024e-01
7.796541577302346093e-01
7.774420444308063338e-01
7.738471334204535257e-01
7.679362359998760379e-01
7.577156693621039940e-01
7.379704003966010006e-01
6.895660940350331058e-01
4.674491830282792582e-01
8.476286758588317261e-01
8.973991292278498122e-01
8.697967875143866046e-01
8.550899284670359091e-01
8.462816988591882472e-01
8.404306597019637337e-01
8.362425177117878139e-01
8.330781465207048875e-01
8.305933205552314957e-01
8.285912213128482362e-01
8.269549534497969701e-01
8.256137287137220726e-01
8.245246128193485236e-01
8.236620439689651407e-01
8.230114895368370043e-01
8.225654288353348997e-01
8.223207055542630650e-01
8.222767202917182772e-01
8.224341585024965706e-01
8.227940753508223848e-01
8.233572383356893010e-01
8.241236952307368080e-01
8.250926313579994842e-01
8.262628142687822308e-01
8.276346958844840174e-01
8.292184844466587990e-01
8.310712691242909678e-01
8.335837137438616429e-01
8.050136391954738624e-01
8.327548929221728624e-01
8.115112822963976846e-01
8.411420958706059547e-01
8.421770262822140252e-01
8.431267149384553683e-01
8.433297259491671083e-01
8.419722959480604452e-01
8.373947101407620552e-01
8.252072938144537906e-01
7.890374579054142412e-01
6.069767372504386582e-01
5.636630531846944514e-01
9.258477739113470939e-01
9.331218736749253839e-01
9.329127583837935056e-01
9.337115051686155631e-01
9.356149768789675525e-01
9.382888951835214320e-01
9.414745467350772445e-01
9.449950796661086283e-01
9.487278873983379102e-01
9.525844847955545758e-01
9.564981214332078929e-01
9.604162906574154057e-01
9.642961288456929347e-01
9.681015211395220810e-01
9.718012335580240579e-01
9.753676766248631225e-01
9.787760660616284802e-01
9.820038376465322072e-01
9.850302267007395862e-01
9.878359544718392504e-01
9.904029830354781350e-01
9.927143123052611928e-01
9.947538002037977778e-01
9.965059916727571077e-01
9.979559449489078249e-01
9.990890449688935027e-01
9.998907941792605225e-01
1.000346570550051162e+00
1.000441341201149026e+00
1.000159317606103215e+00
9.994835345450876485e-01
9.983953293411956809e-01
9.968736896467705888e-01
9.948944259214659303e-01
9.924291068147108597e-01
9.894436688291265991e-01
9.858965708400520001e-01
9.817363008678260394e-01
9.768979426172775815e-01
9.712983476691960938e-01
9.648291907434025649e-01
9.573467263585282438e-01
9.486562540659267961e-01
9.384878126283451305e-01
9.264567826025509323e-01
9.119973856889289632e-01
8.942450342883411230e-01
8.718163964352477757e-01
8.423704856292519860e-01
8.016610777422555900e-01
7.412741428244741249e-01
6.417101301217703613e-01
4.751360394411345278e-01
1.700689807632545236e-01
7.475159372534125046e-02
6.228352459796191454e-01
8.914169386356450842e-01
9.320760870885117511e-01
9.730918559969198300e-01
9.510621026787522414e-01
9.293063744791315584e-01
8.963126167946409151e-01
8.502104007485883352e-01
7.784818232778119018e-01
6.458989666945940122e-01
3.512993334510025600e-01
4.420448015243944734e-02
6.825821630707069598e-01
9.242183766866763905e-01
9.622527515574842427e-01
9.581307337948468117e-01
9.421453436604658727e-01
9.187044669124809770e-01
8.786459218624971257e-01
7.013036818142246442e-01
1.070571869690928102e+00
9.685217614924970242e-01
9.361612319148224781e-01
9.166256045004880226e-01
9.021071315241936395e-01
8.900549326410888140e-01
8.796342074231666697e-01
8.705042276812628987e-01
8.626935018439294556e-01
8.370596918080982496e-01
8.433352910663826085e-01
8.378689961637341144e-01
8.319196107846247301e-01
8.259048381075365652e-01
8.196180639463906958e-01
8.125032032538513915e-01
8.033615535987281842e-01
7.891765156172562135e-01
7.572822220710235808e-01
6.965298236278333333e-01
2.063935991416826210e-01
1.012283963060140124e+00
9.334295130992825706e-01
9.089887147104100951e-01
8.987602837465409333e-01
8.942794835724385827e-01
8.926500900365412772e-01
8.925556209778564565e-01
8.932616233002662609e-01
8.942853218298487672e-01
8.952650146308329671e-01
8.959017589634403755e-01
8.959303255728452431e-01
8.951007563598014638e-01
8.931545609019350129e-01
8.897500787664496258e-01
8.840400706298201516e-01
8.708318261458789511e-01
8.725774822114447105e-01
8.660703898197469330e-01
8.558507516814829463e-01
8.440427536688343002e-01
8.314020909662945824e-01
8.174999158536137012e-01
