2.970546456170766181e-01
3.269976741028415290e-01
3.527285393700944072e-01
3.746098110768489309e-01
3.930397746956976190e-01
4.084217852198986365e-01
4.211473035032994305e-01
4.315865688747747009e-01
4.400836335368379371e-01
4.469539634458755684e-01
4.524836027731207189e-01
4.569293264576723135e-01
4.605194381327797903e-01
4.634549992029862731e-01
4.659113472205480555e-01
4.680398036690976427e-01
4.699694964435629507e-01
4.718092374667595679e-01
4.736494023849340818e-01
4.755637472490023554e-01
4.776109913538378327e-01
4.798349286698629368e-01
4.821740288838555766e-01
4.849864604852707761e-01
4.879228283517623721e-01
4.911310238028950836e-01
4.946124477282363707e-01
4.983663709068379410e-01
5.023888314500672969e-01
5.066732085551359788e-01
5.112109030958891243e-01
5.159919613459819088e-01
5.210056147941926064e-01
5.262407337456381784e-01
5.316861986313207167e-01
5.373311948340070421e-01
5.431654374126791973e-01
5.491793321913225334e-01
5.553640795478173020e-01
5.617117270053497702e-01
5.682151764522149762e-01
5.748681515338568415e-01
5.816651305086666390e-01
5.886012496748178613e-01
5.956721824163431211e-01
6.028739990834443008e-01
6.102030135113719611e-01
6.176556234293963943e-01
6.252281553434496653e-01
6.329167323489830466e-01
6.407172033188458515e-01
6.486252284718285743e-01
6.566368022148306727e-01
6.647502492551009556e-01
6.729749888600257135e-01
6.813974104586100200e-01
6.837382838823514719e-01
6.973452121334586806e-01
7.058681104279330709e-01
7.143000772990701908e-01
7.226967332816190970e-01
7.310521280086662577e-01
7.393478527420237478e-01
7.475604372040635104e-01
7.556632767813910023e-01
7.636273287273620536e-01
7.714214406340361707e-01
7.790125442402017208e-01
7.863657863628669142e-01
7.934446173139142466e-01
8.002108374597339813e-01
8.066245935469181783e-01
8.126443113582230149e-01
8.182265474339683875e-01
8.233257368671118570e-01
8.278937906247055833e-01
8.318792618350782098e-01
8.351069431084369166e-01
8.378887367412362064e-01
8.397839098293387039e-01
8.408513899671692382e-01
8.410158834694383412e-01
8.402017866251877409e-01
8.383601476944333442e-01
8.357499568566573167e-01
8.274019579183714557e-01
8.233143601650055876e-01
8.156900598089456000e-01
8.059741648766645117e-01
7.940316033406606966e-01
7.796130643161285345e-01
7.624204527144341492e-01
7.421305780255426088e-01
7.182970710831310113e-01
6.906495357258988221e-01
6.587005786868868062e-01
6.219881413422286842e-01
5.798760223933274727e-01
5.310588285635299277e-01
4.707522255288327795e-01
3.491471922636720793e-01
4.753858768494233500e-01
3.700584471117625007e-01
3.033679869127235973e-01
2.443304653919150804e-01
1.905260537171485080e-01
1.423609047464255706e-01
1.006765018592331723e-01
6.616568026094506172e-02
3.917359785645668779e-02
1.965300350344222069e-02
7.205453092615725537e-03
1.168876819766472052e-03
7.207763270590694009e-04
4.974786681152737651e-03
1.305778261129495431e-02
2.416311298558757384e-02
3.758139960829883636e-02
5.271338536280548853e-02
6.907016934135402908e-02
8.626569494214339495e-02
1.040053111462188873e-01
1.220730981031836609e-01
1.403196855920145480e-01
1.586515805412322677e-01
1.770225418482593849e-01
1.954271741395608442e-01
2.138958390108973151e-01
2.324718609734495733e-01
2.514909342373224388e-01
2.707745022927423584e-01
2.908471094094486342e-01
3.037857017822998551e-01
3.323162010055453752e-01
3.573539947975515330e-01
3.853996906520585353e-01
4.190851284785607200e-01
4.631514836003902680e-01
5.288843911977435530e-01
6.432891568936262017e-01
5.460213102194083623e-01
5.099934496777588366e-01
5.630070954805352912e-01
7.200659148082119709e-02
1.439600193581643817e-01
2.216155702637390423e-01
2.736813233289135394e-01
3.116390328830633272e-01
3.416437141216145945e-01
3.668000903580767025e-01
3.887926410578080305e-01
4.086028781898706774e-01
4.268194898047310559e-01
4.438921713799078295e-01
4.600137623761521577e-01
4.753778820345023748e-01
4.900877911149398303e-01
5.041862910844815415e-01
5.176329909511296901e-01
5.301689395444276753e-01
5.395995309427719100e-01
5.455107266259388021e-01
4.581578516072692953e-01
5.930442189375844109e-01
6.021213061540345857e-01
6.123329687185137260e-01
6.226558029099329428e-01
6.327072427572992819e-01
6.422777570910584988e-01
6.512020005880233553e-01
6.593159810291200351e-01
6.664372369463503754e-01
6.723516162828233611e-01
6.768011808031338949e-01
6.794707837929934158e-01
6.799717699970613261e-01
6.778215280307887669e-01
6.724178568659574529e-01
6.630077785289545389e-01
6.486523722272893311e-01
6.281940946060551312e-01
6.002441045625720450e-01
5.632296110290582192e-01
5.155805756747221524e-01
4.561845373200613674e-01
3.852424466116212698e-01
3.054631278047666432e-01
2.229917145674091272e-01
1.470134187307781393e-01
8.785454704082013011e-02
5.497909811966283922e-02
5.493901760463124756e-02
8.780542420183047592e-02
1.451420723894360498e-01
2.140373403302238131e-01
2.721805596354316403e-01
3.310416262809515175e-01
3.825959950741048554e-01
4.210911092373705866e-01
4.503878949934870257e-01
