6.445353304721196386e-01
6.284875344621528859e-01
6.196358987864164503e-01
6.165382841129577463e-01
6.175029048324811587e-01
6.204509987538894267e-01
6.225433593725325787e-01
6.199187256121126977e-01
6.054813700197573256e-01
5.661607073321951455e-01
4.746018319207967462e-01
2.812036310438865705e-01
2.185574516655341970e-02
1.514160916100049104e-01
5.355738464590628078e-01
7.573987973633659054e-01
8.648570934319377290e-01
9.222812554487062053e-01
9.563872839099807344e-01
9.779708759542643515e-01
9.917604420452530434e-01
1.000084275265936018e+00
1.004218337427374097e+00
1.004951809415587149e+00
1.002834923634746023e+00
9.982940981500236788e-01
9.916872901304368826e-01
9.833308700404090885e-01
9.735123731728160257e-01
9.624961015128863373e-01
9.505251313489595510e-01
9.378216112674405691e-01
9.245863765716804128e-01
9.109984455804084336e-01
8.972147135872498014e-01
8.833700730809258550e-01
8.695788595727667047e-01
8.558886571349669792e-01
8.424804338468778742e-01
8.292789753115982210e-01
8.164815853860595274e-01
8.039488092129895014e-01
7.917639150404623960e-01
7.799290390485545954e-01
7.684489704067812843e-01
7.573409702374183095e-01
7.466635129402774407e-01
7.366027066337795803e-01
7.278306843352611022e-01
7.242914352601913519e-01
6.113343366531258649e-01
6.772827671718063547e-01
6.712115478646937250e-01
6.616440644342226340e-01
6.508818141347904040e-01
6.393584410699176823e-01
6.271531749591500171e-01
6.142274185064791059e-01
6.004824118191459670e-01
5.857734917568995225e-01
5.699087132680993317e-01
5.526385929603614411e-01
5.336377299357130122e-01
5.124763716737075203e-01
4.885723747793829230e-01
4.611415282959778761e-01
4.290670763733329118e-01
3.907595714170537526e-01
3.438893463952627516e-01
2.849784732071358739e-01
2.092514020863634472e-01
1.084377016194136012e-01
1.131527708073662777e-02
9.258521155451381046e-02
3.858793706364612580e-02
3.942264579028033067e-01
7.963344086196165739e-01
9.592985298277211248e-01
9.906145449910463974e-01
9.673687530618779729e-01
9.343155455425189437e-01
9.019014607892720248e-01
8.728845940814535798e-01
8.475490916352990123e-01
8.254440810253010907e-01
8.059177836915728532e-01
7.882408902785243976e-01
7.715518316144367450e-01
7.546300976657581705e-01
7.352597511553139453e-01
7.080520847030796761e-01
6.533129508622560477e-01
3.885864170327693601e-01
1.055393874784660513e+00
8.760718657496661121e-01
8.334746955542006175e-01
8.152217705069970677e-01
8.059856891771957077e-01
8.013471645193950277e-01
7.995404520842630536e-01
7.997087496278946217e-01
8.013761059223790673e-01
8.042490224228059370e-01
8.081300456917271946e-01
8.128757926704830439e-01
8.183747483239784959e-01
8.245346802906281525e-01
8.312750772649012410e-01
8.385223707347374544e-01
8.462067771204840883e-01
8.542601254038417746e-01
8.626143182686272226e-01
8.712002967700869238e-01
8.798904770095816730e-01
8.887717783741668764e-01
8.976108029425796664e-01
9.063728226609085725e-01
9.149691070369883050e-01
9.233019260094641467e-01
9.312613108328102740e-01
9.387173962393421389e-01
9.454965769240258888e-01
9.512157610600274760e-01
9.495727086193652688e-01
9.885267693936798938e-01
7.358514420061896821e-01
5.249617673357787062e-01
9.529331816944461853e-01
9.820615414485204253e-01
1.005183577410014628e+00
1.001357150092925918e+00
9.983861354302335789e-01
9.947502070949432174e-01
9.901395689506732323e-01
9.845464399363657026e-01
9.795655081113937568e-01
9.388280648872151524e-01
9.449714483711717516e-01
9.298644455914157891e-01
9.087415760620715099e-01
8.803868984082647842e-01
8.413432771557914913e-01
7.847683139719384693e-01
6.966383503224545803e-01
5.471795874069512733e-01
2.863213474793260827e-01
1.553634386859428437e-02
3.273484414531804831e-01
7.512773033662076827e-01
9.140527100643477398e-01
9.633974702918577382e-01
9.737032766603225253e-01
9.693949986756777992e-01
9.587135742510983771e-01
9.415462456607084363e-01
9.226091736598432957e-01
9.158954146587909850e-01
8.994848084718203296e-01
8.812656426156906253e-01
8.609215760476079948e-01
8.373756129740922427e-01
8.085268911094679600e-01
7.699628338470188016e-01
7.115778126481305810e-01
6.023207775872881919e-01
3.252894392368136378e-01
1.641578876763517547e-01
8.976910080047827423e-01
9.711098542027239988e-01
9.407784812711389444e-01
9.184478082961557988e-01
9.028630419662110329e-01
6.407272768628576864e-01
5.442820740348993658e-01
7.043198094351552641e-01
7.269390951566924164e-01
7.282828904014412297e-01
7.235175234853120640e-01
7.167172045981825557e-01
7.094689550212108786e-01
7.025736428684331569e-01
6.965333141518683657e-01
6.917247053542781021e-01
6.884703584061744319e-01
6.870704919049375192e-01
6.878178911657470973e-01
6.910047029329221546e-01
6.969250713529306918e-01
7.058755606998137200e-01
7.181544839777744826e-01
7.340609424593488308e-01
7.538943118186890446e-01
7.779548569056548013e-01
8.065428735848227948e-01
8.399896885222428722e-01
8.786069112307589579e-01
9.227507629921514187e-01
9.727470169821608170e-01
1.028691636738320092e+00
1.089586392126899561e+00
