9.125805764781066420e-01
9.087498379099461232e-01
9.058816384952351752e-01
9.039298340517997188e-01
9.028711495316095181e-01
9.027101533995394167e-01
9.034842807699536849e-01
9.052693754244095503e-01
9.081863505097201861e-01
9.124097720349992890e-01
9.181795529913847620e-01
9.258178489655373156e-01
9.357559404171492679e-01
9.485856998232214954e-01
9.651919297216932092e-01
9.872119316510934439e-01
1.017468055289670215e+00
3.904757393285220868e-01
9.347938229864440896e-01
9.237950802445369369e-01
7.864226102012590314e-01
4.788758320843935490e-01
1.401585171030901578e-01
3.338836222941324230e-03
3.159092880852188562e-02
1.076025051910482755e-01
1.815319307787512937e-01
2.424446988666288660e-01
2.907622470424148786e-01
3.290840775446678412e-01
3.598808977739043624e-01
3.850853399128225663e-01
4.061344817063516910e-01
4.240871517679791203e-01
4.397282032074229519e-01
4.536464048429897922e-01
4.662896980758319265e-01
4.780038760828440036e-01
4.890597089737211967e-01
4.996721272281696158e-01
5.100139407197492591e-01
5.202257676935816422e-01
5.304233047262844059e-01
5.407027062070800527e-01
5.511446002319342341e-01
5.618171057741427887e-01
5.727781063437095144e-01
5.840769603196946935e-01
5.957557761780603034e-01
6.078503443907035120e-01
6.203907918595349402e-01
6.334020060591735168e-01
6.469038623465146465e-01
6.609112776099306252e-01
6.754341054604621197e-01
6.904768816647373075e-01
7.060384227549220126e-01
7.221112749963033428e-01
7.386810042778234608e-01
7.557253088241360217e-01
7.732129241263792085e-01
7.911022703380747867e-01
8.093397619987249270e-01
8.278576506891037745e-01
8.465711900670414014e-01
8.653747770061460676e-01
8.841364917969798398e-01
9.026900604317762422e-01
9.208225530179066087e-01
9.382548420752598872e-01
9.546094245502697584e-01
9.693555173618554344e-01
9.817118894726525324e-01
9.904681283317675611e-01
9.936420780033323741e-01
9.877949310364677604e-01
9.666092292544651299e-01
9.178942332054678133e-01
8.177545227678175710e-01
6.244618279404257066e-01
3.091385089705718237e-01
2.600262868103213332e-02
7.492856060269811880e-02
3.299891638864442811e-01
5.542403101008054334e-01
7.036059259475784255e-01
7.973819008170152101e-01
8.520502434667325264e-01
8.420979019219015926e-01
9.969053607588757027e-01
9.831224633171015137e-01
9.881555364372892614e-01
9.925685042229637212e-01
9.949083806329060975e-01
9.953307583260164737e-01
9.942480608067180148e-01
9.920983759989999706e-01
9.893024293771854882e-01
9.862626747715712572e-01
9.833721490798089659e-01
9.810230153585574042e-01
9.796062435078780606e-01
9.794821794159025430e-01
9.808603566685437647e-01
9.833857616093362175e-01
9.847051693611499346e-01
9.751428674296940269e-01
9.165653170519197923e-01
6.746871192266549189e-01
1.542230590118104927e-01
2.520020293261909447e-02
2.051420761624088984e-01
3.502157039723419740e-01
4.399828504625970527e-01
4.961514498236977433e-01
5.329476136377482298e-01
5.581774135344954590e-01
5.762078494061715350e-01
5.896047955748652258e-01
5.999522962883385713e-01
6.082707105847320328e-01
6.152375188650056614e-01
6.213031568293911899e-01
6.267335957875781460e-01
6.315293698191379868e-01
6.345722713629101674e-01
4.925897803061521918e-01
6.572614237445546514e-01
6.612274275583369665e-01
6.675017488438897972e-01
6.748524024348107053e-01
6.831042265577101924e-01
6.922567542982022148e-01
7.023595117628882445e-01
7.134815823698850146e-01
7.257015670590589718e-01
7.391029816145313625e-01
7.537706917720831123e-01
7.697864047311031577e-01
7.872216486893806042e-01
8.061263161477419947e-01
8.265099334814969279e-01
8.483112443065482511e-01
8.713491952417957709e-01
8.952446523193106076e-01
9.192969655043126131e-01
9.422935210910562409e-01
9.622272705418785099e-01
9.759083455877282098e-01
9.785101996377602029e-01
9.632451507725309225e-01
9.216826766402338444e-01
8.456230637326535016e-01
7.313042057200416224e-01
5.848301762412865257e-01
4.243004389985886027e-01
2.740574660479418445e-01
1.537799458214877957e-01
7.139522590681478265e-02
2.407489707430247178e-02
3.482432685284048406e-03
2.944182596423199180e-04
6.335537731232417959e-03
1.494078672711696143e-02
2.055117917550347562e-02
1.847218422916052302e-02
7.000563465700011985e-03
2.630642602446875249e-03
1.102030892938319490e-01
5.379264587415102383e-01
9.173978327423336632e-01
9.850219089921939952e-01
9.668157341554760587e-01
9.486481250583326252e-01
9.419057654057544360e-01
9.447657999542095064e-01
9.543491461622820582e-01
9.684046927119511761e-01
9.843239362433029438e-01
9.824383498741728893e-01
1.467295630053481181e-01
8.170893777309818917e-01
9.339215236189206681e-01
9.698707461819933151e-01
9.876504145176459026e-01
9.973509429844893415e-01
1.001805772793158633e+00
1.001960882314851586e+00
9.978113616021864196e-01
9.877941931214642146e-01
9.642441945523015923e-01
8.788713091601587646e-01
3.037730426006197693e-01
5.166914881522257641e-01
7.672847019764026388e-01
8.164758439261009526e-01
8.234028829475917854e-01
8.160325221643525140e-01
8.018696926379349499e-01
7.833074419700377655e-01
