4.439272750061423189e-01
4.616046734689512876e-01
4.813776389159935554e-01
5.026041952125821499e-01
5.247219554400219810e-01
5.472074025998222568e-01
5.697222136487701816e-01
5.918713071051091568e-01
6.133945163091326647e-01
6.340838600166410766e-01
6.537882773972909511e-01
6.724081741242219357e-01
6.898893949241738932e-01
7.062171042604188376e-01
7.214097403842961720e-01
7.355131487422928993e-01
7.485949740919298767e-01
7.607393729189723119e-01
7.720420949906797725e-01
7.826059755700973675e-01
7.925368840185154085e-01
8.019402221509249751e-01
8.109183794386894961e-01
8.195731760999653837e-01
8.277752424276614285e-01
8.361423064751459799e-01
8.442634272291705821e-01
8.523177980910546792e-01
8.603469352465420439e-01
8.683746691215846747e-01
8.764111848322926335e-01
8.844541133144596667e-01
8.924896644747235541e-01
9.004939614488911559e-01
9.084345704914071895e-01
9.162721738724191045e-01
9.239622807926602954e-01
9.314565608841246513e-01
9.386952284421001824e-01
9.456864801615207927e-01
9.523037597293174672e-01
9.585451154247699446e-01
9.643687819354684887e-01
9.697420494182518169e-01
9.746389474343241099e-01
9.790400512479553452e-01
9.829312992607719401e-01
9.862955288395988118e-01
9.882815787475126568e-01
9.916452092606149460e-01
9.935021126124005120e-01
9.948891739085822250e-01
9.958020424011536642e-01
9.962163225253071186e-01
9.962497439311225333e-01
9.957112288381005927e-01
9.946390586617541718e-01
9.929495735145786872e-01
9.905188483107565389e-01
9.871599016498824319e-01
9.825983553628991896e-01
9.764403712265793400e-01
9.681300811142392604e-01
9.568939758457584155e-01
9.416708066219880990e-01
9.210292014880552269e-01
8.930844264318801295e-01
8.554457616158123168e-01
8.052643977650830731e-01
7.395201057698714830e-01
6.549760528348961275e-01
5.526817754872397348e-01
4.339090618620063955e-01
3.072117224528299606e-01
1.859945585270529056e-01
8.616639991479418947e-02
2.148073425900455524e-02
1.500186449829934185e-04
2.557603195152864661e-02
1.015697057643127205e-01
2.415973493023699514e-01
4.808214432237068459e-01
8.343599845014069150e-01
8.499031520702161613e-01
3.299629099831105083e-01
6.332034369453937162e-02
2.532383966441393089e-03
7.209728038279182225e-03
3.128859282265088193e-02
6.051264846928325336e-02
9.013527600255989702e-02
1.185243549432631049e-01
1.451738961542235473e-01
1.700062351873846411e-01
1.931087515738814930e-01
2.146264867239772445e-01
2.347168217708295312e-01
2.535302563195301895e-01
2.712026282487531303e-01
2.878524262449974058e-01
3.035803056049612980e-01
3.184694311471256145e-01
3.325859540870166331e-01
3.459792354835201644e-01
3.586815482122639454e-01
3.707070009845312986e-01
3.820493552584456332e-01
3.926782356485758463e-01
4.025329119864772820e-01
4.115122308692009678e-01
4.194581203953974824e-01
4.261277539462176023e-01
4.311443999191917897e-01
4.339051153218518864e-01
4.333926633016890739e-01
4.277483866230201714e-01
4.131468231575486927e-01
3.801196874963143069e-01
2.967626117367268002e-01
1.706102179535831653e-02
1.020816606579287633e+00
7.018720507962539212e-01
5.898266834518886004e-01
4.871319661851709060e-01
3.227456749327226593e-01
3.947606079535522644e-02
4.736272005565396737e-01
9.314560626657213405e-01
9.633794443908783034e-01
9.501753742748945131e-01
9.387571463732353738e-01
9.326531266585270652e-01
9.308250661332853060e-01
9.320506534622360340e-01
9.353933360825107401e-01
9.401552332481403207e-01
9.453324466017272165e-01
9.522294923020762081e-01
9.587786476156259230e-01
9.652714011777511205e-01
9.714981237305263528e-01
9.772366994205887725e-01
9.822632361137761947e-01
9.863349851700635718e-01
9.891609255099542697e-01
9.902298064191337179e-01
9.893531553567964654e-01
9.850073927017028996e-01
9.749531492109630992e-01
9.522852185693237992e-01
8.854326103640760559e-01
2.991805445874216596e-01
1.103224356198942102e+00
1.072875125791882489e+00
1.049319602746537017e+00
1.032633518142118234e+00
1.018589788719413525e+00
1.005470390760202060e+00
9.925153690017256558e-01
9.793421259433355841e-01
9.659513516816051748e-01
9.520823147811774412e-01
9.378565722402446569e-01
9.233224310068381957e-01
9.085640194438029393e-01
8.936864016877847927e-01
8.788095195892876577e-01
8.640641928903075586e-01
8.495891330506192274e-01
8.355285843329608442e-01
8.220304740132535759e-01
8.092453706423107240e-01
7.973300782765884165e-01
7.862522544523090628e-01
7.766129061081107343e-01
7.681724825124668365e-01
7.611897378253171809e-01
7.558321644288361618e-01
7.522867875554056782e-01
7.507854548385420879e-01
7.516472071150365197e-01
7.553552771761871121e-01
7.626968083199360260e-01
7.750042401429102501e-01
7.944818701588090004e-01
8.240054099155958989e-01
8.615481854870851164e-01
8.631082114268004979e-01
6.796731727735222384e-01
4.181809182338963038e-01
3.899419305494111754e-01
5.627492098951750732e-01
7.846718968482132572e-01
9.308021136436330778e-01
9.982173585223669265e-01
1.026583752222533175e+00
1.034496339883758109e+00
1.033503094060754357e+00
1.027313809514083465e+00
1.017121061637259238e+00
