1.059605455246468209e+00
1.042758357115224133e+00
1.026600478678907358e+00
1.011666211430985562e+00
9.983208717703730972e-01
9.866341398631427451e-01
9.760468898359246914e-01
9.644692973766670896e-01
9.457354834441993319e-01
9.022415866603523682e-01
7.859470084968928072e-01
5.058783573168291747e-01
1.223972039215061036e-01
3.189971259045518322e-03
1.057097128723819418e-01
2.257424163237681802e-01
3.139119468376584399e-01
3.741001928065058602e-01
4.151962041870184139e-01
4.436214761746807844e-01
4.634598943990194675e-01
4.772806026385232325e-01
4.867274909540504346e-01
4.928621886698770216e-01
4.964554287237637475e-01
4.979158500866979753e-01
4.975859285749838490e-01
4.956416781484906386e-01
4.921384074810189468e-01
4.869886992081128296e-01
4.798949848765200477e-01
4.701801756875146898e-01
4.563580457452066641e-01
4.348147121116210378e-01
3.947194503567920121e-01
2.866910945932557020e-01
2.975919135642728919e-01
6.751581167864495470e-01
5.912620104380670316e-01
5.555360155202655470e-01
5.349220060866141102e-01
5.206954376805444928e-01
5.096249023194051597e-01
5.001012028727969128e-01
4.909128976633330699e-01
4.803075933009253728e-01
4.629686452259289542e-01
3.913527311714948276e-01
5.821635649533501988e-01
5.194084619400352043e-01
5.052322026827372747e-01
4.987462299097085161e-01
4.951848403945158794e-01
4.932264718466256581e-01
4.923373659988779516e-01
4.923096076885055683e-01
4.929849887304470490e-01
4.942918854369287018e-01
4.961819132054650638e-01
4.986225829080332961e-01
5.015910738368891675e-01
5.050706397746125287e-01
5.090484553112838428e-01
5.135142622667883128e-01
5.184594758921131641e-01
5.238765614414458982e-01
5.297585657976605633e-01
5.360986235394392674e-01
5.428909263482563086e-01
5.501267886138478946e-01
5.577992911726059599e-01
5.658996170116361579e-01
5.744178211318567984e-01
5.833424157771680552e-01
5.926599984752555228e-01
6.023548430414406019e-01
6.124084422182769494e-01
6.227989958366760836e-01
6.335008426894050970e-01
6.444838467675528815e-01
6.557127932323089103e-01
6.671470395026587452e-01
6.787417463735679890e-01
6.904630833538880630e-01
6.965452910653571195e-01
7.136136095549665548e-01
7.251495931863547462e-01
7.363885175497885127e-01
7.472150339476167913e-01
7.574658949925821005e-01
7.669350823613121371e-01
7.753565536022597460e-01
7.823848548036321793e-01
7.875519766609194727e-01
7.902002891806453322e-01
7.893668641624567162e-01
7.835846629728333568e-01
7.703739930960954441e-01
7.461785657507765679e-01
7.044849092177831729e-01
6.359914080953272819e-01
5.320858830833877784e-01
4.059814501820122046e-01
3.414996993098602940e-01
5.206163696333192537e-01
8.155541588386659990e-01
8.659182240805766151e-01
8.647282378075294984e-01
8.641624442050575006e-01
8.636499541909042899e-01
8.617314637530832933e-01
8.580035323803816283e-01
8.525497556705827762e-01
8.455918673356705995e-01
8.373665185565389857e-01
8.280832846991211804e-01
8.178903525415126552e-01
8.067143960045801698e-01
7.922173640401997119e-01
3.898273924795567780e-01
7.672235519998839015e-01
7.590089919469207302e-01
7.480609016714225845e-01
7.368177630218973873e-01
7.257654160851109149e-01
7.151813047391255562e-01
7.053526500784292885e-01
6.966815866619678888e-01
6.898466262812663619e-01
6.861979222654426280e-01
6.890102758384752946e-01
7.090778646834143828e-01
8.158059597281471786e-01
1.565092246842405277e-01
4.768995104485762027e-01
5.161699565104256315e-01
5.258562296826044813e-01
5.268347704779444696e-01
5.242234926518655191e-01
5.199558233545842345e-01
5.148268087573274476e-01
5.093062331911194507e-01
5.036488513388793775e-01
4.980144198365845654e-01
4.925101142288906275e-01
4.872128597616859902e-01
4.821818525273585121e-01
4.774660975734101864e-01
4.731093129556241395e-01
4.691534345931365202e-01
4.656414377491060463e-01
4.626199524348348913e-01
4.601420400945752665e-01
4.582667746215219884e-01
4.570851469095579822e-01
4.566820040413855919e-01
4.571936651851813971e-01
4.588000860009712745e-01
4.617593852985239500e-01
4.664604472852502681e-01
4.735249385124404853e-01
4.840224394375774453e-01
4.999766562886393539e-01
5.257484829973162466e-01
5.727012178616215365e-01
6.807076111209195979e-01
9.377656376202430089e-01
5.027632941602075412e-02
2.324857801149068648e-01
3.060983602668597703e-01
3.455515213857679457e-01
3.719974247586288474e-01
3.926391162143308966e-01
4.106479795893624440e-01
4.277724913241925941e-01
4.452473913410879280e-01
4.643045419272227581e-01
4.863462567886270294e-01
5.139403100194538387e-01
5.510978763081182397e-01
6.051293715062771028e-01
6.827266511200603682e-01
6.964910922147543593e-01
2.148997671513868946e-01
6.634445180202742584e-03
4.031773456241126430e-02
6.384447723152282539e-02
6.041594472507274410e-02
3.665021524666499386e-02
7.522767207210796780e-03
1.779819118459342528e-02
2.111053582440209631e-01
1.186462887339084366e-01
4.442682006128056971e-01
7.503359033301399972e-01
8.885354504879465765e-01
9.394282195688343773e-01
9.522687523283118738e-01
9.500502334515669167e-01
9.426902479704372118e-01
