6.831938989958502573e-01
6.936051259532943769e-01
7.021347041157660618e-01
7.089324618820805890e-01
7.141683803567936417e-01
7.180251209090642295e-01
7.206915123360686515e-01
7.223570246500733427e-01
7.232072026584253077e-01
7.234200004181651211e-01
7.231629394811662781e-01
7.225910048462540480e-01
7.218451897564462927e-01
7.210516021063145820e-01
7.203210504502849387e-01
7.197490370991049824e-01
7.194161044096099022e-01
7.193885300519753390e-01
7.197195644416850557e-01
7.204526647493474378e-01
7.216476467640107195e-01
7.230248299215087382e-01
7.251398550104380947e-01
7.276260789679416252e-01
7.305372624421780925e-01
7.338636612920060864e-01
7.375899090920702283e-01
7.415159779635080994e-01
7.460530791452292254e-01
7.507764756196922962e-01
7.557572755655009855e-01
7.609587412408715945e-01
7.663394806319879793e-01
7.718558688026134762e-01
7.774625095093253835e-01
7.831122913509525052e-01
7.887562062915837169e-01
7.943429298003542582e-01
7.998180757166816202e-01
8.051196780449133561e-01
8.101967125208803244e-01
8.149634629776832950e-01
8.193432690259575546e-01
8.232387702483205949e-01
8.265312471873939026e-01
8.290709508185354348e-01
8.306624809022218336e-01
8.310418373210259890e-01
8.298392016908493485e-01
8.265163185033471693e-01
8.202566479586604897e-01
8.097632995051178284e-01
7.928669169958340035e-01
7.657193701073519154e-01
7.210373201303417190e-01
6.438698243729787940e-01
5.048226356611278387e-01
2.599470242847123358e-01
8.480249154414127785e-03
2.007181921243827438e-01
5.730418081862224122e-01
7.753875290961480538e-01
8.675363080901133950e-01
9.118660751176085322e-01
9.348734886148808432e-01
9.473596311329901543e-01
9.521339637956554025e-01
9.604263670959309884e-01
9.620093596929676361e-01
9.626946766661425015e-01
9.625528920728299020e-01
9.617687307257812845e-01
9.604807632857983446e-01
9.587893330506486178e-01
9.567700540471011372e-01
9.544833599080240205e-01
9.519806953572860220e-01
9.493085046002796012e-01
9.465108383013109972e-01
9.436310996014026786e-01
9.407132528593046272e-01
9.378026981412580509e-01
9.349469410702661021e-01
9.321961423505374933e-01
9.296036024034126655e-01
9.272262168948650629e-01
9.251249238429092303e-01
9.233651492918857340e-01
9.220172453947692581e-01
9.211569178542574621e-01
9.208659208981959665e-01
9.211923813343900758e-01
9.223317664068650945e-01
9.242804201381074058e-01
9.271577480790064163e-01
9.310349319010624569e-01
9.358855492770936646e-01
9.392628029810298207e-01
9.506952994991019201e-01
9.587654037452798539e-01
9.677200652607367282e-01
9.766012020761134504e-01
9.838849916411672725e-01
9.868318659028855189e-01
9.806578222837186720e-01
9.574774027585176706e-01
9.056111062438195747e-01
8.112670987837795611e-01
6.661720006566128616e-01
4.812137785284357760e-01
2.922745201450223096e-01
1.411581235658485034e-01
4.795170973066929798e-02
6.788521338547530773e-03
8.325347180765807356e-04
1.434598449337753240e-02
3.692266498475577780e-02
6.250773464569227278e-02
8.810978495612327432e-02
1.121271133539431947e-01
1.340297356895096548e-01
1.536723929448181036e-01
1.711156033167098300e-01
1.864995356667951965e-01
1.999770480818335860e-01
2.116749540439913091e-01
2.216647497802681777e-01
2.299267203185945962e-01
2.362825959117096919e-01
2.402337401474203549e-01
2.404857966339690734e-01
2.331128821913490967e-01
1.999214675261490881e-01
2.251901577266495758e-01
3.774852929907109300e-01
3.352119061965146418e-01
3.214448338228036439e-01
3.135903298994561772e-01
3.067267545453464805e-01
2.987129707474083240e-01
2.878835740534956833e-01
2.722129646757265875e-01
2.485205308021031234e-01
2.110764176103857304e-01
1.490432221145753522e-01
5.003489898042055156e-02
7.769410733139114900e-02
7.387368770766609138e-01
7.836828834715340308e-01
6.984857959807269090e-01
6.413724650298575636e-01
6.050448546190630994e-01
5.806324787158222422e-01
5.632119249057747634e-01
5.500539556154725451e-01
5.395499112090224036e-01
5.306569973037666976e-01
5.203334932621090925e-01
5.155054616475375218e-01
5.084514160536498517e-01
5.011985915474889142e-01
4.935767704558202684e-01
4.853672119507257965e-01
4.761184697125855902e-01
4.663748697027769174e-01
4.551022032921065996e-01
4.423297909176235332e-01
4.277796650208249285e-01
4.111537775362284486e-01
3.921393403238191411e-01
3.704245410901550462e-01
3.457272784865561555e-01
3.178408257914167034e-01
2.866994632559305978e-01
2.524637045498545063e-01
2.156175678541571716e-01
1.770589598058464609e-01
1.381507979534671859e-01
1.006916088583931917e-01
6.677062883952469829e-02
3.850258357939888298e-02
1.768715170292230188e-02
5.483899088602950042e-03
2.202368329534804946e-03
7.262773198184365765e-03
1.930008938944976007e-02
3.627823717313360258e-02
5.521215019904320703e-02
6.878617186159498298e-02
1.080009248494164242e-01
1.695306880991221954e-01
1.798382472331804538e-01
1.964804914864459739e-01
2.123250671645512677e-01
2.257197379519494118e-01
2.360500509748559017e-01
2.430851475795992311e-01
2.466968040646685956e-01
2.467824278986572861e-01
2.444735349025158599e-01
