9.381638386084630854e-01
8.751405684123616524e-01
7.711638478699227583e-01
6.181690665527274087e-01
4.264664353856452150e-01
2.340750585775417392e-01
8.900103623708578715e-02
1.462467827020003108e-02
1.098838356743676685e-03
2.485982874959936570e-02
6.576377460116024365e-02
1.115759626864060994e-01
1.562069294112029549e-01
1.971388397275573579e-01
2.336522241268181865e-01
2.658430384163375515e-01
2.941302887610747208e-01
3.190249849108827140e-01
3.410289304339105265e-01
3.605954023606441905e-01
3.781182151630895771e-01
3.939330692272020040e-01
4.083236184093809729e-01
4.215288231169034283e-01
4.337501768271219693e-01
4.451586548723360792e-01
4.559059373021955297e-01
4.659896745445149535e-01
4.757885704279563033e-01
4.851777595489731310e-01
4.942836519087220326e-01
5.031573658924656245e-01
5.119025308244645744e-01
5.205279881806283981e-01
5.290883038731573063e-01
5.376210938518877214e-01
5.461587497602464758e-01
5.547292433011434820e-01
5.633566373548586359e-01
5.720614793865133052e-01
5.808611128288736491e-01
5.897699237489015811e-01
5.987995348073172908e-01
6.079589559835774093e-01
6.172546999611939755e-01
6.266908689766694796e-01
6.362692191492261840e-01
6.459892077394732146e-01
6.558480283724696935e-01
6.658406389619236920e-01
6.759597868496312056e-01
6.861960354988424493e-01
6.965377969195596375e-01
7.069713738354239663e-01
7.174810153971746818e-01
7.280489899866188219e-01
7.386556783153309658e-01
7.492796895880585728e-01
7.598980029585936657e-01
7.704861358480411537e-01
7.810183399217317524e-01
7.914678246376223303e-01
8.018070073003682463e-01
8.120077875062232664e-01
8.220418427743350076e-01
8.318809410715601871e-01
8.414972648935294952e-01
8.508637406161801975e-01
8.599543660281976365e-01
8.687445283480775826e-01
8.772113046683837068e-01
8.853337367085492016e-01
8.930930720693497360e-01
9.004729650072639258e-01
9.074596314456111479e-01
9.140419565695926396e-01
9.202115624677560390e-01
9.259628718663522884e-01
9.312933212514341585e-01
9.362045759833123038e-01
9.407141870640710613e-01
9.445246486666126762e-01
9.483324988630916774e-01
9.515824054936776744e-01
9.544176940653217311e-01
9.568516617677782499e-01
9.588951607422779855e-01
9.605833693974281662e-01
9.610590213039602592e-01
9.624121587500820141e-01
9.628498991920041439e-01
9.628186765933131053e-01
9.623043952059918693e-01
9.611849925605727707e-01
9.597700953009397074e-01
9.575324712697784735e-01
9.545843287947110012e-01
9.507981360112082170e-01
9.460277332899972302e-01
9.400940472388301661e-01
9.327780461146690794e-01
9.238139197928477708e-01
9.128821459935555493e-01
8.996029004900379933e-01
8.835307885790741889e-01
8.641525360529481725e-01
8.408901741961655185e-01
8.131133950944600119e-01
7.801660328057212768e-01
7.414127112006979603e-01
6.963118901925434701e-01
6.445196524593203025e-01
5.860230180217484985e-01
5.212909731974221250e-01
4.514160001463874972e-01
3.782026377352169511e-01
3.041514390345422258e-01
2.322983137024791644e-01
1.659073004729517409e-01
1.080707815086328488e-01
6.131901321964143559e-02
2.735108875736077735e-02
6.962329471157564093e-03
1.797545365602094716e-04
6.565904037422170408e-03
2.564242744704767554e-02
5.743204832358732304e-02
1.032375461357813995e-01
1.670452613870496983e-01
2.586151545271772600e-01
4.008456245595080625e-01
6.400197740914342903e-01
9.078682128743019719e-01
4.717814038610966265e-01
6.326471583095066853e-02
5.258325182761041516e-05
1.936389725256643449e-02
5.381030179824673049e-02
8.938829029262310155e-02
1.230677737795233401e-01
1.543825546599872089e-01
1.834383592976574773e-01
2.104913104526447420e-01
2.358078400494934834e-01
2.597390438787713363e-01
2.803351634621142896e-01
3.024034972111546704e-01
3.222751934257912509e-01
3.412332962404782677e-01
3.591192370208944329e-01
3.760498864280040210e-01
3.920672682288818822e-01
4.071930603241546431e-01
4.214333613255046851e-01
4.347798824599987677e-01
4.472100545656180759e-01
4.586865053335199005e-01
4.691560431416832988e-01
4.785483035525154860e-01
4.867748075134160080e-01
4.937331055081080611e-01
4.984135229518842913e-01
5.029674622908607562e-01
5.050698017772857762e-01
5.050505024407225818e-01
5.025986694024919821e-01
4.973109341320604004e-01
4.886873140422967610e-01
4.761140740665139592e-01
4.588461854405442852e-01
4.359975098058848642e-01
4.065529160544535392e-01
3.693946841744223386e-01
3.239045116993392592e-01
2.692795998544982305e-01
2.066724211705126824e-01
1.395033636232747010e-01
7.500180397289975265e-02
2.455046562196385590e-02
1.298033887780185172e-03
1.445341902859819880e-02
6.361178996822051956e-02
1.384832574327201082e-01
2.245667565703208524e-01
3.094910197589804679e-01
3.858113286582792179e-01
4.505290748491787567e-01
5.034356194620677183e-01
5.456552465724897605e-01
5.787460509977431222e-01
6.042533940951172466e-01
6.235322692317758486e-01
6.377038236691534578e-01
6.476692844022139406e-01
6.541432466766973208e-01
6.576894862027219402e-01
6.587528641370596905e-01
6.576855693394653146e-01
6.547037810864864138e-01
6.502249185280485344e-01
