9.913458715414642519e-01
9.917732239987215870e-01
9.921992824900387475e-01
9.926237170626641682e-01
9.930460139509382778e-01
9.934654999410340581e-01
9.938813658208034418e-01
9.942926885798349934e-01
9.946984521235786580e-01
9.950975663503891511e-01
9.954888845108721407e-01
9.958712188251352959e-01
9.962433543819869675e-01
9.966040613786242286e-01
9.969521057878271142e-01
9.972862585611591557e-01
9.976053034893693772e-01
9.979080438511801487e-01
9.981933079864173664e-01
9.984599539295586634e-01
9.987068732388035830e-01
9.989329941517555156e-01
9.991372841922234738e-01
9.993187523468424205e-01
9.994764509217143322e-01
9.996094771810454249e-01
9.997169748617310558e-01
9.997981356486492777e-01
9.998522006880029567e-01
9.998784622074546879e-01
9.998762653046431303e-01
9.998450099584345052e-01
9.997841533119298241e-01
9.996932122689589084e-01
9.995717664424644822e-01
9.994194614876469318e-01
9.992360128503058325e-01
9.990212099567067350e-01
9.987749208703303738e-01
9.984970974385048992e-01
9.981877809518261424e-01
9.978471083385498375e-01
9.974753189173406476e-01
9.970727617327139747e-01
9.966399034992197148e-01
9.961773371838070767e-01
9.956857912582651737e-01
9.951661396581625851e-01
9.946194124891029054e-01
9.940468075269167647e-01
9.934497025635338208e-01
9.928296686583450992e-01
9.921884843604438231e-01
9.915281509762854384e-01
9.908509089644020884e-01
9.901592555474233448e-01
9.894559636390226620e-01
9.887441021904037619e-01
9.880270580661764113e-01
9.873085595612028920e-01
9.865927016676604433e-01
9.858839731916654303e-01
9.851872857974661724e-01
9.845080050208687705e-01
9.838519832320863356e-01
9.832255944340319020e-01
9.826357706363234579e-01
9.820900393293507946e-01
9.815965612612983504e-01
9.811641672500078792e-01
9.808023920709022514e-01
9.805215024529498891e-01
9.803325147390563599e-01
9.802471956030162081e-01
9.802780360338384513e-01
9.804381840972964390e-01
9.807413149989442358e-01
9.812014065246260630e-01
9.818323721821564654e-01
9.826474804219165193e-01
9.836584515622212033e-01
9.848740670623074012e-01
9.862980364628198826e-01
9.879257256610619597e-01
9.897391228177392364e-01
9.916990487092048889e-01
9.937330105963362303e-01
9.957160877411057598e-01
9.974405396615889652e-01
9.985669656060091048e-01
9.985450320348138176e-01
9.964838603624101010e-01
9.909398476633037856e-01
9.795733737225945648e-01
9.586150165567275394e-01
9.221203011875024336e-01
8.612272595823939891e-01
7.644329234644354765e-01
6.216822916080645411e-01
4.361040250899071435e-01
2.390580402700835105e-01
8.417166263786438063e-02
8.487046439796039690e-03
6.859208932578536415e-03
5.008303922873160591e-02
1.112449198355802416e-01
1.745255444503999720e-01
2.329577535841629854e-01
2.838100590753329100e-01
3.277337265309313574e-01
3.650754479071276482e-01
3.968236174775207625e-01
4.238992730096960981e-01
4.471049556891532606e-01
4.671123432299794653e-01
4.844601014562057717e-01
4.996595261413381839e-01
5.130057061183550537e-01
5.248318859130357561e-01
5.353840908775623353e-01
5.448665349161933014e-01
5.534489651395300136e-01
5.612732254758828754e-01
5.684585131574132477e-01
5.751055453280323748e-01
5.812998627509444738e-01
5.871144569264535873e-01
5.926118671183172593e-01
5.978458610867537493e-01
6.028627876543893871e-01
6.077026694053573319e-01
6.124000886034622892e-01
6.169849077596649689e-01
6.214828573426630642e-01
6.259160162619638035e-01
6.303032054620480995e-01
6.346603108754954592e-01
6.390005488080903184e-01
6.433346843521916547e-01
6.476712114858760305e-01
6.520165019863092271e-01
6.563749290727656227e-01
6.607489707229996512e-01
6.651392968178555520e-01
6.695448436189955776e-01
6.739628785375891828e-01
6.783890576789254334e-01
6.828174782293757739e-01
6.872407273700156249e-01
6.916499290465998318e-01
6.960347895944156704e-01
7.003836429155037013e-01
7.046834956613827750e-01
7.089200727531992374e-01
7.130778637395283059e-01
7.171401713875510398e-01
7.210891667740088051e-01
7.249059640384428738e-01
7.285707582309609576e-01
7.320631931207365328e-01
7.353637848091737483e-01
7.384593280922620018e-01
7.410689940482860782e-01
7.437476511046122729e-01
7.460214641917130018e-01
7.479572156736324917e-01
7.495319830122827431e-01
7.507152901744710283e-01
7.514733770623991393e-01
7.517696888524861842e-01
7.515647185761898941e-01
7.508156366860793129e-01
7.494757983430186954e-01
7.474941493324614994e-01
7.448145327946235073e-01
7.413748931251453733e-01
7.371063718758296135e-01
7.319322911140024868e-01
7.257670221316478987e-01
7.185147418905530881e-01
7.100680865390481822e-01
7.003067205775110882e-01
6.890958489944252197e-01
6.762846951439162035e-01
6.617048970159061794e-01
6.451684075365153870e-01
6.264625576482656388e-01
6.053263532262734836e-01
5.811921995677944430e-01
5.553166710186838717e-01
5.263112584820387463e-01
4.935248661741535869e-01
4.573632431409771493e-01
4.177503755750382464e-01
3.747547106757648239e-01
3.286542250615180905e-01
2.800149876627452961e-01
2.297783705720256586e-01
1.793412081387934232e-01
1.306028589464668099e-01
