9.919957597753507050e-01
9.934515184313832403e-01
9.950217502255608304e-01
9.966022999098191892e-01
9.980167160710262664e-01
9.989945682065859422e-01
9.991287489025721946e-01
9.978147476997342169e-01
9.941651475728887632e-01
9.868929872126761538e-01
9.741621987016545470e-01
9.534191425637112971e-01
9.212595562594129150e-01
8.734690514300204045e-01
8.055099908313384516e-01
7.138441316325685460e-01
5.983141781171186224e-01
4.649233632215605816e-01
3.268629282836298944e-01
2.013798230789312638e-01
1.031736082389292930e-01
3.895797249581196831e-02
6.960557204781708980e-03
3.369291565202616216e-04
1.105762876198250998e-02
3.223452956791738461e-02
5.885272421286198014e-02
8.762562058759383599e-02
1.165660380602802360e-01
1.445647496944125754e-01
1.710679023423367640e-01
1.958564904076311175e-01
2.189046591514894058e-01
2.402921041267522262e-01
2.601514116564356272e-01
2.786372013791363900e-01
2.959085793783869378e-01
3.121195880514961996e-01
3.274143880805002182e-01
3.419251883847611029e-01
3.557717209637791256e-01
3.690614710298369960e-01
3.818863071456605751e-01
3.943485024013476670e-01
4.065055012735460660e-01
4.184327890691864615e-01
4.301903543971323796e-01
4.418315048003069179e-01
4.534033499402602696e-01
4.649473455850398618e-01
4.764997668439306389e-01
4.880921045306260697e-01
4.997513907890295259e-01
5.115004621977381483e-01
5.233581688310241509e-01
5.353395375670425560e-01
5.474558976433956392e-01
5.597149761794739664e-01
5.721209711504933182e-01
5.846746091123802280e-01
5.973731948259781710e-01
6.102106597882770433e-01
6.231776165162392633e-01
6.362614252119307423e-01
6.494462791287503034e-01
6.627133145251509205e-01
6.760407505012276941e-01
6.894040632425521009e-01
7.027761982270164243e-01
7.161278227814794617e-01
7.294276200145648481e-01
7.426426236257653857e-01
7.557385914411927086e-01
7.686804138090242988e-01
7.814325512761970405e-01
7.939594943429604257e-01
8.062262366410198888e-01
8.181987516928922455e-01
8.298444625609491254e-01
8.411326932543005119e-01
8.520350907711622401e-01
8.625260071339887480e-01
8.725828317148512925e-01
8.821862655095202843e-01
8.913205307334421956e-01
8.999735110907866042e-01
9.081368202037201076e-01
9.158057978660215648e-01
9.229794358882301708e-01
9.296602372239908263e-01
9.358540137140276549e-01
9.415696290854366213e-01
9.468186947420283994e-01
9.516152263427247737e-01
9.559752691405951630e-01
9.599164994147033614e-01
9.634578075346650339e-01
9.666188626650227267e-01
9.694196337058461621e-01
9.718796314890444377e-01
9.740097582819920996e-01
9.758625620785427168e-01
9.774186178184324225e-01
9.787088784363001670e-01
9.796880280793528462e-01
9.805017588600822842e-01
9.810507559422622093e-01
9.813645876454001327e-01
9.814438029438152800e-01
9.812835314604203552e-01
9.808733146568432426e-01
9.801960257194500814e-01
9.792270276107568616e-01
9.779329652101539372e-01
9.762702869917113668e-01
9.741834390258986565e-01
9.716026514928159941e-01
9.684412172713090516e-01
9.645921387298196370e-01
9.599239920035388396e-01
9.542758287046557708e-01
9.474509061611623428e-01
9.392090157042958243e-01
9.292571780011108507e-01
9.172385213478539967e-01
9.027193018388643964e-01
8.851743503314524197e-01
8.639718919948076170e-01
8.383599689574084968e-01
8.074576238374028270e-01
7.702650963856336741e-01
7.256919986365366615e-01
6.726467764616796963e-01
6.102017454797457052e-01
5.378778400744702592e-01
4.560960302821843171e-01
3.667222597718583499e-01
2.736631026843809877e-01
1.831337357937754817e-01
1.032229133132101934e-01
4.245688030300235477e-02
7.621412141757271004e-03
1.773660354036775411e-03
2.351010040721396993e-02
6.783301891810017414e-02
1.279810824227853305e-01
1.972496588658832484e-01
2.700594746270584268e-01
3.424457607778942370e-01
4.118835821447549006e-01
4.769934195328470738e-01
5.371904903234060447e-01
5.923934945291341458e-01
6.428118709328886071e-01
6.888029229033191259e-01
7.307813853885236632e-01
7.691645231771898628e-01
8.043392756939259369e-01
8.366414622462879924e-01
8.663405315681786956e-01
8.935226816955561535e-01
9.184734122158215719e-01
9.408696098392296259e-01
9.603488780484976672e-01
9.759967383364344107e-01
9.859789115541026661e-01
9.866998598070677584e-01
9.710745703584052757e-01
9.250978637416111816e-01
8.222971452730596376e-01
6.230901879494669116e-01
3.189531268908964434e-01
5.173011623401978232e-02
1.718271816788208631e-02
1.583519389401731314e-01
3.284167984161531217e-01
4.691448798613522819e-01
5.751722230015449133e-01
6.549818627931414117e-01
7.154922888619401622e-01
7.624095489192063146e-01
7.995493636058588205e-01
8.294938893722877404e-01
8.540145210819835020e-01
8.743506881198609415e-01
8.913885436605871737e-01
9.057754382537034354e-01
9.179941227377863555e-01
9.284116503851007618e-01
9.373121874904115636e-01
9.449194164566803167e-01
9.514120801137987415e-01
9.569349153674161501e-01
9.616064221476393614e-01
9.655244149462715031e-01
9.687700633873733702e-01
9.714085284595516123e-01
9.734981473636613591e-01
9.750794205145832949e-01
9.761839484777898868e-01
