9.182419817088297576e-01
9.317375464517779760e-01
9.450162109636809360e-01
9.577735257515720413e-01
9.697459562774686237e-01
9.807192855458098935e-01
9.905349491531938444e-01
9.990949251064565884e-01
1.006366166775762405e+00
1.012386130267530548e+00
1.017271860305776654e+00
1.021236435709997448e+00
1.024617055612221383e+00
1.027906051995187919e+00
1.031637136818795986e+00
1.034409433498117314e+00
9.952174996563694087e-01
1.482926489028768904e-02
7.489796842358354967e-01
8.643739101027511085e-01
8.947981651082975718e-01
9.049005548674209365e-01
9.073645682836580795e-01
9.062559905879464806e-01
9.032898316849973241e-01
8.993314593952186353e-01
8.948762752806946885e-01
8.902349249403792575e-01
8.856152766980200930e-01
8.811627679365122701e-01
8.769820815381959012e-01
8.731497141406169282e-01
8.697217789507490915e-01
8.667391583281447431e-01
8.642310973621216696e-01
8.622178292403128719e-01
8.607125656016717530e-01
8.597230464214210555e-01
8.592527660028906888e-01
8.593019458384620890e-01
8.598682964134803930e-01
8.609475903616963244e-01
8.625340536482438702e-01
8.646205674807336816e-01
8.671986532908098066e-01
8.702581962637543356e-01
8.737868216703064128e-01
8.777687918397338862e-01
8.821832035240090297e-01
8.870011222576076326e-01
8.921810363728397419e-01
8.976615438226238641e-01
9.033492651936060325e-01
9.090980433318783804e-01
9.146710603537623330e-01
9.196662047031829434e-01
9.233521050105900629e-01
9.242488421641642526e-01
9.188010778774770015e-01
8.956657038122889380e-01
7.962419720950101309e-01
1.472524258756707505e-01
5.678094907170339045e-01
7.524823900073930316e-01
7.221605286856396244e-01
6.113210865520812831e-01
4.354177848459591105e-01
2.262198637825638681e-01
5.865367128069347985e-02
3.965013425568467164e-04
4.636254888743355368e-02
1.450980109337467461e-01
2.542910169784161623e-01
3.545207879694319830e-01
4.405124718304272990e-01
5.127590786434917947e-01
5.734168536626031987e-01
6.247607092809014384e-01
6.687256282076377012e-01
7.068388550868870412e-01
7.402707690011847141e-01
7.699085642319587475e-01
7.964230059341347312e-01
8.203216687795928941e-01
8.419893936330657969e-01
8.617184849634929034e-01
8.797311697496859040e-01
8.961963677588044019e-01
9.112423181078463941e-01
9.249661884085104147e-01
9.374414756220316169e-01
9.487237765894780406e-01
9.588553406201058005e-01
9.678686987505704664e-01
9.757895807035145141e-01
9.826392712705608323e-01
9.884365157860739437e-01
9.931990546006932430e-01
9.969448454396880877e-01
9.996930179470489009e-01
1.001464594432805111e+00
1.002283003963887253e+00
1.002174412120909963e+00
1.001167885417428627e+00
9.992954069468424905e-01
9.965917574336982110e-01
9.930942738916272994e-01
9.888424947408874788e-01
9.838776963116689922e-01
9.782423195049649856e-01
9.719792760388566988e-01
9.651311094059378259e-01
9.577389627362896674e-01
9.498412680899475102e-01
9.414720073929780941e-01
9.326582808549963577e-01
9.234167057638035248e-01
9.137477511801652685e-01
9.036262462487905101e-01
8.929843658339170487e-01
8.816787103775365342e-01
8.694204918391894577e-01
8.556090635436568448e-01
8.388659825508998358e-01
8.153789310024724957e-01
7.700241160144164487e-01
5.496799886340404395e-01
9.454780958674351421e-01
8.919397818313090642e-01
8.630962697793862493e-01
8.461629457008075228e-01
8.293765586380067445e-01
8.196728245972474403e-01
8.104541701134355680e-01
8.021672033538969071e-01
7.946676889843504732e-01
7.878430774434428407e-01
7.816178899322017148e-01
7.759409446714666814e-01
7.707761173060894144e-01
7.660965344523925635e-01
7.618809465204643416e-01
7.581114156637299706e-01
7.547718004456965835e-01
7.518467290655845847e-01
7.493208728439190169e-01
7.471783984010870183e-01
7.454025123993189839e-01
7.439750267889082558e-01
7.428758696196229305e-01
7.420824426959354847e-01
7.415686712642688416e-01
7.413034725946453518e-01
7.412481189789181801e-01
7.413514083767158702e-01
7.415401970675541410e-01
7.416992143719643993e-01
7.416229790587804960e-01
7.408820044872725941e-01
7.383514350081170630e-01
7.296946408138111906e-01
6.656673846200292788e-01
8.169441717824809102e-01
7.842417514185355820e-01
7.787124211606276658e-01
7.780390027583227175e-01
7.793365000812944032e-01
7.820687079820445309e-01
7.866243068944104300e-01
7.682662198437483214e-01
7.826377151121703957e-01
7.878677923426020691e-01
7.922842073725696599e-01
7.966855206000132972e-01
8.012937952758415472e-01
8.062152167043385997e-01
8.115235014963239069e-01
8.172821334959468054e-01
8.235512623677054833e-01
8.303895327466659371e-01
8.378537975273990801e-01
8.459977160605895996e-01
8.548696162885905947e-01
8.645097898342957166e-01
8.749472848908173006e-01
8.861962839221206867e-01
8.982521074144023121e-01
9.110869354641836226e-01
9.246453487596969500e-01
9.388398229344445678e-01
9.535463410543264517e-01
9.686003190278642538e-01
9.837930633610183495e-01
9.988689927453656692e-01
1.013523841156671601e+00
1.027403992486808582e+00
1.040106908012244258e+00
1.051182114972373904e+00
1.060130854746026419e+00
1.066398147904901172e+00
