9.941753777617413634e-01
9.947955503296151969e-01
9.953741058162570710e-01
9.959117340852980949e-01
9.964091928631364503e-01
9.968673013803825977e-01
9.972869391030734221e-01
9.976690488337076612e-01
9.980146434716511417e-01
9.983248157234043685e-01
9.986007500360453149e-01
9.988437359795347970e-01
9.990551822127619053e-01
9.992366300100756771e-01
9.993897650712290082e-01
9.995164259449635935e-01
9.996186067950137977e-01
9.996984513325887223e-01
9.997582333784895692e-01
9.998003174663295800e-01
9.998270897962731052e-01
9.998408451161536759e-01
9.998436078204578914e-01
9.998368542091036204e-01
9.998210849333699635e-01
9.997951679507900424e-01
9.997553255399149741e-01
9.996935612892167144e-01
9.995951914362368740e-01
9.994349169543806921e-01
9.991704676436534704e-01
9.987321093126146909e-01
9.980049110001792956e-01
9.967979535801821944e-01
9.947891735821278170e-01
9.914229994508849675e-01
9.857126603429795519e-01
9.758414165534093909e-01
9.583216706689194897e-01
9.261560972297679939e-01
8.648184014166673261e-01
7.447104294379303102e-01
5.187005569158511520e-01
1.932416425895845669e-01
1.721530830021474924e-03
1.015025014917491780e-01
2.938171470204034019e-01
4.485219707515086807e-01
5.545131151445954476e-01
6.260988281463253369e-01
6.755222851841499176e-01
7.106352604443457732e-01
7.362470622251702235e-01
7.553424340456594832e-01
7.698265313289386347e-01
7.809538529148197794e-01
7.895756550966051002e-01
7.962857755400890580e-01
8.015089729689389708e-01
8.055559775293136271e-01
8.086587400027360761e-01
8.109935802959457041e-01
8.126967470386393666e-01
8.138751010433846744e-01
8.146135945120203115e-01
8.149806005982191959e-01
8.150317731095747531e-01
8.148128834016866717e-01
8.143619339693631831e-01
8.137107528653059196e-01
8.128862103014048435e-01
8.119111567702738119e-01
8.108051534575212438e-01
8.095850460070581622e-01
8.082654189199468542e-01
8.068589581061335059e-01
8.053767421114942371e-01
8.038284774723160053e-01
8.022226899336090122e-01
8.005668805204050331e-01
7.988676533985966666e-01
7.971308209147716095e-01
7.953614900287299116e-01
7.935641334507755884e-01
7.917426480983568160e-01
7.899004029414957717e-01
7.880402778765820404e-01
7.861646949223344283e-01
7.842756427456095691e-01
7.823746952740363581e-01
7.804630248985503504e-01
7.785414104389840606e-01
7.766102394170255607e-01
7.746695024741337976e-01
7.727187714416973163e-01
7.707571194928730662e-01
7.687826385640567084e-01
7.667715649656187127e-01
7.648011844061716191e-01
7.627794819399312809e-01
7.607379255633979209e-01
7.586718668570260338e-01
7.565763543890273723e-01
7.544432067536789299e-01
7.521251269995954392e-01
7.501057021218512366e-01
7.478374196287538300e-01
7.455176113525399106e-01
7.431327587886569219e-01
7.406725217326353139e-01
7.381261074537236455e-01
7.354816822522812769e-01
7.327261138036674781e-01
7.298447480001422072e-01
7.268210630939582195e-01
7.236345714067971002e-01
7.202808759012033768e-01
7.167121364873081379e-01
7.129170040458621127e-01
7.088655841707305338e-01
7.045257217734288702e-01
6.998614200414872144e-01
6.948294367163351248e-01
6.893937190616470367e-01
6.834924524789495193e-01
6.770710837079041422e-01
6.700634259145999971e-01
6.623943516717776259e-01
6.539784228247729203e-01
6.447183626218917496e-01
6.345033400226292031e-01
6.232070705471172145e-01
6.106857662577427348e-01
5.967760117629884453e-01
5.812927156876227519e-01
5.640274039556839591e-01
5.447473058906114884e-01
5.231959698585825214e-01
4.990965769060567436e-01
4.721597535463410988e-01
4.420985726557812856e-01
4.086545951510585639e-01
3.716401554519898065e-01
3.310032752085538821e-01
2.869217085287963376e-01
2.399298709975474786e-01
1.910737949345002185e-01
1.420711250910224877e-01
9.542385119692206596e-02
5.439749243386999417e-02
2.276458376848613033e-02
4.251179967979556648e-03
1.750382595936784708e-03
1.654029227043100903e-02
4.784181714890622938e-02
9.294961414320308812e-02
1.478928493054101068e-01
2.083284152745521478e-01
2.703184964847363814e-01
3.307888146734613288e-01
3.876555471146895804e-01
4.397252195905626548e-01
4.864920774484393085e-01
5.279234898338815984e-01
5.642803094655473028e-01
5.959884353285072045e-01
6.235675785062113619e-01
6.476566246517080350e-01
6.694011912667329200e-01
6.778107856819799437e-01
6.971654526334931656e-01
7.106472272856944050e-01
7.217575899932374695e-01
7.310573977430181447e-01
7.388319453944460768e-01
7.452860209716164475e-01
7.505799603814414800e-01
7.548313630394660745e-01
7.574848803672712405e-01
7.613555974843704277e-01
7.630315165075655104e-01
7.642474778052084083e-01
7.649225233733214502e-01
7.650937052401798333e-01
7.648049504516770680e-01
7.640965308430635039e-01
7.629901787552034742e-01
7.615804263031107357e-01
7.598592046238141773e-01
7.578318266698993444e-01
7.555456960806701261e-01
7.530241976455942510e-01
7.502888070899103035e-01
7.473594300650874267e-01
7.442545924556860371e-01
7.409916237423216367e-01
7.375868282062514325e-01
7.340556422194018937e-01
7.304127785791177940e-01
7.266723595489931187e-01
