4.811559154699417418e-01
5.304162671981617061e-01
5.775035009540441244e-01
6.219838162079165400e-01
6.635450974299472726e-01
7.019855509242655112e-01
7.372012574053261602e-01
7.691731738500670046e-01
7.979539906204564659e-01
8.236551669189514646e-01
8.464344119839763980e-01
8.664838396161507195e-01
8.840189946354392037e-01
8.992689708906373980e-01
9.124653915801061999e-01
9.238438256737517840e-01
9.336219605270076327e-01
9.420083929531627431e-01
9.491930790719894651e-01
9.553458532776313294e-01
9.606151818521251329e-01
9.651278924476214272e-01
9.689897501653766954e-01
9.722867207644219079e-01
9.750867556094081623e-01
9.774419368153951515e-01
9.793908321975031139e-01
9.809609263386180888e-01
9.821710145766087141e-01
9.830334692170824562e-01
9.835563101844942979e-01
9.837450342714963991e-01
9.836041770997268063e-01
9.831385991732266572e-01
9.823545016416801445e-01
9.812601885339928831e-01
9.798666004699249088e-01
9.781876505925712895e-01
9.762403972352549086e-01
9.740450903268381699e-01
9.716251306096594931e-01
9.690069835234585982e-01
9.662200947369576909e-01
9.632968644298075533e-01
9.602727572417125712e-01
9.571866633585709438e-01
9.540817021028219491e-01
9.510068134699177778e-01
9.480198112186738468e-01
9.451933171132360645e-01
9.426268402732436158e-01
9.404733445777569978e-01
9.390047588176798632e-01
9.388029493924245905e-01
9.414813722777387595e-01
9.539756336908896683e-01
3.675403097112681650e-01
8.759972312855704990e-01
8.947046537530247701e-01
8.995250606448753627e-01
9.012318186024018685e-01
9.018964119445042060e-01
9.020874917693911810e-01
9.025244308778881397e-01
9.028651686629977080e-01
9.033898758857017430e-01
9.041436179079184177e-01
9.051582619004070462e-01
9.064552926924642762e-01
9.080490329553422280e-01
9.099487167221075312e-01
9.121597916409981410e-01
9.146847540354269279e-01
9.175236921938334511e-01
9.206746327423496190e-01
9.241337358157154513e-01
9.278953507857852223e-01
9.319519146798919129e-01
9.362936414374761762e-01
9.409079020502657542e-01
9.457781188201545008e-01
9.508818661390363580e-01
9.561876381169304162e-01
9.616493179291460969e-01
9.671965783993642374e-01
9.727178661317406050e-01
9.780294154863755640e-01
9.828169483614169755e-01
9.865216716174568523e-01
9.881072096508295433e-01
9.855587815938999796e-01
9.747494236323122063e-01
9.467582602237775147e-01
8.815384961041137224e-01
7.358412197974552038e-01
4.487477258366617816e-01
9.909684558577563918e-02
1.205362702150811725e-02
1.582128108785206821e-01
3.062694437655947843e-01
3.845374040440638908e-01
3.749944362772151818e-01
2.190571344533001064e-01
2.524349946388603286e-02
7.484084120981950861e-01
9.639134110374513176e-01
9.910741479265513521e-01
9.946219126039453906e-01
9.952475717129435351e-01
9.958458385796744583e-01
9.966747201068624218e-01
9.975921140855514846e-01
9.984391870585727080e-01
9.990984058465169904e-01
9.994913184976784715e-01
9.995679970073210185e-01
9.992980329896100633e-01
9.986641933342488286e-01
9.976581855376512875e-01
9.962778684244217864e-01
9.945254078069653003e-01
9.924060406987996741e-01
9.899272303968087439e-01
9.870980728422553696e-01
9.839288633977174570e-01
9.804307588705145626e-01
9.766154577112421409e-01
9.724945581712800546e-01
9.680671293171960734e-01
9.633999093662645175e-01
9.584407268013139802e-01
9.532289533697980710e-01
9.477761030954968691e-01
9.420941376757305807e-01
9.361947840790605380e-01
9.300893490435766520e-01
9.237886106854100721e-01
9.173027257155015324e-01
9.106411371007353539e-01
9.038124748332271308e-01
8.968244435183398977e-01
8.896836896956110685e-01
8.823956401215102829e-01
8.749642997785698206e-01
8.673919949656424544e-01
8.596790421215088074e-01
8.518233164872180962e-01
8.438196854814122849e-01
8.356592584506176147e-01
8.273283852530090021e-01
8.188073077530823030e-01
8.100683256132685806e-01
8.010732723276475786e-01
7.917699951142083137e-01
7.820873691592599153e-01
7.719281148297352235e-01
7.611583042849053848e-01
7.495890138713923179e-01
7.369597059807930783e-01
7.228856865888376726e-01
7.068018797650703622e-01
6.878444674557873117e-01
6.646422863397127845e-01
6.349139948562965152e-01
5.946413526971539021e-01
5.362659757947519923e-01
4.446759028747435671e-01
2.905851529537880618e-01
6.184304472552998311e-02
1.527687679598758452e-01
7.373779442417317531e-01
9.487446724087054140e-01
9.845360783497346668e-01
9.889198136983129439e-01
1.000767286158924740e+00
1.065522174177992110e+00
3.142325941929118294e-01
7.813083688292240536e-01
8.316298472053176294e-01
8.491333799385164527e-01
8.584502534981018895e-01
8.650464532703947551e-01
8.707408411480095367e-01
8.762680905418397392e-01
8.819557503797950115e-01
8.879557740991880221e-01
8.943367491365930011e-01
9.011382416846747123e-01
9.083695394762845154e-01
9.160466775991353838e-01
9.241806069860980521e-01
9.327674498530205138e-01
9.417395356456819133e-01
9.508206301844965846e-01
9.591072752900091647e-01
9.638087977699977271e-01
9.561915650502438302e-01
9.078347191191701304e-01
7.308355145587808188e-01
3.031300747671913931e-01
