9.889988541368666120e-01
9.897636403191399923e-01
9.904926664767765843e-01
9.911859976372804359e-01
9.918438113262736389e-01
9.924663705654378498e-01
9.930540022346724394e-01
9.936070801782906914e-01
9.941260123502235757e-01
9.946112312108791320e-01
9.950631864976733354e-01
9.954823393789793418e-01
9.958691568557435092e-01
9.962241050744670146e-01
9.965476399367592109e-01
9.968401930010525325e-01
9.971021501202125270e-01
9.973338194810955626e-01
9.975353846098101718e-01
9.977068363349458346e-01
9.978478754557162933e-01
9.979577746237479063e-01
9.980351832450309324e-01
9.980778523149620440e-01
9.980822458863760627e-01
9.980429905641700072e-01
9.979520911885957357e-01
9.977978051158025163e-01
9.975630116508032996e-01
9.972228245034973071e-01
9.967410518360571015e-01
9.960648724834569867e-01
9.951167002545365792e-01
9.937815259791595857e-01
9.918868139791415794e-01
9.891638685119753527e-01
9.852251949279873244e-01
9.794084503940809761e-01
9.706808703162168595e-01
9.573181448083103451e-01
9.363857671418693851e-01
9.027780733820452985e-01
8.475408275325667651e-01
7.554989721892243493e-01
6.048631561166267767e-01
3.821668349585520263e-01
1.360737904685439814e-01
3.807323930399936825e-03
5.060331915680243292e-02
1.878920169698502229e-01
3.267421952349424674e-01
4.377215033790622933e-01
5.205680347685630593e-01
5.816951164407221375e-01
6.271653782086996642e-01
6.614702047248065542e-01
6.877350807302676783e-01
7.081118045297752905e-01
7.240940255074660437e-01
7.367346355367093702e-01
7.467891527507621863e-01
7.548096023539647703e-01
7.612064266311562299e-01
7.662898568330965832e-01
7.702979971284336091e-01
7.734162023991452140e-01
7.757906661872355780e-01
7.775380975498504821e-01
7.787527144840481474e-01
7.795113682245549125e-01
7.798773466962412027e-01
7.799032317259176894e-01
7.796330695800318678e-01
7.791040371088995276e-01
7.783477331398378496e-01
7.773911884355809709e-01
7.762576621476373617e-01
7.749672747373642645e-01
7.735375144768690259e-01
7.719836452962801632e-01
7.703190367393401017e-01
7.685554308363581333e-01
7.667031513682631694e-01
7.647711948250009995e-01
7.627458634275369187e-01
7.607011698375987230e-01
7.585754420884485150e-01
7.563971813175219827e-01
7.541711591418697180e-01
7.519015413898487710e-01
7.495919162799917768e-01
7.472453282221626081e-01
7.448643072584800739e-01
7.424508925827300043e-01
7.400066502103550548e-01
7.375326850286338942e-01
7.350296472106314649e-01
7.324977323391189676e-01
7.299366729641775242e-01
7.273457143842938510e-01
7.247235487530276909e-01
7.220680859596482204e-01
7.193751144627336114e-01
7.165951088320861029e-01
7.139082844734838673e-01
7.110908170651293325e-01
7.082305120468366244e-01
7.053182209027186733e-01
7.023476200731434416e-01
6.993121718463182201e-01
6.962046982859486643e-01
6.930172317578705554e-01
6.897409167614987346e-01
6.863659201830292211e-01
6.828813379996799826e-01
6.792750937821852020e-01
6.755338264344908916e-01
6.716427652448251351e-01
6.675855904782447281e-01
6.633442777183736760e-01
6.588989240765469324e-01
6.542275542762232554e-01
6.493059045229764292e-01
6.441071820137171944e-01
6.386017979603262340e-01
6.327570721560510369e-01
6.265369074784160608e-01
6.199014334408580185e-01
6.128066192608825347e-01
6.052038596753238631e-01
5.970395439345256294e-01
5.882546487334043839e-01
5.787846765786612835e-01
5.685138428882186012e-01
5.574873137655275146e-01
5.455028449189407436e-01
5.325036273051220181e-01
5.183901564839943354e-01
5.030557646940014838e-01
4.863880061136981459e-01
4.682705627410674309e-01
4.485862509830678690e-01
4.272215694405850916e-01
4.040732781409409613e-01
3.790574708188645392e-01
3.521210781848166937e-01
3.232516921084974126e-01
2.924142416166826686e-01
2.606905387599777746e-01
2.267536914002563631e-01
1.921238787098119294e-01
1.572900700891518289e-01
1.231118167594555252e-01
9.067569908769326781e-02
6.125423807876316518e-02
3.623016115596153219e-02
1.701065085802872662e-02
4.776232129923219799e-03
4.686921560073655456e-04
4.540721489400400580e-03
1.691659013158068603e-02
3.700048815049386541e-02
6.382683356178536771e-02
9.456771814839347312e-02
1.301330295769927148e-01
1.682028827774730562e-01
2.069552990467891929e-01
2.454274481527611296e-01
2.827762986025588177e-01
3.183803198800547185e-01
3.518265424140066266e-01
3.828765033164704401e-01
4.114279712676074952e-01
4.374791420223304583e-01
4.610981648254401932e-01
4.823987996201424822e-01
5.015218975271342750e-01
5.186218873879641089e-01
5.338572997401218601e-01
5.473844008700979868e-01
5.593531375869973399e-01
5.699047464349896730e-01
5.791705273288006994e-01
5.872714073173544991e-01
5.943180217182750802e-01
6.004111186036581449e-01
6.056421520501500400e-01
6.100939738326772721e-01
6.138415666659609027e-01
6.169527895999225020e-01
6.194891335299602675e-01
6.215064859028138766e-01
6.230546357893200771e-01
6.239509945779012634e-01
6.248065135904985468e-01
6.252469716974466962e-01
6.253351157472506472e-01
6.251348605080733201e-01
6.246792125274094332e-01
6.239956028213907713e-01
