0.083333333333333	0.35294117647059	0.6653 0.7463
0.083333333333333	0.35794117647059	0.6218 0.7828
0.083333333333333	0.36294117647059	0.5764 0.8168
0.083333333333333	0.36794117647059	0.5291 0.8482
0.083333333333333	0.37294117647059	0.4801 0.8769
0.083333333333333	0.37794117647059	0.4295 0.9028
0.083333333333333	0.38294117647059	0.3775 0.9257
0.083333333333333	0.38794117647059	0.3242 0.9456
0.083333333333333	0.39294117647059	0.2699 0.9625
0.083333333333333	0.39794117647059	0.2147 0.9763
0.083333333333333	0.40294117647059	0.1588 0.9870
0.083333333333333	0.40794117647059	0.1024 0.9944
0.083333333333333	0.41294117647059	0.0456 0.9986
0.083333333333333	0.41794117647059	-0.0114 0.9996
0.083333333333333	0.42294117647059	-0.0683 0.9973
0.083333333333333	0.42794117647059	-0.1251 0.9918
0.083333333333333	0.43294117647059	-0.1815 0.9831
0.083333333333333	0.43794117647059	-0.2373 0.9711
0.083333333333333	0.44294117647059	-0.2923 0.9560
0.083333333333333	0.44794117647059	-0.3465 0.9378
0.083333333333333	0.45294117647059	-0.3995 0.9165
0.083333333333333	0.45794117647059	-0.4513 0.8921
0.083333333333333	0.46294117647059	-0.5016 0.8648
0.083333333333333	0.46794117647059	-0.5503 0.8347
0.083333333333333	0.47294117647059	-0.5973 0.8018
0.083333333333333	0.47794117647059	-0.6423 0.7663
0.083333333333333	0.48294117647059	-0.6852 0.7282
0.083333333333333	0.48794117647059	-0.7259 0.6877
0.083333333333333	0.49294117647059	-0.7642 0.6449
0.083333333333333	0.49794117647059	-0.8000 0.5999
0.083333333333333	0.50294117647059	-0.8332 0.5529
0.083333333333333	0.50794117647059	-0.8636 0.5040
0.083333333333333	0.51294117647059	-0.8913 0.4534
0.083333333333333	0.51794117647059	-0.9159 0.4013
0.083333333333333	0.52294117647059	-0.9376 0.3478
0.083333333333333	0.52794117647059	-0.9561 0.2931
0.083333333333333	0.53294117647059	-0.9714 0.2373
0.083333333333333	0.53794117647059	-0.9835 0.1808
0.083333333333333	0.54294117647059	-0.9923 0.1235
0.083333333333333	0.54794117647059	-0.9978 0.0658
0.083333333333333	0.55294117647059	-1.0000 0.0078
0.083333333333333	0.55794117647059	-0.9987 -0.0502
0.083333333333333	0.56294117647059	-0.9941 -0.1082
0.083333333333333	0.56794117647059	-0.9861 -0.1658
0.083333333333333	0.57294117647059	-0.9748 -0.2230
0.083333333333333	0.57794117647059	-0.9601 -0.2794
0.083333333333333	0.58294117647059	-0.9421 -0.3350
0.083333333333333	0.58794117647059	-0.9209 -0.3895
0.083333333333333	0.59294117647059	-0.8965 -0.4427
0.083333333333333	0.59794117647059	-0.8690 -0.4944
0.091666666666667	0.35294117647059	0.6502 0.7594
0.091666666666667	0.35794117647059	0.6057 0.7953
0.091666666666667	0.36294117647059	0.5592 0.8286
0.091666666666667	0.36794117647059	0.5109 0.8592
0.091666666666667	0.37294117647059	0.4609 0.8870
0.091666666666667	0.37794117647059	0.4093 0.9119
0.091666666666667	0.38294117647059	0.3564 0.9338
0.091666666666667	0.38794117647059	0.3024 0.9527
0.091666666666667	0.39294117647059	0.2472 0.9685
0.091666666666667	0.39794117647059	0.1913 0.9811
0.091666666666667	0.40294117647059	0.1347 0.9904
0.091666666666667	0.40794117647059	0.0776 0.9965
0.091666666666667	0.41294117647059	0.0202 0.9993
0.091666666666667	0.41794117647059	-0.0373 0.9989
0.091666666666667	0.42294117647059	-0.0946 0.9951
0.091666666666667	0.42794117647059	-0.1518 0.9880
0.091666666666667	0.43294117647059	-0.2084 0.9776
0.091666666666667	0.43794117647059	-0.2644 0.9640
0.091666666666667	0.44294117647059	-0.3196 0.9472
0.091666666666667	0.44794117647059	-0.3737 0.9272
0.091666666666667	0.45294117647059	-0.4267 0.9041
0.091666666666667	0.45794117647059	-0.4782 0.8779
0.091666666666667	0.46294117647059	-0.5282 0.8488
0.091666666666667	0.46794117647059	-0.5765 0.8168
0.091666666666667	0.47294117647059	-0.6229 0.7820
0.091666666666667	0.47794117647059	-0.6672 0.7446
0.091666666666667	0.48294117647059	-0.7093 0.7046
0.091666666666667	0.48794117647059	-0.7491 0.6622
0.091666666666667	0.49294117647059	-0.7864 0.6176
0.091666666666667	0.49794117647059	-0.8210 0.5707
0.091666666666667	0.50294117647059	-0.8529 0.5219
0.091666666666667	0.50794117647059	-0.8819 0.4713
0.091666666666667	0.51294117647059	-0.9080 0.4189
0.091666666666667	0.51794117647059	-0.9309 0.3651
0.091666666666667	0.52294117647059	-0.9507 0.3100
0.091666666666667	0.52794117647059	-0.9673 0.2537
0.091666666666667	0.53294117647059	-0.9805 0.1965
0.091666666666667	0.53794117647059	-0.9904 0.1385
0.091666666666667	0.54294117647059	-0.9968 0.0800
0.091666666666667	0.54794117647059	-0.9998 0.0211
0.091666666666667	0.55294117647059	-0.9992 -0.0380
0.091666666666667	0.55794117647059	-0.9952 -0.0970
0.091666666666667	0.56294117647059	-0.9877 -0.1557
0.091666666666667	0.56794117647059	-0.9767 -0.2140
0.091666666666667	0.57294117647059	-0.9623 -0.2717
0.091666666666667	0.57794117647059	-0.9443 -0.3285
0.091666666666667	0.58294117647059	-0.9230 -0.3842
0.091666666666667	0.58794117647059	-0.8984 -0.4386
0.091666666666667	0.59294117647059	-0.8705 -0.4916
0.091666666666667	0.59794117647059	-0.8394 -0.5429
0.1	0.35294117647059	0.6317 0.7746
0.1	0.35794117647059	0.5860 0.8097
0.1	0.36294117647059	0.5383 0.8422
0.1	0.36794117647059	0.4887 0.8718
0.1	0.37294117647059	0.4376 0.8985
0.1	0.37794117647059	0.3849 0.9223
0.1	0.38294117647059	0.3309 0.9430
0.1	0.38794117647059	0.2758 0.9606
0.1	0.39294117647059	0.2197 0.9749
0.1	0.39794117647059	0.1628 0.9860
0.1	0.40294117647059	0.1054 0.9938
0.1	0.40794117647059	0.0475 0.9982
0.1	0.41294117647059	-0.0105 0.9993
0.1	0.41794117647059	-0.0686 0.9970
0.1	0.42294117647059	-0.1265 0.9914
0.1	0.42794117647059	-0.1840 0.9823
0.1	0.43294117647059	-0.2410 0.9700
0.1	0.43794117647059	-0.2972 0.9543
0.1	0.44294117647059	-0.3524 0.9353
0.1	0.44794117647059	-0.4065 0.9131
0.1	0.45294117647059	-0.4593 0.8878
0.1	0.45794117647059	-0.5106 0.8594
0.1	0.46294117647059	-0.5601 0.8280
0.1	0.46794117647059	-0.6078 0.7937
0.1	0.47294117647059	-0.6535 0.7566
0.1	0.47794117647059	-0.6970 0.7168
0.1	0.48294117647059	-0.7381 0.6744
0.1	0.48794117647059	-0.7766 0.6297
0.1	0.49294117647059	-0.8126 0.5827
0.1	0.49794117647059	-0.8457 0.5335
0.1	0.50294117647059	-0.8759 0.4824
0.1	0.50794117647059	-0.9030 0.4295
0.1	0.51294117647059	-0.9270 0.3750
0.1	0.51794117647059	-0.9477 0.3190
0.1	0.52294117647059	-0.9651 0.2618
0.1	0.52794117647059	-0.9791 0.2036
0.1	0.53294117647059	-0.9895 0.1445
0.1	0.53794117647059	-0.9964 0.0847
0.1	0.54294117647059	-0.9997 0.0246
0.1	0.54794117647059	-0.9993 -0.0358
0.1	0.55294117647059	-0.9953 -0.0962
0.1	0.55794117647059	-0.9876 -0.1564
0.1	0.56294117647059	-0.9762 -0.2161
0.1	0.56794117647059	-0.9612 -0.2752
0.1	0.57294117647059	-0.9425 -0.3334
0.1	0.57794117647059	-0.9203 -0.3905
0.1	0.58294117647059	-0.8945 -0.4463
0.1	0.58794117647059	-0.8652 -0.5005
0.1	0.59294117647059	-0.8326 -0.5531
0.1	0.59794117647059	-0.7966 -0.6036
0.10833333333333	0.35294117647059	0.6094 0.7920
0.10833333333333	0.35794117647059	0.5622 0.8262
0.10833333333333	0.36294117647059	0.5130 0.8575
0.10833333333333	0.36794117647059	0.4621 0.8860
0.10833333333333	0.37294117647059	0.4095 0.9114
0.10833333333333	0.37794117647059	0.3555 0.9338
0.10833333333333	0.38294117647059	0.3003 0.9529
0.10833333333333	0.38794117647059	0.2439 0.9689
0.10833333333333	0.39294117647059	0.1867 0.9815
0.10833333333333	0.39794117647059	0.1288 0.9908
0.10833333333333	0.40294117647059	0.0703 0.9966
0.10833333333333	0.40794117647059	0.0116 0.9990
0.10833333333333	0.41294117647059	-0.0473 0.9980
0.10833333333333	0.41794117647059	-0.1060 0.9935
0.10833333333333	0.42294117647059	-0.1645 0.9855
0.10833333333333	0.42794117647059	-0.2225 0.9741
0.10833333333333	0.43294117647059	-0.2798 0.9593
0.10833333333333	0.43794117647059	-0.3361 0.9411
0.10833333333333	0.44294117647059	-0.3914 0.9195
0.10833333333333	0.44794117647059	-0.4454 0.8946
0.10833333333333	0.45294117647059	-0.4980 0.8666
0.10833333333333	0.45794117647059	-0.5488 0.8353
0.10833333333333	0.46294117647059	-0.5978 0.8011
0.10833333333333	0.46794117647059	-0.6447 0.7639
0.10833333333333	0.47294117647059	-0.6894 0.7239
0.10833333333333	0.47794117647059	-0.7317 0.6812
0.10833333333333	0.48294117647059	-0.7715 0.6359
0.10833333333333	0.48794117647059	-0.8085 0.5882
0.10833333333333	0.49294117647059	-0.8426 0.5382
0.10833333333333	0.49794117647059	-0.8738 0.4862
0.10833333333333	0.50294117647059	-0.9017 0.4322
0.10833333333333	0.50794117647059	-0.9264 0.3765
0.10833333333333	0.51294117647059	-0.9477 0.3192
0.10833333333333	0.51794117647059	-0.9655 0.2606
0.10833333333333	0.52294117647059	-0.9796 0.2008
0.10833333333333	0.52794117647059	-0.9901 0.1401
0.10833333333333	0.53294117647059	-0.9969 0.0787
0.10833333333333	0.53794117647059	-0.9998 0.0168
0.10833333333333	0.54294117647059	-0.9989 -0.0454
0.10833333333333	0.54794117647059	-0.9941 -0.1076
0.10833333333333	0.55294117647059	-0.9853 -0.1696
0.10833333333333	0.55794117647059	-0.9727 -0.2311
0.10833333333333	0.56294117647059	-0.9561 -0.2920
0.10833333333333	0.56794117647059	-0.9356 -0.3519
0.10833333333333	0.57294117647059	-0.9113 -0.4106
0.10833333333333	0.57794117647059	-0.8831 -0.4679
0.10833333333333	0.58294117647059	-0.8512 -0.5236
0.10833333333333	0.58794117647059	-0.8156 -0.5773
0.10833333333333	0.59294117647059	-0.7764 -0.6289
0.10833333333333	0.59794117647059	-0.7336 -0.6782
0.11666666666667	0.35294117647059	0.5831 0.8113
0.11666666666667	0.35794117647059	0.5341 0.8442
0.11666666666667	0.36294117647059	0.4833 0.8742
0.11666666666667	0.36794117647059	0.4307 0.9013
0.11666666666667	0.37294117647059	0.3766 0.9251
0.11666666666667	0.37794117647059	0.3210 0.9458
0.11666666666667	0.38294117647059	0.2643 0.9632
0.11666666666667	0.38794117647059	0.2066 0.9772
0.11666666666667	0.39294117647059	0.1481 0.9877
0.11666666666667	0.39794117647059	0.0889 0.9948
0.11666666666667	0.40294117647059	0.0294 0.9983
0.11666666666667	0.40794117647059	-0.0304 0.9983
0.11666666666667	0.41294117647059	-0.0901 0.9948
0.11666666666667	0.41794117647059	-0.1496 0.9876
0.11666666666667	0.42294117647059	-0.2087 0.9769
0.11666666666667	0.42794117647059	-0.2672 0.9626
0.11666666666667	0.43294117647059	-0.3248 0.9448
0.11666666666667	0.43794117647059	-0.3813 0.9235
0.11666666666667	0.44294117647059	-0.4366 0.8987
0.11666666666667	0.44794117647059	-0.4904 0.8706
0.11666666666667	0.45294117647059	-0.5426 0.8392
0.11666666666667	0.45794117647059	-0.5928 0.8046
0.11666666666667	0.46294117647059	-0.6410 0.7669
0.11666666666667	0.46794117647059	-0.6869 0.7262
0.11666666666667	0.47294117647059	-0.7303 0.6826
0.11666666666667	0.47794117647059	-0.7710 0.6363
0.11666666666667	0.48294117647059	-0.8090 0.5874
0.11666666666667	0.48794117647059	-0.8439 0.5361
0.11666666666667	0.49294117647059	-0.8757 0.4825
0.11666666666667	0.49794117647059	-0.9042 0.4269
0.11666666666667	0.50294117647059	-0.9292 0.3694
0.11666666666667	0.50794117647059	-0.9507 0.3102
0.11666666666667	0.51294117647059	-0.9684 0.2496
0.11666666666667	0.51794117647059	-0.9822 0.1877
0.11666666666667	0.52294117647059	-0.9922 0.1247
0.11666666666667	0.52794117647059	-0.9981 0.0610
0.11666666666667	0.53294117647059	-0.9999 -0.0032
0.11666666666667	0.53794117647059	-0.9976 -0.0677
0.11666666666667	0.54294117647059	-0.9910 -0.1322
0.11666666666667	0.54794117647059	-0.9802 -0.1965
0.11666666666667	0.55294117647059	-0.9651 -0.2603
0.11666666666667	0.55794117647059	-0.9458 -0.3233
0.11666666666667	0.56294117647059	-0.9221 -0.3853
0.11666666666667	0.56794117647059	-0.8942 -0.4459
0.11666666666667	0.57294117647059	-0.8621 -0.5049
0.11666666666667	0.57794117647059	-0.8259 -0.5620
0.11666666666667	0.58294117647059	-0.7855 -0.6169
0.11666666666667	0.58794117647059	-0.7411 -0.6693
0.11666666666667	0.59294117647059	-0.6928 -0.7190
0.11666666666667	0.59794117647059	-0.6407 -0.7656
0.125	0.35294117647059	0.5528 0.8317
0.125	0.35794117647059	0.5019 0.8633
0.125	0.36294117647059	0.4492 0.8918
0.125	0.36794117647059	0.3948 0.9171
0.125	0.37294117647059	0.3389 0.9391
0.125	0.37794117647059	0.2817 0.9578
0.125	0.38294117647059	0.2233 0.9731
0.125	0.38794117647059	0.1641 0.9848
0.125	0.39294117647059	0.1041 0.9929
0.125	0.39794117647059	0.0436 0.9974
0.125	0.40294117647059	-0.0171 0.9982
0.125	0.40794117647059	-0.0780 0.9954
0.125	0.41294117647059	-0.1386 0.9888
0.125	0.41794117647059	-0.1990 0.9785
0.125	0.42294117647059	-0.2587 0.9645
0.125	0.42794117647059	-0.3176 0.9468
0.125	0.43294117647059	-0.3755 0.9255
0.125	0.43794117647059	-0.4322 0.9005
0.125	0.44294117647059	-0.4873 0.8720
0.125	0.44794117647059	-0.5408 0.8401
0.125	0.45294117647059	-0.5923 0.8047
0.125	0.45794117647059	-0.6417 0.7660
0.125	0.46294117647059	-0.6887 0.7242
0.125	0.46794117647059	-0.7332 0.6793
0.125	0.47294117647059	-0.7749 0.6314
0.125	0.47794117647059	-0.8137 0.5808
0.125	0.48294117647059	-0.8492 0.5276
0.125	0.48794117647059	-0.8815 0.4719
0.125	0.49294117647059	-0.9102 0.4141
0.125	0.49794117647059	-0.9352 0.3541
0.125	0.50294117647059	-0.9563 0.2924
0.125	0.50794117647059	-0.9734 0.2290
0.125	0.51294117647059	-0.9864 0.1643
0.125	0.51794117647059	-0.9951 0.0985
0.125	0.52294117647059	-0.9994 0.0319
0.125	0.52794117647059	-0.9992 -0.0353
0.125	0.53294117647059	-0.9944 -0.1028
0.125	0.53794117647059	-0.9850 -0.1702
0.125	0.54294117647059	-0.9709 -0.2374
0.125	0.54794117647059	-0.9520 -0.3039
0.125	0.55294117647059	-0.9283 -0.3695
0.125	0.55794117647059	-0.8999 -0.4338
0.125	0.56294117647059	-0.8666 -0.4965
0.125	0.56794117647059	-0.8286 -0.5572
0.125	0.57294117647059	-0.7858 -0.6156
0.125	0.57794117647059	-0.7384 -0.6714
0.125	0.58294117647059	-0.6864 -0.7241
0.125	0.58794117647059	-0.6299 -0.7734
0.125	0.59294117647059	-0.5690 -0.8189
0.125	0.59794117647059	-0.5038 -0.8602
0.13333333333333	0.35294117647059	0.5189 0.8527
0.13333333333333	0.35794117647059	0.4660 0.8826
0.13333333333333	0.36294117647059	0.4112 0.9093
0.13333333333333	0.36794117647059	0.3548 0.9327
0.13333333333333	0.37294117647059	0.2970 0.9527
0.13333333333333	0.37794117647059	0.2379 0.9691
0.13333333333333	0.38294117647059	0.1778 0.9818
0.13333333333333	0.38794117647059	0.1169 0.9909
0.13333333333333	0.39294117647059	0.0554 0.9963
0.13333333333333	0.39794117647059	-0.0064 0.9978
0.13333333333333	0.40294117647059	-0.0685 0.9956
0.13333333333333	0.40794117647059	-0.1305 0.9894
0.13333333333333	0.41294117647059	-0.1921 0.9794
0.13333333333333	0.41794117647059	-0.2532 0.9655
0.13333333333333	0.42294117647059	-0.3136 0.9477
0.13333333333333	0.42794117647059	-0.3729 0.9261
0.13333333333333	0.43294117647059	-0.4310 0.9007
0.13333333333333	0.43794117647059	-0.4876 0.8715
0.13333333333333	0.44294117647059	-0.5425 0.8386
0.13333333333333	0.44794117647059	-0.5954 0.8022
0.13333333333333	0.45294117647059	-0.6460 0.7622
0.13333333333333	0.45794117647059	-0.6942 0.7187
0.13333333333333	0.46294117647059	-0.7397 0.6720
0.13333333333333	0.46794117647059	-0.7823 0.6221
0.13333333333333	0.47294117647059	-0.8217 0.5693
0.13333333333333	0.47794117647059	-0.8578 0.5136
0.13333333333333	0.48294117647059	-0.8902 0.4552
0.13333333333333	0.48794117647059	-0.9188 0.3944
0.13333333333333	0.49294117647059	-0.9435 0.3314
0.13333333333333	0.49794117647059	-0.9638 0.2664
0.13333333333333	0.50294117647059	-0.9798 0.1997
0.13333333333333	0.50794117647059	-0.9913 0.1315
0.13333333333333	0.51294117647059	-0.9980 0.0622
0.13333333333333	0.51794117647059	-0.9998 -0.0081
0.13333333333333	0.52294117647059	-0.9965 -0.0789
0.13333333333333	0.52794117647059	-0.9882 -0.1500
0.13333333333333	0.53294117647059	-0.9746 -0.2210
0.13333333333333	0.53794117647059	-0.9556 -0.2915
0.13333333333333	0.54294117647059	-0.9312 -0.3611
0.13333333333333	0.54794117647059	-0.9014 -0.4295
0.13333333333333	0.55294117647059	-0.8660 -0.4963
0.13333333333333	0.55794117647059	-0.8252 -0.5610
0.13333333333333	0.56294117647059	-0.7788 -0.6232
0.13333333333333	0.56794117647059	-0.7269 -0.6824
0.13333333333333	0.57294117647059	-0.6695 -0.7382
0.13333333333333	0.57794117647059	-0.6068 -0.7900
0.13333333333333	0.58294117647059	-0.5388 -0.8373
0.13333333333333	0.58794117647059	-0.4657 -0.8796
0.13333333333333	0.59294117647059	-0.3876 -0.9162
0.13333333333333	0.59794117647059	-0.3048 -0.9466
0.14166666666667	0.35294117647059	0.4818 0.8735
0.14166666666667	0.35794117647059	0.4266 0.9016
0.14166666666667	0.36294117647059	0.3697 0.9263
0.14166666666667	0.36794117647059	0.3112 0.9475
0.14166666666667	0.37294117647059	0.2514 0.9650
0.14166666666667	0.37794117647059	0.1904 0.9789
0.14166666666667	0.38294117647059	0.1285 0.9889
0.14166666666667	0.38794117647059	0.0659 0.9950
0.14166666666667	0.39294117647059	0.0027 0.9973
0.14166666666667	0.39794117647059	-0.0606 0.9955
0.14166666666667	0.40294117647059	-0.1240 0.9897
0.14166666666667	0.40794117647059	-0.1871 0.9798
0.14166666666667	0.41294117647059	-0.2497 0.9659
0.14166666666667	0.41794117647059	-0.3116 0.9479
0.14166666666667	0.42294117647059	-0.3725 0.9258
0.14166666666667	0.42794117647059	-0.4322 0.8997
0.14166666666667	0.43294117647059	-0.4903 0.8696
0.14166666666667	0.43794117647059	-0.5466 0.8356
0.14166666666667	0.44294117647059	-0.6009 0.7977
0.14166666666667	0.44794117647059	-0.6529 0.7560
0.14166666666667	0.45294117647059	-0.7023 0.7106
0.14166666666667	0.45794117647059	-0.7489 0.6616
0.14166666666667	0.46294117647059	-0.7923 0.6093
0.14166666666667	0.46794117647059	-0.8323 0.5536
0.14166666666667	0.47294117647059	-0.8687 0.4949
0.14166666666667	0.47794117647059	-0.9011 0.4332
0.14166666666667	0.48294117647059	-0.9294 0.3689
0.14166666666667	0.48794117647059	-0.9532 0.3022
0.14166666666667	0.49294117647059	-0.9724 0.2333
0.14166666666667	0.49794117647059	-0.9867 0.1625
0.14166666666667	0.50294117647059	-0.9958 0.0901
0.14166666666667	0.50794117647059	-0.9996 0.0164
0.14166666666667	0.51294117647059	-0.9979 -0.0582
0.14166666666667	0.51794117647059	-0.9904 -0.1333
0.14166666666667	0.52294117647059	-0.9770 -0.2085
0.14166666666667	0.52794117647059	-0.9576 -0.2834
0.14166666666667	0.53294117647059	-0.9320 -0.3577
0.14166666666667	0.53794117647059	-0.9001 -0.4306
0.14166666666667	0.54294117647059	-0.8618 -0.5019
0.14166666666667	0.54794117647059	-0.8171 -0.5709
0.14166666666667	0.55294117647059	-0.7658 -0.6371
0.14166666666667	0.55794117647059	-0.7080 -0.6999
0.14166666666667	0.56294117647059	-0.6438 -0.7586
0.14166666666667	0.56794117647059	-0.5730 -0.8125
0.14166666666667	0.57294117647059	-0.4960 -0.8609
0.14166666666667	0.57794117647059	-0.4127 -0.9030
0.14166666666667	0.58294117647059	-0.3234 -0.9380
0.14166666666667	0.58794117647059	-0.2285 -0.9649
0.14166666666667	0.59294117647059	-0.1282 -0.9827
0.14166666666667	0.59794117647059	-0.0232 -0.9902
0.15	0.35294117647059	0.4417 0.8936
0.15	0.35794117647059	0.3843 0.9197
0.15	0.36294117647059	0.3251 0.9421
0.15	0.36794117647059	0.2644 0.9608
0.15	0.37294117647059	0.2025 0.9757
0.15	0.37794117647059	0.1395 0.9867
0.15	0.38294117647059	0.0756 0.9936
0.15	0.38794117647059	0.0112 0.9965
0.15	0.39294117647059	-0.0535 0.9952
0.15	0.39794117647059	-0.1184 0.9897
0.15	0.40294117647059	-0.1831 0.9799
0.15	0.40794117647059	-0.2473 0.9659
0.15	0.41294117647059	-0.3109 0.9476
0.15	0.41794117647059	-0.3734 0.9249
0.15	0.42294117647059	-0.4348 0.8980
0.15	0.42794117647059	-0.4946 0.8668
0.15	0.43294117647059	-0.5525 0.8313
0.15	0.43794117647059	-0.6084 0.7917
0.15	0.44294117647059	-0.6618 0.7480
0.15	0.44794117647059	-0.7124 0.7003
0.15	0.45294117647059	-0.7600 0.6487
0.15	0.45794117647059	-0.8042 0.5934
0.15	0.46294117647059	-0.8448 0.5344
0.15	0.46794117647059	-0.8813 0.4721
0.15	0.47294117647059	-0.9135 0.4066
0.15	0.47794117647059	-0.9411 0.3381
0.15	0.48294117647059	-0.9637 0.2669
0.15	0.48794117647059	-0.9811 0.1934
0.15	0.49294117647059	-0.9929 0.1178
0.15	0.49794117647059	-0.9989 0.0404
0.15	0.50294117647059	-0.9987 -0.0382
0.15	0.50794117647059	-0.9921 -0.1177
0.15	0.51294117647059	-0.9789 -0.1977
0.15	0.51794117647059	-0.9588 -0.2775
0.15	0.52294117647059	-0.9316 -0.3568
0.15	0.52794117647059	-0.8971 -0.4348
0.15	0.53294117647059	-0.8552 -0.5109
0.15	0.53794117647059	-0.8056 -0.5846
0.15	0.54294117647059	-0.7484 -0.6549
0.15	0.54794117647059	-0.6834 -0.7211
0.15	0.55294117647059	-0.6107 -0.7824
0.15	0.55794117647059	-0.5303 -0.8378
0.15	0.56294117647059	-0.4422 -0.8863
0.15	0.56794117647059	-0.3468 -0.9267
0.15	0.57294117647059	-0.2444 -0.9578
0.15	0.57794117647059	-0.1354 -0.9783
0.15	0.58294117647059	-0.0205 -0.9866
0.15	0.58794117647059	0.0994 -0.9812
0.15	0.59294117647059	0.2230 -0.9603
0.15	0.59794117647059	0.3489 -0.9219
0.15833333333333	0.35294117647059	0.3987 0.9127
0.15833333333333	0.35794117647059	0.3388 0.9365
0.15833333333333	0.36294117647059	0.2773 0.9564
0.15833333333333	0.36794117647059	0.2143 0.9724
0.15833333333333	0.37294117647059	0.1502 0.9843
0.15833333333333	0.37794117647059	0.0851 0.9921
0.15833333333333	0.38294117647059	0.0193 0.9956
0.15833333333333	0.38794117647059	-0.0469 0.9948
0.15833333333333	0.39294117647059	-0.1133 0.9896
0.15833333333333	0.39794117647059	-0.1797 0.9799
0.15833333333333	0.40294117647059	-0.2457 0.9657
0.15833333333333	0.40794117647059	-0.3110 0.9469
0.15833333333333	0.41294117647059	-0.3754 0.9236
0.15833333333333	0.41794117647059	-0.4386 0.8956
0.15833333333333	0.42294117647059	-0.5001 0.8631
0.15833333333333	0.42794117647059	-0.5598 0.8261
0.15833333333333	0.43294117647059	-0.6173 0.7845
0.15833333333333	0.43794117647059	-0.6722 0.7384
0.15833333333333	0.44294117647059	-0.7241 0.6880
0.15833333333333	0.44794117647059	-0.7728 0.6333
0.15833333333333	0.45294117647059	-0.8178 0.5745
0.15833333333333	0.45794117647059	-0.8587 0.5118
0.15833333333333	0.46294117647059	-0.8952 0.4452
0.15833333333333	0.46794117647059	-0.9269 0.3752
0.15833333333333	0.47294117647059	-0.9534 0.3018
0.15833333333333	0.47794117647059	-0.9742 0.2255
0.15833333333333	0.48294117647059	-0.9890 0.1465
0.15833333333333	0.48794117647059	-0.9975 0.0654
0.15833333333333	0.49294117647059	-0.9991 -0.0176
0.15833333333333	0.49794117647059	-0.9936 -0.1019
0.15833333333333	0.50294117647059	-0.9806 -0.1869
0.15833333333333	0.50794117647059	-0.9597 -0.2721
0.15833333333333	0.51294117647059	-0.9307 -0.3568
0.15833333333333	0.51794117647059	-0.8932 -0.4402
0.15833333333333	0.52294117647059	-0.8470 -0.5216
0.15833333333333	0.52794117647059	-0.7919 -0.6000
0.15833333333333	0.53294117647059	-0.7277 -0.6745
0.15833333333333	0.53794117647059	-0.6543 -0.7441
0.15833333333333	0.54294117647059	-0.5718 -0.8075
0.15833333333333	0.54794117647059	-0.4801 -0.8634
0.15833333333333	0.55294117647059	-0.3796 -0.9105
0.15833333333333	0.55794117647059	-0.2706 -0.9472
0.15833333333333	0.56294117647059	-0.1536 -0.9717
0.15833333333333	0.56794117647059	-0.0295 -0.9822
0.15833333333333	0.57294117647059	0.1006 -0.9766
0.15833333333333	0.57794117647059	0.2350 -0.9527
0.15833333333333	0.58294117647059	0.3717 -0.9081
0.15833333333333	0.58794117647059	0.5077 -0.8403
0.15833333333333	0.59294117647059	0.6395 -0.7466
0.15833333333333	0.59794117647059	0.7622 -0.6242
0.16666666666667	0.35294117647059	0.3523 0.9306
0.16666666666667	0.35794117647059	0.2899 0.9517
0.16666666666667	0.36294117647059	0.2259 0.9689
0.16666666666667	0.36794117647059	0.1606 0.9818
0.16666666666667	0.37294117647059	0.0942 0.9904
0.16666666666667	0.37794117647059	0.0270 0.9946
0.16666666666667	0.38294117647059	-0.0408 0.9942
0.16666666666667	0.38794117647059	-0.1089 0.9893
0.16666666666667	0.39294117647059	-0.1770 0.9796
0.16666666666667	0.39794117647059	-0.2449 0.9652
0.16666666666667	0.40294117647059	-0.3121 0.9459
0.16666666666667	0.40794117647059	-0.3785 0.9217
0.16666666666667	0.41294117647059	-0.4436 0.8926
0.16666666666667	0.41794117647059	-0.5071 0.8586
0.16666666666667	0.42294117647059	-0.5686 0.8197
0.16666666666667	0.42794117647059	-0.6278 0.7758
0.16666666666667	0.43294117647059	-0.6843 0.7270
0.16666666666667	0.43794117647059	-0.7376 0.6735
0.16666666666667	0.44294117647059	-0.7873 0.6152
0.16666666666667	0.44794117647059	-0.8330 0.5524
0.16666666666667	0.45294117647059	-0.8741 0.4852
0.16666666666667	0.45794117647059	-0.9103 0.4137
0.16666666666667	0.46294117647059	-0.9410 0.3383
0.16666666666667	0.46794117647059	-0.9658 0.2593
0.16666666666667	0.47294117647059	-0.9840 0.1770
0.16666666666667	0.47794117647059	-0.9953 0.0919
0.16666666666667	0.48294117647059	-0.9991 0.0044
0.16666666666667	0.48794117647059	-0.9949 -0.0849
0.16666666666667	0.49294117647059	-0.9822 -0.1753
0.16666666666667	0.49794117647059	-0.9606 -0.2662
0.16666666666667	0.50294117647059	-0.9296 -0.3567
0.16666666666667	0.50794117647059	-0.8888 -0.4459
0.16666666666667	0.51294117647059	-0.8378 -0.5327
0.16666666666667	0.51794117647059	-0.7765 -0.6161
0.16666666666667	0.52294117647059	-0.7045 -0.6947
0.16666666666667	0.52794117647059	-0.6218 -0.7671
0.16666666666667	0.53294117647059	-0.5283 -0.8318
0.16666666666667	0.53794117647059	-0.4244 -0.8872
0.16666666666667	0.54294117647059	-0.3103 -0.9311
0.16666666666667	0.54794117647059	-0.1868 -0.9617
0.16666666666667	0.55294117647059	-0.0547 -0.9766
0.16666666666667	0.55794117647059	0.0844 -0.9734
0.16666666666667	0.56294117647059	0.2288 -0.9493
0.16666666666667	0.56794117647059	0.3756 -0.9015
0.16666666666667	0.57294117647059	0.5216 -0.8270
0.16666666666667	0.57794117647059	0.6622 -0.7225
0.16666666666667	0.58294117647059	0.7917 -0.5840
0.16666666666667	0.58794117647059	0.9030 -0.4046
0.16666666666667	0.59294117647059	0.9852 -0.1577
0.16666666666667	0.59794117647059	0.8022 0.4460
0.175	0.35294117647059	0.3020 0.9470
0.175	0.35794117647059	0.2369 0.9652
0.175	0.36294117647059	0.1704 0.9791
0.175	0.36794117647059	0.1026 0.9886
0.175	0.37294117647059	0.0338 0.9934
0.175	0.37794117647059	-0.0357 0.9935
0.175	0.38294117647059	-0.1056 0.9887
0.175	0.38794117647059	-0.1756 0.9790
0.175	0.39294117647059	-0.2454 0.9642
0.175	0.39794117647059	-0.3147 0.9443
0.175	0.40294117647059	-0.3831 0.9191
0.175	0.40794117647059	-0.4503 0.8887
0.175	0.41294117647059	-0.5159 0.8529
0.175	0.41794117647059	-0.5794 0.8117
0.175	0.42294117647059	-0.6404 0.7652
0.175	0.42794117647059	-0.6985 0.7133
0.175	0.43294117647059	-0.7531 0.6561
0.175	0.43794117647059	-0.8038 0.5936
0.175	0.44294117647059	-0.8499 0.5261
0.175	0.44794117647059	-0.8910 0.4536
0.175	0.45294117647059	-0.9264 0.3765
0.175	0.45794117647059	-0.9555 0.2949
0.175	0.46294117647059	-0.9777 0.2094
0.175	0.46794117647059	-0.9923 0.1203
0.175	0.47294117647059	-0.9986 0.0281
0.175	0.47794117647059	-0.9960 -0.0664
0.175	0.48294117647059	-0.9839 -0.1625
0.175	0.48794117647059	-0.9616 -0.2593
0.175	0.49294117647059	-0.9286 -0.3559
0.175	0.49794117647059	-0.8843 -0.4511
0.175	0.50294117647059	-0.8282 -0.5436
0.175	0.50794117647059	-0.7601 -0.6318
0.175	0.51294117647059	-0.6797 -0.7143
0.175	0.51794117647059	-0.5869 -0.7891
0.175	0.52294117647059	-0.4819 -0.8543
0.175	0.52794117647059	-0.3650 -0.9076
0.175	0.53294117647059	-0.2370 -0.9466
0.175	0.53794117647059	-0.0989 -0.9688
0.175	0.54294117647059	0.0477 -0.9713
0.175	0.54794117647059	0.2007 -0.9509
0.175	0.55294117647059	0.3572 -0.9043
0.175	0.55794117647059	0.5133 -0.8279
0.175	0.56294117647059	0.6641 -0.7175
0.175	0.56794117647059	0.8033 -0.5673
0.175	0.57294117647059	0.9226 -0.3641
0.175	0.57794117647059	0.9989 -0.0428
0.175	0.58294117647059	0.0386 -0.1367
0.175	0.58794117647059	0.9266 -0.0499
0.175	0.59294117647059	0.9319 0.2618
0.175	0.59794117647059	0.8417 0.5063
0.18333333333333	0.35294117647059	0.2468 0.9616
0.18333333333333	0.35794117647059	0.1789 0.9765
0.18333333333333	0.36294117647059	0.1097 0.9867
0.18333333333333	0.36794117647059	0.0392 0.9921
0.18333333333333	0.37294117647059	-0.0320 0.9926
0.18333333333333	0.37794117647059	-0.1038 0.9879
0.18333333333333	0.38294117647059	-0.1759 0.9780
0.18333333333333	0.38794117647059	-0.2478 0.9627
0.18333333333333	0.39294117647059	-0.3193 0.9420
0.18333333333333	0.39794117647059	-0.3899 0.9156
0.18333333333333	0.40294117647059	-0.4593 0.8835
0.18333333333333	0.40794117647059	-0.5271 0.8455
0.18333333333333	0.41294117647059	-0.5926 0.8017
0.18333333333333	0.41794117647059	-0.6555 0.7520
0.18333333333333	0.42294117647059	-0.7152 0.6964
0.18333333333333	0.42794117647059	-0.7711 0.6348
0.18333333333333	0.43294117647059	-0.8225 0.5675
0.18333333333333	0.43794117647059	-0.8689 0.4944
0.18333333333333	0.44294117647059	-0.9093 0.4158
0.18333333333333	0.44794117647059	-0.9433 0.3321
0.18333333333333	0.45294117647059	-0.9698 0.2434
0.18333333333333	0.45794117647059	-0.9881 0.1504
0.18333333333333	0.46294117647059	-0.9975 0.0536
0.18333333333333	0.46794117647059	-0.9969 -0.0462
0.18333333333333	0.47294117647059	-0.9857 -0.1481
0.18333333333333	0.47794117647059	-0.9629 -0.2512
0.18333333333333	0.48294117647059	-0.9279 -0.3541
0.18333333333333	0.48794117647059	-0.8800 -0.4554
0.18333333333333	0.49294117647059	-0.8187 -0.5535
0.18333333333333	0.49794117647059	-0.7435 -0.6466
0.18333333333333	0.50294117647059	-0.6543 -0.7325
0.18333333333333	0.50794117647059	-0.5512 -0.8090
0.18333333333333	0.51294117647059	-0.4344 -0.8737
0.18333333333333	0.51794117647059	-0.3047 -0.9238
0.18333333333333	0.52294117647059	-0.1631 -0.9563
0.18333333333333	0.52794117647059	-0.0112 -0.9683
0.18333333333333	0.53294117647059	0.1487 -0.9561
0.18333333333333	0.53794117647059	0.3138 -0.9160
0.18333333333333	0.54294117647059	0.4801 -0.8438
0.18333333333333	0.54794117647059	0.6427 -0.7342
0.18333333333333	0.55294117647059	0.7951 -0.5789
0.18333333333333	0.55794117647059	0.9281 -0.3568
0.18333333333333	0.56294117647059	0.9919 0.0466
0.18333333333333	0.56794117647059	0.2857 -0.3935
0.18333333333333	0.57294117647059	0.9164 -0.0821
0.18333333333333	0.57794117647059	0.9366 0.2289
0.18333333333333	0.58294117647059	0.8561 0.4796
0.18333333333333	0.58794117647059	0.7161 0.6841
0.18333333333333	0.59294117647059	0.5347 0.8395
0.18333333333333	0.59794117647059	0.3270 0.9426
0.19166666666667	0.35294117647059	0.1857 0.9739
0.19166666666667	0.35794117647059	0.1149 0.9848
0.19166666666667	0.36294117647059	0.0427 0.9907
0.19166666666667	0.36794117647059	-0.0305 0.9914
0.19166666666667	0.37294117647059	-0.1043 0.9867
0.19166666666667	0.37794117647059	-0.1785 0.9765
0.19166666666667	0.38294117647059	-0.2527 0.9605
0.19166666666667	0.38794117647059	-0.3265 0.9386
0.19166666666667	0.39294117647059	-0.3995 0.9107
0.19166666666667	0.39794117647059	-0.4713 0.8765
0.19166666666667	0.40294117647059	-0.5413 0.8360
0.19166666666667	0.40794117647059	-0.6090 0.7891
0.19166666666667	0.41294117647059	-0.6737 0.7356
0.19166666666667	0.41794117647059	-0.7349 0.6755
0.19166666666667	0.42294117647059	-0.7919 0.6089
0.19166666666667	0.42794117647059	-0.8437 0.5357
0.19166666666667	0.43294117647059	-0.8897 0.4562
0.19166666666667	0.43794117647059	-0.9288 0.3705
0.19166666666667	0.44294117647059	-0.9602 0.2791
0.19166666666667	0.44794117647059	-0.9828 0.1824
0.19166666666667	0.45294117647059	-0.9956 0.0811
0.19166666666667	0.45794117647059	-0.9975 -0.0241
0.19166666666667	0.46294117647059	-0.9875 -0.1319
0.19166666666667	0.46794117647059	-0.9646 -0.2413
0.19166666666667	0.47294117647059	-0.9279 -0.3506
0.19166666666667	0.47794117647059	-0.8766 -0.4581
0.19166666666667	0.48294117647059	-0.8100 -0.5618
0.19166666666667	0.48794117647059	-0.7278 -0.6594
0.19166666666667	0.49294117647059	-0.6300 -0.7484
0.19166666666667	0.49794117647059	-0.5167 -0.8261
0.19166666666667	0.50294117647059	-0.3886 -0.8894
0.19166666666667	0.50794117647059	-0.2466 -0.9354
0.19166666666667	0.51294117647059	-0.0925 -0.9605
0.19166666666667	0.51794117647059	0.0718 -0.9612
0.19166666666667	0.52294117647059	0.2435 -0.9333
0.19166666666667	0.52794117647059	0.4190 -0.8722
0.19166666666667	0.53294117647059	0.5937 -0.7715
0.19166666666667	0.53794117647059	0.7616 -0.6211
0.19166666666667	0.54294117647059	0.9133 -0.3954
0.19166666666667	0.54794117647059	0.9874 0.0324
0.19166666666667	0.55294117647059	0.1216 -0.2947
0.19166666666667	0.55794117647059	0.8709 -0.1893
0.19166666666667	0.56294117647059	0.9443 0.1342
0.19166666666667	0.56794117647059	0.8915 0.3999
0.19166666666667	0.57294117647059	0.7709 0.6196
0.19166666666667	0.57794117647059	0.6046 0.7907
0.19166666666667	0.58294117647059	0.4100 0.9104
0.19166666666667	0.58794117647059	0.2015 0.9791
0.19166666666667	0.59294117647059	-0.0100 0.9999
0.19166666666667	0.59794117647059	-0.2196 0.9755
0.2	0.35294117647059	0.1177 0.9830
0.2	0.35794117647059	0.0436 0.9893
0.2	0.36294117647059	-0.0316 0.9900
0.2	0.36794117647059	-0.1076 0.9851
0.2	0.37294117647059	-0.1841 0.9742
0.2	0.37794117647059	-0.2607 0.9573
0.2	0.38294117647059	-0.3369 0.9339
0.2	0.38794117647059	-0.4124 0.9041
0.2	0.39294117647059	-0.4866 0.8674
0.2	0.39794117647059	-0.5589 0.8238
0.2	0.40294117647059	-0.6287 0.7731
0.2	0.40794117647059	-0.6953 0.7151
0.2	0.41294117647059	-0.7578 0.6498
0.2	0.41794117647059	-0.8154 0.5772
0.2	0.42294117647059	-0.8671 0.4973
0.2	0.42794117647059	-0.9119 0.4102
0.2	0.43294117647059	-0.9486 0.3164
0.2	0.43794117647059	-0.9760 0.2164
0.2	0.44294117647059	-0.9928 0.1107
0.2	0.44794117647059	-0.9977 0.0005
0.2	0.45294117647059	-0.9896 -0.1132
0.2	0.45794117647059	-0.9670 -0.2288
0.2	0.46294117647059	-0.9290 -0.3444
0.2	0.46794117647059	-0.8746 -0.4581
0.2	0.47294117647059	-0.8032 -0.5672
0.2	0.47794117647059	-0.7146 -0.6692
0.2	0.48294117647059	-0.6086 -0.7610
0.2	0.48794117647059	-0.4860 -0.8394
0.2	0.49294117647059	-0.3475 -0.9012
0.2	0.49794117647059	-0.1947 -0.9428
0.2	0.50294117647059	-0.0295 -0.9604
0.2	0.50794117647059	0.1456 -0.9500
0.2	0.51294117647059	0.3277 -0.9066
0.2	0.51794117647059	0.5128 -0.8236
0.2	0.52294117647059	0.6957 -0.6905
0.2	0.52794117647059	0.8684 -0.4830
0.2	0.53294117647059	0.9892 -0.1049
0.2	0.53794117647059	0.0898 0.2755
0.2	0.54294117647059	0.7348 -0.3557
0.2	0.54794117647059	0.9307 -0.0222
0.2	0.55294117647059	0.9304 0.2646
0.2	0.55794117647059	0.8440 0.5074
0.2	0.56294117647059	0.7022 0.7034
0.2	0.56794117647059	0.5249 0.8491
0.2	0.57294117647059	0.3286 0.9442
0.2	0.57794117647059	0.1263 0.9920
0.2	0.58294117647059	-0.0731 0.9970
0.2	0.58794117647059	-0.2651 0.9637
0.2	0.59294117647059	-0.4520 0.8919
0.2	0.59794117647059	-0.6631 0.7450
0.20833333333333	0.35294117647059	0.0418 0.9877
0.20833333333333	0.35794117647059	-0.0356 0.9883
0.20833333333333	0.36294117647059	-0.1139 0.9829
0.20833333333333	0.36794117647059	-0.1928 0.9712
0.20833333333333	0.37294117647059	-0.2719 0.9529
0.20833333333333	0.37794117647059	-0.3508 0.9277
0.20833333333333	0.38294117647059	-0.4288 0.8955
0.20833333333333	0.38794117647059	-0.5055 0.8558
0.20833333333333	0.39294117647059	-0.5801 0.8085
0.20833333333333	0.39794117647059	-0.6519 0.7534
0.20833333333333	0.40294117647059	-0.7200 0.6901
0.20833333333333	0.40794117647059	-0.7835 0.6187
0.20833333333333	0.41294117647059	-0.8413 0.5391
0.20833333333333	0.41794117647059	-0.8921 0.4514
0.20833333333333	0.42294117647059	-0.9345 0.3558
0.20833333333333	0.42794117647059	-0.9673 0.2530
0.20833333333333	0.43294117647059	-0.9888 0.1435
0.20833333333333	0.43794117647059	-0.9975 0.0284
0.20833333333333	0.44294117647059	-0.9918 -0.0908
0.20833333333333	0.44794117647059	-0.9703 -0.2124
0.20833333333333	0.45294117647059	-0.9317 -0.3343
0.20833333333333	0.45794117647059	-0.8751 -0.4540
0.20833333333333	0.46294117647059	-0.7998 -0.5684
0.20833333333333	0.46794117647059	-0.7055 -0.6746
0.20833333333333	0.47294117647059	-0.5926 -0.7691
0.20833333333333	0.47794117647059	-0.4620 -0.8484
0.20833333333333	0.48294117647059	-0.3148 -0.9088
0.20833333333333	0.48794117647059	-0.1529 -0.9466
0.20833333333333	0.49294117647059	0.0215 -0.9578
0.20833333333333	0.49794117647059	0.2060 -0.9376
0.20833333333333	0.50294117647059	0.3974 -0.8800
0.20833333333333	0.50794117647059	0.5917 -0.7752
0.20833333333333	0.51294117647059	0.7830 -0.6042
0.20833333333333	0.51794117647059	0.9512 -0.3083
0.20833333333333	0.52294117647059	0.7737 0.3463
0.20833333333333	0.52794117647059	0.3455 -0.4535
0.20833333333333	0.53294117647059	0.8455 -0.2372
0.20833333333333	0.53794117647059	0.9435 0.0701
0.20833333333333	0.54294117647059	0.9137 0.3402
0.20833333333333	0.54794117647059	0.8106 0.5676
0.20833333333333	0.55294117647059	0.6597 0.7472
0.20833333333333	0.55794117647059	0.4802 0.8766
0.20833333333333	0.56294117647059	0.2875 0.9577
0.20833333333333	0.56794117647059	0.0929 0.9949
0.20833333333333	0.57294117647059	-0.0961 0.9938
0.20833333333333	0.57794117647059	-0.2755 0.9591
0.20833333333333	0.58294117647059	-0.4454 0.8934
0.20833333333333	0.58794117647059	-0.6163 0.7872
0.20833333333333	0.59294117647059	-0.8693 0.3847
0.20833333333333	0.59794117647059	-0.6168 0.7350
0.21666666666667	0.35294117647059	-0.0424 0.9862
0.21666666666667	0.35794117647059	-0.1232 0.9801
0.21666666666667	0.36294117647059	-0.2046 0.9672
0.21666666666667	0.36794117647059	-0.2863 0.9472
0.21666666666667	0.37294117647059	-0.3678 0.9199
0.21666666666667	0.37794117647059	-0.4484 0.8848
0.21666666666667	0.38294117647059	-0.5276 0.8416
0.21666666666667	0.38794117647059	-0.6045 0.7900
0.21666666666667	0.39294117647059	-0.6781 0.7296
0.21666666666667	0.39794117647059	-0.7475 0.6603
0.21666666666667	0.40294117647059	-0.8115 0.5819
0.21666666666667	0.40794117647059	-0.8686 0.4943
0.21666666666667	0.41294117647059	-0.9173 0.3979
0.21666666666667	0.41794117647059	-0.9561 0.2930
0.21666666666667	0.42294117647059	-0.9830 0.1803
0.21666666666667	0.42794117647059	-0.9963 0.0611
0.21666666666667	0.43294117647059	-0.9941 -0.0632
0.21666666666667	0.43794117647059	-0.9748 -0.1906
0.21666666666667	0.44294117647059	-0.9368 -0.3184
0.21666666666667	0.44794117647059	-0.8791 -0.4439
0.21666666666667	0.45294117647059	-0.8011 -0.5637
0.21666666666667	0.45794117647059	-0.7027 -0.6742
0.21666666666667	0.46294117647059	-0.5845 -0.7716
0.21666666666667	0.46794117647059	-0.4477 -0.8522
0.21666666666667	0.47294117647059	-0.2938 -0.9123
0.21666666666667	0.47794117647059	-0.1249 -0.9478
0.21666666666667	0.48294117647059	0.0569 -0.9546
0.21666666666667	0.48794117647059	0.2490 -0.9272
0.21666666666667	0.49294117647059	0.4487 -0.8580
0.21666666666667	0.49794117647059	0.6521 -0.7330
0.21666666666667	0.50294117647059	0.8503 -0.5195
0.21666666666667	0.50794117647059	0.9790 -0.1008
0.21666666666667	0.51294117647059	0.1433 0.3028
0.21666666666667	0.51794117647059	0.5597 -0.4576
0.21666666666667	0.52294117647059	0.8787 -0.1823
0.21666666666667	0.52794117647059	0.9466 0.1117
0.21666666666667	0.53294117647059	0.9055 0.3729
0.21666666666667	0.53794117647059	0.7968 0.5916
0.21666666666667	0.54294117647059	0.6446 0.7623
0.21666666666667	0.54794117647059	0.4676 0.8839
0.21666666666667	0.55294117647059	0.2802 0.9594
0.21666666666667	0.55794117647059	0.0926 0.9937
0.21666666666667	0.56294117647059	-0.0886 0.9926
0.21666666666667	0.56794117647059	-0.2596 0.9611
0.21666666666667	0.57294117647059	-0.4196 0.9028
0.21666666666667	0.57794117647059	-0.5723 0.8164
0.21666666666667	0.58294117647059	-0.7474 0.6644
0.21666666666667	0.58794117647059	-0.4354 0.7782
0.21666666666667	0.59294117647059	-0.7695 0.6038
0.21666666666667	0.59794117647059	-0.8680 0.4673
0.225	0.35294117647059	-0.1349 0.9766
0.225	0.35794117647059	-0.2190 0.9622
0.225	0.36294117647059	-0.3033 0.9403
0.225	0.36794117647059	-0.3875 0.9104
0.225	0.37294117647059	-0.4707 0.8721
0.225	0.37794117647059	-0.5523 0.8248
0.225	0.38294117647059	-0.6312 0.7683
0.225	0.38794117647059	-0.7065 0.7021
0.225	0.39294117647059	-0.7767 0.6259
0.225	0.39794117647059	-0.8404 0.5397
0.225	0.40294117647059	-0.8959 0.4434
0.225	0.40794117647059	-0.9413 0.3375
0.225	0.41294117647059	-0.9746 0.2227
0.225	0.41794117647059	-0.9936 0.1001
0.225	0.42294117647059	-0.9962 -0.0286
0.225	0.42794117647059	-0.9804 -0.1612
0.225	0.43294117647059	-0.9446 -0.2947
0.225	0.43794117647059	-0.8875 -0.4259
0.225	0.44294117647059	-0.8086 -0.5511
0.225	0.44794117647059	-0.7080 -0.6662
0.225	0.45294117647059	-0.5866 -0.7673
0.225	0.45794117647059	-0.4458 -0.8504
0.225	0.46294117647059	-0.2875 -0.9115
0.225	0.46794117647059	-0.1137 -0.9469
0.225	0.47294117647059	0.0732 -0.9522
0.225	0.47794117647059	0.2714 -0.9213
0.225	0.48294117647059	0.4783 -0.8449
0.225	0.48794117647059	0.6900 -0.7043
0.225	0.49294117647059	0.8923 -0.4509
0.225	0.49794117647059	0.9342 0.0828
0.225	0.50294117647059	-0.0020 -0.0423
0.225	0.50794117647059	0.6134 -0.4454
0.225	0.51294117647059	0.8847 -0.1749
0.225	0.51794117647059	0.9486 0.1119
0.225	0.52294117647059	0.9088 0.3696
0.225	0.52794117647059	0.8027 0.5859
0.225	0.53294117647059	0.6543 0.7549
0.225	0.53794117647059	0.4822 0.8760
0.225	0.54294117647059	0.3003 0.9524
0.225	0.54794117647059	0.1184 0.9894
0.225	0.55294117647059	-0.0573 0.9927
0.225	0.55794117647059	-0.2233 0.9675
0.225	0.56294117647059	-0.3780 0.9175
0.225	0.56794117647059	-0.5225 0.8446
0.225	0.57294117647059	-0.6660 0.7409
0.225	0.57794117647059	-0.9090 0.2773
0.225	0.58294117647059	-0.7282 0.6417
0.225	0.58794117647059	-0.8456 0.5012
0.225	0.59294117647059	-0.9146 0.3712
0.225	0.59794117647059	-0.9599 0.2400
0.23333333333333	0.35294117647059	-0.2350 0.9565
0.23333333333333	0.35794117647059	-0.3220 0.9324
0.23333333333333	0.36294117647059	-0.4088 0.8996
0.23333333333333	0.36794117647059	-0.4945 0.8576
0.23333333333333	0.37294117647059	-0.5784 0.8059
0.23333333333333	0.37794117647059	-0.6592 0.7440
0.23333333333333	0.38294117647059	-0.7357 0.6713
0.23333333333333	0.38794117647059	-0.8062 0.5877
0.23333333333333	0.39294117647059	-0.8689 0.4931
0.23333333333333	0.39794117647059	-0.9217 0.3876
0.23333333333333	0.40294117647059	-0.9623 0.2718
0.23333333333333	0.40794117647059	-0.9883 0.1470
0.23333333333333	0.41294117647059	-0.9972 0.0149
0.23333333333333	0.41794117647059	-0.9868 -0.1221
0.23333333333333	0.42294117647059	-0.9551 -0.2609
0.23333333333333	0.42794117647059	-0.9008 -0.3977
0.23333333333333	0.43294117647059	-0.8233 -0.5286
0.23333333333333	0.43794117647059	-0.7229 -0.6490
0.23333333333333	0.44294117647059	-0.6006 -0.7547
0.23333333333333	0.44794117647059	-0.4582 -0.8417
0.23333333333333	0.45294117647059	-0.2978 -0.9061
0.23333333333333	0.45794117647059	-0.1216 -0.9441
0.23333333333333	0.46294117647059	0.0685 -0.9513
0.23333333333333	0.46794117647059	0.2707 -0.9215
0.23333333333333	0.47294117647059	0.4833 -0.8437
0.23333333333333	0.47794117647059	0.7026 -0.6958
0.23333333333333	0.48294117647059	0.9086 -0.4171
0.23333333333333	0.48794117647059	0.8749 0.1721
0.23333333333333	0.49294117647059	0.0051 -0.1398
0.23333333333333	0.49794117647059	0.5956 -0.4588
0.23333333333333	0.50294117647059	0.8717 -0.2066
0.23333333333333	0.50794117647059	0.9496 0.0754
0.23333333333333	0.51294117647059	0.9217 0.3341
0.23333333333333	0.51794117647059	0.8253 0.5538
0.23333333333333	0.52294117647059	0.6850 0.7276
0.23333333333333	0.52794117647059	0.5195 0.8543
0.23333333333333	0.53294117647059	0.3431 0.9371
0.23333333333333	0.53794117647059	0.1656 0.9812
0.23333333333333	0.54294117647059	-0.0066 0.9923
0.23333333333333	0.54794117647059	-0.1699 0.9755
0.23333333333333	0.55294117647059	-0.3225 0.9349
0.23333333333333	0.55794117647059	-0.4641 0.8734
0.23333333333333	0.56294117647059	-0.5975 0.7903
0.23333333333333	0.56794117647059	-0.7463 0.6612
0.23333333333333	0.57294117647059	-0.6257 0.7089
0.23333333333333	0.57794117647059	-0.8134 0.5457
0.23333333333333	0.58294117647059	-0.8916 0.4179
0.23333333333333	0.58794117647059	-0.9442 0.2895
0.23333333333333	0.59294117647059	-0.9770 0.1575
0.23333333333333	0.59794117647059	-0.9908 0.0220
0.24166666666667	0.35294117647059	-0.3410 0.9237
0.24166666666667	0.35794117647059	-0.4304 0.8879
0.24166666666667	0.36294117647059	-0.5186 0.8421
0.24166666666667	0.36794117647059	-0.6046 0.7856
0.24166666666667	0.37294117647059	-0.6870 0.7180
0.24166666666667	0.37794117647059	-0.7643 0.6386
0.24166666666667	0.38294117647059	-0.8345 0.5472
0.24166666666667	0.38794117647059	-0.8953 0.4438
0.24166666666667	0.39294117647059	-0.9444 0.3288
0.24166666666667	0.39794117647059	-0.9788 0.2034
0.24166666666667	0.40294117647059	-0.9959 0.0692
0.24166666666667	0.40794117647059	-0.9929 -0.0713
0.24166666666667	0.41294117647059	-0.9678 -0.2148
0.24166666666667	0.41794117647059	-0.9188 -0.3572
0.24166666666667	0.42294117647059	-0.8454 -0.4940
0.24166666666667	0.42794117647059	-0.7478 -0.6206
0.24166666666667	0.43294117647059	-0.6272 -0.7323
0.24166666666667	0.43794117647059	-0.4858 -0.8250
0.24166666666667	0.44294117647059	-0.3258 -0.8950
0.24166666666667	0.44794117647059	-0.1495 -0.9385
0.24166666666667	0.45294117647059	0.0414 -0.9513
0.24166666666667	0.45794117647059	0.2456 -0.9273
0.24166666666667	0.46294117647059	0.4621 -0.8552
0.24166666666667	0.46794117647059	0.6880 -0.7111
0.24166666666667	0.47294117647059	0.9018 -0.4308
0.24166666666667	0.47794117647059	0.8696 0.1581
0.24166666666667	0.48294117647059	-0.0048 -0.0733
0.24166666666667	0.48794117647059	0.5212 -0.4873
0.24166666666667	0.49294117647059	0.8358 -0.2711
0.24166666666667	0.49794117647059	0.9445 0.0050
0.24166666666667	0.50294117647059	0.9395 0.2675
0.24166666666667	0.50794117647059	0.8602 0.4956
0.24166666666667	0.51294117647059	0.7321 0.6798
0.24166666666667	0.51794117647059	0.5754 0.8177
0.24166666666667	0.52294117647059	0.4049 0.9118
0.24166666666667	0.52794117647059	0.2312 0.9670
0.24166666666667	0.53294117647059	0.0611 0.9888
0.24166666666667	0.53794117647059	-0.1013 0.9826
0.24166666666667	0.54294117647059	-0.2539 0.9527
0.24166666666667	0.54794117647059	-0.3958 0.9022
0.24166666666667	0.55294117647059	-0.5274 0.8329
0.24166666666667	0.55794117647059	-0.6541 0.7416
0.24166666666667	0.56294117647059	-0.8872 0.4515
0.24166666666667	0.56794117647059	-0.7666 0.6012
0.24166666666667	0.57294117647059	-0.8605 0.4732
0.24166666666667	0.57794117647059	-0.9220 0.3479
0.24166666666667	0.58294117647059	-0.9635 0.2181
0.24166666666667	0.58794117647059	-0.9863 0.0834
0.24166666666667	0.59294117647059	-0.9897 -0.0571
0.24166666666667	0.59794117647059	-0.9689 -0.2275
0.25	0.35294117647059	-0.4510 0.8758
0.25	0.35794117647059	-0.5415 0.8262
0.25	0.36294117647059	-0.6294 0.7650
0.25	0.36794117647059	-0.7132 0.6915
0.25	0.37294117647059	-0.7910 0.6053
0.25	0.37794117647059	-0.8604 0.5060
0.25	0.38294117647059	-0.9187 0.3939
0.25	0.38794117647059	-0.9629 0.2698
0.25	0.39294117647059	-0.9900 0.1352
0.25	0.39794117647059	-0.9970 -0.0074
0.25	0.40294117647059	-0.9811 -0.1546
0.25	0.40794117647059	-0.9404 -0.3022
0.25	0.41294117647059	-0.8740 -0.4454
0.25	0.41794117647059	-0.7822 -0.5790
0.25	0.42294117647059	-0.6663 -0.6982
0.25	0.42794117647059	-0.5284 -0.7986
0.25	0.43294117647059	-0.3712 -0.8764
0.25	0.43794117647059	-0.1970 -0.9283
0.25	0.44294117647059	-0.0076 -0.9503
0.25	0.44794117647059	0.1963 -0.9368
0.25	0.45294117647059	0.4143 -0.8770
0.25	0.45794117647059	0.6450 -0.7481
0.25	0.46294117647059	0.8713 -0.4905
0.25	0.46794117647059	0.9122 0.0557
0.25	0.47294117647059	0.0374 0.1152
0.25	0.47794117647059	0.3857 -0.5028
0.25	0.48294117647059	0.7659 -0.3592
0.25	0.48794117647059	0.9236 -0.0965
0.25	0.49294117647059	0.9542 0.1698
0.25	0.49794117647059	0.9008 0.4095
0.25	0.50294117647059	0.7909 0.6090
0.25	0.50794117647059	0.6461 0.7632
0.25	0.51294117647059	0.4828 0.8733
0.25	0.51794117647059	0.3129 0.9435
0.25	0.52294117647059	0.1443 0.9792
0.25	0.52794117647059	-0.0183 0.9860
0.25	0.53294117647059	-0.1723 0.9682
0.25	0.53794117647059	-0.3163 0.9294
0.25	0.54294117647059	-0.4499 0.8723
0.25	0.54794117647059	-0.5742 0.7976
0.25	0.55294117647059	-0.7000 0.6970
0.25	0.55794117647059	-0.6698 0.6826
0.25	0.56294117647059	-0.8190 0.5360
0.25	0.56794117647059	-0.8917 0.4139
0.25	0.57294117647059	-0.9433 0.2870
0.25	0.57794117647059	-0.9765 0.1533
0.25	0.58294117647059	-0.9907 0.0112
0.25	0.58794117647059	-0.9821 -0.1615
0.25	0.59294117647059	-0.9577 -0.2328
0.25	0.59794117647059	-0.9029 -0.3993
0.25833333333333	0.35294117647059	-0.5620 0.8109
0.25833333333333	0.35794117647059	-0.6518 0.7451
0.25833333333333	0.36294117647059	-0.7368 0.6659
0.25833333333333	0.36794117647059	-0.8147 0.5730
0.25833333333333	0.37294117647059	-0.8829 0.4661
0.25833333333333	0.37794117647059	-0.9381 0.3456
0.25833333333333	0.38294117647059	-0.9770 0.2129
0.25833333333333	0.38794117647059	-0.9960 0.0701
0.25833333333333	0.39294117647059	-0.9922 -0.0795
0.25833333333333	0.39794117647059	-0.9630 -0.2315
0.25833333333333	0.40294117647059	-0.9070 -0.3809
0.25833333333333	0.40794117647059	-0.8243 -0.5223
0.25833333333333	0.41294117647059	-0.7160 -0.6503
0.25833333333333	0.41794117647059	-0.5846 -0.7602
0.25833333333333	0.42294117647059	-0.4326 -0.8482
0.25833333333333	0.42794117647059	-0.2629 -0.9109
0.25833333333333	0.43294117647059	-0.0772 -0.9451
0.25833333333333	0.43794117647059	0.1238 -0.9458
0.25833333333333	0.44294117647059	0.3405 -0.9039
0.25833333333333	0.44794117647059	0.5731 -0.7994
0.25833333333333	0.45294117647059	0.8120 -0.5829
0.25833333333333	0.45794117647059	0.9479 -0.1181
0.25833333333333	0.46294117647059	0.2624 0.3194
0.25833333333333	0.46794117647059	0.1904 -0.4465
0.25833333333333	0.47294117647059	0.6451 -0.4536
0.25833333333333	0.47794117647059	0.8727 -0.2233
0.25833333333333	0.48294117647059	0.9541 0.0415
0.25833333333333	0.48794117647059	0.9382 0.2932
0.25833333333333	0.49294117647059	0.8547 0.5112
0.25833333333333	0.49794117647059	0.7271 0.6865
0.25833333333333	0.50294117647059	0.5739 0.8173
0.25833333333333	0.50794117647059	0.4091 0.9067
0.25833333333333	0.51294117647059	0.2421 0.9598
0.25833333333333	0.51794117647059	0.0788 0.9822
0.25833333333333	0.52294117647059	-0.0774 0.9786
0.25833333333333	0.52794117647059	-0.2247 0.9530
0.25833333333333	0.53294117647059	-0.3622 0.9084
0.25833333333333	0.53794117647059	-0.4896 0.8468
0.25833333333333	0.54294117647059	-0.6087 0.7681
0.25833333333333	0.54794117647059	-0.7502 0.6461
0.25833333333333	0.55294117647059	-0.7631 0.6059
0.25833333333333	0.55794117647059	-0.8514 0.4862
0.25833333333333	0.56294117647059	-0.9145 0.3630
0.25833333333333	0.56794117647059	-0.9596 0.2311
0.25833333333333	0.57294117647059	-0.9863 0.0877
0.25833333333333	0.57794117647059	-0.9915 -0.0900
0.25833333333333	0.58294117647059	-0.9688 -0.0932
0.25833333333333	0.58794117647059	-0.9367 -0.3038
0.25833333333333	0.59294117647059	-0.8647 -0.4685
0.25833333333333	0.59794117647059	-0.7466 -0.6284
0.26666666666667	0.35294117647059	-0.6709 0.7269
0.26666666666667	0.35794117647059	-0.7569 0.6425
0.26666666666667	0.36294117647059	-0.8349 0.5432
0.26666666666667	0.36794117647059	-0.9016 0.4292
0.26666666666667	0.37294117647059	-0.9535 0.3010
0.26666666666667	0.37794117647059	-0.9867 0.1605
0.26666666666667	0.38294117647059	-0.9976 0.0107
0.26666666666667	0.38794117647059	-0.9830 -0.1444
0.26666666666667	0.39294117647059	-0.9410 -0.2994
0.26666666666667	0.39794117647059	-0.8709 -0.4487
0.26666666666667	0.40294117647059	-0.7737 -0.5865
0.26666666666667	0.40794117647059	-0.6515 -0.7075
0.26666666666667	0.41294117647059	-0.5075 -0.8075
0.26666666666667	0.41794117647059	-0.3445 -0.8834
0.26666666666667	0.42294117647059	-0.1648 -0.9321
0.26666666666667	0.42794117647059	0.0309 -0.9497
0.26666666666667	0.43294117647059	0.2431 -0.9291
0.26666666666667	0.43794117647059	0.4736 -0.8547
0.26666666666667	0.44294117647059	0.7196 -0.6888
0.26666666666667	0.44794117647059	0.9296 -0.3289
0.26666666666667	0.45294117647059	0.6383 0.3017
0.26666666666667	0.45794117647059	0.0064 -0.2166
0.26666666666667	0.46294117647059	0.4549 -0.5168
0.26666666666667	0.46794117647059	0.7731 -0.3622
0.26666666666667	0.47294117647059	0.9233 -0.1137
0.26666666666667	0.47794117647059	0.9596 0.1451
0.26666666666667	0.48294117647059	0.9141 0.3823
0.26666666666667	0.48794117647059	0.8119 0.5820
0.26666666666667	0.49294117647059	0.6741 0.7382
0.26666666666667	0.49794117647059	0.5173 0.8515
0.26666666666667	0.50294117647059	0.3533 0.9261
0.26666666666667	0.50794117647059	0.1897 0.9674
0.26666666666667	0.51294117647059	0.0311 0.9806
0.26666666666667	0.51794117647059	-0.1200 0.9701
0.26666666666667	0.52294117647059	-0.2623 0.9394
0.26666666666667	0.52794117647059	-0.3950 0.8909
0.26666666666667	0.53294117647059	-0.5181 0.8262
0.26666666666667	0.53794117647059	-0.6337 0.7446
0.26666666666667	0.54294117647059	-0.6242 0.7129
0.26666666666667	0.54794117647059	-0.7993 0.5629
0.26666666666667	0.55294117647059	-0.8752 0.4448
0.26666666666667	0.55794117647059	-0.9334 0.3161
0.26666666666667	0.56294117647059	-0.9743 0.1728
0.26666666666667	0.56794117647059	-0.9957 -0.0076
0.26666666666667	0.57294117647059	-0.8766 0.1934
0.26666666666667	0.57794117647059	-0.9616 -0.1829
0.26666666666667	0.58294117647059	-0.9113 -0.3640
0.26666666666667	0.58794117647059	-0.8163 -0.5358
0.26666666666667	0.59294117647059	-0.6544 -0.7014
0.26666666666667	0.59794117647059	-0.3727 -0.8229
0.275	0.35294117647059	-0.7733 0.6220
0.275	0.35794117647059	-0.8513 0.5171
0.275	0.36294117647059	-0.9166 0.3966
0.275	0.36794117647059	-0.9652 0.2615
0.275	0.37294117647059	-0.9928 0.1142
0.275	0.37794117647059	-0.9958 -0.0415
0.275	0.38294117647059	-0.9711 -0.2005
0.275	0.38794117647059	-0.9174 -0.3571
0.275	0.39294117647059	-0.8350 -0.5049
0.275	0.39794117647059	-0.7256 -0.6380
0.275	0.40294117647059	-0.5923 -0.7517
0.275	0.40794117647059	-0.4385 -0.8424
0.275	0.41294117647059	-0.2669 -0.9073
0.275	0.41794117647059	-0.0790 -0.9435
0.275	0.42294117647059	0.1258 -0.9459
0.275	0.42794117647059	0.3498 -0.9034
0.275	0.43294117647059	0.5947 -0.7897
0.275	0.43794117647059	0.8435 -0.5357
0.275	0.44294117647059	0.8960 0.0152
0.275	0.44794117647059	0.1038 0.1885
0.275	0.45294117647059	0.1958 -0.4682
0.275	0.45794117647059	0.6039 -0.4842
0.275	0.46294117647059	0.8419 -0.2838
0.275	0.46794117647059	0.9474 -0.0318
0.275	0.47294117647059	0.9550 0.2195
0.275	0.47794117647059	0.8906 0.4442
0.275	0.48294117647059	0.7769 0.6294
0.275	0.48794117647059	0.6337 0.7715
0.275	0.49294117647059	0.4757 0.8723
0.275	0.49794117647059	0.3133 0.9366
0.275	0.50294117647059	0.1529 0.9699
0.275	0.50794117647059	-0.0020 0.9771
0.275	0.51294117647059	-0.1492 0.9622
0.275	0.51794117647059	-0.2879 0.9282
0.275	0.52294117647059	-0.4174 0.8772
0.275	0.52794117647059	-0.5376 0.8104
0.275	0.53294117647059	-0.6509 0.7267
0.275	0.53794117647059	-0.7331 0.6419
0.275	0.54294117647059	-0.8231 0.5306
0.275	0.54794117647059	-0.8952 0.4075
0.275	0.55294117647059	-0.9517 0.2669
0.275	0.55794117647059	-0.9914 0.0887
0.275	0.56294117647059	-0.3912 -0.5606
0.275	0.56794117647059	-0.9648 -0.0271
0.275	0.57294117647059	-0.9469 -0.2368
0.275	0.57794117647059	-0.8782 -0.4222
0.275	0.58294117647059	-0.7472 -0.6052
0.275	0.58794117647059	-0.5049 -0.7660
0.275	0.59294117647059	-0.0746 -0.7496
0.275	0.59794117647059	0.1546 -0.1909
0.28333333333333	0.35294117647059	-0.8640 0.4954
0.28333333333333	0.35794117647059	-0.9281 0.3692
0.28333333333333	0.36294117647059	-0.9736 0.2281
0.28333333333333	0.36794117647059	-0.9962 0.0751
0.28333333333333	0.37294117647059	-0.9920 -0.0853
0.28333333333333	0.37794117647059	-0.9584 -0.2473
0.28333333333333	0.38294117647059	-0.8946 -0.4042
0.28333333333333	0.38794117647059	-0.8018 -0.5497
0.28333333333333	0.39294117647059	-0.6826 -0.6780
0.28333333333333	0.39794117647059	-0.5408 -0.7848
0.28333333333333	0.40294117647059	-0.3796 -0.8672
0.28333333333333	0.40794117647059	-0.2014 -0.9228
0.28333333333333	0.41294117647059	-0.0065 -0.9483
0.28333333333333	0.41794117647059	0.2071 -0.9367
0.28333333333333	0.42294117647059	0.4432 -0.8713
0.28333333333333	0.42794117647059	0.7010 -0.7092
0.28333333333333	0.43294117647059	0.9202 -0.3357
0.28333333333333	0.43794117647059	0.6092 0.2848
0.28333333333333	0.44294117647059	-0.0126 -0.1693
0.28333333333333	0.44794117647059	0.3520 -0.5280
0.28333333333333	0.45294117647059	0.6885 -0.4421
0.28333333333333	0.45794117647059	0.8805 -0.2256
0.28333333333333	0.46294117647059	0.9587 0.0253
0.28333333333333	0.46794117647059	0.9482 0.2696
0.28333333333333	0.47294117647059	0.8720 0.4846
0.28333333333333	0.47794117647059	0.7517 0.6594
0.28333333333333	0.48294117647059	0.6058 0.7915
0.28333333333333	0.48794117647059	0.4479 0.8839
0.28333333333333	0.49294117647059	0.2873 0.9415
0.28333333333333	0.49794117647059	0.1293 0.9698
0.28333333333333	0.50294117647059	-0.0228 0.9733
0.28333333333333	0.50794117647059	-0.1675 0.9558
0.28333333333333	0.51294117647059	-0.3040 0.9199
0.28333333333333	0.51794117647059	-0.4318 0.8673
0.28333333333333	0.52294117647059	-0.5504 0.7991
0.28333333333333	0.52794117647059	-0.6620 0.7142
0.28333333333333	0.53294117647059	-0.7557 0.6183
0.28333333333333	0.53794117647059	-0.8416 0.5039
0.28333333333333	0.54294117647059	-0.9146 0.3697
0.28333333333333	0.54794117647059	-0.9736 0.2000
0.28333333333333	0.55294117647059	-0.9728 -0.1819
0.28333333333333	0.55794117647059	-0.9065 0.1865
0.28333333333333	0.56294117647059	-0.9620 -0.0834
0.28333333333333	0.56794117647059	-0.9260 -0.2860
0.28333333333333	0.57294117647059	-0.8287 -0.4851
0.28333333333333	0.57794117647059	-0.6273 -0.6785
0.28333333333333	0.58294117647059	-0.2196 -0.7512
0.28333333333333	0.58794117647059	0.1371 -0.2442
0.28333333333333	0.59294117647059	-0.3336 0.0827
0.28333333333333	0.59794117647059	-0.5867 -0.1420
0.29166666666667	0.35294117647059	-0.9365 0.3475
0.29166666666667	0.35794117647059	-0.9795 0.2013
0.29166666666667	0.36294117647059	-0.9978 0.0436
0.29166666666667	0.36794117647059	-0.9874 -0.1205
0.29166666666667	0.37294117647059	-0.9462 -0.2845
0.29166666666667	0.37794117647059	-0.8741 -0.4412
0.29166666666667	0.38294117647059	-0.7730 -0.5841
0.29166666666667	0.38794117647059	-0.6464 -0.7078
0.29166666666667	0.39294117647059	-0.4983 -0.8086
0.29166666666667	0.39794117647059	-0.3318 -0.8842
0.29166666666667	0.40294117647059	-0.1487 -0.9323
0.29166666666667	0.40794117647059	0.0521 -0.9491
0.29166666666667	0.41294117647059	0.2742 -0.9250
0.29166666666667	0.41794117647059	0.5224 -0.8356
0.29166666666667	0.42294117647059	0.7879 -0.6156
0.29166666666667	0.42794117647059	0.9156 -0.1092
0.29166666666667	0.43294117647059	0.2491 0.2720
0.29166666666667	0.43794117647059	0.0619 -0.3693
0.29166666666667	0.44294117647059	0.4483 -0.5356
0.29166666666667	0.44794117647059	0.7373 -0.4093
0.29166666666667	0.45294117647059	0.9021 -0.1875
0.29166666666667	0.45794117647059	0.9639 0.0609
0.29166666666667	0.46294117647059	0.9428 0.2997
0.29166666666667	0.46794117647059	0.8600 0.5080
0.29166666666667	0.47294117647059	0.7363 0.6758
0.29166666666667	0.47794117647059	0.5894 0.8017
0.29166666666667	0.48294117647059	0.4322 0.8890
0.29166666666667	0.48794117647059	0.2730 0.9427
0.29166666666667	0.49294117647059	0.1169 0.9682
0.29166666666667	0.49794117647059	-0.0335 0.9699
0.29166666666667	0.50294117647059	-0.1769 0.9512
0.29166666666667	0.50794117647059	-0.3127 0.9144
0.29166666666667	0.51294117647059	-0.4405 0.8609
0.29166666666667	0.51794117647059	-0.5602 0.7910
0.29166666666667	0.52294117647059	-0.6665 0.7072
0.29166666666667	0.52794117647059	-0.7684 0.6035
0.29166666666667	0.53294117647059	-0.8579 0.4800
0.29166666666667	0.53794117647059	-0.9363 0.3246
0.29166666666667	0.54294117647059	-0.9979 0.0652
0.29166666666667	0.54794117647059	-0.4791 0.4633
0.29166666666667	0.55294117647059	-0.9375 0.1024
0.29166666666667	0.55794117647059	-0.9508 -0.1256
0.29166666666667	0.56294117647059	-0.8923 -0.3401
0.29166666666667	0.56794117647059	-0.7360 -0.5605
0.29166666666667	0.57294117647059	-0.3656 -0.7115
0.29166666666667	0.57794117647059	0.0984 -0.2731
0.29166666666667	0.58294117647059	-0.3736 0.1306
0.29166666666667	0.58794117647059	-0.6469 -0.1036
0.29166666666667	0.59294117647059	-0.6592 -0.3279
0.29166666666667	0.59794117647059	-0.5857 -0.4863
0.3	0.35294117647059	-0.9834 0.1813
0.3	0.35794117647059	-0.9983 0.0198
0.3	0.36294117647059	-0.9830 -0.1472
0.3	0.36794117647059	-0.9358 -0.3125
0.3	0.37294117647059	-0.8572 -0.4687
0.3	0.37794117647059	-0.7499 -0.6091
0.3	0.38294117647059	-0.6179 -0.7289
0.3	0.38794117647059	-0.4655 -0.8248
0.3	0.39294117647059	-0.2955 -0.8950
0.3	0.39794117647059	-0.1088 -0.9376
0.3	0.40294117647059	0.0967 -0.9477
0.3	0.40794117647059	0.3264 -0.9130
0.3	0.41294117647059	0.5859 -0.8001
0.3	0.41794117647059	0.8504 -0.5163
0.3	0.42294117647059	0.8195 0.0898
0.3	0.42794117647059	0.0499 0.1014
0.3	0.43294117647059	0.1422 -0.4597
0.3	0.43794117647059	0.5043 -0.5323
0.3	0.44294117647059	0.7641 -0.3895
0.3	0.44794117647059	0.9134 -0.1672
0.3	0.45294117647059	0.9666 0.0782
0.3	0.45794117647059	0.9405 0.3133
0.3	0.46294117647059	0.8549 0.5175
0.3	0.46794117647059	0.7302 0.6817
0.3	0.47294117647059	0.5834 0.8044
0.3	0.47794117647059	0.4269 0.8893
0.3	0.48294117647059	0.2688 0.9414
0.3	0.48794117647059	0.1138 0.9660
0.3	0.49294117647059	-0.0360 0.9673
0.3	0.49794117647059	-0.1794 0.9485
0.3	0.50294117647059	-0.3162 0.9115
0.3	0.50794117647059	-0.4474 0.8568
0.3	0.51294117647059	-0.5963 0.7732
0.3	0.51794117647059	-0.6670 0.7043
0.3	0.52294117647059	-0.7761 0.5940
0.3	0.52794117647059	-0.8734 0.4571
0.3	0.53294117647059	-0.9622 0.2601
0.3	0.53794117647059	-0.8316 -0.3511
0.3	0.54294117647059	-0.8075 0.3389
0.3	0.54794117647059	-0.9374 0.0610
0.3	0.55294117647059	-0.9291 -0.1703
0.3	0.55794117647059	-0.8242 -0.4120
0.3	0.56294117647059	-0.5075 -0.6313
0.3	0.56794117647059	0.0490 -0.2845
0.3	0.57294117647059	-0.4237 0.1938
0.3	0.57794117647059	-0.7127 -0.0540
0.3	0.58294117647059	-0.7295 -0.2860
0.3	0.58794117647059	-0.6619 -0.4524
0.3	0.59294117647059	-0.5588 -0.5719
0.3	0.59794117647059	-0.4355 -0.6545
0.30833333333333	0.35294117647059	-0.9983 0.0034
0.30833333333333	0.35794117647059	-0.9795 -0.1658
0.30833333333333	0.36294117647059	-0.9278 -0.3321
0.30833333333333	0.36794117647059	-0.8445 -0.4876
0.30833333333333	0.37294117647059	-0.7328 -0.6259
0.30833333333333	0.37794117647059	-0.5973 -0.7425
0.30833333333333	0.38294117647059	-0.4423 -0.8347
0.30833333333333	0.38794117647059	-0.2705 -0.9011
0.30833333333333	0.39294117647059	-0.0818 -0.9399
0.30833333333333	0.39794117647059	0.1271 -0.9456
0.30833333333333	0.40294117647059	0.3633 -0.9029
0.30833333333333	0.40794117647059	0.6325 -0.7690
0.30833333333333	0.41294117647059	0.8870 -0.4233
0.30833333333333	0.41794117647059	0.6733 0.2133
0.30833333333333	0.42294117647059	-0.0153 -0.0533
0.30833333333333	0.42794117647059	0.1964 -0.5021
0.30833333333333	0.43294117647059	0.5336 -0.5301
0.30833333333333	0.43794117647059	0.7759 -0.3824
0.30833333333333	0.44294117647059	0.9178 -0.1626
0.30833333333333	0.44794117647059	0.9684 0.0799
0.30833333333333	0.45294117647059	0.9417 0.3127
0.30833333333333	0.45794117647059	0.8565 0.5155
0.30833333333333	0.46294117647059	0.7324 0.6787
0.30833333333333	0.46794117647059	0.5863 0.8010
0.30833333333333	0.47294117647059	0.4306 0.8857
0.30833333333333	0.47794117647059	0.2731 0.9382
0.30833333333333	0.48294117647059	0.1183 0.9634
0.30833333333333	0.48794117647059	-0.0319 0.9656
0.30833333333333	0.49294117647059	-0.1770 0.9475
0.30833333333333	0.49794117647059	-0.3183 0.9106
0.30833333333333	0.50294117647059	-0.4668 0.8513
0.30833333333333	0.50794117647059	-0.5029 0.8052
0.30833333333333	0.51294117647059	-0.6633 0.7052
0.30833333333333	0.51794117647059	-0.7803 0.5888
0.30833333333333	0.52294117647059	-0.8886 0.4338
0.30833333333333	0.52794117647059	-0.9877 0.1561
0.30833333333333	0.53294117647059	-0.0554 0.2401
0.30833333333333	0.53794117647059	-0.8466 0.2815
0.30833333333333	0.54294117647059	-0.9249 0.0244
0.30833333333333	0.54794117647059	-0.8817 -0.2336
0.30833333333333	0.55294117647059	-0.6378 -0.5086
0.30833333333333	0.55794117647059	-0.0087 -0.2894
0.30833333333333	0.56294117647059	-0.4691 0.2749
0.30833333333333	0.56794117647059	-0.7759 0.0133
0.30833333333333	0.57294117647059	-0.8002 -0.2258
0.30833333333333	0.57794117647059	-0.7414 -0.4010
0.30833333333333	0.58294117647059	-0.6466 -0.5321
0.30833333333333	0.58794117647059	-0.5300 -0.6285
0.30833333333333	0.59294117647059	-0.3974 -0.6935
0.30833333333333	0.59794117647059	-0.2515 -0.7257
0.31666666666667	0.35294117647059	-0.9772 -0.1768
0.31666666666667	0.35794117647059	-0.9227 -0.3437
0.31666666666667	0.36294117647059	-0.8363 -0.4988
0.31666666666667	0.36794117647059	-0.7219 -0.6354
0.31666666666667	0.37294117647059	-0.5846 -0.7496
0.31666666666667	0.37794117647059	-0.4286 -0.8392
0.31666666666667	0.38294117647059	-0.2563 -0.9032
0.31666666666667	0.38794117647059	-0.0671 -0.9400
0.31666666666667	0.39294117647059	0.1435 -0.9437
0.31666666666667	0.39794117647059	0.3843 -0.8965
0.31666666666667	0.40294117647059	0.6615 -0.7470
0.31666666666667	0.40794117647059	0.9024 -0.3498
0.31666666666667	0.41294117647059	0.5370 0.2620
0.31666666666667	0.41794117647059	-0.0277 -0.1539
0.31666666666667	0.42294117647059	0.2260 -0.5237
0.31666666666667	0.42794117647059	0.5439 -0.5321
0.31666666666667	0.43294117647059	0.7764 -0.3864
0.31666666666667	0.43794117647059	0.9168 -0.1714
0.31666666666667	0.44294117647059	0.9695 0.0680
0.31666666666667	0.44794117647059	0.9461 0.2999
0.31666666666667	0.45294117647059	0.8637 0.5034
0.31666666666667	0.45794117647059	0.7417 0.6681
0.31666666666667	0.46294117647059	0.5970 0.7922
0.31666666666667	0.46794117647059	0.4420 0.8789
0.31666666666667	0.47294117647059	0.2846 0.9334
0.31666666666667	0.47794117647059	0.1291 0.9606
0.31666666666667	0.48294117647059	-0.0232 0.9648
0.31666666666667	0.48794117647059	-0.1730 0.9483
0.31666666666667	0.49294117647059	-0.3289 0.9107
0.31666666666667	0.49794117647059	-0.8357 0.4089
0.31666666666667	0.50294117647059	-0.5125 0.8035
0.31666666666667	0.50794117647059	-0.6561 0.7093
0.31666666666667	0.51294117647059	-0.7816 0.5872
0.31666666666667	0.51794117647059	-0.9034 0.4095
0.31666666666667	0.52294117647059	-0.9860 -0.0118
0.31666666666667	0.52794117647059	-0.4273 0.4914
0.31666666666667	0.53294117647059	-0.8469 0.2469
0.31666666666667	0.53794117647059	-0.8930 -0.0268
0.31666666666667	0.54294117647059	-0.7430 -0.3402
0.31666666666667	0.54794117647059	-0.0842 -0.2978
0.31666666666667	0.55294117647059	-0.4931 0.3753
0.31666666666667	0.55794117647059	-0.8280 0.1033
0.31666666666667	0.56294117647059	-0.8653 -0.1430
0.31666666666667	0.56794117647059	-0.8195 -0.3278
0.31666666666667	0.57294117647059	-0.7365 -0.4716
0.31666666666667	0.57794117647059	-0.6298 -0.5834
0.31666666666667	0.58294117647059	-0.5050 -0.6660
0.31666666666667	0.58794117647059	-0.3645 -0.7186
0.31666666666667	0.59294117647059	-0.2094 -0.7359
0.31666666666667	0.59794117647059	-0.0412 -0.7044
0.325	0.35294117647059	-0.9204 -0.3481
0.325	0.35794117647059	-0.8325 -0.5029
0.325	0.36294117647059	-0.7170 -0.6385
0.325	0.36794117647059	-0.5792 -0.7511
0.325	0.37294117647059	-0.4235 -0.8390
0.325	0.37794117647059	-0.2522 -0.9019
0.325	0.38294117647059	-0.0641 -0.9383
0.325	0.38794117647059	0.1462 -0.9422
0.325	0.39294117647059	0.3893 -0.8947
0.325	0.39794117647059	0.6730 -0.7378
0.325	0.40294117647059	0.9051 -0.3057
0.325	0.40794117647059	0.4430 0.2687
0.325	0.41294117647059	-0.0272 -0.2112
0.325	0.41794117647059	0.2363 -0.5354
0.325	0.42294117647059	0.5399 -0.5386
0.325	0.42794117647059	0.7678 -0.3997
0.325	0.43294117647059	0.9107 -0.1915
0.325	0.43794117647059	0.9696 0.0443
0.325	0.44294117647059	0.9527 0.2762
0.325	0.44794117647059	0.8757 0.4822
0.325	0.45294117647059	0.7572 0.6505
0.325	0.45794117647059	0.6144 0.7786
0.325	0.46294117647059	0.4600 0.8691
0.325	0.46794117647059	0.3021 0.9272
0.325	0.47294117647059	0.1446 0.9579
0.325	0.47794117647059	-0.0121 0.9653
0.325	0.48294117647059	-0.1743 0.9513
0.325	0.48794117647059	-0.4145 0.8966
0.325	0.49294117647059	-0.3087 0.8713
0.325	0.49794117647059	-0.5027 0.8081
0.325	0.50294117647059	-0.6459 0.7158
0.325	0.50794117647059	-0.7806 0.5884
0.325	0.51294117647059	-0.9173 0.3845
0.325	0.51794117647059	-0.8949 -0.2315
0.325	0.52294117647059	-0.5278 0.4755
0.325	0.52794117647059	-0.8258 0.2071
0.325	0.53294117647059	-0.8001 -0.1258
0.325	0.53794117647059	-0.2013 -0.3019
0.325	0.54294117647059	-0.4762 0.4931
0.325	0.54794117647059	-0.8595 0.2184
0.325	0.55294117647059	-0.9175 -0.0350
0.325	0.55794117647059	-0.8903 -0.2299
0.325	0.56294117647059	-0.8233 -0.3872
0.325	0.56794117647059	-0.7302 -0.5152
0.325	0.57294117647059	-0.6165 -0.6166
0.325	0.57794117647059	-0.4851 -0.6907
0.325	0.58294117647059	-0.3362 -0.7338
0.325	0.58794117647059	-0.1690 -0.7352
0.325	0.59294117647059	0.0152 -0.6672
0.325	0.59794117647059	0.1801 -0.4572
0.33333333333333	0.35294117647059	-0.8329 -0.5007
0.33333333333333	0.35794117647059	-0.7175 -0.6358
0.33333333333333	0.36294117647059	-0.5805 -0.7475
0.33333333333333	0.36794117647059	-0.4263 -0.8348
0.33333333333333	0.37294117647059	-0.2573 -0.8975
0.33333333333333	0.37794117647059	-0.0718 -0.9348
0.33333333333333	0.38294117647059	0.1363 -0.9411
0.33333333333333	0.38794117647059	0.3790 -0.8974
0.33333333333333	0.39294117647059	0.6673 -0.7428
0.33333333333333	0.39794117647059	0.9027 -0.2959
0.33333333333333	0.40294117647059	0.3966 0.2619
0.33333333333333	0.40794117647059	-0.0272 -0.2382
0.33333333333333	0.41294117647059	0.2319 -0.5414
0.33333333333333	0.41794117647059	0.5247 -0.5485
0.33333333333333	0.42294117647059	0.7510 -0.4201
0.33333333333333	0.42794117647059	0.8996 -0.2209
0.33333333333333	0.43294117647059	0.9678 0.0105
0.33333333333333	0.43794117647059	0.9605 0.2427
0.33333333333333	0.44294117647059	0.8912 0.4524
0.33333333333333	0.44794117647059	0.7778 0.6263
0.33333333333333	0.45294117647059	0.6375 0.7602
0.33333333333333	0.45794117647059	0.4837 0.8564
0.33333333333333	0.46294117647059	0.3245 0.9197
0.33333333333333	0.46794117647059	0.1633 0.9555
0.33333333333333	0.47294117647059	-0.0032 0.9680
0.33333333333333	0.47794117647059	-0.2097 0.9563
0.33333333333333	0.48294117647059	0.0216 0.8250
0.33333333333333	0.48794117647059	-0.3236 0.8764
0.33333333333333	0.49294117647059	-0.4870 0.8152
0.33333333333333	0.49794117647059	-0.6333 0.7243
0.33333333333333	0.50294117647059	-0.7776 0.5918
0.33333333333333	0.50794117647059	-0.9296 0.3594
0.33333333333333	0.51294117647059	-0.6946 -0.4020
0.33333333333333	0.51794117647059	-0.5374 0.4408
0.33333333333333	0.52294117647059	-0.7663 0.1285
0.33333333333333	0.52794117647059	-0.3718 -0.2480
0.33333333333333	0.53294117647059	-0.3914 0.6196
0.33333333333333	0.53794117647059	-0.8593 0.3590
0.33333333333333	0.54294117647059	-0.9482 0.0989
0.33333333333333	0.54794117647059	-0.9459 -0.1055
0.33333333333333	0.55294117647059	-0.9004 -0.2763
0.33333333333333	0.55794117647059	-0.8254 -0.4211
0.33333333333333	0.56294117647059	-0.7270 -0.5417
0.33333333333333	0.56794117647059	-0.6083 -0.6377
0.33333333333333	0.57294117647059	-0.4704 -0.7067
0.33333333333333	0.57794117647059	-0.3112 -0.7416
0.33333333333333	0.58294117647059	-0.1256 -0.7222
0.33333333333333	0.58794117647059	0.0823 -0.5834
0.33333333333333	0.59294117647059	0.1247 -0.1460
0.33333333333333	0.59794117647059	-0.6311 -0.1090
0.34166666666667	0.35294117647059	-0.7231 -0.6279
0.34166666666667	0.35794117647059	-0.5877 -0.7395
0.34166666666667	0.36294117647059	-0.4361 -0.8267
0.34166666666667	0.36794117647059	-0.2703 -0.8901
0.34166666666667	0.37294117647059	-0.0889 -0.9293
0.34166666666667	0.37794117647059	0.1148 -0.9397
0.34166666666667	0.38294117647059	0.3542 -0.9036
0.34166666666667	0.38794117647059	0.6445 -0.7613
0.34166666666667	0.39294117647059	0.8980 -0.3213
0.34166666666667	0.39794117647059	0.3937 0.2547
0.34166666666667	0.40294117647059	-0.0310 -0.2430
0.34166666666667	0.40794117647059	0.2161 -0.5432
0.34166666666667	0.41294117647059	0.5001 -0.5605
0.34166666666667	0.41794117647059	0.7267 -0.4456
0.34166666666667	0.42294117647059	0.8830 -0.2577
0.34166666666667	0.42794117647059	0.9631 -0.0322
0.34166666666667	0.43294117647059	0.9682 0.2001
0.34166666666667	0.43794117647059	0.9089 0.4144
0.34166666666667	0.44294117647059	0.8022 0.5953
0.34166666666667	0.44794117647059	0.6654 0.7370
0.34166666666667	0.45294117647059	0.5121 0.8407
0.34166666666667	0.45794117647059	0.3507 0.9112
0.34166666666667	0.46294117647059	0.1825 0.9544
0.34166666666667	0.46794117647059	-0.0104 0.9757
0.34166666666667	0.47294117647059	-0.6935 0.4427
0.34166666666667	0.47794117647059	-0.1201 0.9046
0.34166666666667	0.48294117647059	-0.3105 0.8822
0.34166666666667	0.48794117647059	-0.4677 0.8239
0.34166666666667	0.49294117647059	-0.6187 0.7343
0.34166666666667	0.49794117647059	-0.7735 0.5966
0.34166666666667	0.50294117647059	-0.9407 0.3337
0.34166666666667	0.50794117647059	-0.4940 -0.4623
0.34166666666667	0.51294117647059	-0.5001 0.3757
0.34166666666667	0.51794117647059	-0.5128 -0.0577
0.34166666666667	0.52294117647059	-0.1950 0.7217
0.34166666666667	0.52794117647059	-0.8130 0.5227
0.34166666666667	0.53294117647059	-0.9462 0.2572
0.34166666666667	0.53794117647059	-0.9768 0.0450
0.34166666666667	0.54294117647059	-0.9592 -0.1380
0.34166666666667	0.54794117647059	-0.9080 -0.2987
0.34166666666667	0.55294117647059	-0.8297 -0.4384
0.34166666666667	0.55794117647059	-0.7283 -0.5563
0.34166666666667	0.56294117647059	-0.6056 -0.6504
0.34166666666667	0.56794117647059	-0.4606 -0.7167
0.34166666666667	0.57294117647059	-0.2869 -0.7434
0.34166666666667	0.57794117647059	-0.0698 -0.6881
0.34166666666667	0.58294117647059	0.1436 -0.3597
0.34166666666667	0.58794117647059	-0.5755 0.0314
0.34166666666667	0.59294117647059	-0.6450 -0.7412
0.34166666666667	0.59794117647059	-0.3125 -0.9489
0.35	0.35294117647059	-0.6001 -0.7273
0.35	0.35794117647059	-0.4517 -0.8152
0.35	0.36294117647059	-0.2900 -0.8798
0.35	0.36794117647059	-0.1138 -0.9216
0.35	0.37294117647059	0.0837 -0.9372
0.35	0.37794117647059	0.3165 -0.9114
0.35	0.38294117647059	0.6051 -0.7896
0.35	0.38794117647059	0.8875 -0.3798
0.35	0.39294117647059	0.4316 0.2473
0.35	0.39794117647059	-0.0377 -0.2294
0.35	0.40294117647059	0.1917 -0.5409
0.35	0.40794117647059	0.4680 -0.5729
0.35	0.41294117647059	0.6954 -0.4742
0.35	0.41794117647059	0.8604 -0.2998
0.35	0.42294117647059	0.9542 -0.0821
0.35	0.42794117647059	0.9741 0.1492
0.35	0.43294117647059	0.9276 0.3684
0.35	0.43794117647059	0.8295 0.5576
0.35	0.44294117647059	0.6972 0.7087
0.35	0.44794117647059	0.5445 0.8220
0.35	0.45294117647059	0.3793 0.9022
0.35	0.45794117647059	0.1957 0.9572
0.35	0.46294117647059	-0.1292 0.9892
0.35	0.46794117647059	0.1173 0.8679
0.35	0.47294117647059	-0.1203 0.9143
0.35	0.47794117647059	-0.2885 0.8888
0.35	0.48294117647059	-0.4454 0.8337
0.35	0.48794117647059	-0.6024 0.7454
0.35	0.49294117647059	-0.7688 0.6019
0.35	0.49794117647059	-0.9512 0.3051
0.35	0.50294117647059	-0.3684 -0.4823
0.35	0.50794117647059	-0.3780 0.2112
0.35	0.51294117647059	0.1675 0.6658
0.35	0.51794117647059	-0.6972 0.7041
0.35	0.52294117647059	-0.8972 0.4352
0.35	0.52794117647059	-0.9707 0.2189
0.35	0.53294117647059	-0.9891 0.0272
0.35	0.53794117647059	-0.9687 -0.1474
0.35	0.54294117647059	-0.9167 -0.3049
0.35	0.54794117647059	-0.8376 -0.4438
0.35	0.55294117647059	-0.7346 -0.5619
0.35	0.55794117647059	-0.6085 -0.6566
0.35	0.56294117647059	-0.4553 -0.7223
0.35	0.56794117647059	-0.2587 -0.7388
0.35	0.57294117647059	0.0184 -0.5941
0.35	0.57794117647059	-0.2923 0.1449
0.35	0.58294117647059	-0.7207 -0.6786
0.35	0.58794117647059	-0.3948 -0.9095
0.35	0.59294117647059	-0.1620 -0.9626
0.35	0.59794117647059	0.0456 -0.9722
0.35833333333333	0.35294117647059	-0.4721 -0.8005
0.35833333333333	0.35794117647059	-0.3151 -0.8668
0.35833333333333	0.36294117647059	-0.1449 -0.9115
0.35833333333333	0.36794117647059	0.0448 -0.9327
0.35833333333333	0.37294117647059	0.2682 -0.9185
0.35833333333333	0.37794117647059	0.5498 -0.8228
0.35833333333333	0.38294117647059	0.8630 -0.4656
0.35833333333333	0.38794117647059	0.5100 0.2292
0.35833333333333	0.39294117647059	-0.0443 -0.1986
0.35833333333333	0.39794117647059	0.1608 -0.5339
0.35833333333333	0.40294117647059	0.4297 -0.5845
0.35833333333333	0.40794117647059	0.6579 -0.5039
0.35833333333333	0.41294117647059	0.8315 -0.3453
0.35833333333333	0.41794117647059	0.9400 -0.1378
0.35833333333333	0.42294117647059	0.9769 0.0910
0.35833333333333	0.42794117647059	0.9456 0.3146
0.35833333333333	0.43294117647059	0.8584 0.5128
0.35833333333333	0.43794117647059	0.7319 0.6751
0.35833333333333	0.44294117647059	0.5799 0.8003
0.35833333333333	0.44794117647059	0.4074 0.8941
0.35833333333333	0.45294117647059	0.1780 0.9725
0.35833333333333	0.45794117647059	0.4146 0.5673
0.35833333333333	0.46294117647059	0.0827 0.9067
0.35833333333333	0.46794117647059	-0.0991 0.9195
0.35833333333333	0.47294117647059	-0.2612 0.8960
0.35833333333333	0.47794117647059	-0.4205 0.8443
0.35833333333333	0.48294117647059	-0.5849 0.7572
0.35833333333333	0.48794117647059	-0.7646 0.6063
0.35833333333333	0.49294117647059	-0.9628 0.2676
0.35833333333333	0.49794117647059	-0.2922 -0.5469
0.35833333333333	0.50294117647059	0.4454 0.1396
0.35833333333333	0.50794117647059	-0.4614 0.8871
0.35833333333333	0.51294117647059	-0.7794 0.6228
0.35833333333333	0.51794117647059	-0.9119 0.4093
0.35833333333333	0.52294117647059	-0.9762 0.2149
0.35833333333333	0.52794117647059	-0.9952 0.0314
0.35833333333333	0.53294117647059	-0.9772 -0.1408
0.35833333333333	0.53794117647059	-0.9271 -0.2990
0.35833333333333	0.54294117647059	-0.8491 -0.4397
0.35833333333333	0.54794117647059	-0.7460 -0.5602
0.35833333333333	0.55294117647059	-0.6174 -0.6576
0.35833333333333	0.55794117647059	-0.4539 -0.7248
0.35833333333333	0.56294117647059	-0.2154 -0.7228
0.35833333333333	0.56794117647059	0.0942 -0.1964
0.35833333333333	0.57294117647059	-0.8089 -0.5645
0.35833333333333	0.57794117647059	-0.4691 -0.8640
0.35833333333333	0.58294117647059	-0.2543 -0.9248
0.35833333333333	0.58794117647059	-0.0810 -0.9443
0.35833333333333	0.59294117647059	0.0882 -0.9444
0.35833333333333	0.59794117647059	0.2996 -0.9205
0.36666666666667	0.35294117647059	-0.3444 -0.8511
0.36666666666667	0.35794117647059	-0.1808 -0.8988
0.36666666666667	0.36294117647059	0.0002 -0.9254
0.36666666666667	0.36794117647059	0.2119 -0.9229
0.36666666666667	0.37294117647059	0.4810 -0.8552
0.36666666666667	0.37794117647059	0.8156 -0.5678
0.36666666666667	0.38294117647059	0.6246 0.1794
0.36666666666667	0.38794117647059	-0.0459 -0.1501
0.36666666666667	0.39294117647059	0.1256 -0.5217
0.36666666666667	0.39794117647059	0.3869 -0.5938
0.36666666666667	0.40294117647059	0.6149 -0.5328
0.36666666666667	0.40794117647059	0.7962 -0.3920
0.36666666666667	0.41294117647059	0.9194 -0.1974
0.36666666666667	0.41794117647059	0.9748 0.0264
0.36666666666667	0.42294117647059	0.9612 0.2532
0.36666666666667	0.42794117647059	0.8875 0.4607
0.36666666666667	0.43294117647059	0.7684 0.6358
0.36666666666667	0.43794117647059	0.6168 0.7760
0.36666666666667	0.44294117647059	0.4278 0.8915
0.36666666666667	0.44794117647059	-0.1692 0.9523
0.36666666666667	0.45294117647059	0.3029 0.8430
0.36666666666667	0.45794117647059	0.0992 0.9143
0.36666666666667	0.46294117647059	-0.0688 0.9232
0.36666666666667	0.46794117647059	-0.2299 0.9033
0.36666666666667	0.47294117647059	-0.3932 0.8555
0.36666666666667	0.47794117647059	-0.5665 0.7693
0.36666666666667	0.48294117647059	-0.7624 0.6079
0.36666666666667	0.48794117647059	-0.9775 0.2063
0.36666666666667	0.49294117647059	-0.0857 -0.8120
0.36666666666667	0.49794117647059	0.0482 0.9636
0.36666666666667	0.50294117647059	-0.5515 0.7941
0.36666666666667	0.50794117647059	-0.7781 0.6009
0.36666666666667	0.51294117647059	-0.9034 0.4151
0.36666666666667	0.51794117647059	-0.9723 0.2315
0.36666666666667	0.52294117647059	-0.9977 0.0510
0.36666666666667	0.52794117647059	-0.9852 -0.1221
0.36666666666667	0.53294117647059	-0.9394 -0.2829
0.36666666666667	0.53794117647059	-0.8642 -0.4272
0.36666666666667	0.54294117647059	-0.7624 -0.5518
0.36666666666667	0.54794117647059	-0.6323 -0.6538
0.36666666666667	0.55294117647059	-0.4551 -0.7251
0.36666666666667	0.55794117647059	-0.1169 -0.6624
0.36666666666667	0.56294117647059	-0.8931 -0.2751
0.36666666666667	0.56794117647059	-0.5463 -0.8110
0.36666666666667	0.57294117647059	-0.3368 -0.8846
0.36666666666667	0.57794117647059	-0.1792 -0.9123
0.36666666666667	0.58294117647059	-0.0360 -0.9219
0.36666666666667	0.58794117647059	0.1098 -0.9188
0.36666666666667	0.59294117647059	0.2920 -0.8995
0.36666666666667	0.59794117647059	0.8378 -0.2533
0.375	0.35294117647059	-0.2197 -0.8835
0.375	0.35794117647059	-0.0480 -0.9151
0.375	0.36294117647059	0.1506 -0.9230
0.375	0.36794117647059	0.4022 -0.8818
0.375	0.37294117647059	0.7409 -0.6715
0.375	0.37794117647059	0.7560 0.0708
0.375	0.38294117647059	-0.0347 -0.0827
0.375	0.38794117647059	0.0879 -0.5036
0.375	0.39294117647059	0.3413 -0.6002
0.375	0.39794117647059	0.5677 -0.5593
0.375	0.40294117647059	0.7549 -0.4379
0.375	0.40794117647059	0.8920 -0.2587
0.375	0.41294117647059	0.9665 -0.0428
0.375	0.41794117647059	0.9727 0.1852
0.375	0.42294117647059	0.9150 0.4016
0.375	0.42794117647059	0.8054 0.5910
0.375	0.43294117647059	0.6526 0.7509
0.375	0.43794117647059	0.4078 0.9113
0.375	0.44294117647059	0.5514 0.6277
0.375	0.44794117647059	0.3071 0.8661
0.375	0.45294117647059	0.1310 0.9146
0.375	0.45794117647059	-0.0328 0.9256
0.375	0.46294117647059	-0.1954 0.9105
0.375	0.46794117647059	-0.3640 0.8670
0.375	0.47294117647059	-0.5484 0.7810
0.375	0.47794117647059	-0.7652 0.6023
0.375	0.48294117647059	-0.9920 0.0697
0.375	0.48794117647059	0.5582 0.0133
0.375	0.49294117647059	-0.1178 0.8217
0.375	0.49794117647059	-0.5328 0.7559
0.375	0.50294117647059	-0.7489 0.6060
0.375	0.50794117647059	-0.8818 0.4382
0.375	0.51294117647059	-0.9613 0.2616
0.375	0.51794117647059	-0.9966 0.0822
0.375	0.52294117647059	-0.9924 -0.0932
0.375	0.52794117647059	-0.9527 -0.2582
0.375	0.53294117647059	-0.8820 -0.4073
0.375	0.53794117647059	-0.7833 -0.5370
0.375	0.54294117647059	-0.6535 -0.6454
0.375	0.54794117647059	-0.4553 -0.7239
0.375	0.55294117647059	0.0066 -0.0109
0.375	0.55794117647059	-0.6356 -0.7440
0.375	0.56294117647059	-0.4181 -0.8410
0.375	0.56794117647059	-0.2687 -0.8784
0.375	0.57294117647059	-0.1367 -0.8966
0.375	0.57794117647059	-0.0096 -0.9023
0.375	0.58294117647059	0.1216 -0.8975
0.375	0.58794117647059	0.2868 -0.8810
0.375	0.59294117647059	-0.1060 -0.5059
0.375	0.59794117647059	0.3491 -0.7934
0.38333333333333	0.35294117647059	-0.0978 -0.9017
0.38333333333333	0.35794117647059	0.0870 -0.9182
0.38333333333333	0.36294117647059	0.3181 -0.8995
0.38333333333333	0.36794117647059	0.6422 -0.7616
0.38333333333333	0.37294117647059	0.8607 -0.1115
0.38333333333333	0.37794117647059	0.0021 0.0036
0.38333333333333	0.38294117647059	0.0501 -0.4795
0.38333333333333	0.38794117647059	0.2949 -0.6031
0.38333333333333	0.39294117647059	0.5181 -0.5823
0.38333333333333	0.39794117647059	0.7089 -0.4809
0.38333333333333	0.40294117647059	0.8577 -0.3193
0.38333333333333	0.40794117647059	0.9508 -0.1145
0.38333333333333	0.41294117647059	0.9783 0.1117
0.38333333333333	0.41794117647059	0.9392 0.3359
0.38333333333333	0.42294117647059	0.8408 0.5411
0.38333333333333	0.42794117647059	0.6812 0.7302
0.38333333333333	0.43294117647059	-0.1392 0.8079
0.38333333333333	0.43794117647059	0.5263 0.7534
0.38333333333333	0.44294117647059	0.3382 0.8650
0.38333333333333	0.44794117647059	0.1705 0.9112
0.38333333333333	0.45294117647059	0.0073 0.9268
0.38333333333333	0.45794117647059	-0.1582 0.9172
0.38333333333333	0.46294117647059	-0.3338 0.8784
0.38333333333333	0.46794117647059	-0.5324 0.7913
0.38333333333333	0.47294117647059	-0.7790 0.5788
0.38333333333333	0.47794117647059	-0.7104 -0.4255
0.38333333333333	0.48294117647059	0.0937 0.0710
0.38333333333333	0.48794117647059	-0.1222 0.7349
0.38333333333333	0.49294117647059	-0.4861 0.7388
0.38333333333333	0.49794117647059	-0.7052 0.6221
0.38333333333333	0.50294117647059	-0.8502 0.4704
0.38333333333333	0.50794117647059	-0.9433 0.3007
0.38333333333333	0.51294117647059	-0.9913 0.1222
0.38333333333333	0.51794117647059	-0.9976 -0.0561
0.38333333333333	0.52294117647059	-0.9661 -0.2261
0.38333333333333	0.52794117647059	-0.9015 -0.3808
0.38333333333333	0.53294117647059	-0.8077 -0.5163
0.38333333333333	0.53794117647059	-0.6809 -0.6320
0.38333333333333	0.54294117647059	-0.4385 -0.7218
0.38333333333333	0.54794117647059	-0.7654 -0.6293
0.38333333333333	0.55294117647059	-0.5026 -0.7915
0.38333333333333	0.55794117647059	-0.3574 -0.8412
0.38333333333333	0.56294117647059	-0.2309 -0.8692
0.38333333333333	0.56794117647059	-0.1107 -0.8837
0.38333333333333	0.57294117647059	0.0083 -0.8876
0.38333333333333	0.57794117647059	0.1354 -0.8829
0.38333333333333	0.58294117647059	0.7735 -0.6138
0.38333333333333	0.58794117647059	0.2221 -0.8020
0.38333333333333	0.59294117647059	0.4165 -0.7825
0.38333333333333	0.59794117647059	0.5394 -0.7258
0.39166666666667	0.35294117647059	0.0238 -0.9086
0.39166666666667	0.35794117647059	0.2332 -0.9071
0.39166666666667	0.36294117647059	0.5290 -0.8286
0.39166666666667	0.36794117647059	0.8868 -0.3433
0.39166666666667	0.37294117647059	0.0843 0.1022
0.39166666666667	0.37794117647059	0.0142 -0.4499
0.39166666666667	0.38294117647059	0.2500 -0.6031
0.39166666666667	0.38794117647059	0.4686 -0.6012
0.39166666666667	0.39294117647059	0.6599 -0.5194
0.39166666666667	0.39794117647059	0.8174 -0.3769
0.39166666666667	0.40294117647059	0.9274 -0.1862
0.39166666666667	0.40794117647059	0.9765 0.0350
0.39166666666667	0.41294117647059	0.9580 0.2650
0.39166666666667	0.41794117647059	0.8722 0.4883
0.39166666666667	0.42294117647059	0.6786 0.7330
0.39166666666667	0.42794117647059	0.7483 0.4664
0.39166666666667	0.43294117647059	0.5517 0.7603
0.39166666666667	0.43794117647059	0.3800 0.8547
0.39166666666667	0.44294117647059	0.2149 0.9048
0.39166666666667	0.44794117647059	0.0504 0.9266
0.39166666666667	0.45294117647059	-0.1194 0.9234
0.39166666666667	0.45794117647059	-0.3041 0.8894
0.39166666666667	0.46294117647059	-0.5224 0.7981
0.39166666666667	0.46794117647059	-0.8171 0.4977
0.39166666666667	0.47294117647059	-0.5084 0.4262
0.39166666666667	0.47794117647059	0.0711 0.0842
0.39166666666667	0.48294117647059	-0.1069 0.6836
0.39166666666667	0.48794117647059	-0.4324 0.7276
0.39166666666667	0.49294117647059	-0.6531 0.6406
0.39166666666667	0.49794117647059	-0.8101 0.5063
0.39166666666667	0.50294117647059	-0.9182 0.3451
0.39166666666667	0.50794117647059	-0.9809 0.1685
0.39166666666667	0.51294117647059	-0.9999 -0.0127
0.39166666666667	0.51794117647059	-0.9783 -0.1881
0.39166666666667	0.52294117647059	-0.9212 -0.3491
0.39166666666667	0.52794117647059	-0.8339 -0.4907
0.39166666666667	0.53294117647059	-0.7137 -0.6133
0.39166666666667	0.53794117647059	-0.1445 -0.6163
0.39166666666667	0.54294117647059	-0.5933 -0.7320
0.39166666666667	0.54794117647059	-0.4501 -0.7980
0.39166666666667	0.55294117647059	-0.3264 -0.8380
0.39166666666667	0.55794117647059	-0.2082 -0.8627
0.39166666666667	0.56294117647059	-0.0917 -0.8761
0.39166666666667	0.56794117647059	0.0310 -0.8820
0.39166666666667	0.57294117647059	0.0187 -0.8085
0.39166666666667	0.57794117647059	0.2166 -0.8404
0.39166666666667	0.58294117647059	0.3335 -0.8129
0.39166666666667	0.58794117647059	0.4504 -0.7698
0.39166666666667	0.59294117647059	0.5675 -0.7058
0.39166666666667	0.59794117647059	0.6731 -0.6424
0.4	0.35294117647059	0.1516 -0.9052
0.4	0.35794117647059	0.4124 -0.8697
0.4	0.36294117647059	0.8168 -0.5657
0.4	0.36794117647059	0.2390 0.1889
0.4	0.37294117647059	-0.0174 -0.4165
0.4	0.37794117647059	0.2091 -0.6015
0.4	0.38294117647059	0.4216 -0.6161
0.4	0.38794117647059	0.6105 -0.5523
0.4	0.39294117647059	0.7730 -0.4291
0.4	0.39794117647059	0.8968 -0.2550
0.4	0.40294117647059	0.9663 -0.0424
0.4	0.40794117647059	0.9695 0.1912
0.4	0.41294117647059	0.8951 0.4375
0.4	0.41794117647059	0.3711 0.8122
0.4	0.42294117647059	0.7629 0.5651
0.4	0.42794117647059	0.5929 0.7431
0.4	0.43294117647059	0.4277 0.8385
0.4	0.43794117647059	0.2628 0.8956
0.4	0.44294117647059	0.0955 0.9250
0.4	0.44794117647059	-0.0803 0.9291
0.4	0.45294117647059	-0.2773 0.9001
0.4	0.45794117647059	-0.5255 0.7972
0.4	0.46294117647059	-0.7474 0.0178
0.4	0.46794117647059	-0.7036 0.1793
0.4	0.47294117647059	0.1024 0.1766
0.4	0.47794117647059	-0.0964 0.6566
0.4	0.48294117647059	-0.3818 0.7176
0.4	0.48794117647059	-0.5978 0.6566
0.4	0.49294117647059	-0.7636 0.5412
0.4	0.49794117647059	-0.8861 0.3910
0.4	0.50294117647059	-0.9647 0.2182
0.4	0.50794117647059	-0.9982 0.0349
0.4	0.51294117647059	-0.9881 -0.1463
0.4	0.51794117647059	-0.9393 -0.3145
0.4	0.52294117647059	-0.8592 -0.4625
0.4	0.52794117647059	-0.7500 -0.5895
0.4	0.53294117647059	-0.6951 -0.6541
0.4	0.53794117647059	-0.5508 -0.7442
0.4	0.54294117647059	-0.4289 -0.7996
0.4	0.54794117647059	-0.3097 -0.8374
0.4	0.55294117647059	-0.1912 -0.8622
0.4	0.55794117647059	-0.0643 -0.8810
0.4	0.56294117647059	-0.0264 -0.8352
0.4	0.56794117647059	0.1252 -0.8532
0.4	0.57294117647059	0.3008 -0.8464
0.4	0.57794117647059	0.3424 -0.8033
0.4	0.58294117647059	0.4657 -0.7556
0.4	0.58794117647059	0.5765 -0.7075
0.4	0.59294117647059	0.6955 -0.6178
0.4	0.59794117647059	0.8059 -0.5045
0.40833333333333	0.35294117647059	0.3016 -0.8879
0.40833333333333	0.35794117647059	0.6804 -0.7298
0.40833333333333	0.36294117647059	0.4829 0.2001
0.40833333333333	0.36794117647059	-0.0434 -0.3821
0.40833333333333	0.37294117647059	0.1747 -0.6004
0.40833333333333	0.37794117647059	0.3799 -0.6280
0.40833333333333	0.38294117647059	0.5635 -0.5794
0.40833333333333	0.38794117647059	0.7270 -0.4745
0.40833333333333	0.39294117647059	0.8605 -0.3181
0.40833333333333	0.39794117647059	0.9480 -0.1171
0.40833333333333	0.40294117647059	0.9721 0.1181
0.40833333333333	0.40794117647059	0.8998 0.4019
0.40833333333333	0.41294117647059	0.8791 0.0643
0.40833333333333	0.41794117647059	0.7957 0.5524
0.40833333333333	0.42294117647059	0.6408 0.7141
0.40833333333333	0.42794117647059	0.4790 0.8172
0.40833333333333	0.43294117647059	0.3129 0.8837
0.40833333333333	0.43794117647059	0.1415 0.9222
0.40833333333333	0.44294117647059	-0.0425 0.9347
0.40833333333333	0.44794117647059	-0.2572 0.9104
0.40833333333333	0.45294117647059	-0.5583 0.7750
0.40833333333333	0.45794117647059	-0.4497 0.7604
0.40833333333333	0.46294117647059	-0.5315 -0.0667
0.40833333333333	0.46794117647059	0.1173 0.3078
0.40833333333333	0.47294117647059	-0.0949 0.6482
0.40833333333333	0.47794117647059	-0.3397 0.7085
0.40833333333333	0.48294117647059	-0.5440 0.6679
0.40833333333333	0.48794117647059	-0.7136 0.5717
0.40833333333333	0.49294117647059	-0.8482 0.4349
0.40833333333333	0.49794117647059	-0.9427 0.2682
0.40833333333333	0.50294117647059	-0.9920 0.0839
0.40833333333333	0.50794117647059	-0.9946 -0.1037
0.40833333333333	0.51294117647059	-0.9543 -0.2809
0.40833333333333	0.51794117647059	-0.8793 -0.4373
0.40833333333333	0.52294117647059	-0.7800 -0.5672
0.40833333333333	0.52794117647059	-0.6661 -0.6698
0.40833333333333	0.53294117647059	-0.5453 -0.7472
0.40833333333333	0.53794117647059	-0.4223 -0.8035
0.40833333333333	0.54294117647059	-0.2982 -0.8436
0.40833333333333	0.54794117647059	-0.1630 -0.8782
0.40833333333333	0.55294117647059	-0.1142 -0.8364
0.40833333333333	0.55794117647059	0.0382 -0.8655
0.40833333333333	0.56294117647059	0.1982 -0.8687
0.40833333333333	0.56794117647059	0.1400 -0.7888
0.40833333333333	0.57294117647059	0.3351 -0.7903
0.40833333333333	0.57794117647059	0.4602 -0.7604
0.40833333333333	0.58294117647059	0.5916 -0.6898
0.40833333333333	0.58794117647059	0.7181 -0.5952
0.40833333333333	0.59294117647059	0.8382 -0.4636
0.40833333333333	0.59794117647059	0.9436 -0.2754
0.41666666666667	0.35294117647059	0.5227 -0.8247
0.41666666666667	0.35794117647059	0.7583 0.0355
0.41666666666667	0.36294117647059	-0.0631 -0.3506
0.41666666666667	0.36794117647059	0.1487 -0.6025
0.41666666666667	0.37294117647059	0.3457 -0.6383
0.41666666666667	0.37794117647059	0.5215 -0.6012
0.41666666666667	0.38294117647059	0.6823 -0.5123
0.41666666666667	0.38794117647059	0.8211 -0.3735
0.41666666666667	0.39294117647059	0.9225 -0.1857
0.41666666666667	0.39794117647059	0.9649 0.0509
0.41666666666667	0.40294117647059	0.8372 0.4283
0.41666666666667	0.40794117647059	0.9503 0.2300
0.41666666666667	0.41294117647059	0.8352 0.5119
0.41666666666667	0.41794117647059	0.6912 0.6767
0.41666666666667	0.42294117647059	0.5323 0.7911
0.41666666666667	0.42794117647059	0.3645 0.8692
0.41666666666667	0.43294117647059	0.1876 0.9187
0.41666666666667	0.43794117647059	-0.0081 0.9411
0.41666666666667	0.44294117647059	-0.2507 0.9204
0.41666666666667	0.44794117647059	-0.6717 0.6519
0.41666666666667	0.45294117647059	-0.7244 0.4960
0.41666666666667	0.45794117647059	-0.1311 -0.0850
0.41666666666667	0.46294117647059	0.1004 0.4356
0.41666666666667	0.46794117647059	-0.1006 0.6524
0.41666666666667	0.47294117647059	-0.3079 0.7014
0.41666666666667	0.47794117647059	-0.4956 0.6743
0.41666666666667	0.48294117647059	-0.6635 0.5958
0.41666666666667	0.48794117647059	-0.8065 0.4739
0.41666666666667	0.49294117647059	-0.9157 0.3155
0.41666666666667	0.49794117647059	-0.9813 0.1313
0.41666666666667	0.50294117647059	-0.9974 -0.0639
0.41666666666667	0.50794117647059	-0.9644 -0.2540
0.41666666666667	0.51294117647059	-0.8868 -0.4280
0.41666666666667	0.51794117647059	-0.8407 0.1528
0.41666666666667	0.52294117647059	-0.6894 -0.6609
0.41666666666667	0.52794117647059	-0.5561 -0.7499
0.41666666666667	0.53294117647059	-0.4219 -0.8139
0.41666666666667	0.53794117647059	-0.2758 -0.8687
0.41666666666667	0.54294117647059	-0.2223 -0.8245
0.41666666666667	0.54794117647059	-0.0532 -0.8772
0.41666666666667	0.55294117647059	0.1233 -0.8957
0.41666666666667	0.55794117647059	0.4584 0.1032
0.41666666666667	0.56294117647059	0.1521 -0.7835
0.41666666666667	0.56794117647059	0.3138 -0.7928
0.41666666666667	0.57294117647059	0.4636 -0.7454
0.41666666666667	0.57794117647059	0.6063 -0.6737
0.41666666666667	0.58294117647059	0.7484 -0.5637
0.41666666666667	0.58794117647059	0.8850 -0.3943
0.41666666666667	0.59294117647059	0.9910 -0.1083
0.41666666666667	0.59794117647059	0.7447 0.5182
