7.718122545030324799e-01
7.615110374299627338e-01
7.485966047809632373e-01
7.342702220336554397e-01
7.193930102508800939e-01
7.045831965584604673e-01
6.902777472639107792e-01
6.767732143124152167e-01
6.642541790257369128e-01
6.528136969103184306e-01
6.424679927256283785e-01
6.331663760558485787e-01
6.247964051637936445e-01
6.171833393729758699e-01
6.100814458277038499e-01
6.031519591521943280e-01
5.959165594222282092e-01
5.876611561250073557e-01
5.772276525104609313e-01
5.625201568949004249e-01
5.391580378806731799e-01
4.959456067621487163e-01
3.937651607459746739e-01
4.789716837561720092e-02
1.003961155554681017e+00
8.639986778535395651e-01
7.961401309964825090e-01
7.638084647548060158e-01
7.457898870898455046e-01
7.347217109004839930e-01
7.274654873308799008e-01
7.224643340004706094e-01
7.188564617844992455e-01
7.161232169943440029e-01
7.139301227641385861e-01
7.120471922611567583e-01
7.103049816973122654e-01
7.085675689931497656e-01
7.067130042496420073e-01
7.046147163269577129e-01
7.021154908160225361e-01
6.989740154979795506e-01
6.947197783053064013e-01
6.882929200028762295e-01
6.829506365528168477e-01
6.851716657783575304e-01
6.860389050921495979e-01
6.774572717072152583e-01
6.673554420767026096e-01
6.549924940257209061e-01
6.394526596305791788e-01
6.195387784183532531e-01
5.935924791695832425e-01
5.592489554416394393e-01
5.131092401515101598e-01
4.504043915196950243e-01
3.651271466342659311e-01
2.525650496891629904e-01
1.201082230984163307e-01
1.414356922974619943e-02
3.121822123188021728e-02
2.112606704010210057e-01
4.474984727348772506e-01
6.356730200140161546e-01
7.581669714271320748e-01
8.332092884055327664e-01
8.791210316036633943e-01
9.077344341246912363e-01
9.259275349099373997e-01
9.376263637255548566e-01
9.450954084811129530e-01
9.496657523528249101e-01
9.521352822801925075e-01
9.529905535669150884e-01
9.525324405456916388e-01
9.509491473397031491e-01
9.483597622425599116e-01
9.448409009239128187e-01
9.404433796206068674e-01
9.352028513182295555e-01
9.291466871889620949e-01
9.222984592737685228e-01
9.146808500028805744e-01
9.063175061327143345e-01
8.972341769425069558e-01
8.874593834634306733e-01
8.770248477139703791e-01
8.659660195711680331e-01
8.543235365735418751e-01
8.421487198451380607e-01
8.295306274553805315e-01
8.168609372770273547e-01
7.999943209395848909e-01
7.874627045685071991e-01
7.731418474667886009e-01
7.582796150016626324e-01
7.431151690863085912e-01
7.274827262325208599e-01
7.114757838245985289e-01
6.950619906638235701e-01
6.781885541343214419e-01
6.607705751172195940e-01
6.426780487345002957e-01
6.237164437640063674e-01
6.035955671754197338e-01
5.818773544454437507e-01
5.578838643973529354e-01
5.305252395415560596e-01
4.979537873525844982e-01
4.568028478182916685e-01
4.003177279699119961e-01
3.132463964599715434e-01
1.600211346421098191e-01
4.691406983986600582e-02
6.845841554917416749e-01
8.724327036722332451e-01
8.145344490703031459e-01
7.544750287383181764e-01
7.102493305012437252e-01
4.543852377267573184e-01
6.386903505030077088e-01
6.194837521694795957e-01
6.017727438317282962e-01
5.862725963327162226e-01
5.727145714446192359e-01
5.608428111076562139e-01
5.504979341605483745e-01
5.416204936651383139e-01
5.342505218487871854e-01
5.285243679257789484e-01
5.245887846002177390e-01
5.220205572615750356e-01
5.203871753912248099e-01
5.237759986258093692e-01
5.333481869662094477e-01
5.498670385453012788e-01
5.755930470714222258e-01
6.134295097287891796e-01
6.662081887597814944e-01
7.305270004475439283e-01
4.067593844656739455e-01
8.119392929083290023e-01
8.607196283943852055e-01
8.840675051768692727e-01
8.913028177636025395e-01
8.858796930057178942e-01
8.680825606404186656e-01
8.519574499531319400e-01
8.283684566645347358e-01
8.041337904957047700e-01
7.818773263598337575e-01
7.625403356840028124e-01
7.465147254671005150e-01
7.338777515341535773e-01
7.245689706858254864e-01
7.185502174538858089e-01
7.165359254208045758e-01
7.118408815417586188e-01
7.156666317915981734e-01
7.211694440253744176e-01
7.294900512221655919e-01
7.410986595704188717e-01
7.567923258876400050e-01
7.782832846042990749e-01
8.098672252504294233e-01
8.655230841927858965e-01
1.024003928379053852e+00
1.414983334534915538e-01
6.187667105377867571e-01
7.106635855125349455e-01
7.571869934771061628e-01
7.901643043862330851e-01
8.171557806737896890e-01
8.406992490693726561e-01
8.617501423397249116e-01
8.806352389099355582e-01
8.973944349168095913e-01
9.119203010739516113e-01
9.239604286552822732e-01
9.323327070847217124e-01
9.361202220299785770e-01
9.439847278055039093e-01
9.468341097314293409e-01
9.468610421625451856e-01
9.448191717911498255e-01
9.413719757741766392e-01
9.373855879003302194e-01
9.340951090764210152e-01
9.334202152147590414e-01
9.386634534338184066e-01
9.474295553588453211e-01
1.897544559626176408e-01
7.781394089463793406e-01
8.438307618193564563e-01
8.753362609572237218e-01
9.023127950667237940e-01
9.303059090312356672e-01
9.603610070794539322e-01
9.921074074076081661e-01
1.022372405055926858e+00
