9.991638362708364918e-01
9.991618592931356124e-01
9.991602978901757970e-01
9.991591394216943200e-01
9.991583693501473462e-01
9.991579719439719343e-01
9.991579308674540805e-01
9.991582296665032503e-01
9.991588521599147343e-01
9.991597827460526604e-01
9.991610066347670349e-01
9.991625100139608362e-01
9.991642801599045498e-01
9.991663054998898286e-01
9.991685756347096214e-01
9.991710813285830106e-01
9.991738144726869386e-01
9.991767680278877961e-01
9.991799359524018431e-01
9.991833131179324035e-01
9.991868952187850095e-01
9.991906786768994797e-01
9.991946605454568031e-01
9.991988384133657641e-01
9.992032103125261244e-01
9.992077746290330964e-01
9.992125300196600390e-01
9.992174753340620219e-01
9.992226095436013145e-01
9.992279316768524211e-01
9.992334407620112602e-01
9.992391357759031756e-01
9.992450156001729811e-01
9.992510789834545548e-01
9.992573245099929391e-01
9.992637505737546055e-01
9.992703553582259479e-01
9.992771368208256400e-01
9.992840926819951397e-01
9.992912204181998437e-01
9.992985172585963083e-01
9.993059801847767876e-01
9.993136059332815568e-01
9.993213910005467326e-01
9.993293316495869272e-01
9.993374239185800478e-01
9.993456636306375929e-01
9.993540464046314353e-01
9.993625676667032831e-01
9.993712226625343087e-01
9.993800064695915752e-01
9.993889140099515567e-01
9.993979400627321930e-01
9.994070792766036604e-01
9.994163261818892474e-01
9.994256752024397450e-01
9.994351206670029075e-01
9.994446568200561209e-01
9.994542778321938714e-01
9.994639778098395322e-01
9.994737508043578522e-01
9.994835908206638475e-01
9.994934918250349964e-01
9.995034477524915584e-01
9.995134525133694270e-01
9.995234999995167291e-01
9.995335840897605628e-01
9.995436986549136593e-01
9.995538375622043947e-01
9.995639946793113406e-01
9.995741638778933291e-01
9.995843390365742875e-01
9.995945140437665355e-01
9.996046828000283435e-01
9.996148392200595589e-01
9.996249772345321416e-01
9.996350907914072215e-01
9.996451738574341217e-01
9.996552204191391233e-01
9.996652244836632395e-01
9.996751800796371823e-01
9.996850812579136658e-01
9.996949220920842150e-01
9.997046966789912004e-01
9.997143991393392382e-01
9.997240236181496043e-01
9.997335642852511750e-01
9.997430153359081473e-01
9.997523709912811141e-01
9.997616254992602869e-01
9.997707731349956273e-01
9.997798082019275778e-01
9.997887250326494835e-01
9.997975179899056819e-01
9.998061814679624071e-01
9.998147098938946487e-01
9.998230977289924715e-01
9.998313394705917734e-01
9.998394296539039328e-01
9.998473628539719105e-01
9.998551336880511231e-01
9.998627368178556463e-01
9.998701669524012736e-01
9.998774188506827088e-01
9.998844873249406184e-01
9.998913672436895439e-01
9.998980535354637933e-01
9.999045411924722959e-01
9.999108252744782765e-01
9.999169009131050334e-01
9.999227633162193207e-01
9.999284077724370778e-01
9.999338296561830486e-01
9.999390244325483401e-01
9.999439876626295964e-01
9.999487150090062837e-01
9.999532022413160082e-01
9.999574452419661696e-01
9.999614400122349700e-01
9.999651826781482677e-01
9.999686694966941625e-01
9.999718968620207038e-01
9.999748613116443696e-01
9.999775595327424771e-01
9.999799883682298773e-01
9.999821448229211374e-01
9.999840260694686789e-01
9.999856294540576673e-01
9.999869525018224570e-01
9.999879929220164554e-01
9.999887486126510794e-01
9.999892176646076880e-01
9.999893983654160046e-01
9.999892892018955592e-01
9.999888888622866512e-01
9.999881962375373190e-01
9.999872104212272905e-01
9.999859307087385352e-01
9.999843565948077773e-01
9.999824877698508807e-01
9.999803241147662280e-01
9.999778656938493882e-01
9.999751127461322664e-01
9.999720656746631242e-01
9.999687250336353195e-01
9.999650915135154250e-01
9.999611659236282701e-01
9.999569491725706083e-01
9.999524422460435158e-01
9.999476461821892315e-01
9.999425620444644114e-01
9.999371908919895136e-01
9.999315337475066512e-01
9.999255915632035974e-01
9.999193651842543940e-01
9.999128553107849982e-01
9.999060624584938939e-01
9.998989869182292045e-01
9.998916287155140692e-01
9.998839875704291780e-01
9.998760628589388189e-01
9.998678535768374953e-01
9.998593583075150448e-01
9.998505751950722553e-01
9.998415019246629232e-01
9.998321357121501274e-01
9.998224733053823199e-01
9.998125110001691018e-01
9.998022446734660118e-01
9.997916698382014467e-01
9.997807817230209837e-01
9.997695753820842191e-01
9.997580458396906344e-01
9.997461882756072393e-01
9.997339982576668449e-01
9.997214720286176082e-01
9.997086068553415750e-01
9.996954014494647822e-01
9.996818564692939724e-01
9.996679751143184856e-01
9.996537638251054014e-01
9.996392331026289213e-01
9.996243984637142033e-01
9.996092815514669994e-01
9.995939114230233402e-01
9.995783260409760729e-01
9.995625740011551130e-01
9.995467165362864614e-01
9.995308298471671238e-01
9.995150078268356664e-01
9.994993652664727612e-01
9.994840416623762547e-01
9.994692057910098404e-01
9.994550612890361618e-01
9.994418535815097204e-01
9.994298786670230417e-01
9.994194945275191033e-01
9.994111363491372524e-01
9.994053374271795187e-01
9.994027587905682797e-01
