6.046367197105925184e-01
5.989383207386885788e-01
5.988408339639500477e-01
6.034773905125471183e-01
6.119795527146238978e-01
6.234878003830557347e-01
6.371575895755856589e-01
6.521601242213869165e-01
6.676762846756972847e-01
6.828808144059297369e-01
6.969111111982717599e-01
7.088081372733213703e-01
7.173866761975360440e-01
7.203520485422920672e-01
7.208393590618263902e-01
7.100701834608675878e-01
6.951013345444329028e-01
6.959610571561898329e-01
7.236470900670097794e-01
7.319663145592344433e-01
6.992612998066070062e-01
6.210963890233549556e-01
4.072459496390288813e-01
4.372103332814661347e-01
2.028714594347516276e-01
7.038004888341106713e-02
1.649227062479739214e-01
3.854393500685349694e-01
5.728332042166183191e-01
6.934802225185848767e-01
7.655111499277339471e-01
8.077793715749722603e-01
8.321861105656832569e-01
8.456147961274349534e-01
8.520553721692815108e-01
8.538867874187126006e-01
8.525771996963344979e-01
8.490632328119571692e-01
8.439581856285174322e-01
8.376536630073473377e-01
8.288262029617451399e-01
8.210211685309203311e-01
8.140896048132445495e-01
8.053449633168635602e-01
7.961578403104585533e-01
7.866267285220170935e-01
7.767960612812279120e-01
7.666931671681171956e-01
7.563365095017674511e-01
7.457397861132412098e-01
7.349154396995661864e-01
7.238798618780691863e-01
7.126666864286397285e-01
7.013822382769169250e-01
6.906852724545416988e-01
6.699662782468679412e-01
6.627999566901026096e-01
6.506328764984707913e-01
6.374819673353521177e-01
6.190846609848855708e-01
6.120217836518728749e-01
5.992682899849979261e-01
5.852643341331847937e-01
5.709190725060568905e-01
5.561984916528285305e-01
5.410431297889343183e-01
5.253809750579617743e-01
5.091230084780253851e-01
4.921577547137550579e-01
4.743456174200801900e-01
4.555187236225944902e-01
4.353344855774646804e-01
4.137606595077580329e-01
3.902885549207100180e-01
3.645858604072609865e-01
3.363342132315811916e-01
3.055321577082726336e-01
2.732828671135306142e-01
2.437910300934300334e-01
2.277716293037502227e-01
2.399600335653896410e-01
2.715076280105843121e-01
2.736732434263723368e-01
1.779933545244409554e-01
2.142208118081994628e-01
2.063096801274885428e-01
1.703855242449460738e-01
1.514519206723900779e-01
2.999676584191072748e-01
5.419235026251771892e-01
7.668270963542429541e-01
8.981534157798373164e-01
9.498879544590884683e-01
9.586293060538308985e-01
9.487487706551284150e-01
9.323449931725240614e-01
9.147915581188305056e-01
8.983036267785292628e-01
8.836818282177757444e-01
8.711039743398177881e-01
8.604762123742623059e-01
8.515836137937318195e-01
8.441444375816349321e-01
8.378065866449786459e-01
8.320812899524803186e-01
8.261381414887106756e-01
8.181217284894380937e-01
8.020253189538868455e-01
7.395472127063669188e-01
2.754668194858605479e-01
8.780437803635815497e-01
8.756891687133429025e-01
8.742619588677492670e-01
8.752977053295849519e-01
8.778910607847382197e-01
8.814178549820179676e-01
8.859296419078827034e-01
8.908850645896694287e-01
8.962467299480727512e-01
9.019132421258390098e-01
9.077980928024248497e-01
9.138254226325640550e-01
9.199261970017109658e-01
9.260356109177012573e-01
9.320912476389792145e-01
9.380315917170989337e-01
9.437945363092427042e-01
9.493153779702304673e-01
9.545231378340502948e-01
9.593312693311681905e-01
9.636027296614940729e-01
9.669041186569833357e-01
9.643328496374873327e-01
9.721391471424206676e-01
9.737935911552795254e-01
9.675997606591802969e-01
9.668022732653802631e-01
9.159807245074538251e-01
9.849197008928871622e-01
9.489600763616453660e-01
8.649259720916594452e-01
5.471159018911778693e-01
6.341284730046536922e-02
2.198035712499500638e-01
5.460262841530291178e-01
6.443456829886630155e-01
6.684146913669468670e-01
6.551181292588420524e-01
6.126774263630584416e-01
5.388042087191750040e-01
3.394973371527687522e-01
3.882228298745735717e-01
1.653106143397349015e-01
1.304545320423794452e-02
1.752818218276193107e-01
5.297026301108751500e-01
7.812743836203783765e-01
9.036974803363969633e-01
9.542577531838556393e-01
9.698877369475366050e-01
9.682171835238274626e-01
9.575072090270980718e-01
9.424884122092148653e-01
8.911585214837881574e-01
8.916053525387084289e-01
8.663170662056676186e-01
8.366472613210100828e-01
7.993303714107220515e-01
7.653779653341948874e-01
7.178347823597513999e-01
6.594293498033988454e-01
5.910214593460191290e-01
5.483551838195406258e-01
5.960046083625453184e-01
5.977722886679620595e-01
4.633347341641256278e-01
1.880397676856900568e-01
2.039281808655581119e-01
6.483100097134161244e-01
8.522675850101258943e-01
8.780211624454440367e-01
8.595459853074595147e-01
1.909916061553106059e-01
6.866101697259427983e-01
7.497267063954774491e-01
7.648081102550501331e-01
7.475669749834608080e-01
7.580244319914151152e-01
7.629478748192577431e-01
7.695066005573841794e-01
7.782633708819903795e-01
7.894847294027653728e-01
8.031472256284991618e-01
8.190876595005566196e-01
8.370161714384282137e-01
8.562042612117576335e-01
8.775157084344710201e-01
8.987947903542697903e-01
9.199084727020929719e-01
9.399844994708158596e-01
