1.908785301000536119e+172
1.560301668064370459e+172
1.278008535048944992e+172
1.048895534050740300e+172
8.625884737396679351e+171
7.108003881719758037e+171
5.868997759843805542e+171
4.855704362438694495e+171
4.025430147482716091e+171
3.343827846473614255e+171
2.783215980420613770e+171
2.321245903180941241e+171
1.939842722649804239e+171
1.624362414036455060e+171
1.362919870236267951e+171
1.145852329237016382e+171
9.652901915231938998e+170
8.148131653164237972e+170
6.891743202203795714e+170
5.840782735567287119e+170
4.960025978662888920e+170
4.220537929975265412e+170
3.598509442911775459e+170
3.074315925943440947e+170
2.631754525765749304e+170
2.257424957168353630e+170
1.940226125016508266e+170
1.670946231350171778e+170
1.441928476008742459e+170
1.246797978388098751e+170
1.080238357370973535e+170
9.378086524722641267e+169
8.157930677216323233e+169
7.110774617512379373e+169
6.210476658509973174e+169
5.435056430466235701e+169
4.766002515600207319e+169
4.187699811389801502e+169
3.686955196075352341e+169
3.252604024645173018e+169
2.875183187532309314e+169
2.546659063773730959e+169
2.260200812343923880e+169
2.009991163891127638e+169
1.791068275247814775e+169
1.599193351600437321e+169
1.430739674720071799e+169
1.282599439528887581e+169
1.152105427143239780e+169
1.036965056129959759e+169
9.352047756339466569e+168
8.451231112842210942e+168
7.652509607804337851e+168
6.943179721136929759e+168
6.312240323245180312e+168
5.750150560043336948e+168
5.248623963728125676e+168
4.800453125736888269e+168
4.399360189118575002e+168
4.039869182934467418e+168
3.717196859092932878e+168
3.427159223537871072e+168
3.166091397734101577e+168
2.930778817497811289e+168
2.718398086901560950e+168
2.526466065428814841e+168
2.352795985108230168e+168
2.195459578002981333e+168
2.052754349014811185e+168
1.923175259081975658e+168
1.805390193781820275e+168
1.698218684941395250e+168
1.600613431461818230e+168
1.511644231817189949e+168
1.430483997088207751e+168
1.356396561101636017e+168
1.288726044885627136e+168
1.226887567177975768e+168
1.170359122159568279e+168
1.118674470688414179e+168
1.071416912747909222e+168
1.028213827147918615e+168
9.887318802168704040e+167
9.526728186841438436e+167
9.197697734877367443e+167
8.897840112004004523e+167
8.625020782752415859e+167
8.377332907438208544e+167
8.153075283090264167e+167
7.950732973339112852e+167
7.768960319776019848e+167
7.606566069118134091e+167
7.462500386472564131e+167
7.335843556970812558e+167
7.225796205585352936e+167
7.131670889712790994e+167
7.052884940635218614e+167
6.988954449570320439e+167
6.939489311289706970e+167
6.904189254302861275e+167
6.882840800870401538e+167
6.875315113879585445e+167
6.881566700056793378e+167
6.901632951286973261e+167
6.935634517497568876e+167
6.983776516425346093e+167
7.046350597139202225e+167
7.123737886473769666e+167
7.216412860049267595e+167
7.324948192948992302e+167
7.450020659530372678e+167
7.592418167447823179e+167
7.753048028319739931e+167
7.932946586462727290e+167
8.133290348818665347e+167
8.355408783055919208e+167
8.600798978534424339e+167
8.871142395891615018e+167
9.168323966600976827e+167
9.494453845003262873e+167
9.851892161943313039e+167
1.024327718378702514e+168
1.067155734284788308e+168
1.114002767792324884e+168
1.165237130752941551e+168
1.221270665606102021e+168
1.282564126642286957e+168
1.349633316488589362e+168
1.423056089783394010e+168
1.503480354016712700e+168
1.591633218505111477e+168
1.688331467134279083e+168
1.794493559323178313e+168
1.911153397547297719e+168
2.039476139544642741e+168
2.180776380147909166e+168
2.336539082818472620e+168
2.508443706001613605e+168
2.698392046228225691e+168
2.908540410604506223e+168
3.141336838924643108e+168
3.399564222883071151e+168
3.686390321114970465e+168
4.005425848296859339e+168
4.360792030300383984e+168
4.757199271784635918e+168
5.200038886236618679e+168
5.695490200956327924e+168
6.250645782906219582e+168
6.873658050398894052e+168
7.573911157748023769e+168
8.362222786912643346e+168
9.251081377997156044e+168
1.025492541097383022e+169
1.139047265323225792e+169
1.267710885933575281e+169
1.413734730808839340e+169
1.579737286036953578e+169
1.768768700516960611e+169
1.984387373989749982e+169
2.230751023508914573e+169
2.512725122755859649e+169
2.836012216964625256e+169
3.207306358429146784e+169
3.634477814268071823e+169
4.126794307518824451e+169
4.695186411464363416e+169
5.352566384552754099e+169
6.114211781389855031e+169
6.998227695598862769e+169
8.026104595083714437e+169
9.223392541376020250e+169
1.062051731830733932e+170
1.225376985278206548e+170
1.416650756904402007e+170
1.641061532603546377e+170
1.904828478337936971e+170
2.215418497657348216e+170
2.581811425320775941e+170
3.014824540743705505e+170
3.527510296269801334e+170
4.135644550229930769e+170
4.858326852062242449e+170
5.718719673838539968e+170
6.744960208305159219e+170
7.971286826623893301e+170
9.439432979655679647e+170
1.120035483604924263e+171
1.331637604827163262e+171
1.586385471072458641e+171
1.893650508921145399e+171
2.264954168750680761e+171
2.714485777277831803e+171
3.259750731281841825e+171
3.922383188007023172e+171
4.729166697046287163e+171
5.713318122591059723e+171
6.916105483387673382e+171
8.388889977578605058e+171
1.019570774441344178e+172
