6.610140211803304364e+27
5.403059809895093058e+27
4.425296174150759704e+27
3.631767043506330664e+27
2.986526205007467177e+27
2.460860757156023805e+27
2.031794622381255427e+27
1.680909575648186788e+27
1.393414846372171791e+27
1.157411641472740405e+27
9.633107701762478755e+26
8.033707217575609422e+26
6.713306661152364660e+26
5.621183814112732169e+26
4.716174224295073179e+26
3.964812041850268229e+26
3.339843004991625324e+26
2.819033110851501217e+26
2.384212599839452370e+26
2.020507511754913047e+26
1.715720999539036392e+26
1.459834401990555089e+26
1.244604239522927434e+26
1.063236163607782178e+26
9.101207400902970036e+25
7.806189958174771131e+25
6.708880774053167984e+25
5.777392935516670051e+25
4.985223421488021280e+25
4.310307429731294778e+25
3.734244701730663101e+25
3.241665569604715806e+25
2.819710680328189979e+25
2.457603348739547613e+25
2.146297503026148273e+25
1.878187413339117236e+25
1.646867993057338404e+25
1.446936558614352276e+25
1.273828627195890827e+25
1.123681701491524304e+25
9.932221004977913656e+24
8.796707956778791925e+24
7.806649433701191478e+24
6.941923994207831716e+24
6.185369870168957951e+24
5.522326843013461061e+24
4.940252216589659190e+24
4.428398430890236756e+24
3.977542027949174178e+24
3.579755459523880201e+24
3.228214687390011891e+24
2.917036729083134051e+24
2.641142292260620285e+24
2.396139458181476328e+24
2.178225049488960180e+24
1.984100876261966928e+24
1.810902516402651008e+24
1.656138670508129152e+24
1.517639449770663751e+24
1.393512220526196992e+24
1.282103849793420368e+24
1.181968380139506562e+24
1.091839315830832351e+24
1.010605830711259232e+24
9.372923157774768936e+23
8.710407744819395864e+23
8.110956495082683388e+23
7.567907282729888666e+23
7.075378278841337501e+23
6.628170053501717746e+23
6.221680768265263702e+23
5.851832617600097892e+23
5.515007949546999377e+23
5.207993725327766245e+23
4.927933172502325447e+23
4.672283651502562439e+23
4.438779895842630690e+23
4.225401905820011866e+23
4.030346877257220023e+23
3.852004633728353776e+23
3.688936104809639465e+23
3.539854456311538422e+23
3.403608532759421439e+23
3.279168318820371577e+23
3.165612166495306703e+23
3.062115569037494714e+23
2.967941292271386545e+23
2.882430699434892665e+23
2.804996127653739857e+23
2.735114193263021187e+23
2.672319919701889793e+23
2.616201596025875590e+23
2.566396286759082048e+23
2.522585924479342640e+23
2.484493926423261610e+23
2.451882284784269205e+23
2.424549087676543585e+23
2.402326434812772714e+23
2.385078717622458453e+23
2.372701239207580255e+23
2.365119154414034260e+23
2.362286715022993302e+23
2.364186809376371953e+23
2.370830789946938900e+23
2.382258586439761065e+23
2.398539105967823305e+23
2.419770925965106165e+23
2.446083289545347328e+23
2.477637417432887518e+23
2.514628155095439597e+23
2.557285978652818843e+23
2.605879388473449691e+23
2.660717725298149923e+23
2.722154450183636690e+23
2.790590936984418685e+23
2.866480834228234874e+23
2.950335062672335931e+23
3.042727525413160128e+23
3.144301619575108309e+23
3.255777652562555547e+23
3.377961281850858642e+23
3.511753115703367623e+23
3.658159633820549204e+23
3.818305610877664263e+23
3.993448255540216317e+23
4.184993309750976148e+23
4.394513392376945563e+23
4.623768915910185965e+23
4.874731957457709852e+23
5.149613526458093923e+23
5.450894743060564180e+23
5.781362524942440700e+23
6.144150478396187392e+23
6.542785804799596917e+23
6.981243168905451998e+23
7.464006634497931246e+23
7.996140960627717246e+23
8.583373772628867741e+23
9.232190383290484020e+23
9.949943348107666386e+23
1.074497920392822713e+24
1.162678527315400223e+24
1.260615992947005427e+24
1.369541033119176190e+24
1.490858235442453461e+24
1.626172832304816235e+24
1.777321916339389939e+24
1.946410884328265695e+24
2.135856042709651955e+24
2.348434484133927510e+24
2.587342555788379553e+24
2.856264493858923760e+24
3.159453103254741352e+24
3.501824728631277238e+24
3.889071204706674197e+24
4.327792007430012643e+24
4.825650471819851229e+24
5.391558722409556284e+24
6.035896906671187519e+24
6.770773468154310406e+24
7.610334588274535440e+24
8.571132619668446926e+24
9.672565397184625536e+24
1.093740082974678414e+25
1.239240425069202008e+25
1.406908976545201568e+25
1.600462144223014544e+25
1.824289584311540326e+25
2.083584433530720094e+25
2.384500216225284524e+25
2.734340177615096406e+25
3.141786091259526326e+25
3.617175192460923622e+25
4.172835873467392159e+25
4.823495234678381062e+25
5.586774636853900461e+25
6.483793190154933141e+25
7.539903834079249947e+25
8.785592542662846421e+25
1.025757852989069026e+26
1.200016250609247940e+26
1.406688152482550932e+26
1.652254336501496799e+26
1.944573148262547371e+26
2.293189431834210058e+26
2.709716140589019774e+26
3.208306488032157809e+26
3.806239066723613154e+26
4.524644144160752125e+26
5.389406671264871694e+26
6.432290839562172475e+26
7.692342847457169789e+26
9.217643592643153267e+26
1.106750220974082263e+27
1.331520589962765915e+27
1.605147287527679433e+27
1.938879545410542199e+27
2.346691192149193305e+27
2.845971210469972807e+27
3.458396695837855724e+27
