1.772852840197902348e+50
1.448954278239067949e+50
1.186616479903524650e+50
9.737318589664134289e+49
8.006474511016329062e+49
6.596535011514459914e+49
5.445812812752437287e+49
4.504862732591756015e+49
3.733981730947499822e+49
3.101232897513929735e+49
2.580880931928420845e+49
2.152151334672705438e+49
1.798244673344733660e+49
1.505552172663731750e+49
1.263030464995952532e+49
1.061702374944373379e+49
8.942576696154640184e+48
7.547332274565744718e+48
6.382564045126501947e+48
5.408387716155166192e+48
4.592100641288313907e+48
3.906842861730357868e+48
3.330515672061094540e+48
2.844906764430250014e+48
2.434981347798552983e+48
2.088306830589803815e+48
1.794585153889148505e+48
1.545272025901991489e+48
1.333266417386982621e+48
1.152656952528230449e+48
9.985144436029233925e+47
8.667219072781461803e+47
7.538350732513314720e+47
6.569677371584582384e+47
5.736973867504755617e+47
5.019873963859717896e+47
4.401227824508904282e+47
3.866570748826888789e+47
3.403683143804291028e+47
3.002225524673376476e+47
2.653435293017184006e+47
2.349874457020936338e+47
2.085219420657179774e+47
1.854085565149541289e+47
1.651880646633772168e+47
1.474682095102273585e+47
1.319134166667426187e+47
1.182361610492529765e+47
1.061897092859455275e+47
9.556200976323622438e+46
8.617054140650898788e+46
7.785796451931487554e+46
7.048844354469905164e+46
6.394453352613086993e+46
5.812454012236097116e+46
5.294027800616979692e+46
4.831516486698369491e+46
4.418259851857575339e+46
4.048457315218473832e+46
3.717049787415816881e+46
3.419618658059994374e+46
3.152299315039773504e+46
2.911707005384447564e+46
2.694873191462083180e+46
2.499190844246967112e+46
2.322367356779209381e+46
2.162383963444520826e+46
2.017460720939227637e+46
1.886026249904324937e+46
1.766691556943604030e+46
1.658227358273801612e+46
1.559544412393380901e+46
1.469676441620951613e+46
1.387765283931345906e+46
1.313047968620550029e+46
1.244845453566624726e+46
1.182552799453903310e+46
1.125630588289081776e+46
1.073597420793451281e+46
1.026023350478605385e+46
9.825241320615255584e+45
9.427561788193495973e+45
9.064121380333051451e+45
8.732170060855211642e+45
8.429247154969189236e+45
8.153151353430344351e+45
7.901914344177513328e+45
7.673777633284358985e+45
7.467172175771396348e+45
7.280700488149194363e+45
7.113120958289264309e+45
6.963334107082121096e+45
6.830370589467681206e+45
6.713380751916949921e+45
6.611625588969289449e+45
6.524468964209237033e+45
6.451370981001839421e+45
6.391882406272504440e+45
6.345640066682722263e+45
6.312363151105536436e+45
6.291850366624161443e+45
6.283977907797562483e+45
6.288698210382335343e+45
6.306039472067437328e+45
6.336105933211869320e+45
6.379078921893100090e+45
6.435218677545227954e+45
6.504866979114218628e+45
6.588450614841010070e+45
6.686485743017287330e+45
6.799583206130781496e+45
6.928454875007722279e+45
7.073921115234403615e+45
7.236919485455321631e+45
7.418514796602084941e+45
7.619910683039442527e+45
7.842462861241287048e+45
8.087694280138395356e+45
8.357312399197118658e+45
8.653228867601591012e+45
8.977581919949108660e+45
9.332761853520485279e+45
9.721440008102836574e+45
1.014660173518808012e+46
1.061158391916498597e+46
1.112011770123798784e+46
1.167637715918581211e+46
1.228503481545166987e+46
1.295132498508074536e+46
1.368111613752389190e+46
1.448099363596778757e+46
1.535835444033493377e+46
1.632151562055625556e+46
1.737983883188396875e+46
1.854387326392437598e+46
1.982551999678361045e+46
2.123822119545385050e+46
2.279717816062572970e+46
2.451960294623951010e+46
2.642500907344976493e+46
2.853554783967781881e+46
3.087639787027812661e+46
3.347621692316569403e+46
3.636766657602730655e+46
3.958802235203264853e+46
4.317988413441991000e+46
4.719200445548417930e+46
5.168025551431956617e+46
5.670875968193421201e+46
6.235121293097145670e+46
6.869243623170687189e+46
7.583019668575944872e+46
8.387734825635077432e+46
9.296435168655550600e+46
1.032422449251888697e+47
1.148861495343345335e+47
1.280994156501945712e+47
1.431185287600331564e+47
1.602189266243464578e+47
1.797219050818832520e+47
2.020028284180258194e+47
2.275009049187711974e+47
2.567308429753940422e+47
2.902967698900056237e+47
3.289088770986210291e+47
3.734033553382350090e+47
4.247663054914921407e+47
4.841624608220898112e+47
5.529697404913599253e+47
6.328208808607655397e+47
7.256536702344735771e+47
8.337716570902873641e+47
9.599176273450082155e+47
1.107362672653683261e+48
1.280014324031672696e+48
1.482548034563765522e+48
1.720567300837567630e+48
2.000798964640166206e+48
2.331331796784811617e+48
2.721908412667074132e+48
3.184283003937453425e+48
3.732660419193823131e+48
4.384235948948058753e+48
5.159859970324586984e+48
6.084857644224053074e+48
7.190041462342566995e+48
8.512964035461434785e+48
1.009947063641150302e+49
1.200562635147785056e+49
1.430011213645874384e+49
1.706720875454844938e+49
2.041051895153904689e+49
2.445761818042066506e+49
2.936587514582023669e+49
3.532974853007794280e+49
4.258994953614237723e+49
5.144496658277851901e+49
6.226558541650218660e+49
7.551321390061187823e+49
9.176304729119725349e+49
