8.396208285058636145e-01
9.068594789495461050e-01
8.847492311529114861e-01
4.856088633538374610e-01
2.300539393612381286e-02
5.979430317049343191e-02
1.957719402419543508e-01
3.013844064936890832e-01
3.753583348449490709e-01
4.161523786365196598e-01
4.672705479313288279e-01
4.940851118027181910e-01
5.134527839405774730e-01
5.270553285073652505e-01
5.361984692167032218e-01
5.418767197335254693e-01
5.448702793048298965e-01
5.458100623384309902e-01
5.452023876829523719e-01
5.435044453916826335e-01
5.410693134593951292e-01
5.382115027364474669e-01
5.351968823532398112e-01
5.322511673530021525e-01
5.295653130714019774e-01
5.272999148001221714e-01
5.255889772340149868e-01
5.245432376009333542e-01
5.242531517128284912e-01
5.247916107253984830e-01
5.262164319883932961e-01
5.285726529629971582e-01
5.318946488685701857e-01
5.362080901453160076e-01
5.415317535219063005e-01
5.478791995263592174e-01
5.552603290633275623e-01
5.636828317537383448e-01
5.731535386896366990e-01
5.836796915682499476e-01
5.952701379027874884e-01
6.079364561531318545e-01
6.216940002561203160e-01
6.365628164190900717e-01
6.525682811962090213e-01
6.697409578436610555e-01
6.881136006245499592e-01
7.077023880945894074e-01
7.282594559912659582e-01
7.515433788203849108e-01
7.751894062528276175e-01
8.005359743824712604e-01
8.274606373255032343e-01
8.558637517370046854e-01
8.855917509466689763e-01
9.160629239772717369e-01
9.463787321788558193e-01
9.737488977404235024e-01
9.927799839446659336e-01
9.918982688840721762e-01
9.477597957673331575e-01
8.205414005811242362e-01
5.742652858279003736e-01
2.604017989516920761e-01
4.452619302124545542e-02
8.725956596626468706e-03
8.515671681257661052e-02
1.944389257579416663e-01
2.999269882991678071e-01
3.912026678427888982e-01
4.669943469613583864e-01
5.292430591699812670e-01
5.795921993535606553e-01
6.182440729494925735e-01
6.308600908441223121e-01
6.712316339585228109e-01
6.498084398494127223e-01
4.060898837317865051e-01
1.033161281586106650e+00
8.955668789556723297e-01
8.616179777478050195e-01
8.370264250324613853e-01
8.023202476173583175e-01
7.409556370482178744e-01
6.233392368113630511e-01
4.012297817017108081e-01
9.721199273650031614e-02
2.224315591169967812e-02
2.352472021054589357e-01
4.380244805468798130e-01
5.603544807242648584e-01
6.298154073927216823e-01
6.691488674591041796e-01
6.912317631298322551e-01
7.029623950724068759e-01
7.081878162715912195e-01
7.091740514407026685e-01
7.073293411979589829e-01
7.035720047859603810e-01
6.985259994898722624e-01
6.926294298761369594e-01
6.861968573727661447e-01
6.794555556923000950e-01
6.725655936414850489e-01
6.656277745930582190e-01
6.586786599929406183e-01
6.516645499706831268e-01
6.443674010686177844e-01
6.361895575096060407e-01
6.253953468457352782e-01
6.051618207063796939e-01
5.050025088691133535e-01
7.519512809337748349e-01
6.840008079249205730e-01
6.701385436507959481e-01
6.660172847788284889e-01
6.662091587061078624e-01
6.693012990525545325e-01
6.748601120370828488e-01
6.828046361452340118e-01
6.932208915567474872e-01
7.062928210884548141e-01
7.222682136024521915e-01
7.414286051883335338e-01
7.640373485421738664e-01
7.901994191617567331e-01
8.197143212096908993e-01
8.466608543342064586e-01
8.937746718903901710e-01
9.265453318240908231e-01
9.530257971213909052e-01
9.638337215337920982e-01
9.498976656607944768e-01
8.909578593586342521e-01
8.678509401618024199e-01
8.518327463794307386e-01
9.147988948981775614e-01
8.902092411236776082e-01
5.164601897014373666e-01
3.030125285378846289e-01
2.081598237420624053e-01
1.813300834755898483e-01
1.782087154215943603e-01
1.852097013213894194e-01
1.971399920233603276e-01
2.116829126338916067e-01
2.277038420853087497e-01
2.446220175564726984e-01
2.621377144683126326e-01
2.799949883458293098e-01
2.987139722007539633e-01
3.176178872807076670e-01
3.371329268834274417e-01
3.574138768598875693e-01
3.787615372752072274e-01
4.017717764537198089e-01
4.270253627737222168e-01
4.562815370853871011e-01
4.931879416886116863e-01
5.468764067401474804e-01
6.445680462972507296e-01
9.480199395173127819e-01
3.240587473980259189e-03
1.944868038104151653e-01
2.811357876808688872e-01
3.112655865119729470e-01
3.105172566680940438e-01
2.801763593066532443e-01
2.099091399531761160e-01
9.325296571064164985e-02
4.465553179964495273e-03
1.282615443904453756e-01
6.444744239135105079e-01
8.733776982806312761e-01
9.426402366653644505e-01
9.646535089009273811e-01
9.733829836199050511e-01
9.783825064503488544e-01
9.825950469952227095e-01
9.828952261264746193e-01
9.869965940448016672e-01
9.889106275230880039e-01
9.894486316320060260e-01
9.879652748270123519e-01
9.837823890457948472e-01
9.740340037060003509e-01
9.055469528105024590e-01
8.327784625004001073e-01
9.611058468531813448e-01
9.586919001530834761e-01
9.481477939403589739e-01
9.340529446071614839e-01
9.168057502957616123e-01
8.959130288108366758e-01
8.700033097239038282e-01
8.356979232922360223e-01
7.832994840904509148e-01
6.757187940624833633e-01
3.161069799732075247e-01
3.522764013429570129e-01
