9.933524006465526135e-01
9.933931981982551118e-01
9.934382524742575438e-01
9.934872892290896873e-01
9.935400354014209956e-01
9.935962243950562378e-01
9.936556001685369344e-01
9.937179202746568851e-01
9.937829579863006746e-01
9.938505036381557467e-01
9.939203653054352605e-01
9.939923689311486177e-01
9.940663580036306346e-01
9.941421928758196191e-01
9.942197498073047646e-01
9.942989198009724028e-01
9.943796072960808807e-01
9.944617287707560038e-01
9.945452112996502336e-01
9.946299911033126273e-01
9.947160121206989336e-01
9.948032246290241520e-01
9.948915839301312181e-01
9.949810491176913629e-01
9.950715819357131009e-01
9.951631457346309384e-01
9.952557045290031379e-01
9.953492221575556131e-01
9.954436615450803494e-01
9.955389840632216103e-01
9.956351489864565529e-01
9.957321130379664931e-01
9.958298300204919684e-01
9.959282505250903750e-01
9.960273217120402256e-01
9.961269871567793865e-01
9.962271867548342374e-01
9.963278566786354373e-01
9.964289293804374781e-01
9.965303336350173069e-01
9.966319946166594113e-01
9.967338340049165524e-01
9.968357701143523153e-01
9.969377180437629660e-01
9.970395898403566770e-01
9.971412946757390872e-01
9.972427390299093419e-01
9.973438268804526441e-01
9.974444598942526774e-01
9.975445376197136227e-01
9.976439576770286255e-01
9.977426159456069810e-01
9.978404067465082017e-01
9.979372230193411797e-01
9.980329564924267371e-01
9.981274978457904679e-01
9.982207368663222891e-01
9.983125625947772974e-01
9.984028634646485711e-01
9.984915274325942836e-01
9.985784421006145273e-01
9.986634948302627324e-01
9.987465728487973093e-01
9.988275633479513083e-01
9.989063535752954470e-01
9.989828309190297295e-01
9.990568829861892208e-01
9.991283976750758855e-01
9.991972632421238787e-01
9.992633683639661202e-01
9.993266021949605005e-01
9.993868544206379045e-01
9.994440153079287015e-01
9.994979757522939323e-01
9.995486273223431750e-01
9.995958623025914536e-01
9.996395737344168086e-01
9.996796554564318926e-01
9.997160021439148725e-01
9.997485093482425533e-01
9.997770735368857187e-01
9.998015921343168522e-01
9.998219635643055270e-01
9.998380872943709585e-01
9.998498638832100660e-01
9.998571950316182955e-01
9.998599836380716033e-01
9.998581338603230728e-01
9.998515511842923642e-01
9.998401425028615730e-01
9.998238162068867618e-01
9.998024822931780298e-01
9.997760524945895622e-01
9.997444404410013030e-01
9.997075618640149930e-01
9.996653348644115589e-01
9.996176802730928346e-01
9.995645221555676807e-01
9.995057885428569877e-01
9.994414125340146393e-01
9.993713340341719986e-01
9.992955026312065892e-01
9.992138826326734113e-01
9.991264624867384203e-01
9.990332738861236184e-01
9.989344346971793520e-01
9.988302596566809299e-01
9.987216081247686228e-01
9.986113824891263979e-01
9.985163903892810833e-01
9.981621025956124438e-01
9.981543546775867304e-01
9.980253311614349920e-01
9.978799293660982617e-01
9.977250305265311647e-01
9.975622538304067533e-01
9.973921626937817253e-01
9.972149953907190056e-01
9.970308646813682563e-01
9.968398280618329110e-01
9.966419169883219409e-01
9.964371506107830845e-01
9.962255428744689612e-01
9.960071064983047062e-01
9.957818553681797580e-01
9.955498060765441970e-01
9.953109789790829387e-01
9.950653989673240440e-01
9.948130960688760238e-01
9.945541059404844342e-01
9.942884702931577001e-01
9.940162372738785557e-01
9.937374618197764020e-01
9.934522059942293426e-01
9.931605393123958958e-01
9.928625390603652567e-01
9.925582906106336090e-01
9.922478877367050254e-01
9.919314329274308006e-01
9.916090377025977842e-01
9.912808229301854901e-01
9.909469191455052561e-01
9.906074668729618615e-01
9.902626169502525277e-01
9.899125308553323732e-01
9.895573810365375644e-01
9.891973512458664963e-01
9.888326368761908292e-01
9.884634453027559831e-01
9.880899962298761441e-01
9.877125220440280406e-01
9.873312681745819441e-01
9.869464934642439014e-01
9.865584705515290098e-01
9.861674862679014053e-01
9.857738420535701040e-01
9.853778543961262404e-01
9.849798552971137378e-01
9.845801927731420156e-01
9.841792313986583718e-01
9.837773528992828087e-01
9.833749568060383695e-01
9.829724611822829861e-01
9.825703034371960909e-01
9.821689412418082021e-01
9.817688535658736226e-01
9.813705418564456773e-01
9.809745313822768598e-01
9.805813727704337790e-01
9.801916437666607917e-01
9.798059512530645776e-01
9.794249335625544450e-01
9.790492631329958950e-01
9.786796495496945525e-01
9.783168430302617846e-01
9.779616384114860894e-01
9.776148797045327576e-01
9.772774652913204241e-01
9.769503538419581634e-01
9.766345710403585567e-01
9.763312172123951305e-01
9.760414759573367016e-01
9.757666238892760413e-01
9.755080415983719000e-01
9.752672259409413957e-01
9.750458037592817373e-01
9.748455471119253923e-01
9.746683900523547273e-01
9.745164469161878840e-01
9.743920319328768231e-01
9.742976797234810249e-01
9.742361657877514070e-01
9.742105252550585792e-01
9.742240666406036809e-01
9.742803744299798341e-01
9.743832885541188205e-01
9.745368369031542910e-01
9.747450709595880669e-01
9.750116934810930669e-01
9.753392108935675653e-01
