5.392671936969340996e-01
8.678561727136929749e-01
8.822315131943175848e-01
8.855861758778905690e-01
8.866523617916712841e-01
8.871819197836162685e-01
8.878496172526525454e-01
8.890443324460060026e-01
8.910537852987387986e-01
8.941213577919641109e-01
8.984651107478347498e-01
9.042811298904707140e-01
9.117359951789300032e-01
9.209461887559501347e-01
9.319365926494438401e-01
9.445622594088981527e-01
9.583641499284257792e-01
9.723064735577543471e-01
9.843073137579601006e-01
9.904337104953175874e-01
9.836506424759725586e-01
9.523367852654854859e-01
8.800419991505588069e-01
7.506912451509203388e-01
5.640460373705241670e-01
3.526344125329877177e-01
1.708160338765707387e-01
5.522469685001234196e-02
6.013007302581293255e-03
3.221870451261878501e-03
2.636719944064344970e-02
6.155608374237957203e-02
1.009964074251345212e-01
1.408090927346404286e-01
1.792832217207268319e-01
2.158214983174154278e-01
2.503681319207964329e-01
2.831141738030611976e-01
3.143507707126698691e-01
3.443987041577589170e-01
3.735766276907063754e-01
4.021886981070452727e-01
4.305217788088953057e-01
4.588472497407750095e-01
4.874249315848421249e-01
5.165078739709588751e-01
5.463473401915763805e-01
5.771975039914583050e-01
6.093192240492656397e-01
6.429816715849261399e-01
6.784591911317220392e-01
7.160176886004203656e-01
7.558779925074771144e-01
7.981280979826074207e-01
8.425199588733225387e-01
8.879994683025005386e-01
9.316031355266385372e-01
9.657802717565638906e-01
9.693743997787110933e-01
9.314311218175765905e-01
7.561488421845039554e-01
4.484909693625813154e-01
1.369593831793582683e-01
3.953019238594843859e-03
3.474501643638332193e-02
1.359570161477560990e-01
2.463670446538460124e-01
3.489401631559865269e-01
4.392803021107525296e-01
5.180270432706887140e-01
5.868810881422226178e-01
6.474715174710244936e-01
7.010982777212623196e-01
7.487332253404365145e-01
7.910843291466762572e-01
8.286643287001459468e-01
8.618486786901576879e-01
8.909208535727880518e-01
9.161065981984362061e-01
9.375992301750252222e-01
9.555778247446343743e-01
9.702197281399561613e-01
9.817085333669332003e-01
9.902384337844573059e-01
9.960157184716958989e-01
9.992580526713810141e-01
1.000192055313082973e+00
9.990494793458264411e-01
9.960618554511485589e-01
9.914521915040866995e-01
9.854175410131478241e-01
9.780707880711252411e-01
9.690653983095391943e-01
9.063352916032070272e-01
9.564960946524664331e-01
9.458653065569799789e-01
9.359761031420801292e-01
9.263796548928164842e-01
9.170247740809592818e-01
9.080252411529002865e-01
8.994886259479569768e-01
8.915232212137210732e-01
8.842348114391026526e-01
8.777265904200832747e-01
8.721003001431054669e-01
8.674578139337408844e-01
8.639024051726927889e-01
8.615371321071708666e-01
8.604418915385592115e-01
8.600630703565609325e-01
8.636529730826676410e-01
8.673293624195190787e-01
8.731892450716919329e-01
8.813323972971198739e-01
8.919939554921672009e-01
9.054042374588576747e-01
9.216513265328933890e-01
9.402909709469059463e-01
9.591219498160038492e-01
9.700455104640116621e-01
9.440439019529472953e-01
7.816123913259854783e-01
3.162356784492483808e-01
4.335797242570515499e-03
1.820005247948054405e-01
4.028766283301908335e-01
5.630940974441883684e-01
6.809248821682469810e-01
7.741694610529381571e-01
8.513049395814328291e-01
9.125461706374936588e-01
9.068456988858174528e-01
9.826838759125188227e-01
9.353727204713407906e-01
8.130773149418669687e-01
6.135437085857841089e-01
3.786413652620683190e-01
1.742987676001984954e-01
4.452062746818336719e-02
1.301401899704836772e-04
6.156637876264035858e-02
4.881542103401813049e-01
5.092803983793574574e-01
3.087378100229735620e-02
1.601094507482975085e-03
2.212024610955680079e-02
5.216456189940819888e-02
8.403227438930027660e-02
1.145912344266257765e-01
1.486861521942008102e-01
1.784463123126477091e-01
2.078429603670547132e-01
2.366241752998458903e-01
2.648790832718513899e-01
2.927357045405839520e-01
3.203224968761320679e-01
3.477596604569028194e-01
3.751540911242483012e-01
4.025981587015349805e-01
4.301688412641764825e-01
4.579271033654983558e-01
4.859172483164131418e-01
5.141661459453616967e-01
5.426823212616623815e-01
5.714549429613932086e-01
6.004527922309986776e-01
6.296233299911836445e-01
6.588920190765407137e-01
6.881621010756684420e-01
7.173150836225784532e-01
7.462122827528556712e-01
7.746979391500411483e-01
8.026048310002310560e-01
8.297643640658215469e-01
8.560262268222255111e-01
8.813032438408352487e-01
9.057012409615500248e-01
9.300536077489218734e-01
9.601940891473085271e-01
8.484817005123340694e-01
9.561760119732746199e-01
9.750904147086145723e-01
9.868465657945098002e-01
9.944230615571368892e-01
9.982603379220680306e-01
9.981620097803861613e-01
9.933604542518218450e-01
9.818496674300665195e-01
9.575767971905689846e-01
8.936163511960385497e-01
4.532457588583972408e-01
1.064318033285489351e+00
1.054213652734885986e+00
1.027160562836201718e+00
1.006046321846436609e+00
9.875583131147084304e-01
9.695668433743107606e-01
9.490059734147258119e-01
9.157602516618672528e-01
8.185556910774399730e-01
